9.652586561958976796e-01
9.608413835933206082e-01
9.505640065860949672e-01
9.574504636355740672e-01
9.405061284287934420e-01
9.041272032596725516e-01
1.252516082965405175e+00
1.039774790607392640e+00
1.000873893659070424e+00
9.853192512993822483e-01
9.748300462790804310e-01
9.652395798196029553e-01
9.542033334562141089e-01
9.383726664529489225e-01
9.077806029411120692e-01
8.092620385022346596e-01
1.215851922040403377e+00
1.041097814962240076e+00
1.001338355779517464e+00
9.764817896785041862e-01
9.580481868603819562e-01
9.678464348627834335e-01
9.326476767139526558e-01
8.857196871093987456e-01
7.863050922570715695e-01
1.234656304030094409e+00
1.079119720369547508e+00
1.008633297730608502e+00
1.199209856226664872e+00
1.121550850578508562e+00
1.102897837104563905e+00
1.111376316588921664e+00
