9.752512853185596464e-01
9.364019896121884567e-01
9.506913857340720808e-01
9.390812513850416154e-01
9.435466876731303243e-01
9.658738691135735355e-01
9.413139695290859699e-01
9.578360837950139484e-01
9.953457486149585032e-01
9.573895401662050331e-01
9.980250103878116619e-01
9.962388358725762227e-01
9.578360837950139484e-01
9.734651108033242073e-01
1.008742057479224519e+00
9.457794058171745677e-01
9.587291710526316679e-01
9.381881641274238959e-01
9.587291710526316679e-01
9.560499092797785092e-01
9.828425270083103182e-01
9.725720235457064877e-01
9.221125934903048327e-01
9.948992049861496989e-01
9.944526613573407836e-01
9.667669563711912550e-01
9.823959833795015140e-01
9.359554459833795415e-01
9.627480637119114615e-01
9.944526613573407836e-01
9.698927617728532180e-01
9.627480637119114615e-01
9.966853795013851380e-01
9.739116544321330116e-01
9.542637347645429591e-01
9.288107479224377849e-01
9.542637347645429591e-01
9.819494397506925987e-01
9.596222583102493875e-01
9.774840034626040008e-01
9.529241038781164352e-01
9.538171911357341548e-01
9.587291710526316679e-01
9.667669563711912550e-01
9.506913857340720808e-01
9.511379293628809961e-01
9.823959833795015140e-01
9.721254799168975724e-01
9.600688019390583028e-01
9.819494397506925987e-01
9.185402444598338434e-01
9.631946073407202658e-01
9.435466876731303243e-01
9.556033656509695939e-01
9.712323926592798529e-01
9.431001440443214090e-01
9.390812513850416154e-01
9.533706475069252395e-01
9.578360837950139484e-01
9.212195062326870021e-01
9.377416204986149806e-01
9.935595740997230640e-01
9.167540699445984043e-01
9.716789362880887682e-01
9.538171911357341548e-01
9.261314861495845152e-01
9.573895401662050331e-01
9.542637347645429591e-01
9.426536004155124937e-01
9.091628282548477324e-01
9.448863185595568481e-01
9.417605131578947741e-01
9.788236343490305247e-01
9.515844729916898004e-01
9.475655803324100068e-01
9.395277950138505307e-01
9.221125934903048327e-01
9.515844729916898004e-01
9.971319231301939423e-01
9.529241038781164352e-01
9.355089023545707372e-01
9.466724930747922873e-01
9.484586675900277264e-01
9.573895401662050331e-01
9.756978289473684507e-01
9.225591371191136369e-01
9.444397749307480439e-01
9.823959833795015140e-01
9.904337686980609901e-01
9.591757146814404722e-01
9.725720235457064877e-01
9.176471572022161238e-01
9.502448421052632765e-01
9.118420900277008911e-01
9.694462181440444137e-01
9.364019896121884567e-01
9.466724930747922873e-01
9.368485332409972610e-01
9.364019896121884567e-01
9.221125934903048327e-01
9.426536004155124937e-01
9.372950768698061763e-01
9.520310166204987157e-01
9.131817209141275260e-01
9.359554459833795415e-01
9.292572915512465892e-01
9.118420900277008911e-01
9.788236343490305247e-01
1.109660917590027829e+00
1.053842963988919745e+00
1.040893198753462645e+00
1.014993668282548667e+00
1.009635144736842127e+00
9.792701779778394400e-01
9.765909162049862813e-01
1.014100581024930836e+00
9.984715540166205772e-01
9.922199432132964292e-01
9.439932313019391286e-01
9.408674259002770546e-01
9.466724930747922873e-01
9.890941378116344662e-01
1.013654037396122032e+00
9.497982984764543612e-01
9.431001440443214090e-01
9.980250103878116619e-01
9.529241038781164352e-01
9.471190367036012026e-01
9.502448421052632765e-01
9.868614196675901118e-01
1.019905648199445958e+00
9.788236343490305247e-01
9.756978289473684507e-01
9.493517548476455570e-01
1.003830077562327006e+00
9.698927617728532180e-01
9.810563524930748791e-01
9.654273254847646202e-01
9.649807818559557049e-01
9.377416204986149806e-01
9.672135000000000593e-01
9.408674259002770546e-01
9.654273254847646202e-01
9.359554459833795415e-01
9.480121239612189221e-01
9.721254799168975724e-01
9.712323926592798529e-01
9.319365533240997479e-01
9.261314861495845152e-01
9.636411509695291810e-01
9.480121239612189221e-01
9.502448421052632765e-01
9.399743386426593350e-01
9.676600436288089746e-01
9.314900096952909436e-01
9.113955463988920869e-01
9.301503788088643088e-01
9.730185671745152920e-01
9.466724930747922873e-01
9.431001440443214090e-01
9.676600436288089746e-01
9.815028961218836834e-01
9.082697409972300129e-01
9.274711170360111501e-01
9.573895401662050331e-01
9.105024591412742563e-01
9.645342382271469006e-01
9.515844729916898004e-01
9.756978289473684507e-01
9.386347077562328112e-01
9.667669563711912550e-01
9.172006135734073196e-01
9.703393054016621333e-01
9.556033656509695939e-01
9.404208822714682503e-01
9.471190367036012026e-01
9.520310166204987157e-01
9.587291710526316679e-01
9.578360837950139484e-01
9.493517548476455570e-01
9.390812513850416154e-01
9.453328621883657634e-01
9.297038351800555045e-01
9.350623587257618219e-01
9.377416204986149806e-01
9.529241038781164352e-01
9.082697409972300129e-01
9.627480637119114615e-01
9.676600436288089746e-01
9.462259494459834830e-01
9.261314861495845152e-01
9.158609826869806847e-01
9.221125934903048327e-01
9.154144390581717694e-01
9.801632652354571595e-01
9.122886336565098064e-01
9.247918552631579914e-01
9.475655803324100068e-01
9.221125934903048327e-01
9.520310166204987157e-01
9.113955463988920869e-01
9.105024591412742563e-01
9.640876945983379853e-01
9.243453116343490761e-01
9.185402444598338434e-01
9.520310166204987157e-01
9.600688019390583028e-01
9.355089023545707372e-01
9.091628282548477324e-01
9.118420900277008911e-01
9.180937008310250391e-01
9.466724930747922873e-01
9.457794058171745677e-01
8.863891031855956060e-01
9.105024591412742563e-01
9.105024591412742563e-01
9.288107479224377849e-01
9.136282645429363303e-01
9.024646738227147802e-01
8.935338012465374735e-01
9.279176606648200654e-01
9.140748081717452456e-01
9.422070567867036894e-01
9.301503788088643088e-01
8.814771232686980929e-01
9.207729626038781978e-01
8.935338012465374735e-01
8.979992375346260713e-01
9.332761842105263828e-01
9.176471572022161238e-01
8.680808144044321883e-01
8.475398074792244163e-01
9.167540699445984043e-01
8.578103109418283578e-01
8.667411835180056645e-01
8.841563850415513626e-01
8.877287340720222408e-01
9.136282645429363303e-01
8.765651433518005797e-01
8.703135325484765428e-01
8.975526939058172671e-01
8.890683649584488757e-01
8.662946398891967492e-01
9.158609826869806847e-01
8.537914182825485643e-01
8.703135325484765428e-01
8.636153781163435905e-01
8.158352098337950942e-01
8.234264515235457660e-01
8.274453441828255595e-01
8.372693040166205858e-01
8.060112500000000679e-01
8.024389009695291897e-01
7.693946724376732327e-01
7.944011156509696026e-01
7.680550415512465978e-01
7.845771558171745763e-01
7.649292361495845238e-01
7.350108130193906408e-01
7.653757797783934391e-01
7.426020547091413126e-01
7.220610477839335406e-01
7.318850076177285668e-01
6.992873227146815251e-01
7.399227929362881540e-01
7.604637998614959260e-01
8.649550090027701144e-01
9.301503788088643088e-01
1.091352628808864411e+00
1.243624006232687096e+00
1.379373269390581802e+00
1.395448840027700976e+00
1.457964948060942012e+00
1.406165887119113611e+00
1.363744242382271654e+00
1.329806926592797867e+00
1.336505081024930819e+00
1.304800483379501497e+00
1.314177899584487719e+00
1.267737362188365857e+00
1.270863167590027709e+00
1.235139677285318704e+00
1.202988536011080356e+00
1.185573334487534769e+00
1.182447529085872695e+00
1.165925414819944717e+00
1.192718032548476526e+00
1.177982092797783986e+00
1.129755380886426686e+00
1.144044777008310421e+00
1.110554004847645437e+00
1.095371521468144094e+00
1.098050783240997363e+00
1.106981655817174559e+00
1.143598233379501394e+00
1.085101018005540263e+00
1.072597796398891967e+00
1.081528668975069385e+00
1.069471990997229893e+00
1.088226823407202337e+00
1.093585346952908655e+00
1.065453098337950211e+00
1.131541555401662125e+00
1.085547561634349067e+00
1.054736051246537576e+00
1.073044340027700994e+00
1.086440648891966898e+00
1.045805178670360158e+00
1.054289507617728550e+00
1.050270614958448867e+00
1.065899641966759015e+00
1.035534675207756328e+00
1.070811621883656528e+00
1.050270614958448867e+00
1.026603802631579132e+00
1.050270614958448867e+00
1.065899641966759015e+00
1.061434205678670528e+00
1.044912091412742550e+00
1.030622695290858815e+00
9.895406814404432705e-01
9.984715540166205772e-01
1.046251722299168962e+00
1.054289507617728550e+00
1.043572460526315915e+00
1.042232829639889280e+00
1.006062795706371249e+00
1.027943433518005545e+00
1.028389977146814571e+00
1.014100581024930836e+00
1.001150815789473736e+00
9.823959833795015140e-01
1.033748500692520889e+00
1.010081688365651154e+00
1.037320849722991767e+00
1.016779842797784106e+00
1.046251722299168962e+00
1.003383533933517979e+00
1.000704272160664932e+00
1.012760950138504201e+00
1.031515782548476645e+00
1.015886755540166275e+00
1.014993668282548667e+00
9.783770907202217204e-01
1.031069238919667619e+00
1.023031453601108032e+00
1.044019004155124719e+00
1.014993668282548667e+00
1.035981218836565132e+00
9.957922922437674185e-01
9.779305470914128051e-01
9.756978289473684507e-01
1.026603802631579132e+00
9.837356142659280378e-01
9.926664868421053445e-01
9.859683324099723922e-01
9.779305470914128051e-01
1.040446655124653841e+00
1.005169708448753640e+00
9.783770907202217204e-01
1.010528231994459958e+00
9.788236343490305247e-01
9.707858490304709376e-01
1.004723164819944614e+00
9.560499092797785092e-01
1.014993668282548667e+00
1.013654037396122032e+00
1.011867862880886593e+00
1.002043903047091566e+00
9.748047416897507311e-01
9.685531308864266942e-01
9.935595740997230640e-01
9.578360837950139484e-01
1.012760950138504201e+00
9.948992049861496989e-01
9.846287015235457574e-01
1.022584909972299227e+00
9.623015200831025462e-01
9.631946073407202658e-01
9.480121239612189221e-01
9.957922922437674185e-01
9.868614196675901118e-01
9.855217887811634769e-01
1.006062795706371249e+00
1.015886755540166275e+00
9.703393054016621333e-01
1.003830077562327006e+00
9.944526613573407836e-01
9.913268559556787096e-01
9.480121239612189221e-01
9.542637347645429591e-01
1.028389977146814571e+00
1.023031453601108032e+00
9.832890706371192335e-01
1.015886755540166275e+00
1.004723164819944614e+00
9.864148760387811965e-01
9.819494397506925987e-01
1.006509339335180053e+00
9.212195062326870021e-01
9.806098088642659638e-01
9.551568220221607897e-01
9.663204127423823397e-01
9.859683324099723922e-01
1.006955882963989080e+00
9.645342382271469006e-01
9.667669563711912550e-01
9.980250103878116619e-01
9.725720235457064877e-01
9.931130304709142598e-01
1.028389977146814571e+00
9.689996745152354984e-01
1.002490446675900371e+00
9.770374598337950856e-01
9.721254799168975724e-01
9.806098088642659638e-01
9.868614196675901118e-01
9.765909162049862813e-01
9.774840034626040008e-01
9.832890706371192335e-01
9.761443725761773660e-01
9.774840034626040008e-01
9.913268559556787096e-01
9.752512853185596464e-01
9.596222583102493875e-01
9.944526613573407836e-01
9.873079632963989161e-01
9.484586675900277264e-01
1.022584909972299227e+00
9.716789362880887682e-01
9.484586675900277264e-01
9.971319231301939423e-01
1.006509339335180053e+00
9.940061177285319793e-01
9.899872250692521858e-01
1.009188601108033323e+00
9.774840034626040008e-01
9.636411509695291810e-01
9.712323926592798529e-01
1.012760950138504201e+00
9.462259494459834830e-01
9.788236343490305247e-01
1.000704272160664932e+00
9.882010505540167467e-01
9.837356142659280378e-01
9.953457486149585032e-01
1.005169708448753640e+00
9.444397749307480439e-01
1.005169708448753640e+00
9.743581980609419269e-01
9.564964529085873135e-01
9.962388358725762227e-01
1.006955882963989080e+00
9.689996745152354984e-01
9.797167216066482442e-01
9.274711170360111501e-01
9.850752451523546727e-01
1.005616252077562445e+00
9.752512853185596464e-01
1.017226386426592910e+00
9.573895401662050331e-01
9.761443725761773660e-01
9.422070567867036894e-01
9.739116544321330116e-01
9.305969224376732241e-01
9.167540699445984043e-01
9.886475941828255509e-01
9.846287015235457574e-01
9.538171911357341548e-01
9.801632652354571595e-01
9.475655803324100068e-01
1.000257728531856127e+00
9.739116544321330116e-01
9.301503788088643088e-01
9.640876945983379853e-01
9.837356142659280378e-01
9.346158150969530176e-01
9.975784667590028576e-01
9.453328621883657634e-01
9.399743386426593350e-01
9.551568220221607897e-01
9.292572915512465892e-01
9.564964529085873135e-01
9.966853795013851380e-01
9.386347077562328112e-01
9.547102783933518744e-01
9.453328621883657634e-01
9.524775602493075199e-01
9.515844729916898004e-01
9.703393054016621333e-01
9.243453116343490761e-01
9.998111849030472120e-01
9.542637347645429591e-01
9.605153455678671071e-01
9.426536004155124937e-01
9.716789362880887682e-01
9.560499092797785092e-01
9.882010505540167467e-01
9.502448421052632765e-01
9.404208822714682503e-01
9.810563524930748791e-01
9.886475941828255509e-01
9.667669563711912550e-01
9.466724930747922873e-01
9.524775602493075199e-01
9.283642042936288696e-01
9.774840034626040008e-01
9.707858490304709376e-01
9.850752451523546727e-01
9.890941378116344662e-01
9.859683324099723922e-01
9.404208822714682503e-01
9.734651108033242073e-01
9.774840034626040008e-01
9.538171911357341548e-01
9.413139695290859699e-01
9.640876945983379853e-01
9.435466876731303243e-01
9.556033656509695939e-01
9.859683324099723922e-01
9.444397749307480439e-01
9.185402444598338434e-01
9.497982984764543612e-01
9.654273254847646202e-01
9.623015200831025462e-01
9.649807818559557049e-01
9.489052112188366417e-01
9.886475941828255509e-01
9.734651108033242073e-01
9.547102783933518744e-01
9.506913857340720808e-01
9.654273254847646202e-01
9.471190367036012026e-01
9.221125934903048327e-01
9.739116544321330116e-01
1.003383533933517979e+00
9.980250103878116619e-01
9.502448421052632765e-01
9.774840034626040008e-01
9.609618891966760224e-01
9.310434660664820283e-01
9.538171911357341548e-01
9.730185671745152920e-01
9.462259494459834830e-01
9.511379293628809961e-01
9.408674259002770546e-01
9.725720235457064877e-01
9.993646412742382967e-01
9.337227278393352981e-01
9.404208822714682503e-01
9.890941378116344662e-01
9.721254799168975724e-01
9.698927617728532180e-01
9.265780297783934305e-01
9.408674259002770546e-01
9.703393054016621333e-01
9.332761842105263828e-01
9.511379293628809961e-01
9.480121239612189221e-01
9.346158150969530176e-01
9.364019896121884567e-01
9.533706475069252395e-01
9.605153455678671071e-01
9.779305470914128051e-01
9.663204127423823397e-01
9.426536004155124937e-01
9.408674259002770546e-01
9.556033656509695939e-01
9.712323926592798529e-01
9.426536004155124937e-01
9.636411509695291810e-01
9.323830969529086632e-01
9.515844729916898004e-01
9.422070567867036894e-01
9.788236343490305247e-01
9.462259494459834830e-01
9.578360837950139484e-01
9.381881641274238959e-01
9.069301101108033780e-01
9.627480637119114615e-01
9.145213518005540498e-01
9.578360837950139484e-01
9.779305470914128051e-01
9.801632652354571595e-01
9.203264189750692825e-01
9.216660498614959174e-01
9.471190367036012026e-01
9.551568220221607897e-01
9.274711170360111501e-01
9.243453116343490761e-01
9.350623587257618219e-01
9.185402444598338434e-01
9.055904792243768542e-01
9.618549764542937419e-01
9.560499092797785092e-01
9.480121239612189221e-01
9.542637347645429591e-01
9.765909162049862813e-01
9.515844729916898004e-01
9.167540699445984043e-01
9.270245734072022348e-01
9.087162846260388172e-01
9.279176606648200654e-01
9.261314861495845152e-01
9.015715865650970606e-01
9.640876945983379853e-01
9.042508483379502193e-01
9.038043047091413040e-01
9.556033656509695939e-01
9.051439355955679389e-01
9.689996745152354984e-01
9.069301101108033780e-01
9.105024591412742563e-01
9.194333317174515630e-01
9.234522243767313565e-01
8.913010831024931191e-01
9.033577610803324998e-01
9.288107479224377849e-01
9.198798753462604783e-01
9.381881641274238959e-01
9.261314861495845152e-01
9.118420900277008911e-01
8.997854120498616215e-01
9.756978289473684507e-01
9.109490027700831716e-01
9.055904792243768542e-01
9.377416204986149806e-01
9.042508483379502193e-01
9.238987680055402718e-01
9.256849425207757109e-01
9.301503788088643088e-01
9.413139695290859699e-01
9.256849425207757109e-01
9.154144390581717694e-01
8.913010831024931191e-01
8.859425595567868017e-01
8.953199757617729126e-01
9.314900096952909436e-01
9.091628282548477324e-01
8.984457811634349866e-01
8.926407139889197540e-01
8.921941703601108387e-01
8.953199757617729126e-01
8.899614522160665953e-01
8.846029286703601668e-01
8.658480962603878339e-01
8.841563850415513626e-01
8.930872576177285582e-01
9.015715865650970606e-01
8.783513178670361299e-01
8.515587001385042099e-01
8.877287340720222408e-01
9.002319556786704258e-01
8.667411835180056645e-01
8.314642368421053531e-01
8.488794383656510512e-01
8.430743711911358185e-01
8.913010831024931191e-01
8.537914182825485643e-01
8.555775927977840034e-01
8.582568545706371621e-01
8.408416530470914640e-01
8.185144716066482529e-01
8.323573240997230727e-01
8.426278275623269032e-01
8.269988005540166442e-01
8.627222908587258710e-01
8.265522569252078400e-01
8.421812839335180989e-01
8.515587001385042099e-01
7.970803774238227613e-01
8.390554785318560249e-01
7.993130955678671157e-01
8.069043372576177875e-01
7.778790013850416241e-01
8.060112500000000679e-01
8.144955789473684593e-01
7.979734646814404808e-01
8.515587001385042099e-01
8.010992700831025548e-01
8.417347403047091836e-01
8.207471897506926073e-01
8.787978614958449342e-01
8.493259819944598554e-01
8.546845055401662838e-01
8.627222908587258710e-01
8.426278275623269032e-01
8.225333642659280464e-01
8.082439681440444224e-01
7.988665519390582004e-01
7.872564175900277350e-01
8.019923573407202744e-01
7.975269210526316765e-01
8.002061828254848352e-01
7.823444376731302219e-01
8.341434986149585118e-01
8.846029286703601668e-01
9.082697409972300129e-01
1.012314406509695397e+00
1.111000548476454464e+00
1.136453535318559638e+00
1.217277932132964091e+00
1.265504644044321392e+00
1.347668671745152480e+00
1.416436390581717664e+00
1.428046524930748129e+00
1.394109209141274341e+00
1.320876054016620671e+00
1.390536860110803463e+00
1.334272362880886575e+00
1.360618436980609580e+00
1.310159006925207814e+00
1.330700013850415697e+00
1.297655785318559740e+00
1.294083436288088640e+00
1.291404174515235592e+00
1.253894509695290926e+00
1.257466858725761805e+00
1.227101891966759117e+00
1.188699139889196843e+00
1.203435079639889382e+00
1.164139240304709277e+00
1.182000985457063891e+00
1.168604676592797986e+00
1.153422193213296421e+00
1.144044777008310421e+00
1.137346622576177468e+00
1.158334173130193934e+00
1.180661354570637256e+00
1.109660917590027829e+00
1.135113904432133003e+00
1.124843400969529172e+00
1.143598233379501394e+00
1.075723601800554041e+00
1.113233266620498707e+00
1.107874743074792390e+00
1.127969206371191246e+00
1.115019441135734146e+00
1.088226823407202337e+00
1.080189038088642750e+00
1.067239272853185650e+00
1.120377964681440464e+00
1.080189038088642750e+00
1.076616689058171872e+00
1.097157695983379533e+00
1.093585346952908655e+00
1.107874743074792390e+00
1.049824071329640063e+00
1.103855850415512485e+00
1.058754943905817258e+00
1.056522225761773015e+00
1.035981218836565132e+00
1.100283501385041607e+00
1.048484440443213428e+00
1.052503333102493110e+00
1.036874306094182963e+00
1.052949876731301915e+00
1.027496889889196741e+00
1.047144809556786793e+00
1.016779842797784106e+00
1.050270614958448867e+00
1.021691822714681619e+00
1.058754943905817258e+00
1.047591353185595597e+00
1.031515782548476645e+00
1.068578903739612285e+00
1.006062795706371249e+00
1.021691822714681619e+00
1.019459104570637153e+00
1.001150815789473736e+00
1.036427762465373936e+00
1.025710715373961301e+00
1.043572460526315915e+00
1.014993668282548667e+00
1.005616252077562445e+00
1.048930984072022232e+00
1.045358635041551354e+00
1.029283064404432180e+00
1.044465547783933523e+00
1.054736051246537576e+00
1.028836520775623375e+00
1.006955882963989080e+00
1.019012560941828349e+00
1.016779842797784106e+00
1.037320849722991767e+00
1.006509339335180053e+00
1.023477997229917058e+00
1.024371084487534667e+00
1.034195044321329693e+00
1.032408869806094254e+00
1.032408869806094254e+00
1.029729608033240984e+00
9.922199432132964292e-01
1.007402426592797884e+00
1.019012560941828349e+00
1.023924540858725862e+00
1.033748500692520889e+00
1.045358635041551354e+00
9.935595740997230640e-01
1.045358635041551354e+00
1.016333299168975079e+00
9.873079632963989161e-01
9.868614196675901118e-01
9.819494397506925987e-01
1.017226386426592910e+00
9.716789362880887682e-01
1.048484440443213428e+00
9.935595740997230640e-01
1.012760950138504201e+00
9.587291710526316679e-01
1.002043903047091566e+00
1.005169708448753640e+00
9.797167216066482442e-01
9.895406814404432705e-01
9.850752451523546727e-01
1.002043903047091566e+00
1.002043903047091566e+00
1.007402426592797884e+00
9.922199432132964292e-01
9.953457486149585032e-01
9.917733995844876249e-01
1.012760950138504201e+00
9.725720235457064877e-01
9.792701779778394400e-01
9.904337686980609901e-01
9.886475941828255509e-01
9.614084328254848266e-01
9.940061177285319793e-01
9.971319231301939423e-01
1.015440211911357471e+00
1.010081688365651154e+00
9.815028961218836834e-01
1.003830077562327006e+00
9.904337686980609901e-01
9.413139695290859699e-01
9.426536004155124937e-01
1.014100581024930836e+00
9.971319231301939423e-01
9.801632652354571595e-01
1.002936990304709175e+00
9.761443725761773660e-01
9.636411509695291810e-01
9.855217887811634769e-01
9.815028961218836834e-01
9.966853795013851380e-01
9.560499092797785092e-01
9.502448421052632765e-01
1.001150815789473736e+00
9.551568220221607897e-01
9.980250103878116619e-01
9.484586675900277264e-01
9.685531308864266942e-01
9.551568220221607897e-01
9.908803123268699053e-01
9.623015200831025462e-01
9.453328621883657634e-01
9.337227278393352981e-01
9.564964529085873135e-01
9.404208822714682503e-01
9.350623587257618219e-01
1.016333299168975079e+00
9.712323926592798529e-01
9.672135000000000593e-01
9.390812513850416154e-01
9.475655803324100068e-01
9.873079632963989161e-01
9.587291710526316679e-01
9.618549764542937419e-01
9.404208822714682503e-01
9.538171911357341548e-01
9.364019896121884567e-01
9.725720235457064877e-01
1.009635144736842127e+00
9.457794058171745677e-01
9.676600436288089746e-01
9.627480637119114615e-01
9.466724930747922873e-01
9.636411509695291810e-01
9.497982984764543612e-01
9.935595740997230640e-01
9.377416204986149806e-01
9.078231973684210976e-01
9.355089023545707372e-01
9.524775602493075199e-01
9.712323926592798529e-01
9.484586675900277264e-01
9.855217887811634769e-01
9.703393054016621333e-01
8.957665193905818279e-01
9.497982984764543612e-01
9.556033656509695939e-01
9.689996745152354984e-01
9.457794058171745677e-01
9.475655803324100068e-01
9.618549764542937419e-01
9.283642042936288696e-01
9.832890706371192335e-01
9.502448421052632765e-01
9.957922922437674185e-01
9.515844729916898004e-01
9.435466876731303243e-01
9.971319231301939423e-01
1.021691822714681619e+00
9.837356142659280378e-01
1.027496889889196741e+00
1.050270614958448867e+00
9.975784667590028576e-01
1.049377527700831036e+00
1.043125916897507111e+00
1.049377527700831036e+00
1.039553567867036010e+00
1.022138366343490423e+00
1.017672930055401714e+00
1.002936990304709175e+00
1.025710715373961301e+00
1.022138366343490423e+00
1.018566017313019545e+00
1.005616252077562445e+00
1.006509339335180053e+00
1.018119473684210519e+00
9.645342382271469006e-01
9.962388358725762227e-01
9.998111849030472120e-01
9.739116544321330116e-01
9.850752451523546727e-01
9.364019896121884567e-01
9.877545069252078314e-01
9.917733995844876249e-01
9.837356142659280378e-01
9.502448421052632765e-01
9.623015200831025462e-01
9.654273254847646202e-01
9.623015200831025462e-01
9.823959833795015140e-01
9.734651108033242073e-01
9.935595740997230640e-01
9.426536004155124937e-01
9.770374598337950856e-01
9.957922922437674185e-01
9.471190367036012026e-01
9.698927617728532180e-01
9.654273254847646202e-01
9.770374598337950856e-01
9.792701779778394400e-01
1.005616252077562445e+00
9.716789362880887682e-01
9.596222583102493875e-01
9.908803123268699053e-01
9.832890706371192335e-01
9.721254799168975724e-01
9.667669563711912550e-01
9.636411509695291810e-01
9.484586675900277264e-01
9.609618891966760224e-01
9.721254799168975724e-01
9.935595740997230640e-01
9.346158150969530176e-01
9.462259494459834830e-01
9.556033656509695939e-01
9.850752451523546727e-01
9.614084328254848266e-01
9.404208822714682503e-01
9.560499092797785092e-01
9.529241038781164352e-01
9.279176606648200654e-01
9.422070567867036894e-01
9.489052112188366417e-01
9.368485332409972610e-01
9.774840034626040008e-01
9.404208822714682503e-01
9.172006135734073196e-01
9.346158150969530176e-01
9.292572915512465892e-01
9.256849425207757109e-01
9.489052112188366417e-01
9.431001440443214090e-01
9.448863185595568481e-01
9.618549764542937419e-01
9.279176606648200654e-01
9.386347077562328112e-01
9.806098088642659638e-01
9.837356142659280378e-01
9.288107479224377849e-01
9.172006135734073196e-01
9.426536004155124937e-01
9.221125934903048327e-01
9.631946073407202658e-01
9.529241038781164352e-01
9.230056807479225522e-01
9.221125934903048327e-01
9.564964529085873135e-01
8.720997070637119819e-01
9.078231973684210976e-01
8.877287340720222408e-01
9.457794058171745677e-01
9.681065872576177789e-01
9.230056807479225522e-01
9.368485332409972610e-01
9.024646738227147802e-01
9.024646738227147802e-01
8.953199757617729126e-01
8.935338012465374735e-01
9.435466876731303243e-01
8.872821904432133255e-01
8.975526939058172671e-01
9.073766537396122933e-01
8.971061502770083518e-01
9.520310166204987157e-01
9.118420900277008911e-01
9.390812513850416154e-01
8.796909487534626537e-01
9.319365533240997479e-01
9.350623587257618219e-01
8.948734321329641084e-01
9.082697409972300129e-01
9.341692714681441023e-01
9.395277950138505307e-01
9.042508483379502193e-01
8.984457811634349866e-01
9.364019896121884567e-01
9.060370228531856585e-01
8.984457811634349866e-01
8.796909487534626537e-01
8.868356468144045213e-01
8.819236668975070081e-01
8.747789688365651406e-01
8.921941703601108387e-01
8.935338012465374735e-01
8.881752777008310451e-01
8.939803448753462778e-01
8.578103109418283578e-01
8.908545394736843148e-01
8.716531634349030666e-01
8.926407139889197540e-01
8.953199757617729126e-01
9.243453116343490761e-01
8.645084653739613101e-01
8.761185997229917755e-01
9.105024591412742563e-01
8.524517873961219294e-01
9.002319556786704258e-01
8.470932638504156120e-01
8.578103109418283578e-01
8.823702105263158124e-01
8.256591696675901204e-01
8.680808144044321883e-01
8.439674584487535380e-01
8.707600761772853470e-01
8.390554785318560249e-01
8.712066198060942623e-01
8.743324252077563363e-01
8.386089349030471096e-01
8.287849750692521944e-01
8.564706800554017230e-01
8.274453441828255595e-01
8.627222908587258710e-01
8.377158476454293901e-01
7.885960484764543699e-01
8.234264515235457660e-01
8.395020221606649402e-01
8.698669889196676275e-01
8.729927943213297015e-01
8.104766862880886658e-01
7.921683975069252481e-01
8.238729951523546813e-01
8.171748407202216180e-01
8.015458137119114701e-01
8.028854445983379939e-01
8.042250754847646288e-01
8.006527264542936395e-01
7.747531959833795501e-01
7.979734646814404808e-01
7.975269210526316765e-01
7.756462832409972696e-01
7.832375249307479415e-01
8.064577936288089832e-01
8.109232299168975810e-01
7.640361488919668043e-01
7.810048067867036981e-01
7.506398400277008998e-01
7.385831620498615191e-01
8.069043372576177875e-01
7.568914508310249367e-01
7.640361488919668043e-01
7.595707126038782064e-01
7.412624238227147888e-01
7.653757797783934391e-01
7.591241689750692911e-01
7.470674909972300215e-01
7.818978940443214176e-01
7.801117195290859785e-01
7.555518199445984129e-01
7.457278601108033866e-01
7.626965180055402804e-01
7.515329272853186193e-01
7.877029612188366503e-01
7.899356793628810047e-01
8.238729951523546813e-01
8.144955789473684593e-01
8.207471897506926073e-01
8.390554785318560249e-01
8.729927943213297015e-01
8.546845055401662838e-01
8.913010831024931191e-01
9.225591371191136369e-01
9.185402444598338434e-01
1.001150815789473736e+00
9.515844729916898004e-01
1.044019004155124719e+00
1.074383970914127406e+00
1.063666923822714772e+00
1.058754943905817258e+00
1.115465984764542950e+00
1.146724038781163468e+00
1.152975649584487616e+00
1.199862730609418282e+00
1.186019878116343573e+00
1.204774710526315795e+00
1.238265482686980778e+00
1.186912965373961404e+00
1.224422630193905848e+00
1.209686690443213308e+00
1.253894509695290926e+00
1.220403737534626165e+00
1.217724475761772895e+00
1.191824945290858917e+00
1.240051657202216218e+00
1.206114341412742430e+00
1.244963637119113731e+00
1.230227697368421191e+00
1.236479308171745339e+00
1.264165013157894757e+00
1.262378838642659318e+00
1.248535986149584609e+00
1.197183468836565234e+00
1.188252596260387817e+00
1.248089442520775805e+00
1.148063669667590103e+00
1.233353502770083265e+00
1.175302831024930938e+00
1.164139240304709277e+00
1.178428636426592790e+00
1.197183468836565234e+00
1.156547998614958495e+00
1.158334173130193934e+00
1.091799172437673215e+00
1.193611119806094356e+00
1.162799609418282643e+00
1.160120347645429373e+00
1.128862293628808855e+00
1.136453535318559638e+00
1.131988099030470929e+00
1.137346622576177468e+00
1.114126353878116538e+00
1.096711152354570729e+00
1.110554004847645437e+00
1.131095011772853320e+00
1.113233266620498707e+00
1.141365515235457151e+00
1.044465547783933523e+00
1.117698702908587416e+00
1.075277058171745237e+00
1.100283501385041607e+00
1.069025447368421089e+00
1.093585346952908655e+00
1.069918534626038920e+00
1.119931421052631659e+00
1.124396857340720368e+00
1.074830514542936433e+00
1.071704709141274359e+00
1.082868299861496020e+00
1.069471990997229893e+00
1.089119910664819946e+00
1.078849407202216115e+00
1.056075682132963989e+00
1.067239272853185650e+00
1.073937427285318602e+00
1.041339742382271449e+00
1.044912091412742550e+00
1.029729608033240984e+00
1.054736051246537576e+00
1.062327292936288137e+00
1.027943433518005545e+00
1.017226386426592910e+00
1.083314843490304824e+00
1.027050346260387936e+00
1.052503333102493110e+00
9.882010505540167467e-01
1.008295513850415492e+00
9.605153455678671071e-01
1.045805178670360158e+00
9.899872250692521858e-01
1.052949876731301915e+00
1.032855413434903058e+00
9.832890706371192335e-01
1.051610245844875502e+00
1.043572460526315915e+00
1.023031453601108032e+00
1.019905648199445958e+00
9.815028961218836834e-01
9.971319231301939423e-01
1.017226386426592910e+00
1.050270614958448867e+00
9.940061177285319793e-01
9.864148760387811965e-01
1.060987662049861502e+00
9.810563524930748791e-01
1.027496889889196741e+00
9.801632652354571595e-01
1.034641587950138497e+00
1.024817628116343471e+00
9.770374598337950856e-01
9.913268559556787096e-01
9.779305470914128051e-01
1.020798735457063788e+00
1.062773836565096941e+00
1.029283064404432180e+00
1.018566017313019545e+00
1.036427762465373936e+00
1.038660480609418402e+00
1.041786286011080476e+00
1.027050346260387936e+00
1.060094574792243893e+00
1.072597796398891967e+00
1.054736051246537576e+00
1.072597796398891967e+00
1.091352628808864411e+00
1.111000548476454464e+00
1.100283501385041607e+00
1.118591790166205024e+00
1.131988099030470929e+00
1.147617126038781299e+00
1.139579340720221712e+00
1.173516656509695277e+00
1.123503770083102538e+00
1.136453535318559638e+00
1.187806052631579012e+00
1.163692696675900473e+00
1.173516656509695277e+00
1.166371958448753521e+00
1.166818502077562325e+00
1.186466421745152378e+00
1.145830951523545860e+00
1.175302831024930938e+00
1.188699139889196843e+00
1.215491757617728652e+00
1.187806052631579012e+00
1.189592227146814452e+00
1.205221254155124821e+00
1.178428636426592790e+00
1.222636455678670409e+00
1.210579777700831139e+00
1.216384844875346261e+00
1.214152126731302017e+00
1.206560885041551234e+00
1.177089005540166378e+00
1.195843837950138600e+00
1.197630012465374039e+00
1.203435079639889382e+00
1.127522662742382442e+00
1.161459978531856008e+00
1.176195918282548547e+00
1.164585783933518082e+00
1.142705146121883786e+00
1.190485314404432282e+00
1.153422193213296421e+00
1.217724475761772895e+00
1.165925414819944717e+00
1.204774710526315795e+00
1.191378401662049891e+00
1.191824945290858917e+00
1.189592227146814452e+00
1.140025884349030516e+00
1.148510213296398907e+00
1.184680247229916938e+00
1.160120347645429373e+00
1.120824508310249490e+00
1.136006991689750834e+00
1.152082562326870008e+00
1.157441085872576325e+00
1.090012997922437776e+00
1.194057663434903160e+00
1.178428636426592790e+00
1.114572897506925342e+00
1.190485314404432282e+00
1.126183031855955807e+00
1.191824945290858917e+00
1.141365515235457151e+00
1.125736488227147003e+00
1.157887629501385129e+00
1.148063669667590103e+00
1.115465984764542950e+00
1.133774273545706368e+00
1.134667360803324199e+00
1.166371958448753521e+00
1.154761824099723055e+00
1.150742931440443373e+00
1.117698702908587416e+00
1.093585346952908655e+00
1.123950313711911342e+00
1.093138803324099850e+00
1.105642024930747924e+00
1.122610682825484929e+00
1.097157695983379533e+00
1.099836957756232803e+00
1.106535112188365755e+00
1.126183031855955807e+00
1.095371521468144094e+00
1.123950313711911342e+00
1.097157695983379533e+00
1.125736488227147003e+00
1.056968769390581819e+00
1.088226823407202337e+00
1.097604239612188559e+00
1.147617126038781299e+00
1.115465984764542950e+00
1.096264608725761924e+00
1.096264608725761924e+00
1.076170145429363068e+00
1.119484877423822855e+00
1.076616689058171872e+00
1.115465984764542950e+00
1.098050783240997363e+00
1.098497326869806168e+00
1.097157695983379533e+00
1.097157695983379533e+00
1.125736488227147003e+00
1.058308400277008454e+00
1.072151252770083163e+00
1.121717595567867098e+00
1.115465984764542950e+00
1.136900078947368442e+00
1.103855850415512485e+00
1.121717595567867098e+00
1.093585346952908655e+00
1.064113467451523576e+00
1.098050783240997363e+00
1.112786722991689903e+00
1.068578903739612285e+00
1.116805615650969585e+00
1.117252159279778390e+00
1.048484440443213428e+00
1.117698702908587416e+00
1.127969206371191246e+00
1.091799172437673215e+00
1.070811621883656528e+00
1.115465984764542950e+00
1.110554004847645437e+00
1.092245716066482020e+00
1.101176588642659437e+00
1.102962763157894877e+00
1.100283501385041607e+00
1.120377964681440464e+00
1.073937427285318602e+00
1.142705146121883786e+00
1.120377964681440464e+00
1.126629575484764612e+00
1.083314843490304824e+00
1.133774273545706368e+00
1.143598233379501394e+00
1.140918971606648347e+00
1.085547561634349067e+00
1.100730045013850411e+00
1.102962763157894877e+00
1.141365515235457151e+00
1.101623132271468242e+00
1.146277495152354664e+00
1.135113904432133003e+00
1.119038333795014051e+00
1.104302394044321511e+00
1.129308837257617881e+00
1.142258602493074982e+00
1.121271051939058294e+00
1.074383970914127406e+00
1.153422193213296421e+00
1.156101454986149690e+00
1.104302394044321511e+00
1.103855850415512485e+00
1.126629575484764612e+00
1.095818065096952898e+00
1.095818065096952898e+00
1.123950313711911342e+00
1.131095011772853320e+00
1.133774273545706368e+00
1.141812058864265955e+00
1.119038333795014051e+00
1.127076119113573416e+00
1.127969206371191246e+00
1.122164139196675903e+00
1.126183031855955807e+00
1.111447092105263268e+00
1.112786722991689903e+00
