9.603737407614950650e-01 1.367178939504221091e-16
9.600734593487978419e-01 1.382357769919018153e-16
9.597675756643312406e-01 1.381273567746532649e-16
9.594559119528984770e-01 1.394283993816358702e-16
9.591382824352086001e-01 1.402957611196242738e-16
9.588144928379938037e-01 1.411631228576126773e-16
9.584843398903010181e-01 1.422473250300981817e-16
9.581476107830610989e-01 1.437652080715778879e-16
9.578040825887583765e-01 1.443073091578206402e-16
9.574535216377006996e-01 1.451746708958090437e-16
9.570956828470332800e-01 1.457167719820517959e-16
9.567303089982460707e-01 1.479935965442713552e-16
9.563571299584755492e-01 1.484272774132655570e-16
9.559758618404081698e-01 1.481020167615199057e-16
9.555862060950356396e-01 1.510293626272307677e-16
9.551878485308843425e-01 1.504872615409880154e-16
9.547804582526420170e-01 1.514630434962249694e-16
9.543636865113118706e-01 1.518967243652191712e-16
9.539371654571321413e-01 1.526556658859590243e-16
9.535005067854949168e-01 1.540651287101901801e-16
9.530533002649531626e-01 1.548240702309300332e-16
9.525951121351207140e-01 1.551493308826756845e-16
9.521254833607976087e-01 1.557998521861669872e-16
9.516439277269927999e-01 1.568840543586524916e-16
9.511499297576115897e-01 1.568840543586524916e-16
9.506429424384131854e-01 1.575345756621437943e-16
9.501223847223604357e-01 1.580766767483865465e-16
9.495876387926465156e-01 1.581850969656350969e-16
9.490380470554176107e-01 1.587271980518778491e-16
9.484729088304587608e-01 1.599198204416119040e-16
9.478914767037783795e-01 1.593777193553691518e-16
9.472929525010194141e-01 1.612208630485945093e-16
9.466764828348249727e-01 1.595945597898662527e-16
9.460411541725487483e-01 1.608956023968488580e-16
9.453859873628513988e-01 1.608956023968488580e-16
9.447099315505633754e-01 1.613292832658430598e-16
9.440118573984722650e-01 1.602450810933575553e-16
9.432905495221007852e-01 1.592692991381206014e-16
9.425446980287248699e-01 1.580766767483865465e-16
9.417728890343802783e-01 1.576429958793923447e-16
9.409735940118838515e-01 1.588356182691263996e-16
9.401451577982756769e-01 1.573177352276466934e-16
9.392857850607342352e-01 1.560166926206640881e-16
9.383935249849140181e-01 1.552577510999242349e-16
9.374662539075152567e-01 1.535230276239474279e-16
9.365016555641234586e-01 1.524388254514619234e-16
9.354971985619551234e-01 1.483188571960170066e-16
9.344501106125886469e-01 1.470178145890344013e-16
9.333573489688481439e-01 1.445241495923177411e-16
9.322155663986847474e-01 1.412715430748612278e-16
9.310210718919560424e-01 1.376936759056590631e-16
9.297697851267635594e-01 1.338989683019597976e-16
9.284571835118115013e-01 1.280442765705380737e-16
9.270782403588719855e-01 1.267432339635554683e-16
9.256273524101521488e-01 1.194790794079025886e-16
9.240982545298137563e-01 1.135159674592323142e-16
9.224839188414190039e-01 1.076612757278105903e-16
9.207764349194514919e-01 9.996344030316350882e-17
9.189668667773202015e-01 9.031404096804251935e-17
9.170450812741828273e-01 7.947201924318747501e-17
9.149995411037783466e-01 6.938893903907228378e-17
9.128170536137923952e-01 5.290906601729261638e-17
9.104824641729871715e-01 4.325966668217162692e-17
9.079782794306235916e-01 2.255140518769849223e-17
9.052842012826077811e-01 3.903127820947815962e-18
9.023765462236176260e-01 -2.114194236346733646e-17
8.992275163854476228e-01 -4.998172015158175441e-17
8.958042770216949613e-01 -7.676151381197371393e-17
8.920677791743198970e-01 -1.105886215935214523e-16
8.879712438352660442e-01 -1.529809265377046756e-16
8.834581923376992885e-01 -1.981921571303502105e-16
8.784598630446478484e-01 -2.534864679271109367e-16
8.728917912020301983e-01 -3.335005882565411639e-16
8.666492400363319248e-01 -4.168757353206764549e-16
8.596010491774288553e-01 -5.276811973486950080e-16
8.515813079282636977e-01 -6.597370219574294481e-16
8.423780835873887485e-01 -8.249694330442203238e-16
8.317183318014531590e-01 -1.060132884256326236e-15
8.192484241593047667e-01 -1.357963221038094304e-15
8.045115720836448769e-01 -1.779609445917706978e-15
7.869305183015584682e-01 -2.396520482061959001e-15
7.658288230883991687e-01 -3.289035710452026251e-15
7.406119724815467542e-01 -4.709557396842534160e-15
7.115514704967108583e-01 -7.089164325013719292e-15
6.828487407663133002e-01 -1.110309760798955381e-14
6.742702056419389578e-01 -1.742269523097306205e-14
7.577625128949752042e-01 -2.063236734239914938e-14
1.064911210086867399e+00 5.411253042875152630e-15
1.414015237064033093e+00 3.839571889596715693e-14
1.477010306063593958e+00 2.827512529668396724e-14
1.405968457948896022e+00 1.489476944560585991e-14
1.327188196270872922e+00 8.194400019645442512e-15
1.264751814987614242e+00 5.064525188114288312e-15
1.217581468328902572e+00 3.520838134929427099e-15
1.181647915063541054e+00 2.692941356019495913e-15
1.153692147466506945e+00 2.209820867959955137e-15
1.131446499313682352e+00 1.907762142705493602e-15
1.113368950508048405e+00 1.718243602955027427e-15
1.098400688568256012e+00 1.581417288787356767e-15
1.085800498812333315e+00 1.500102125850943935e-15
1.075038206529083773e+00 1.433315272025836862e-15
1.065726508827665731e+00 1.380839886877538447e-15
1.057576839593898921e+00 1.350699066482441424e-15
1.050370271046756399e+00 1.324895054777286418e-15
1.043937943650188771e+00 1.313185671314442970e-15
1.038147641359965512e+00 1.299958404810119816e-15
1.032894406710409552e+00 1.294971074816686496e-15
1.028093862627915023e+00 1.291935308733727084e-15
1.023677381220327032e+00 1.291284787430235781e-15
1.019588534789802381e+00 1.295404755685680698e-15
1.015780451447520605e+00 1.302560490024085027e-15
1.012213818532418541e+00 1.309065703058998054e-15
1.008855356396456848e+00 1.320124565218350199e-15
1.005676638104087584e+00 1.329448703901725537e-15
1.002653166520018235e+00 1.344410693882025498e-15
9.997636449753466437e-01 1.358939002993331258e-15
9.969893949381414266e-01 1.377587280360081934e-15
9.943138862872107353e-01 1.393199791643873198e-15
9.917223544857139972e-01 1.413149111617606479e-15
9.892014852333410602e-01 1.435266835936310770e-15
9.867391517571088011e-01 1.458468762427500565e-15
9.843241932702695429e-01 1.484055933698158469e-15
9.819462256243617349e-01 1.509859945403313475e-15
9.795954770371464448e-01 1.538482882756930792e-15
9.772626431654697354e-01 1.566021617938062604e-15
9.749387568250887925e-01 1.598764523547124838e-15
9.726150684235799204e-01 1.634760035673643586e-15
9.702829337279218480e-01 1.667502941282705820e-15
9.679337059783477137e-01 1.707184740795675282e-15
9.655586296151305037e-01 1.747083380743141845e-15
9.631487330264389968e-01 1.791969350684041729e-15
9.606947177678265559e-01 1.834470075845473502e-15
9.581868416569893077e-01 1.881307609696847294e-15
9.556147930176795979e-01 1.933132473541654406e-15
9.529675531393891896e-01 1.986692060862438325e-15
9.502332437410955235e-01 2.037866403403754134e-15
9.473989558894994056e-01 2.110941629829277133e-15
9.444505564474409143e-01 2.169271706708997272e-15
9.413724677609465186e-01 2.238226964879075354e-15
9.381474160178868704e-01 2.315855840429037471e-15
9.347561436832245718e-01 2.393051035110005387e-15
9.311770819180111847e-01 2.474149357611921118e-15
9.273859804294917186e-01 2.558717127065790464e-15
9.233554956862117802e-01 2.657162684327474267e-15
9.190547454900583890e-01 2.758860848106614583e-15
9.144488514465382023e-01 2.864028458837708513e-15
9.094985161989647127e-01 2.975484442169218369e-15
9.041597290457139557e-01 3.102119255915525287e-15
8.983837795893531153e-01 3.234608761393253928e-15
8.921179178041506175e-01 3.367315107305479671e-15
8.853072938753602239e-01 3.524524422315877814e-15
8.778993647911798037e-01 3.681733737326275957e-15
8.698530060440964329e-01 3.859542893613898684e-15
8.611565872768484065e-01 4.009162793416898296e-15
8.518631907989226981e-01 4.193910843608428252e-15
8.421587785117387037e-01 4.371936840330548080e-15
8.324937556163201080e-01 4.563190103556991062e-15
8.238350911915501840e-01 4.740999259844613789e-15
8.181377504440480175e-01 4.877175052708793146e-15
8.191657104212241025e-01 5.012917164703978301e-15
8.336553707592453399e-01 5.148876117133660557e-15
8.719338366956369546e-01 5.118301615869569332e-15
9.445471562821537992e-01 4.227087430086484687e-15
1.049961572746812122e+00 1.309933064796986457e-15
1.161837174612727619e+00 -4.355456967308768412e-15
1.243964132696004476e+00 -1.029818591513631532e-14
1.282299231623043934e+00 -1.424251341863858045e-14
1.287064550270955454e+00 -1.559169460207954216e-14
1.273915206055797222e+00 -1.531739145244070954e-14
1.253720786154305822e+00 -1.425877645122586301e-14
1.232118859403231736e+00 -1.301346183590901262e-14
1.211563764387311837e+00 -1.179221650882134043e-14
1.192927812442749591e+00 -1.067136830290582594e-14
1.176376370291680740e+00 -9.702958922441773382e-15
1.161788440595255878e+00 -8.855112823558108914e-15
1.148946379147545827e+00 -8.133684697986254264e-15
1.137617104079245323e+00 -7.501811671861702280e-15
1.127584111753211493e+00 -6.959276904749955861e-15
1.118657797793010333e+00 -6.483745831897813616e-15
1.110676598415295979e+00 -6.062858548538940795e-15
1.103504575395684473e+00 -5.703120267708250424e-15
1.097027920084068908e+00 -5.376124892486622286e-15
1.091151419108452592e+00 -5.087076593301986804e-15
1.085795277781206991e+00 -4.829470157119430951e-15
1.080892411847217627e+00 -4.599185615683509809e-15
1.076386198663570326e+00 -4.391018798566292958e-15
1.072228634703045635e+00 -4.198898173601861572e-15
1.068378835388955839e+00 -4.028461592087140275e-15
1.064801816213944541e+00 -3.870168074904256628e-15
1.061467501965672966e+00 -3.725318664660193235e-15
1.058349919744446588e+00 -3.593913361354950098e-15
1.055426539701493249e+00 -3.470747994560596794e-15
1.052677734506983098e+00 -3.360593053836069544e-15
1.050086334398077526e+00 -3.256943326146455320e-15
1.047637259371479335e+00 -3.161099854098736728e-15
1.045317213843678372e+00 -3.070026871609954355e-15
1.043114432079833342e+00 -2.986760144763067615e-15
1.041018465044606378e+00 -2.909131269213105497e-15
1.039020001185561703e+00 -2.837140244960068003e-15
1.037110715127585792e+00 -2.769486029396972526e-15
1.035283139419145293e+00 -2.706602303392813269e-15
1.033530555394108319e+00 -2.645886981733625021e-15
1.031846899947931551e+00 -2.589942149633372992e-15
1.030226685614513249e+00 -2.536165721878091972e-15
1.028664931801240190e+00 -2.488460826288729777e-15
1.027157105419151062e+00 -2.440755930699367582e-15
1.025699069451741829e+00 -2.398255205537935808e-15
1.024287038254657167e+00 -2.356188161245498236e-15
1.022917538581031405e+00 -2.316289521298031673e-15
1.021587375492760019e+00 -2.279426647433524522e-15
1.020293602453747672e+00 -2.245165858782982582e-15
1.019033495012934942e+00 -2.210905070132440642e-15
1.017804527577230944e+00 -2.179246366695863912e-15
1.016604352850991599e+00 -2.150623429342246595e-15
1.015430783582313090e+00 -2.122434172857623480e-15
1.014281776309485350e+00 -2.097714363324953979e-15
1.013155416845358703e+00 -2.071693511185301873e-15
1.012049907274646499e+00 -2.049142105997603380e-15
1.010963554270533304e+00 -2.026157019940910686e-15
1.009894758563421702e+00 -2.005774019098183203e-15
1.008842005417009746e+00 -1.985824699124449921e-15
1.007803855985860864e+00 -1.967176421757699245e-15
1.006778939444715082e+00 -1.950262867866925376e-15
1.005765945793497984e+00 -1.933349313976151507e-15
1.004763619253638440e+00 -1.917303121823366041e-15
1.003770752181257775e+00 -1.903425334015551584e-15
1.002786179431267133e+00 -1.889113865338742926e-15
1.001808773113655793e+00 -1.876970801006905276e-15
1.000837437689396925e+00 -1.864827736675067626e-15
9.998711053586498698e-01 -1.854853076688200986e-15
9.989087316983584763e-01 -1.844444735832340143e-15
9.979492915100925954e-01 -1.835337437583461906e-15
9.969917748420855652e-01 -1.826230139334583669e-15
9.960351831520015686e-01 -1.819291245430676440e-15
9.950785255790410844e-01 -1.813219713264757615e-15
9.941208152956330091e-01 -1.806714500229844589e-15
9.931610659101856031e-01 -1.799775606325937360e-15
9.921982878932145145e-01 -1.796306159373983746e-15
9.912314849996440858e-01 -1.791969350684041729e-15
9.902596506602138193e-01 -1.789367265470076518e-15
9.892817643146987194e-01 -1.787632541994099711e-15
9.882967876590973422e-01 -1.784163095042146097e-15
9.873036607780166785e-01 -1.785030456780134500e-15
9.863012981321995776e-01 -1.782428371566169290e-15
9.852885843694605406e-01 -1.783295733304157693e-15
9.842643699251967249e-01 -1.785897818518122904e-15
9.832274663760801614e-01 -1.786765180256111307e-15
9.821766415074822953e-01 -1.788499903732088114e-15
9.811106140515517549e-01 -1.793704074160018536e-15
9.800280480486182055e-01 -1.798040882849960553e-15
9.789275467796306751e-01 -1.801510329801914168e-15
9.778076462115649070e-01 -1.806714500229844589e-15
9.766668078910417661e-01 -1.812786032395763414e-15
9.755034112136400370e-01 -1.820592288037659046e-15
9.743157449874130238e-01 -1.829265905417543081e-15
9.731019981987307776e-01 -1.837939522797427117e-15
9.718602498765528397e-01 -1.848347863653287959e-15
9.705884579373105225e-01 -1.859623566247137205e-15
9.692844468764607591e-01 -1.870899268840986451e-15
9.679458941540616257e-01 -1.883042333172824101e-15
9.665703151000082372e-01 -1.897787482718626961e-15
9.651550461393416658e-01 -1.910797908788453014e-15
9.636972261086824698e-01 -1.926410420072244278e-15
9.621937754006700816e-01 -1.942890293094023946e-15
9.606413726334490644e-01 -1.961972251329768824e-15
9.590364284957896279e-01 -1.981054209565513702e-15
9.573750563642096090e-01 -2.000136167801258580e-15
9.556530392251916251e-01 -2.024422296464933879e-15
9.538657923617532841e-01 -2.046973701652632371e-15
9.520083211775376419e-01 -2.071259830316307671e-15
9.500751734313755970e-01 -2.102484852883890198e-15
9.480603850389052178e-01 -2.125036258071588691e-15
9.459574184632700833e-01 -2.159730727591124833e-15
9.437590925622262317e-01 -2.189221026682730553e-15
9.414575025827521815e-01 -2.220446049250313081e-15
9.390439287960712367e-01 -2.258609965721802837e-15
9.365087320475504740e-01 -2.296773882193292593e-15
9.338412342625104223e-01 -2.336672522140759156e-15
9.310295817122566930e-01 -2.383510055992132948e-15
9.280605886269891469e-01 -2.428612866367529932e-15
9.249195585840709333e-01 -2.482389294122810952e-15
9.215900810716795011e-01 -2.532696274926138358e-15
9.180538008489304014e-01 -2.588207426157396185e-15
9.142901583960637568e-01 -2.647188024340607626e-15
9.102761012105919924e-01 -2.702699175571865453e-15
9.059857685238130731e-01 -2.785965902418752194e-15
9.013901571361067067e-01 -2.855354841457824477e-15
8.964567850967488649e-01 -2.928213227448850375e-15
8.911493855893319882e-01 -3.018418848199644344e-15
8.854276902398943161e-01 -3.094746681142623856e-15
8.792474070745952552e-01 -3.188421748845371440e-15
8.725605772879192479e-01 -3.299444051307887094e-15
8.653166309740897288e-01 -3.403527459866495519e-15
8.574646977075247589e-01 -3.514549762329011173e-15
8.489581394222318611e-01 -3.639449852599341284e-15
8.397629967357662650e-01 -3.750472155061856938e-15
8.298733196112325627e-01 -3.875372245332187049e-15
8.193386202294904441e-01 -3.993333441698609931e-15
8.083126758588016214e-01 -4.139050213680661727e-15
7.971397705514633447e-01 -4.236194728335362925e-15
7.865055764876163202e-01 -4.347217030797878579e-15
7.776952518974843409e-01 -4.333339242990064122e-15
7.730128114214179780e-01 -4.236194728335362925e-15
7.763847506379205621e-01 -3.986394547794702703e-15
7.939740035227126347e-01 -3.486794186713382260e-15
8.340103482244840549e-01 -2.515349040166370287e-15
9.039437016959996907e-01 -7.667477763817487357e-16
1.003244834065139646e+00 2.008809785181142615e-15
1.116195245655654533e+00 5.561523463981643545e-15
1.216694408612700951e+00 8.947703689088370993e-15
1.285517985980162425e+00 1.125141646518557081e-14
1.320142381109889573e+00 1.222286161173258279e-14
1.329014815600048971e+00 1.211183930927006713e-14
1.322368513816888580e+00 1.143182770668715875e-14
1.307876976086544518e+00 1.054364928698703352e-14
1.290225665211816031e+00 9.641593079479093831e-15
1.271959531000056653e+00 8.781170235394597512e-15
1.254338744538773032e+00 7.990136330349173477e-15
1.237916305578704135e+00 7.303185833862357867e-15
1.222876439110871960e+00 6.682154829462660928e-15
1.209220487687451273e+00 6.154798892765711571e-15
1.196865556725054569e+00 5.686423554251973655e-15
1.185695547141582873e+00 5.280498260873400795e-15
1.175586780670363263e+00 4.923145224822178534e-15
1.166420243200711582e+00 4.602221381766469221e-15
1.158086867614422699e+00 4.317726731706272858e-15
1.150489265373073167e+00 4.066191827689635829e-15
1.143541709945786966e+00 3.842412499288627714e-15
1.137169319648701826e+00 3.637715129123364477e-15
1.131306931250809056e+00 3.455569164145799732e-15
1.125897912347410879e+00 3.288168348714037847e-15
1.120893031109952753e+00 3.137247406304055630e-15
1.116249433890569076e+00 2.999770570832893668e-15
1.111929746033690769e+00 2.874870480562563557e-15
1.107901293875301008e+00 2.757342965065134877e-15
1.104135438019110849e+00 2.653042716072029350e-15
1.100607005065558752e+00 2.553079275768865841e-15
1.097293804585143473e+00 2.464825218928545780e-15
1.094176218947792378e+00 2.380474289909173535e-15
1.091236854938153922e+00 2.303170675010957069e-15
1.088460247535927738e+00 2.229770187933688419e-15
1.085832607639303227e+00 2.163688065520696924e-15
1.083341606777539878e+00 2.101603938618745726e-15
1.080976192968021943e+00 2.043124783940308831e-15
1.078726432823240877e+00 1.988155733795293756e-15
1.076583375816189792e+00 1.937469282231596424e-15
1.074538937285756557e+00 1.891282269683713935e-15
1.072585797325044332e+00 1.846829980611808253e-15
1.070717313162284023e+00 1.804437675667625030e-15
1.068927443031564062e+00 1.765731658109892521e-15
1.067210679852286681e+00 1.727784582072899866e-15
1.065561993303395516e+00 1.694607995594843430e-15
1.063976779100468395e+00 1.661865089985781196e-15
1.062450814468616223e+00 1.632157950459678375e-15
1.060980218958252896e+00 1.603318172671563957e-15
1.059561419879576638e+00 1.576429958793923447e-15
1.058191121739411322e+00 1.551493308826756845e-15
1.056866279154510702e+00 1.528291382335567050e-15
1.055584072791508454e+00 1.507474700623845365e-15
1.054341887947808143e+00 1.485573816739638175e-15
1.053137295441894938e+00 1.466058177634899096e-15
1.051968034527424045e+00 1.448710942875131025e-15
1.050831997584386501e+00 1.431580548549860055e-15
1.049727216373790739e+00 1.416184877700565892e-15
1.048651849670549696e+00 1.402957611196242738e-15
1.047604172113417498e+00 1.388862982953931180e-15
1.046582564131496973e+00 1.376069397318602228e-15
1.045585502824602830e+00 1.365444216028244284e-15
1.044611553690030892e+00 1.355035875172383442e-15
1.043659363101455018e+00 1.345928576923505204e-15
1.042727651457035609e+00 1.337254959543621169e-15
1.041815206923670356e+00 1.330316065639713941e-15
1.040920879712835534e+00 1.324027693039298015e-15
1.040043576830888661e+00 1.317522480004384988e-15
1.039182257253127739e+00 1.313185671314442970e-15
1.038335927476537579e+00 1.308415181755506751e-15
1.037503637411037349e+00 1.305379415672547339e-15
1.036684476573340064e+00 1.303644692196570531e-15
1.035877570551280158e+00 1.302994170893079229e-15
1.035082077709754023e+00 1.301693128286096623e-15
1.034297186112312472e+00 1.301476287851599523e-15
1.033522110634981006e+00 1.303211011327576330e-15
1.032756090251126802e+00 1.305162575238050238e-15
1.031998385468177348e+00 1.308198341321009650e-15
1.031248275898743350e+00 1.311884628707460365e-15
1.030505057950272363e+00 1.316438277831899484e-15
1.029768042618750101e+00 1.322292969563321208e-15
1.029036553373239071e+00 1.328364501729240033e-15
1.028309924119186203e+00 1.334869714764153059e-15
1.027587497229498714e+00 1.343977013013031296e-15
1.026868621633384215e+00 1.353517992130903735e-15
1.026152650953910506e+00 1.363058971248776174e-15
1.025438941686190431e+00 1.374551514277122521e-15
1.024726851409056172e+00 1.387561940346948575e-15
1.024015737024105199e+00 1.400789206851271729e-15
1.023304953017101449e+00 1.414883835093583286e-15
1.022593849737947425e+00 1.432447910287848458e-15
1.021881771696866226e+00 1.448277262006136823e-15
1.021168055876112479e+00 1.466491858503893297e-15
1.020452030058537796e+00 1.487091699781117882e-15
1.019733011176785942e+00 1.509643104968816374e-15
1.019010303689906527e+00 1.532628191025509068e-15
1.018283197997903899e+00 1.557348000558178569e-15
1.017550968909386899e+00 1.584453054870316180e-15
1.016812874183306459e+00 1.613075992223933497e-15
1.016068153173071753e+00 1.643650493488024722e-15
1.015316025610532469e+00 1.675959718228092754e-15
1.014555690578905711e+00 1.710437347313131795e-15
1.013786325738386562e+00 1.748167582915627349e-15
1.013007086886718922e+00 1.788499903732088114e-15
1.012217107960515561e+00 1.830783788459022787e-15
1.011415501612968226e+00 1.877187641441402377e-15
1.010601360541559801e+00 1.927711462679226884e-15
1.009773759787764291e+00 1.981054209565513702e-15
1.008931760292478108e+00 2.038516924707245437e-15
1.008074414069889624e+00 2.098581725062942382e-15
1.007200771463664823e+00 2.163633855412072649e-15
1.006309891079199215e+00 2.236492241403098546e-15
1.005400853152709439e+00 2.313470595649569361e-15
1.004472777333157207e+00 2.397171003365450304e-15
1.003524846130795289e+00 2.488027145419735575e-15
1.002556335645315100e+00 2.581051691818991856e-15
1.001566655651617843e+00 2.688821387764050996e-15
1.000555401724029903e+00 2.802879456309526063e-15
9.995224228616125250e-01 2.928213227448850375e-15
9.984679090912832455e-01 3.066774265092497842e-15
9.973925048396873327e-01 3.215309962723011949e-15
9.962974555645508490e-01 3.375988724685363707e-15
9.951847973268653780e-01 3.561170455745887864e-15
9.940576017918785201e-01 3.756543687227775763e-15
9.929202927101191678e-01 3.980106175194286777e-15
9.917790543910222079e-01 4.222750621396542670e-15
9.906423581493120079e-01 4.489681196262473861e-15
9.895216391825856217e-01 4.795426208903386112e-15
9.884321635921264892e-01 5.124589988469985258e-15
9.873941325624512322e-01 5.506012312750385718e-15
9.864340764110076654e-01 5.926032234371270135e-15
9.855865919686976895e-01 6.394624413319505152e-15
9.848964663233440442e-01 6.929136084354858838e-15
9.844211974039440705e-01 7.530000928346325395e-15
9.842338490839456222e-01 8.199821030507870034e-15
9.844260375509228389e-01 8.963749881241156459e-15
9.851105980687437924e-01 9.800320277530971680e-15
9.864230832139295746e-01 1.073381834804099100e-14
9.885206680019424930e-01 1.176511145450920282e-14
9.915763272335029743e-01 1.285104835047068406e-14
9.957655212947381651e-01 1.400030265330531876e-14
1.001242603995939451e+00 1.514283490267054333e-14
1.008105656096345060e+00 1.622920547950101877e-14
1.016352473694769776e+00 1.717029296521843662e-14
1.025837182939818737e+00 1.786830232386460438e-14
1.036244172210179615e+00 1.821286177428049768e-14
1.047098291222600785e+00 1.816862632564308910e-14
1.057821580939497519e+00 1.768724056105952513e-14
1.067827192906864342e+00 1.680361579048383902e-14
1.076621082822233788e+00 1.561446284770173776e-14
1.083876301896038674e+00 1.422473250300981817e-14
1.089458516106203811e+00 1.273699028192520899e-14
1.093404576909637660e+00 1.125662063561350124e-14
1.095872919831570425e+00 9.860385077886668626e-15
1.097087868446299463e+00 8.587965408257680622e-15
1.097293126689332876e+00 7.440879509768016931e-15
1.096720449064327640e+00 6.436040936308451421e-15
1.095572760610173724e+00 5.580388581782891322e-15
1.094017991746562890e+00 4.839227976671800491e-15
1.092189531162286675e+00 4.195211886215410857e-15
1.090190055734117758e+00 3.657013927793606456e-15
1.088096604583888682e+00 3.181482854941464211e-15
1.085965686596556345e+00 2.777509125473365259e-15
1.083837840472889891e+00 2.435334919836940060e-15
1.081741442588048940e+00 2.136854061751680689e-15
1.079695756889189617e+00 1.883367593824569752e-15
1.077713311084351755e+00 1.659479845206313087e-15
1.075801712896669260e+00 1.466600278721141848e-15
1.073965019467686632e+00 1.295621596120177799e-15
1.072204759384515649e+00 1.150121664572623104e-15
1.070520689368240408e+00 1.017198478225900260e-15
1.068911350721988507e+00 9.011888457699512855e-16
1.067374475942028944e+00 8.012254054667877767e-16
1.065907283889761858e+00 7.124292475402249636e-16
1.064506692459722181e+00 6.318730261245519841e-16
1.063169470387965498e+00 5.596651614370173888e-16
1.061892344311019309e+00 4.974319567363494343e-16
1.060672073026013740e+00 4.411618639843517542e-16
1.059505497796562112e+00 3.893370001395446423e-16
1.058389575239365721e+00 3.419573652019280985e-16
1.057321397613683045e+00 3.008661028647274804e-16
1.056298204067493529e+00 2.632442874794804766e-16
1.055317385455792456e+00 2.286582381771928851e-16
1.054376484652410850e+00 1.990595188683386141e-16
1.053473193763470261e+00 1.700029006457270953e-16
1.052605349271013901e+00 1.452830911130575942e-16
1.051770925854677019e+00 1.214306433183764966e-16
1.050968029431790240e+00 1.005055413894062610e-16
1.050194889803068188e+00 8.120674271916428211e-17
1.049449853177959913e+00 6.331740687315345895e-17
1.048731374770501157e+00 4.770489558936219510e-17
1.048038011595366026e+00 3.165870343657672947e-17
1.047368415549117859e+00 1.908195823574487804e-17
1.046721326829141319e+00 6.613633252161577047e-18
1.046095567719274033e+00 -5.529431079676072613e-18
1.045490036754395780e+00 -1.561251128379126385e-17
1.044903703264435268e+00 -2.580401170515500553e-17
1.044335602290121123e+00 -3.491130995403324278e-17
1.043784829857367757e+00 -4.271756559592887470e-17
1.043250538593717414e+00 -5.074066167232160751e-17
1.042731933668221256e+00 -5.724587470723463412e-17
1.042228269035146093e+00 -6.429318882839041294e-17
1.041738843961613981e+00 -7.003946034256358644e-17
1.041262999819531299e+00 -7.578573185673675994e-17
1.040800117122742119e+00 -8.055622141567297945e-17
1.040349612791166445e+00 -8.565197162635485029e-17
1.039910937624629383e+00 -8.998878031629686802e-17
1.039483573970123587e+00 -9.421716878899033532e-17
1.039067033567303788e+00 -9.822871682718670172e-17
1.038660855558070972e+00 -1.013729031273946646e-16
1.038264604647131772e+00 -1.044086692103540770e-16
1.037877869401416131e+00 -1.073360150760649390e-16
1.037500260677176156e+00 -1.101549407245272505e-16
1.037131410164477296e+00 -1.132991270247352134e-16
1.036770969039626067e+00 -1.150338505007120204e-16
1.036418606716848378e+00 -1.172022548456830293e-16
1.036074009691258180e+00 -1.195874996251511391e-16
1.035736880465806919e+00 -1.213222231011279462e-16
1.035406936555522961e+00 -1.231653667943533037e-16
1.035083909562909188e+00 -1.245748296185844595e-16
1.034767544318877075e+00 -1.260927126600641657e-16
1.034457598084074448e+00 -1.272853350497982206e-16
1.034153839805888930e+00 -1.280442765705380737e-16
1.033856049426807422e+00 -1.295621596120177799e-16
1.033564017240170552e+00 -1.301042606982605321e-16
1.033277543289695011e+00 -1.315137235224916878e-16
1.032996436809430874e+00 -1.321642448259829905e-16
1.032720515701100572e+00 -1.331400267812199445e-16
1.032449606046019985e+00 -1.337905480847112472e-16
1.032183541649019709e+00 -1.342242289537054489e-16
1.031922163612011722e+00 -1.350915906916938525e-16
1.031665319935019642e+00 -1.349831704744453020e-16
1.031412865142679935e+00 -1.357421119951851551e-16
1.031164659934370453e+00 -1.365010535159250082e-16
1.030920570856278973e+00 -1.361757928641793569e-16
1.030680469993847437e+00 -1.366094737331735587e-16
1.030444234683158600e+00 -1.368263141676706596e-16
1.030211747239937914e+00 -1.372599950366648613e-16
1.029982894704950080e+00 -1.369347343849192100e-16
1.029757568604659834e+00 -1.375852556884105127e-16
1.029535664726114907e+00 -1.373684152539134118e-16
1.029317082905089498e+00 -1.370431546021677605e-16
1.029101726826593399e+00 -1.370431546021677605e-16
1.028889503836926789e+00 -1.374768354711619622e-16
1.028680324766512166e+00 -1.371515748194163109e-16
1.028474103762802017e+00 -1.370431546021677605e-16
1.028270758132599827e+00 -1.369347343849192100e-16
1.028070208193192725e+00 -1.368263141676706596e-16
1.027872377131727077e+00 -1.368263141676706596e-16
1.027677190872304802e+00 -1.362842130814279074e-16
1.027484577950314337e+00 -1.361757928641793569e-16
1.027294469393540632e+00 -1.363926332986764578e-16
1.027106798609636940e+00 -1.357421119951851551e-16
1.026921501279564497e+00 -1.356336917779366047e-16
1.026738515256635287e+00 -1.353084311261909534e-16
1.026557780470818804e+00 -1.349831704744453020e-16
1.026379238837996644e+00 -1.349831704744453020e-16
1.026202834173865819e+00 -1.345494896054511003e-16
1.026028512112221236e+00 -1.344410693882025498e-16
1.025856220027354659e+00 -1.337905480847112472e-16
1.025685906960330351e+00 -1.332484469984684949e-16
1.025517523548916676e+00 -1.334652874329655958e-16
1.025351021960958509e+00 -1.331400267812199445e-16
1.025186355830996154e+00 -1.322726650432315409e-16
1.025023480199947379e+00 -1.320558246087344401e-16
1.024862351457678677e+00 -1.318389841742373392e-16
1.024702927288305476e+00 -1.316221437397402383e-16
1.024545166618068270e+00 -1.308632022190003852e-16
1.024389029565646148e+00 -1.305379415672547339e-16
1.024234477394769138e+00 -1.298874202637634312e-16
1.024081472469010157e+00 -1.296705798292663303e-16
1.023929978208633962e+00 -1.295621596120177799e-16
1.023779959049397226e+00 -1.291284787430235781e-16
1.023631380403192237e+00 -1.284779574395322754e-16
1.023484208620438540e+00 -1.279358563532895232e-16
1.023338410954131694e+00 -1.276105957015438719e-16
1.023193955525459442e+00 -1.267432339635554683e-16
1.023050811290907136e+00 -1.265263935290583674e-16
1.022908948010774255e+00 -1.260927126600641657e-16
1.022768336219030294e+00 -1.260927126600641657e-16
1.022628947194440974e+00 -1.255506115738214135e-16
1.022490752932900815e+00 -1.245748296185844595e-16
1.022353726120912132e+00 -1.245748296185844595e-16
1.022217840110152709e+00 -1.237074678805960559e-16
1.022083068893077318e+00 -1.233822072288504046e-16
1.021949387079502669e+00 -1.225148454908620010e-16
1.021816769874127839e+00 -1.224064252736134506e-16
1.021685193054941987e+00 -1.217559039701221479e-16
1.021554632952480723e+00 -1.213222231011279462e-16
1.021425066429884954e+00 -1.208885422321337444e-16
1.021296470863726213e+00 -1.202380209286424417e-16
1.021168824125562535e+00 -1.196959198423996895e-16
1.021042104564187092e+00 -1.190453985389083869e-16
1.020916290988539199e+00 -1.186117176699141851e-16
1.020791362651245260e+00 -1.180696165836714329e-16
1.020667299232759007e+00 -1.174190952801801302e-16
1.020544080826075062e+00 -1.169854144111859284e-16
1.020421687921986287e+00 -1.166601537594402771e-16
1.020300101394862713e+00 -1.162264728904460753e-16
1.020179302488923634e+00 -1.156843718042033231e-16
1.020059272804983319e+00 -1.149254302834634700e-16
1.019939994287647256e+00 -1.150338505007120204e-16
1.019821449212936937e+00 -1.141664887627236169e-16
1.019703620176325432e+00 -1.136243876764808647e-16
1.019586490081162422e+00 -1.130822865902381125e-16
1.019470042127473386e+00 -1.124317652867468098e-16
1.019354259801111828e+00 -1.119980844177526080e-16
1.019239126863252354e+00 -1.114559833315098558e-16
1.019124627340206590e+00 -1.113475631142613054e-16
1.019010745513545979e+00 -1.099381002900301496e-16
1.018897465910520106e+00 -1.099381002900301496e-16
1.018784773294753476e+00 -1.093959992037873974e-16
1.018672652657210742e+00 -1.090707385520417461e-16
1.018561089207414838e+00 -1.084202172485504434e-16
1.018450068364908923e+00 -1.071191746415678381e-16
1.018339575750947468e+00 -1.073360150760649390e-16
1.018229597180408952e+00 -1.063602331208279850e-16
1.018120118653914830e+00 -1.058181320345852328e-16
1.018011126350151230e+00 -1.058181320345852328e-16
1.017902606618375616e+00 -1.051676107310939301e-16
1.017794545971105746e+00 -1.043002489931055266e-16
1.017686931076977830e+00 -1.039749883413598752e-16
1.017579748753766777e+00 -1.034328872551171230e-16
1.017472985961559884e+00 -1.028907861688743708e-16
1.017366629796074617e+00 -1.025655255171287195e-16
1.017260667482115410e+00 -1.020234244308859672e-16
1.017155086367157235e+00 -1.014813233446432150e-16
1.017049873915054414e+00 -1.006139616066548115e-16
1.016945017699861786e+00 -1.003971211721577106e-16
1.016840505399766004e+00 -9.952975943416930704e-17
1.016736324791116530e+00 -9.877081791342945394e-17
1.016632463742552339e+00 -9.844555726168380261e-17
1.016528910209216985e+00 -9.757819552369539906e-17
1.016425652227055165e+00 -9.714451465470119729e-17
1.016322677907185890e+00 -9.649399335120989463e-17
1.016219975430345812e+00 -9.584347204771859197e-17
1.016117533041397181e+00 -9.584347204771859197e-17
1.016015339043893517e+00 -9.508453052697873886e-17
1.015913381794699255e+00 -9.454242944073598665e-17
1.015811649698656671e+00 -9.378348791999613354e-17
1.015710131203295896e+00 -9.334980705100193177e-17
1.015608814793580006e+00 -9.269928574751062911e-17
1.015507688986683865e+00 -9.150666335777657423e-17
1.015406742326798284e+00 -9.172350379227367512e-17
1.015305963379955712e+00 -9.042246118529106980e-17
1.015205340728872807e+00 -9.031404096804251935e-17
1.015104862967803667e+00 -8.922983879555701492e-17
1.015004518697399494e+00 -8.879615792656281315e-17
1.014904296519569371e+00 -8.857931749206571226e-17
1.014804185032338157e+00 -8.825405684032006093e-17
1.014704172824694384e+00 -8.695301423333745561e-17
1.014604248471425274e+00 -8.641091314709470339e-17
1.014504400527932448e+00 -8.586881206085195117e-17
1.014404617525024976e+00 -8.543513119185774940e-17
1.014304887963681789e+00 -8.478460988836644674e-17
1.014205200309782340e+00 -8.413408858487514408e-17
1.014105542988796405e+00 -8.359198749863239186e-17
1.014005904380430811e+00 -8.304988641238963964e-17
1.013906272813225762e+00 -8.196568423990413521e-17
1.013806636559096974e+00 -8.142358315366138299e-17
1.013706983827818098e+00 -8.066464163292152989e-17
1.013607302761435847e+00 -8.044780119842442900e-17
1.013507581428615634e+00 -8.033938098117587856e-17
1.013407807818908157e+00 -7.936359902593892457e-17
1.013307969836936051e+00 -7.892991815694472280e-17
1.013208055296488830e+00 -7.800834631033204403e-17
1.013108051914525243e+00 -7.724940478959219092e-17
1.013007947305073264e+00 -7.681572392059798915e-17
1.012907728973024835e+00 -7.632783294297951215e-17
1.012807384307813363e+00 -7.605678239985813605e-17
1.012706900576974656e+00 -7.475573979287553072e-17
1.012606264919577947e+00 -7.410521848938422806e-17
1.012505464339522820e+00 -7.334627696864437496e-17
1.012404485698696011e+00 -7.274996577377734752e-17
1.012303315709977891e+00 -7.204523436166176964e-17
1.012201940930091748e+00 -7.150313327541901742e-17
1.012100347752289409e+00 -7.052735132018206343e-17
1.011998522398863676e+00 -7.031051088568496255e-17
1.011896450913479795e+00 -6.971419969081793511e-17
1.011794119153314853e+00 -6.906367838732663245e-17
1.011691512781001556e+00 -6.787105599759257757e-17
1.011588617256359957e+00 -6.749158523722265102e-17
1.011485417827914013e+00 -6.646159317336142180e-17
1.011381899524178118e+00 -6.597370219574294481e-17
1.011278047144706704e+00 -6.532318089225164215e-17
1.011173845250893821e+00 -6.472686969738461471e-17
1.011069278156512707e+00 -6.418476861114186249e-17
1.010964329917984239e+00 -6.358845741627483505e-17
1.010858984324361165e+00 -6.261267546103788106e-17
1.010753224887017243e+00 -6.196215415754657840e-17
1.010647034829026847e+00 -6.179952383167375274e-17
1.010540397074223273e+00 -6.071532165918824830e-17
1.010433294235920876e+00 -6.017322057294549609e-17
1.010325708605287476e+00 -5.914322850908426688e-17
1.010217622139352622e+00 -5.838428698834441377e-17
1.010109016448633934e+00 -5.751692525035601022e-17
1.009999872784369979e+00 -5.675798372961615712e-17
1.009890172025337929e+00 -5.627009275199768012e-17
1.009779894664243338e+00 -5.567378155713065269e-17
1.009669020793662275e+00 -5.458957938464514825e-17
1.009557530091516497e+00 -5.410168840702667126e-17
1.009445401806065457e+00 -5.372221764665674471e-17
1.009332614740391376e+00 -5.296327612591689160e-17
1.009219147236362080e+00 -5.171644362755856150e-17
1.009104977158044480e+00 -5.128276275856435973e-17
1.008990081874552303e+00 -5.036119091195168096e-17
1.008874438242301164e+00 -4.922277863084190130e-17
1.008758022586650149e+00 -4.911435841359335086e-17
1.008640810682905009e+00 -4.748805515486509421e-17
1.008522777736657439e+00 -4.694595406862234199e-17
1.008403898363434692e+00 -4.645806309100386500e-17
1.008284146567634432e+00 -4.542807102714263578e-17
1.008163495720716396e+00 -4.521123059264553490e-17
1.008041918538621795e+00 -4.380176776841437913e-17
1.007919387058394678e+00 -4.358492733391727825e-17
1.007795872613973520e+00 -4.217546450968612248e-17
1.007671345811122388e+00 -4.168757353206764549e-17
1.007545776501474366e+00 -4.044074103370931539e-17
1.007419133755651952e+00 -4.006127027333938884e-17
1.007291385835436870e+00 -3.941074896984808618e-17
1.007162500164953345e+00 -3.800128614561693041e-17
1.007032443300835967e+00 -3.773023560249555430e-17
1.006901180901348614e+00 -3.680866375588287553e-17
1.006768677694422243e+00 -3.583288180064592154e-17
1.006634897444580679e+00 -3.442341897641476578e-17
1.006499802918721098e+00 -3.382710778154773834e-17
1.006363355850723451e+00 -3.258027528318940824e-17
1.006225516904855288e+00 -3.252606517456513302e-17
1.006086245637945575e+00 -3.149607311070390381e-17
1.005945500460305952e+00 -3.117081245895825248e-17
1.005803238595371463e+00 -3.046608104684267460e-17
1.005659416038045650e+00 -2.911082833123579405e-17
1.005513987511732932e+00 -2.764715539838036307e-17
1.005366906424048246e+00 -2.688821387764050996e-17
1.005218124821199988e+00 -2.596664203102783119e-17
1.005067593341048671e+00 -2.580401170515500553e-17
1.004915261164851525e+00 -2.493664996716660198e-17
1.004761075967715689e+00 -2.298508605669269400e-17
1.004604983867790624e+00 -2.325613659981407011e-17
1.004446929374247732e+00 -2.271403551357131789e-17
1.004286855334107109e+00 -2.130457268934016213e-17
1.004124702877996267e+00 -2.076247160309740991e-17
1.003960411364938965e+00 -1.924458856161770370e-17
1.003793918326306045e+00 -1.750986508564089661e-17
1.003625159409086143e+00 -1.702197410802241961e-17
1.003454068318665460e+00 -1.620882247865829129e-17
1.003280576761352405e+00 -1.658829323902821784e-17
1.003104614386923998e+00 -1.463672932855430986e-17
1.002926108731526877e+00 -1.463672932855430986e-17
1.002744985161325930e+00 -1.192622389734054877e-17
1.002561166817368843e+00 -1.263095530945612666e-17
1.002374574562213461e+00 -1.165517335421917267e-17
1.002185126928967884e+00 -1.057097118173366823e-17
1.001992740073494259e+00 -9.595189226496714241e-18
1.001797327730670650e+00 -8.673617379884035472e-18
1.001598801175739961e+00 -9.432558900623888576e-18
1.001397069191958034e+00 -6.667843360785852269e-18
1.001192038045949806e+00 -7.426784881525705373e-18
1.000983611472414436e+00 -5.475220971051797392e-18
1.000771690670086533e+00 -6.451002926288751382e-18
1.000556174311181934e+00 -5.421010862427522170e-18
1.000336958566901968e+00 -4.282598581317742514e-18
1.000113937152008026e+00 -3.415236843329338967e-18
9.998870013919500810e-01 -2.493664996716660198e-18
9.996560403166094844e-01 -2.331034670843834533e-18
9.994209407853688054e-01 -2.222614453595284090e-18
9.991815876489927861e-01 -3.252606517456513302e-19
9.989378639546917515e-01 -1.951563910473907981e-18
9.986896512017834349e-01 -1.626303258728256651e-19
9.984368296565807599e-01 5.421010862427522170e-20
9.981792787365491026e-01 -7.047314121155778821e-19
9.979168774754331173e-01 2.168404344971008868e-19
9.976495050829884415e-01 3.252606517456513302e-19
9.973770416152190066e-01 -2.710505431213761085e-19
9.970993687736757760e-01 2.276824562219559311e-18
9.968163708554859115e-01 6.505213034913026604e-19
9.965279358794353337e-01 -5.421010862427522170e-20
9.962339569177184329e-01 9.215718466126787689e-19
9.959343336680183123e-01 -1.626303258728256651e-18
9.956289743065183107e-01 -1.301042606982605321e-18
9.953177976694410622e-01 1.355252715606880543e-18
9.950007358189572049e-01 -4.607859233063393845e-18
9.946777370590295098e-01 -3.686287386450715076e-18
9.943487694782383590e-01 -4.499439015814843401e-18
9.940138251101848788e-01 -6.071532165918824830e-18
9.936729248180843355e-01 -5.963111948670274387e-18
9.933261240290796046e-01 -9.378348791999613354e-18
9.929735194661661879e-01 -1.100465205072787001e-17
9.926152570520387908e-01 -1.441988889405720897e-17
9.922515411903723992e-01 -1.431146867680865853e-17
9.918826456668753400e-01 -1.946142899611480459e-17
9.915089264558621940e-01 -2.282245573081986834e-17
9.911308367691722410e-01 -2.780978572425318873e-17
9.907489447442322517e-01 -3.117081245895825248e-17
9.903639542382469685e-01 -3.436920886779049056e-17
9.899767292772887473e-01 -3.957337929572091184e-17
9.895883228038518942e-01 -4.813857645835639687e-17
9.892000104754805623e-01 -4.976487971708465352e-17
9.888133303913000383e-01 -6.022743068156977131e-17
9.884301297629259908e-01 -6.873841773558098112e-17
9.880526197003626221e-01 -7.724940478959219092e-17
9.876834394492565172e-01 -8.760353553682875827e-17
9.873257315873121831e-01 -9.958396954279358226e-17
9.869832298541155735e-01 -1.065228634467008106e-16
9.866603614323015137e-01 -1.271769148325496701e-16
9.863623655907129972e-01 -1.374768354711619622e-16
9.860954305986345814e-01 -1.581850969656350969e-16
9.858668506596114378e-01 -1.756407519426517183e-16
9.856852041993262592e-01 -1.927169361592984131e-16
9.855605540397596176e-01 -2.203640915576787762e-16
9.855046686136976763e-01 -2.445960101127298003e-16
9.855312611651917409e-01 -2.756584023544395023e-16
9.856562405094936308e-01 -2.998903209094905264e-16
9.858979619726567778e-01 -3.343679499945295674e-16
9.862774601063423185e-01 -3.795249704785508271e-16
9.868186351612712182e-01 -4.211041237933699222e-16
9.875483526694112113e-01 -4.763984345901306483e-16
9.884963996882445425e-01 -5.283317186521863107e-16
9.896952228074864522e-01 -5.907275536787270909e-16
9.911793536146786820e-01 -6.531233887052678710e-16
9.929844106077425625e-01 -7.224581176357158796e-16
9.951455589530762147e-01 -8.123926878433884724e-16
9.976953208321892586e-01 -9.025440984855581661e-16
1.000660672359297898e+00 -9.927497192363521350e-16
1.004059452175128486e+00 -1.117541389289433695e-15
1.007896251689000877e+00 -1.228401061426076524e-15
1.012158154527313059e+00 -1.360294255708938138e-15
1.016810916214960780e+00 -1.491916399448678376e-15
1.021796365745532897e+00 -1.630640067418198669e-15
1.027031881465323870e+00 -1.769363735387718961e-15
1.032412653495552668e+00 -1.921856770947805160e-15
1.037817044068769956e+00 -2.067519332821232680e-15
1.043114737527697011e+00 -2.206188790682128698e-15
1.048176687958574549e+00 -2.317156883036020076e-15
1.052885353167843707e+00 -2.421023451160131401e-15
1.057143554758577242e+00 -2.518167965814832598e-15
1.060880601864968797e+00 -2.580618010949997654e-15
1.064054960466403355e+00 -2.615204060252285245e-15
1.066653511761110673e+00 -2.639327558590087719e-15
1.068688075897302081e+00 -2.646266452493994947e-15
1.070190225076302237e+00 -2.621871903613071098e-15
1.071205448288051310e+00 -2.583599566924332791e-15
1.071787538640746718e+00 -2.534918889379733642e-15
1.071993774960067203e+00 -2.479353528039851540e-15
1.071881169147506085e+00 -2.406440931940201367e-15
1.071503814471863159e+00 -2.340521439853082697e-15
1.070911219193896979e+00 -2.260561529632276745e-15
1.070147436983470923e+00 -2.182444763104696150e-15
1.069250789418197956e+00 -2.107743233420444895e-15
1.068253993757578790e+00 -2.031306980260216832e-15
1.067184542871372877e+00 -1.956551240467341302e-15
1.066065221458887491e+00 -1.883584434259066853e-15
1.064914676725597253e+00 -1.814195495219994569e-15
1.063747989561275586e+00 -1.742963412487696928e-15
1.062577213434901413e+00 -1.681380729090520276e-15
1.061411863350664175e+00 -1.619689625476095074e-15
1.060259347435790644e+00 -1.562335330551611889e-15
1.059125340249420510e+00 -1.507691541058342466e-15
1.058014100763977616e+00 -1.452939331347824492e-15
1.056928740017118340e+00 -1.402469720218624261e-15
1.055871444294019357e+00 -1.358125851363967129e-15
1.054843659827207514e+00 -1.311288317512593338e-15
1.053846244703787738e+00 -1.268570751916664463e-15
1.052879593152292736e+00 -1.229105792838192102e-15
1.051943736773331306e+00 -1.190779246040829520e-15
1.051038426658340130e+00 -1.154566893479813672e-15
1.050163199753505028e+00 -1.120251894720647456e-15
1.049317432293774388e+00 -1.088755821609943553e-15
1.048500382663662078e+00 -1.058723421432095080e-15
1.047711225637915966e+00 -1.030100484078477763e-15
1.046949079612343070e+00 -1.000772815312744868e-15
1.046213028147157997e+00 -9.754566945852083393e-16
1.045502136905382073e+00 -9.505742547266660125e-16
1.044815466870277376e+00 -9.280228495389675203e-16
1.044152084562265381e+00 -9.047125028305291750e-16
1.043511069841545513e+00 -8.831368795980676367e-16
1.042891521772784769e+00 -8.622117776690974011e-16
1.042292562938538669e+00 -8.438887609540923762e-16
1.041713342514934304e+00 -8.247525926097232229e-16
1.041153038363580530e+00 -8.064837860033424732e-16
1.040610858345235812e+00 -7.902749635246841819e-16
1.040086041021363927e+00 -7.730903590907889367e-16
1.039577855877716006e+00 -7.582909994363618011e-16
1.039085603178077077e+00 -7.439253206509288674e-16
1.038608613535213721e+00 -7.290717508878774566e-16
1.038146247268933564e+00 -7.150313327541901742e-16
1.037697893607266719e+00 -7.027798482051039741e-16
1.037262969775510024e+00 -6.899862625697750218e-16
1.036840920008738953e+00 -6.774637274775674456e-16
1.036431214515988852e+00 -6.662422349923424747e-16
1.036033348418317068e+00 -6.547496919639961277e-16
1.035646840678113190e+00 -6.444497713253838356e-16
1.035271233033113969e+00 -6.337703799264016169e-16
1.034906088945419134e+00 -6.240125603740320770e-16
1.034550992573274319e+00 -6.140379003871654362e-16
1.034205547771342104e+00 -6.048763920296629237e-16
1.033869377123557642e+00 -5.957690937807846865e-16
1.033542121011364445e+00 -5.875833673785191280e-16
1.033223436719092891e+00 -5.793434308676292943e-16
1.032912997577430936e+00 -5.707782337049938093e-16
1.032610492145305869e+00 -5.630261881717224526e-16
1.032315623429992835e+00 -5.556536133988210224e-16
1.032028108144895873e+00 -5.479557779741739409e-16
1.031747676004157954e+00 -5.411253042875152630e-16
1.031474069053044174e+00 -5.345658811439779612e-16
1.031207041032901062e+00 -5.278980377831921089e-16
1.030946356779378625e+00 -5.213928247482790823e-16
1.030691791652554201e+00 -5.153212925823602575e-16
1.030443130997543699e+00 -5.088702896560715061e-16
1.030200169634195806e+00 -5.030155979246497822e-16
1.029962711374454720e+00 -4.975403769535979848e-16
1.029730568566008753e+00 -4.920651559825461874e-16
1.029503561660872091e+00 -4.865357249028701148e-16
1.029281518807584561e+00 -4.814941848008125191e-16
