8.872001523477864859e-01
0.000000000000000000e+00
-8.112635115860107327e-01
0.000000000000000000e+00
-6.442801988522638412e-01
0.000000000000000000e+00
-2.537145239815715159e-01
0.000000000000000000e+00
-3.309598228286389499e-01
0.000000000000000000e+00
-5.226380759692559330e-01
0.000000000000000000e+00
7.368742440234070656e-01
0.000000000000000000e+00
1.021535993321578406e-01
0.000000000000000000e+00
2.462494538824568369e-01
0.000000000000000000e+00
4.831351125840088190e-01
0.000000000000000000e+00
