9.317992988365649820e-01
9.854697289750691258e-01
9.688394548476453316e-01
9.688394548476453316e-01
9.670756378947367171e-01
9.728710364542935141e-01
9.824460427700829612e-01
9.504453637673129229e-01
9.736269580055399997e-01
9.688394548476453316e-01
9.738789318559555319e-01
9.655637947922436348e-01
9.718631410526314962e-01
9.534690499722990875e-01
9.277677172299167996e-01
9.118933646537394910e-01
9.564927361772851411e-01
9.796743304155123289e-01
9.365868019944597611e-01
9.769026180609416965e-01
9.471697037119112261e-01
9.537210238227145087e-01
9.514532591689749408e-01
9.393585143490303935e-01
9.693434025484762850e-01
9.612802393351799202e-01
9.892493367313017760e-01
9.358308804432131645e-01
9.612802393351799202e-01
9.607762916343488557e-01
9.489335206648198406e-01
9.534690499722990875e-01
9.580045792797782234e-01
9.489335206648198406e-01
9.544769453739611054e-01
9.645558993905816170e-01
9.595164223822713057e-01
9.403664097506924113e-01
9.418782528531854936e-01
9.330591680886425321e-01
1.075676367423822555e+00
9.857217028254846580e-01
9.794223565650967966e-01
9.716111672022159640e-01
9.607762916343488557e-01
9.688394548476453316e-01
9.607762916343488557e-01
9.499414160664818585e-01
9.615322131855954524e-01
9.567447100277006733e-01
9.650598470914125704e-01
9.552328669252075910e-01
9.423822005540164470e-01
9.474216775623267583e-01
9.675795855955677816e-01
9.335631157894735965e-01
9.433900959556785759e-01
9.552328669252075910e-01
9.431381221052630437e-01
9.509493114681438763e-01
9.567447100277006733e-01
9.401144359002768791e-01
9.343190373407200822e-01
9.597683962326868379e-01
9.290275864819943497e-01
9.386025927977837968e-01
9.464137821606647405e-01
9.481775991135732440e-01
9.383506189473682646e-01
9.123973123545705555e-01
9.262558741274237173e-01
9.174367893628807558e-01
9.252479787257616994e-01
9.360828542936286967e-01
9.229802140720220205e-01
9.189486324653738381e-01
9.202085017174513881e-01
9.353269327423821000e-01
9.058459922437671619e-01
8.970269074792243114e-01
9.265078479778392495e-01
9.033262537396120617e-01
8.922394043213295323e-01
8.902236135180053855e-01
9.123973123545705555e-01
8.645222807756232086e-01
8.846801888088641208e-01
9.088696784487533264e-01
8.730893916897505269e-01
8.597347776177284295e-01
8.551992483102491827e-01
8.196709354016619153e-01
8.317656802216065737e-01
7.851505178947367769e-01
7.518899696398890775e-01
7.380314078670359157e-01
7.216531075900276537e-01
7.486143095844874917e-01
8.839242672576176352e-01
1.300185068144044109e+00
1.415841065484764405e+00
1.392407497396121796e+00
1.329414034792243626e+00
1.203931057285318351e+00
1.199395527977839215e+00
1.127079032908587131e+00
1.137661934626038596e+00
1.119015869695290766e+00
1.090290850747922313e+00
1.079204001329639784e+00
1.070384916565096711e+00
1.021250015734071814e+00
1.048967139279778360e+00
1.052746747036011010e+00
1.053754642437672917e+00
1.020242120332409907e+00
1.073408602770082876e+00
1.031580943601107858e+00
1.052746747036011010e+00
1.021753963434902879e+00
1.035612525207756152e+00
9.884934151800552904e-01
9.980684214958447376e-01
9.847138074238226402e-01
9.917690752354569872e-01
1.002351976952908563e+00
9.915171013850414550e-01
1.002351976952908563e+00
1.031580943601107858e+00
9.867295982271466759e-01
1.029817126648199244e+00
9.806822258171743467e-01
1.011675009418282478e+00
9.816901212188364756e-01
1.026037518891966593e+00
9.978164476454292053e-01
9.990763168975067554e-01
1.022005937285318522e+00
1.002603950803323984e+00
9.766506442105261643e-01
9.839578858725760435e-01
9.852177551246535936e-01
9.794223565650967966e-01
1.003107898504155049e+00
9.572486577285317377e-01
9.859736766759001902e-01
1.027297388144044143e+00
1.016462512576177257e+00
9.839578858725760435e-01
1.003863820055401535e+00
9.680835332963987350e-01
9.789184088642658432e-01
1.001344081551246434e+00
9.897532844321328405e-01
9.706032718005538351e-01
9.801782781163433933e-01
9.554848407756231232e-01
9.723670887534624496e-01
9.794223565650967966e-01
9.756427488088641464e-01
9.821940689196674290e-01
1.002351976952908563e+00
9.575006315789472700e-01
9.819420950692518968e-01
1.000084212299168884e+00
9.922730229362879406e-01
9.756427488088641464e-01
9.476736514127422906e-01
9.867295982271466759e-01
9.940368398891965551e-01
1.023517780387811493e+00
9.587605008310248200e-01
9.673276117451522493e-01
9.519572068698060052e-01
9.693434025484762850e-01
9.751388011080330820e-01
9.496894422160663263e-01
9.826980166204984934e-01
9.738789318559555319e-01
9.683355071468142672e-01
9.779105134626037144e-01
9.879894674792242260e-01
9.426341744044319793e-01
9.771545919113572287e-01
9.630440562880885347e-01
9.640519516897505525e-01
9.900052582825483727e-01
9.660677424930746993e-01
9.466657560110801617e-01
9.700993240997228817e-01
9.547289192243766376e-01
9.300354818836563675e-01
9.655637947922436348e-01
9.557368146260386554e-01
9.219723186703600026e-01
9.753907749584486142e-01
9.617841870360109846e-01
9.517052330193904730e-01
9.224762663711910671e-01
9.733749841551245785e-01
9.665716901939056527e-01
9.149170508587256556e-01
9.577526054293628022e-01
9.630440562880885347e-01
9.363348281440442289e-01
9.567447100277006733e-01
9.615322131855954524e-01
9.406183836011079435e-01
9.537210238227145087e-01
9.249960048753461672e-01
9.650598470914125704e-01
9.615322131855954524e-01
9.630440562880885347e-01
9.408703574515234758e-01
9.285236387811632852e-01
9.459098344598336761e-01
9.383506189473682646e-01
9.469177298614956939e-01
9.484295729639887762e-01
9.134052077562325733e-01
9.260039002770081851e-01
9.237361356232686171e-01
9.295315341828254141e-01
9.106334954016619410e-01
9.295315341828254141e-01
9.305394295844874319e-01
9.083657307479223730e-01
9.393585143490303935e-01
9.144131031578945912e-01
9.043341491412740796e-01
9.129012600554015089e-01
9.149170508587256556e-01
9.239881094736840383e-01
8.924913781717450645e-01
8.977828290304707970e-01
9.222242925207755349e-01
8.967749336288087791e-01
8.814045287534625350e-01
8.892157181163433677e-01
8.877038750138502854e-01
8.526795098060940825e-01
8.698137316343489411e-01
8.688058362326868123e-01
8.630104376731301263e-01
8.284900201662048769e-01
8.126156675900275683e-01
8.355452879778392239e-01
8.211827785041549976e-01
8.211827785041549976e-01
7.995130273684210032e-01
8.630104376731301263e-01
8.315137063711910415e-01
8.063163213296398180e-01
8.022847397229916355e-01
7.581893159002769389e-01
7.917018380055400595e-01
8.907275612188364500e-01
1.121031660498614801e+00
1.319335080775623004e+00
1.383084464930747659e+00
1.366202216952908444e+00
1.313539682216066318e+00
1.283050846315789251e+00
1.265412676786703328e+00
1.233160023933517868e+00
1.198891580277008151e+00
1.157567868808864198e+00
1.153284313351800483e+00
1.124307320554016387e+00
1.154796156454293454e+00
1.064841491855955447e+00
1.070636890415512354e+00
1.093818484653739542e+00
1.077188210526315748e+00
1.053754642437672917e+00
1.074416498171745005e+00
1.063581622603877896e+00
1.058794119445983339e+00
1.004619741606648020e+00
1.033344760554016473e+00
1.013438826371191093e+00
1.014446721772853000e+00
1.032840812853185408e+00
1.037124368310249123e+00
1.027045414293628722e+00
1.042163845318559323e+00
1.004871715457063663e+00
1.063833596454293540e+00
1.044935557673130067e+00
9.988243430470913342e-01
1.044431609972299002e+00
1.021501989584487458e+00
1.020998041883656393e+00
1.018478303379501293e+00
9.872335459279777403e-01
1.006383558559556635e+00
1.018226329529085650e+00
1.005375663157894506e+00
9.884934151800552904e-01
9.889973628808862438e-01
9.673276117451522493e-01
9.582565531301937556e-01
9.907611798337948583e-01
9.937848660387810229e-01
9.746348534072021286e-01
9.872335459279777403e-01
9.895013105817173082e-01
9.887453890304708226e-01
9.678315594459832027e-01
9.743828795567865964e-01
1.003359872354570470e+00
9.801782781163433933e-01
9.567447100277006733e-01
9.784144611634347788e-01
9.816901212188364756e-01
9.582565531301937556e-01
9.499414160664818585e-01
9.733749841551245785e-01
9.643039255401660848e-01
9.398624620498613469e-01
9.637999778393350203e-01
9.335631157894735965e-01
9.781624873130192466e-01
9.731230103047090463e-01
9.396104881994458147e-01
9.706032718005538351e-01
9.280196910803323318e-01
9.726190626038779818e-01
9.635480039889194881e-01
9.438940436565095293e-01
9.413743051523544292e-01
9.708552456509693673e-01
9.985723691966758020e-01
1.022761858836565008e+00
1.016210538725761614e+00
1.052998720886426431e+00
1.025533571191135529e+00
9.819420950692518968e-01
9.821940689196674290e-01
9.849657812742380614e-01
9.859736766759001902e-01
1.005627637008310149e+00
9.895013105817173082e-01
9.952967091412741052e-01
9.688394548476453316e-01
9.761466965096952109e-01
9.889973628808862438e-01
9.418782528531854936e-01
9.602723439335179023e-01
9.491854945152353729e-01
9.340670634903045499e-01
9.668236640443211849e-01
9.522091807202215374e-01
9.512012853185594086e-01
9.317992988365649820e-01
9.537210238227145087e-01
9.456578606094181438e-01
9.512012853185594086e-01
9.345710111911356144e-01
9.315473249861494498e-01
9.411223313019388970e-01
9.237361356232686171e-01
9.083657307479223730e-01
9.333111419390580643e-01
9.000505936842103649e-01
9.207124494182824526e-01
9.522091807202215374e-01
9.192006063157893703e-01
9.328071942382269999e-01
8.894676919667588999e-01
9.053420445429362085e-01
9.254999525761771206e-01
8.894676919667588999e-01
9.154209985595567201e-01
9.040821752908586584e-01
9.118933646537394910e-01
9.214683709695289382e-01
8.902236135180053855e-01
8.942551951246535680e-01
9.035782275900275939e-01
8.735933393905815914e-01
8.559551698614957793e-01
8.607426730193904474e-01
8.801446595013848739e-01
8.677979408310247944e-01
8.768689994459832882e-01
8.438604250415511210e-01
8.725854439889195735e-01
8.448683204432131388e-01
8.436084511911355888e-01
8.105998767867035326e-01
8.312617325207755092e-01
8.176551445983378796e-01
7.828827532409970980e-01
8.065682951800553502e-01
7.974972365650968564e-01
7.843945963434901802e-01
7.808669624376730622e-01
7.750715638781162653e-01
7.778432762326868977e-01
7.571814204986148100e-01
7.680162960664819183e-01
7.833867009418281624e-01
7.959853934626037741e-01
8.415926603878115531e-01
8.887117704155123032e-01
9.700993240997228817e-01
1.000588159999999949e+00
1.088275059944598278e+00
1.126323111357340645e+00
1.197379737174515180e+00
1.176969855290858513e+00
1.205442900387811545e+00
1.238199500941828068e+00
1.210734351246537166e+00
1.217285671357340560e+00
1.211490272797783874e+00
1.185788940055401586e+00
1.196119867922437408e+00
1.206198821939058030e+00
1.174450116786703413e+00
1.177221829141274156e+00
1.138921803878116146e+00
1.129850745263157652e+00
1.127079032908587131e+00
1.090542824598337734e+00
1.083739530637118920e+00
1.112212575734071951e+00
1.084999399889196470e+00
1.071896759667589905e+00
1.074920445872576069e+00
1.068873073462603740e+00
1.034856603656509666e+00
1.059802014847645246e+00
1.025785545041551172e+00
1.046951348476454102e+00
1.052998720886426431e+00
1.030573048199445951e+00
1.019738172631578843e+00
1.009155270914127378e+00
1.025281597340720108e+00
9.769026180609416965e-01
9.922730229362879406e-01
1.022257911135733943e+00
1.022509884986149364e+00
1.038384237562326673e+00
1.019738172631578843e+00
1.042919766869806031e+00
1.035612525207756152e+00
1.046951348476454102e+00
1.091802693850415285e+00
1.097850066260387614e+00
1.127582980609418195e+00
1.152024444099722933e+00
1.174198142936287992e+00
1.218293566759002688e+00
1.194608024819944436e+00
1.206198821939058030e+00
1.206198821939058030e+00
1.225600808421052568e+00
1.176969855290858513e+00
1.199143554127423572e+00
1.200151449529085701e+00
1.200403423379501122e+00
1.187300783157894557e+00
1.191080390914127207e+00
1.200403423379501122e+00
1.182009332299168713e+00
1.166890901274238113e+00
1.131362588365650845e+00
1.149252731745152190e+00
1.152276417950138354e+00
1.146481019390581668e+00
1.107929020277008236e+00
1.153032339501384840e+00
1.143205359335179860e+00
1.123551399002769902e+00
1.154040234903046969e+00
1.109188889529085786e+00
1.077440184376731169e+00
1.138165882326869660e+00
1.090794798448753378e+00
1.091046772299168799e+00
1.083235582936287855e+00
1.078448079778393298e+00
1.091298746149584442e+00
1.105661255623268557e+00
1.075172419722991490e+00
1.117000078891966508e+00
1.085755321440443177e+00
1.073912550470913940e+00
1.101629674016620264e+00
1.104905334072022072e+00
1.134134300720221367e+00
1.104401386371191007e+00
1.099865857063711871e+00
1.090038876897506892e+00
1.120023765096952673e+00
1.108684941828254722e+00
1.111708628033240887e+00
1.132874431468143817e+00
1.124559294404432030e+00
1.112464549584487372e+00
1.130858640664819781e+00
1.110952706481994401e+00
1.120023765096952673e+00
1.122291529750692352e+00
1.137913908476454239e+00
1.099865857063711871e+00
1.109944811080332272e+00
1.087519138393351570e+00
1.102133621717451328e+00
