9.652586561958976796e-01
9.650401857300570096e-01
9.648169478066281890e-01
9.645887066482955463e-01
9.643552060144406912e-01
9.641161665831005090e-01
9.638712828920783515e-01
9.636202197476473330e-01
9.633626079866538516e-01
9.630980394486937657e-01
9.628260609772234524e-01
9.625461672190349649e-01
9.622577919263390900e-01
9.619602973789967981e-01
9.616529614280102667e-01
9.613349615034750828e-01
9.610053547137086261e-01
9.606630528620515586e-01
9.603067907863235275e-01
9.599350858261606056e-01
9.595461853577431643e-01
9.591379980661359772e-01
9.587080027326496667e-01
9.582531254392323561e-01
9.577695716343219701e-01
9.572525924383068485e-01
9.566961530855574436e-01
9.560924522284568461e-01
9.554312078256462781e-01
9.546985665536512622e-01
9.538753849017871378e-01
9.529344199917241243e-01
9.518355424135616083e-01
9.505171745251652649e-01
9.488801125671408876e-01
9.467551126673263706e-01
9.438350491674556419e-01
9.395459309219207356e-01
9.332229752274794343e-01
9.408867016592075139e-01
1.074536811982248707e+00
1.003615441785500773e+00
9.822772289260768286e-01
9.733121786431371270e-01
9.683367056842157039e-01
9.650862833752377190e-01
9.627234913312346931e-01
9.608709451427474013e-01
9.593342780348923515e-01
9.580032316406181803e-01
9.568104649850734944e-01
9.557123388202232173e-01
9.546791334449096222e-01
9.536897103287156341e-01
9.527284280232353186e-01
9.517832728235579021e-01
9.508446775562526820e-01
9.499047467671145606e-01
9.489567303920594110e-01
9.479946537048513644e-01
9.470130476908792394e-01
9.460067448379497757e-01
9.449707176441545231e-01
9.438999445853047954e-01
9.427892928535509531e-01
9.416334099904483113e-01
9.404266182303462340e-01
9.391628063126263859e-01
9.378353139246852210e-01
9.364368039139925326e-01
9.349591170031235077e-01
9.333931029519296763e-01
9.317284208861538186e-01
9.299532997536876788e-01
9.280542474211695980e-01
9.260156935486923979e-01
9.238195467319253451e-01
9.214446399704470103e-01
9.188660295608597206e-01
9.160540999163000464e-01
9.129734089275488573e-01
9.095811828173488989e-01
9.058253322285710896e-01
9.016418067937064240e-01
8.969510249571247540e-01
8.916529963607089382e-01
8.856205770399165900e-01
8.786900392662602144e-01
8.706477783757764488e-01
8.612115448847323940e-01
8.500043172213677112e-01
8.365198673965295040e-01
8.200853687161989702e-01
7.998544257286517301e-01
7.749814418119377324e-01
7.456370660860149879e-01
7.178546449363689685e-01
7.254266569304713697e-01
8.953714119872738797e-01
1.287318854317444528e+00
1.440094559791093021e+00
1.378000926684563421e+00
1.297329578382778514e+00
1.235635280011802228e+00
1.190941608561040255e+00
1.158039240306237172e+00
1.133123696339100483e+00
1.113724662139185861e+00
1.098244726763109247e+00
1.085628015675382141e+00
1.075157014233563135e+00
1.066330580679745621e+00
1.058789709601090534e+00
1.052271272441373640e+00
1.046578432498803668e+00
1.041561235892323856e+00
1.037103570189945367e+00
1.033114206221462661e+00
1.029520519235217257e+00
1.026264006254224537e+00
1.023297031589689432e+00
1.020580427496683207e+00
1.018081700269066525e+00
1.015773671616210905e+00
1.013633437444415808e+00
1.011641561129306588e+00
1.009781442129086937e+00
1.008038817184760294e+00
1.006401362825996459e+00
1.004858376034252210e+00
1.003400515750948685e+00
1.002019592154559380e+00
1.000708393738112933e+00
9.994605445213718964e-01
9.982703854544381361e-01
9.971328753694145286e-01
9.960435078259521902e-01
9.949982409552193818e-01
9.939934379931135711e-01
9.930258166497812899e-01
9.920924058199404039e-01
9.911905084202936589e-01
9.903176693638309214e-01
9.894716478591120135e-01
9.886503933656292098e-01
9.878520246516475645e-01
9.870748114943410645e-01
9.863171586381029865e-01
9.855775916890995303e-01
9.848547446752259349e-01
9.841473490427500304e-01
9.834542238958162708e-01
9.827742673139702179e-01
9.821064486070516519e-01
9.814498013870419646e-01
9.808034173534481148e-01
9.801664407031266402e-01
9.795380630875423211e-01
9.789175190507084512e-01
9.783040818897563717e-01
9.776970598874969998e-01
9.770957928726582420e-01
9.764996490688917508e-01
9.759080221982747716e-01
9.753203288089997702e-01
9.747360058003622374e-01
9.741545081210787327e-01
9.735753066194878791e-01
9.729978860263440721e-01
9.724217430527656303e-01
9.718463845874795171e-01
9.712713259788495757e-01
9.706960893883134212e-01
9.701202022028038163e-01
9.695431954945170627e-01
9.689646025170239874e-01
9.683839572272172624e-01
9.678007928229580559e-01
9.672146402865300363e-01
9.666250269241422055e-01
9.660314748917414596e-01
9.654334996973007454e-01
9.648306086695452866e-01
9.642222993827580524e-01
9.636080580268624463e-01
9.629873577114154148e-01
9.623596566914326411e-01
9.617243965021202712e-01
9.610809999885631116e-01
9.604288692152260776e-01
9.597673832387196846e-01
9.590958957256546791e-01
9.584137323955185250e-01
9.577201882663252119e-01
9.570145246782679749e-01
9.562959660676926266e-01
9.555636964603539951e-01
9.548168556490328474e-01
9.540545350161149241e-01
9.532757729565364269e-01
9.524795498504923241e-01
9.516647825283162110e-01
9.508303181618205091e-01
9.499749275069129251e-01
9.490972974112453775e-01
9.481960224876928578e-01
9.472695958392504112e-01
9.463163987030310809e-01
9.453346888599144515e-01
9.443225876313791067e-01
9.432780652553524048e-01
9.421989243975427142e-01
9.410827815124666040e-01
9.399270457177407723e-01
9.387288947843077658e-01
9.374852477717676713e-01
9.361927337489889256e-01
9.348476559319951473e-01
9.334459504391710016e-01
9.319831387022688984e-01
9.304542723731670240e-01
9.288538693214651865e-01
9.271758390149582585e-01
9.254133951987105755e-01
9.235589533198047540e-01
9.216040095598128090e-01
9.195389976056445036e-01
9.173531183749562556e-01
9.150341367711670726e-01
9.125681381267571890e-01
9.099392352546133989e-01
9.071292149358753942e-01
9.041171102543217319e-01
9.008786826062601394e-01
8.973857949592199956e-01
8.936056572190556047e-01
8.894999282361198967e-01
8.850236735327980941e-01
8.801242181050344948e-01
8.747400340027703391e-01
8.688000443439508613e-01
8.622243086616941943e-01
8.549284875503343484e-01
8.468381191003522268e-01
8.379283221089514067e-01
8.283307497275620435e-01
8.186220506668511199e-01
8.105887353623868474e-01
8.089442340033955459e-01
8.221543519868017569e-01
8.478331156650986689e-01
8.534457773374066747e-01
8.295764422724730691e-01
7.984869918323174165e-01
7.798017960649720193e-01
8.006515166409817752e-01
9.094094285175827741e-01
1.123747175638996065e+00
1.319243478278511184e+00
1.385243011564171844e+00
1.366019060350348147e+00
1.321953872002826103e+00
1.277771591410091556e+00
1.239753385924338591e+00
1.208323508115333844e+00
1.182487982145471017e+00
1.161117135967321801e+00
1.143255018331511330e+00
1.128154381137260964e+00
1.115244590409929515e+00
1.104091112163917865e+00
1.094361166311922595e+00
1.085797525192809809e+00
1.078199234947904372e+00
1.071407578941262928e+00
1.065295850140082434e+00
1.059761853369320495e+00
1.054722361183863200e+00
1.050108974149828178e+00
1.045864998323532191e+00
1.041943066102449134e+00
1.038303305559331813e+00
1.034911918414302745e+00
1.031740065388029315e+00
1.028762984930862601e+00
1.025959290730463325e+00
1.023310407344688588e+00
1.020800113415771149e+00
1.018414169316362639e+00
1.016140011534059528e+00
1.013966500160705442e+00
1.011883708897792555e+00
1.009882749290689663e+00
1.007955622656274697e+00
1.006095094510813581e+00
1.004294587339483291e+00
1.002548088350339706e+00
1.000850069478800730e+00
9.991954173946960838e-01
9.975793716430408908e-01
9.959974693448265803e-01
9.944454951124780395e-01
9.929194350093231147e-01
9.914154335135522134e-01
9.899297525428110145e-01
9.884587316627262421e-01
9.869987486481935912e-01
9.855461795983494477e-01
9.840973578364283769e-01
9.826485308727257451e-01
9.811958148042049244e-01
9.797351457231026073e-01
9.782622281072568260e-01
9.767724809427307253e-01
9.752609838034378420e-01
9.737224278673958233e-01
9.721510819713254925e-01
9.705407933469050175e-01
9.688850605934000715e-01
9.671772504890089328e-01
9.654110960594265434e-01
9.635817431891486873e-01
9.616878754842133059e-01
9.597359915298120381e-01
9.577490697250082841e-01
9.557843968026954462e-01
9.539709970859344690e-01
9.525896340764048453e-01
9.522440204966295951e-01
9.542077004319554634e-01
9.609672638437316561e-01
9.761705391158247425e-01
1.000536232397056136e+00
1.023633844434626239e+00
1.032202386713167330e+00
1.027902462501870895e+00
1.018904787698797110e+00
1.009758955594737051e+00
1.001800805964325303e+00
9.951374747589766256e-01
9.895586892246531763e-01
9.848242117638115189e-01
9.807337772950696086e-01
9.771338939572895566e-01
9.739096744955585416e-01
9.709752391037318464e-01
9.682658622460331710e-01
9.657321498049991071e-01
9.633358614416086541e-01
9.610469376918907569e-01
9.588413783732919748e-01
9.566997162016352974e-01
9.546059068194141517e-01
9.525465119039119299e-01
9.505100903271469504e-01
9.484867384347062114e-01
9.464677382539894435e-01
9.444452845548975128e-01
9.424122700127816055e-01
9.403621134969309958e-01
9.382886205480418518e-01
9.361858679618835222e-01
9.340481064306258574e-01
9.318696766560627953e-01
9.296449354094870055e-01
9.273681887879814401e-01
9.250336304878317151e-01
9.226352833404235509e-01
9.201669426762102422e-01
9.176221203294528950e-01
9.149939882951382275e-01
9.122753212207661555e-01
9.094584370794271955e-01
9.065351355478370454e-01
9.034966338287555576e-01
9.003334999436802821e-01
8.970355839227230899e-01
8.935919478958992412e-01
8.899907969325220325e-01
8.862194137123714510e-01
8.822641019340518032e-01
8.781101460541205217e-01
8.737417989248044137e-01
8.691423147871523147e-01
8.642940538275351026e-01
8.591786975526946035e-01
8.537776337636986401e-01
8.480725992431904503e-01
8.420467125115762563e-01
8.356860959617895546e-01
8.289823882619233864e-01
8.219366021448070159e-01
8.145650163667184085e-01
8.069081421398329734e-01
7.990443251310272998e-01
7.911102928044255744e-01
7.833319714046086402e-01
7.760701068518119916e-01
7.698862172626249611e-01
7.656338749532218824e-01
7.645749139513725590e-01
7.685026243293811010e-01
7.798118572927726921e-01
8.013774718068447100e-01
8.360076654985895139e-01
8.852516354523909392e-01
9.477250980413176595e-01
1.017962485939486905e+00
1.087291679902765429e+00
1.146968902288308501e+00
1.191498047996367937e+00
1.219771877814709082e+00
1.233912399031664053e+00
1.237373453583899607e+00
1.233553918135606775e+00
1.225181795473678115e+00
1.214213182804170676e+00
1.201954047104919265e+00
1.189232191155505269e+00
1.176548516407889933e+00
1.164190066061056239e+00
1.152308102600906770e+00
1.140969768496431946e+00
1.130191428883687843e+00
1.119959869367650018e+00
1.110245645020932814e+00
1.101011439801859559e+00
1.092217298147523330e+00
1.083823931471041391e+00
1.075794879420544525e+00
1.068098040493563161e+00
1.060706924745916657e+00
1.053601887472116028e+00
1.046771554426069617e+00
1.040214632309447218e+00
1.033942303588112122e+00
1.027981424630507234e+00
1.022378771433746003e+00
1.017206592066635107e+00
1.012569699593918626e+00
1.008614217737955787e+00
1.005537774415669494e+00
1.003600262296693968e+00
1.003133014729014949e+00
1.004542115598271224e+00
1.008298471609350822e+00
1.014903773627694905e+00
1.024819633858961021e+00
1.038351482381702162e+00
1.055495342189750163e+00
1.075786711258700956e+00
1.098224477911823316e+00
1.121347492292018133e+00
1.143486582948171959e+00
1.163115838153785608e+00
1.179157786037378752e+00
1.191122888406701996e+00
1.199063276793233213e+00
1.203409539041552678e+00
1.204782607979207887e+00
1.203842899377403519e+00
1.201196992699185007e+00
1.197354683768188099e+00
1.192719651040427875e+00
1.187598158036631713e+00
1.182215037728739926e+00
1.176730837298144428e+00
1.171257238875090145e+00
1.165869762709389246e+00
1.160617711226396898e+00
1.155531710885596697e+00
1.150629319342407975e+00
1.145919144896957675e+00
1.141403856590932353e+00
1.137082386230979791e+00
1.132951554580385212e+00
1.129007298119719671e+00
1.125245630230188532e+00
1.121663439573255427e+00
1.118259206477558276e+00
1.115033702929758119e+00
1.111990730930596971e+00
1.109137944871104509e+00
1.106487792738617415e+00
1.104058593271391997e+00
1.101875733774082766e+00
1.099972914249252032e+00
1.098393260912561065e+00
1.097189965466762507e+00
1.096425858692633648e+00
1.096171004815113426e+00
1.096497079899864779e+00
1.097467179450946073e+00
1.099120186068448302e+00
1.101450451699635735e+00
1.104386612931827827e+00
1.107777154943237585e+00
1.111392447561325270e+00
1.114949984992788190e+00
1.118160230885659079e+00
1.120779120601035794e+00
1.122648192858577865e+00
1.123709245912908550e+00
1.123993110998922074e+00
1.123592487810456841e+00
1.122631393567214086e+00
1.121240066995269347e+00
1.119538687442745539e+00
1.117629285883876555e+00
1.115593515611705167e+00
1.113493843897419122e+00
1.111376316588921664e+00
