9.491094900000000001e-01
9.541458299999999726e-01
1.001662800000000075e+00
9.869193299999999835e-01
9.729073299999999591e-01
9.666518299999999897e-01
9.629454699999999701e-01
9.603241399999999928e-01
9.582795200000000513e-01
9.567304199999999703e-01
9.550352399999999520e-01
9.539001400000000075e-01
9.526244299999999665e-01
9.512188400000000099e-01
9.499343700000000279e-01
9.485909500000000438e-01
9.471609800000000412e-01
9.459925000000000139e-01
9.443996999999999531e-01
9.426630900000000368e-01
9.412637600000000049e-01
9.395357899999999818e-01
9.378320100000000492e-01
9.357183000000000028e-01
9.337701900000000554e-01
9.314185499999999562e-01
9.291091000000000211e-01
9.262747900000000145e-01
9.236607100000000514e-01
9.200846900000000383e-01
9.165475100000000097e-01
9.123255700000000301e-01
9.078144200000000108e-01
9.024235499999999632e-01
8.960939799999999567e-01
8.888009500000000340e-01
8.800017300000000375e-01
8.691936399999999896e-01
8.554293499999999772e-01
8.375945099999999588e-01
8.140023299999999962e-01
7.806599499999999914e-01
7.335207599999999939e-01
6.798122899999999857e-01
8.027958499999999775e-01
1.442775810000000103e+00
1.393604939999999903e+00
1.258106890000000089e+00
1.177686460000000102e+00
1.129077480000000078e+00
1.096453810000000084e+00
1.073306469999999901e+00
1.056053150000000107e+00
1.042468369999999922e+00
1.031523820000000091e+00
1.022318730000000064e+00
1.014243290000000020e+00
1.007404509999999975e+00
1.001206669999999965e+00
9.956072400000000044e-01
9.904032299999999678e-01
9.856101299999999732e-01
9.807840899999999973e-01
9.760256099999999879e-01
9.715096399999999521e-01
9.668740500000000404e-01
9.623580200000000362e-01
9.573386999999999869e-01
9.523362800000000350e-01
9.470387700000000297e-01
9.415078599999999742e-01
9.351555099999999676e-01
9.283614599999999717e-01
9.204927099999999918e-01
9.118501599999999652e-01
9.016307700000000258e-01
8.900768500000000305e-01
8.763402200000000031e-01
8.603562799999999733e-01
8.423886499999999611e-01
8.251418099999999756e-01
8.194157600000000485e-01
8.609952699999999792e-01
1.014108510000000019e+00
1.216567579999999982e+00
1.287506199999999934e+00
1.263949259999999963e+00
1.222442440000000019e+00
1.185781809999999936e+00
1.156368129999999939e+00
1.133729049999999905e+00
1.115364770000000005e+00
1.101057149999999929e+00
1.088987530000000037e+00
1.078998799999999925e+00
1.070495680000000061e+00
1.063043659999999946e+00
1.057009379999999998e+00
1.051224240000000032e+00
1.046329740000000008e+00
1.041575160000000055e+00
1.037737780000000054e+00
1.033915259999999892e+00
1.030473449999999902e+00
1.027334909999999990e+00
1.024589799999999995e+00
1.021515689999999976e+00
1.019079370000000040e+00
1.016599100000000089e+00
1.014057580000000014e+00
1.011816819999999950e+00
1.009801340000000103e+00
1.007455159999999905e+00
1.005540590000000067e+00
1.003284850000000006e+00
1.001417879999999982e+00
9.995223199999999641e-01
9.977620600000000062e-01
9.956066599999999767e-01
9.938824400000000336e-01
9.921615299999999582e-01
9.902000300000000088e-01
9.881382600000000460e-01
9.863562999999999636e-01
9.844089999999999785e-01
9.822104699999999466e-01
9.802827499999999805e-01
9.780753899999999890e-01
9.760700199999999827e-01
9.737811100000000053e-01
9.713654000000000455e-01
9.689336299999999902e-01
9.663971799999999668e-01
9.636843000000000492e-01
9.607778399999999941e-01
9.577988699999999689e-01
9.546281100000000297e-01
9.511143699999999868e-01
9.473598600000000536e-01
9.432221600000000317e-01
9.387230100000000244e-01
9.337862900000000188e-01
9.286089699999999780e-01
9.224410199999999449e-01
9.157691900000000107e-01
9.082916800000000457e-01
8.995050999999999464e-01
8.896735099999999452e-01
8.782641399999999710e-01
8.649293700000000307e-01
8.494250700000000043e-01
8.313932800000000123e-01
8.110617700000000152e-01
7.902445700000000350e-01
7.757522399999999818e-01
7.883279199999999598e-01
8.753340600000000249e-01
1.069068499999999977e+00
1.259908049999999946e+00
1.329452230000000013e+00
1.318079210000000057e+00
1.283586850000000057e+00
1.247922200000000093e+00
1.217313340000000021e+00
1.192133899999999969e+00
1.171397599999999928e+00
1.154490529999999904e+00
1.140324010000000055e+00
1.128738599999999925e+00
1.119181390000000054e+00
1.111984859999999964e+00
1.105317440000000095e+00
1.098730769999999968e+00
1.091979559999999960e+00
1.086151740000000032e+00
1.080834590000000039e+00
1.076270319999999892e+00
1.071977420000000070e+00
1.068230870000000055e+00
1.064864280000000107e+00
1.061411850000000046e+00
1.058443589999999990e+00
1.055555060000000100e+00
1.053150830000000093e+00
1.050613239999999893e+00
1.048415850000000038e+00
1.046388279999999948e+00
1.044179509999999977e+00
1.042317579999999966e+00
1.040314229999999895e+00
1.038667350000000100e+00
1.037052440000000075e+00
1.035324960000000072e+00
1.033734469999999961e+00
1.032051810000000014e+00
1.030694280000000074e+00
1.029038990000000098e+00
1.027697550000000071e+00
1.026475449999999956e+00
1.024905310000000069e+00
1.023344250000000066e+00
1.022113070000000068e+00
1.020753599999999928e+00
1.019132920000000109e+00
1.018014200000000091e+00
1.016665479999999899e+00
1.015062179999999925e+00
1.013726990000000105e+00
1.012290970000000012e+00
1.010952700000000037e+00
1.009492669999999981e+00
1.007810840000000097e+00
1.006336909999999918e+00
1.004721449999999905e+00
1.002926240000000080e+00
1.001147339999999941e+00
9.994517600000000224e-01
9.974337599999999471e-01
9.957081500000000140e-01
9.937694700000000436e-01
9.916276099999999927e-01
9.898764100000000399e-01
9.881702599999999670e-01
9.867429399999999573e-01
9.859947000000000017e-01
9.862195200000000161e-01
9.879959099999999772e-01
9.925626800000000305e-01
1.000948149999999925e+00
1.013604560000000099e+00
1.031366819999999906e+00
1.052363949999999937e+00
1.072644099999999989e+00
1.088271039999999967e+00
1.097190330000000102e+00
1.100550069999999936e+00
1.099408630000000109e+00
1.096113530000000003e+00
1.091594119999999890e+00
1.086631990000000103e+00
1.081942179999999976e+00
1.077309700000000037e+00
1.073380170000000078e+00
1.069305919999999910e+00
1.065967609999999954e+00
1.062704609999999938e+00
1.059931450000000108e+00
1.057252379999999992e+00
1.054791370000000006e+00
1.052670929999999894e+00
1.050560799999999961e+00
1.048752150000000105e+00
1.046879019999999993e+00
1.045571239999999902e+00
1.043948450000000028e+00
1.042592959999999902e+00
1.041229979999999999e+00
1.039965669999999953e+00
1.038760740000000071e+00
1.037757679999999905e+00
1.036719170000000023e+00
1.035488020000000065e+00
1.034649809999999892e+00
1.033804120000000104e+00
1.032957300000000078e+00
1.032124800000000064e+00
1.031330499999999928e+00
1.030534590000000028e+00
1.029998559999999896e+00
1.029268419999999962e+00
1.028689160000000102e+00
1.028439190000000059e+00
1.028188490000000010e+00
1.027777270000000076e+00
1.028167309999999945e+00
1.028355549999999896e+00
1.028914160000000022e+00
1.029779039999999979e+00
1.031118650000000025e+00
1.032647969999999971e+00
1.034294510000000056e+00
1.035675700000000088e+00
1.036398450000000082e+00
1.036621599999999921e+00
1.036471069999999939e+00
1.035809949999999979e+00
1.034790579999999904e+00
1.033689850000000021e+00
1.032690569999999974e+00
1.031559150000000091e+00
1.030659570000000080e+00
1.029628530000000097e+00
1.028633670000000055e+00
1.027688230000000091e+00
1.027018100000000045e+00
1.026426999999999978e+00
1.025676100000000091e+00
1.024903649999999944e+00
1.024497610000000059e+00
1.023942380000000041e+00
1.023344980000000071e+00
1.022753690000000049e+00
1.022410330000000034e+00
1.021844140000000012e+00
1.021372750000000051e+00
1.020991910000000003e+00
1.020674700000000046e+00
1.020160879999999937e+00
1.019940999999999987e+00
1.019412149999999961e+00
1.018893669999999974e+00
1.018535870000000010e+00
1.018274300000000077e+00
1.017977499999999980e+00
1.017726820000000032e+00
1.017265190000000041e+00
1.016612230000000006e+00
1.016472569999999909e+00
1.016104530000000006e+00
1.015798680000000065e+00
1.015605220000000086e+00
1.015386520000000070e+00
1.014933899999999944e+00
1.014554659999999942e+00
1.014322790000000030e+00
1.014112640000000010e+00
1.013666919999999916e+00
1.013362050000000014e+00
1.013061559999999917e+00
1.012752330000000089e+00
1.012517930000000010e+00
1.011981019999999898e+00
1.011820380000000075e+00
1.011563599999999896e+00
1.011391069999999948e+00
1.010988299999999951e+00
1.010747049999999980e+00
1.010382469999999921e+00
1.010404440000000070e+00
1.010074619999999923e+00
1.010040590000000016e+00
1.009608749999999944e+00
1.009686260000000058e+00
1.009663170000000054e+00
1.009674739999999904e+00
1.009854919999999989e+00
1.010325179999999934e+00
1.010920379999999952e+00
1.011587070000000033e+00
1.012556240000000107e+00
1.013717449999999909e+00
1.015346099999999918e+00
1.017044440000000050e+00
1.018683650000000052e+00
1.020178419999999919e+00
1.021332649999999953e+00
1.022049470000000015e+00
1.022504690000000105e+00
1.022327900000000067e+00
1.021807729999999914e+00
1.021295190000000019e+00
1.020260469999999975e+00
1.019459399999999905e+00
1.018760899999999969e+00
1.017529289999999920e+00
1.016859439999999948e+00
1.016116199999999914e+00
1.015238960000000024e+00
1.014617230000000037e+00
1.013727299999999998e+00
1.013215159999999893e+00
1.012329339999999966e+00
1.011934190000000067e+00
1.011156670000000091e+00
1.010539010000000015e+00
1.009991920000000043e+00
1.009591439999999896e+00
1.008921409999999907e+00
1.008395729999999935e+00
1.007920850000000090e+00
1.007361849999999892e+00
1.006937200000000088e+00
1.006357940000000006e+00
1.005865540000000058e+00
1.005290720000000082e+00
1.004902289999999976e+00
1.004330350000000038e+00
1.003951409999999989e+00
1.003370689999999898e+00
1.002902109999999958e+00
1.002336759999999938e+00
1.001832489999999964e+00
1.001278380000000023e+00
1.000813430000000004e+00
1.000099819999999973e+00
9.995488300000000548e-01
9.989270399999999883e-01
9.983912999999999816e-01
9.976891500000000246e-01
9.968866299999999958e-01
9.963494499999999698e-01
9.957251299999999583e-01
9.950248400000000215e-01
9.942870400000000108e-01
9.935998600000000014e-01
9.927426799999999885e-01
9.921493000000000118e-01
9.914405200000000473e-01
9.907004299999999652e-01
9.896435999999999567e-01
9.888582599999999889e-01
9.879826800000000020e-01
9.873812299999999986e-01
9.868009800000000498e-01
9.862550599999999612e-01
9.857853899999999836e-01
9.856520100000000228e-01
9.856183499999999764e-01
9.862782100000000440e-01
9.873589799999999972e-01
9.892318900000000026e-01
9.917737599999999487e-01
9.957169700000000345e-01
1.000834130000000100e+00
1.007487330000000014e+00
1.015398889999999943e+00
1.024565519999999896e+00
1.034161429999999937e+00
1.043716929999999987e+00
1.052403479999999947e+00
1.059536299999999986e+00
1.064573540000000040e+00
1.068197049999999981e+00
1.070100320000000105e+00
1.070732660000000003e+00
1.070472890000000010e+00
1.069108640000000054e+00
1.067621759999999975e+00
1.065801929999999897e+00
1.063751609999999959e+00
1.061760279999999890e+00
1.059721570000000002e+00
1.057844309999999899e+00
1.056053780000000053e+00
1.053970529999999961e+00
1.052345249999999899e+00
1.050540749999999912e+00
1.049036480000000049e+00
1.047781049999999992e+00
1.046386000000000038e+00
1.044936199999999982e+00
1.043647250000000026e+00
1.042530479999999926e+00
1.041625760000000067e+00
1.040630680000000030e+00
1.039571660000000008e+00
1.038705299999999943e+00
1.038027620000000040e+00
1.036927149999999909e+00
1.036308980000000046e+00
1.035642340000000106e+00
1.034951179999999971e+00
1.034323679999999968e+00
1.033700730000000068e+00
1.033321509999999943e+00
1.032481800000000005e+00
1.031905250000000107e+00
1.031475869999999961e+00
1.030977250000000067e+00
1.030449299999999901e+00
