9.605907098215128448e-01 5.273559366969493567e-16
9.600020753075548807e-01 5.403663627667754099e-16
9.593915234397024649e-01 5.548946718780811693e-16
9.587576463218975276e-01 5.696398214238840296e-16
9.580989056311867147e-01 5.848186518386810917e-16
9.574136167346201098e-01 5.997806418189810529e-16
9.566999303964084378e-01 6.162605148407607203e-16
9.559558116351171142e-01 6.357761539454998001e-16
9.551790151960620756e-01 6.535570695742620728e-16
9.543670569859408204e-01 6.726390278100069509e-16
9.535171806683853113e-01 6.934557095217286360e-16
9.526263184317526056e-01 7.166576360129184309e-16
9.516910447022992603e-01 7.387753603316227213e-16
9.507075212711837420e-01 7.637120102987893233e-16
9.496714319111779767e-01 7.906002241764298333e-16
9.485779040495219139e-01 8.161873954470877379e-16
9.474214143970570712e-01 8.491471414906470727e-16
9.461956745551580727e-01 8.775532384097672889e-16
9.448934914532267637e-01 9.124645483638005317e-16
9.435065959003104963e-01 9.506284648352902877e-16
9.420254304066124629e-01 9.896597430447684474e-16
9.404388845147527709e-01 1.031293106468211818e-15
9.387339618392894769e-01 1.079865363795562416e-15
9.368953573434416482e-01 1.130172344598889822e-15
9.349049153238093712e-01 1.183081410616182438e-15
9.327409269587820795e-01 1.245531455751347494e-15
9.303772092781777969e-01 1.311017266969471962e-15
9.277818821235433999e-01 1.384743014698486263e-15
9.249157213705052616e-01 1.464973975462413591e-15
9.217299075471158121e-01 1.551710149261253946e-15
9.181628957140879344e-01 1.657094600426844977e-15
9.141359819410637133e-01 1.770285307234331640e-15
9.095468925592653520e-01 1.896486440111644356e-15
9.042602985034094987e-01 2.046540020783638170e-15
8.980934142114050944e-01 2.211338751001434844e-15
8.907934968155897248e-01 2.404760418572848835e-15
8.820015504590016375e-01 2.630274470449833757e-15
8.711917055546825051e-01 2.878773608383511373e-15
8.575662598242135282e-01 3.178880769727499001e-15
8.398682121317098126e-01 3.499370931914214111e-15
8.160451705382831822e-01 3.795141284568259721e-15
7.827223233114604106e-01 3.897056288781897138e-15
7.352753014020406708e-01 3.171941875823591772e-15
6.801690486379130540e-01 -4.748805515486509421e-16
8.018056695145072688e-01 3.232657197482780020e-15
1.444050568055999628e+00 2.736916596135507973e-14
1.390701850641508308e+00 -1.048770445488678149e-14
1.256026788664865723e+00 -1.208234901017846141e-14
1.176959243702546232e+00 -9.808993894910855715e-15
1.128702404391566771e+00 -7.923349476524066404e-15
1.096675923820445320e+00 -6.579806144380029309e-15
1.073900305005829336e+00 -5.613565168260947758e-15
1.056805223948484640e+00 -4.897991734420514831e-15
1.043411546119439315e+00 -4.355890648177762614e-15
1.032543033505235242e+00 -3.930883396563444876e-15
1.023458850454910252e+00 -3.593479680485955896e-15
1.015669056650206681e+00 -3.326332265185527604e-15
1.008835704468946215e+00 -3.100818213308542681e-15
1.002716746692870586e+00 -2.918672248330977936e-15
9.971326255495120972e-01 -2.766016582445018912e-15
9.919454813787418335e-01 -2.640249130436700398e-15
9.870456737325581376e-01 -2.536165721878091972e-15
9.823426770921082074e-01 -2.448562186341263214e-15
9.777586495429706481e-01 -2.378305885564202526e-15
9.732236420142151845e-01 -2.324529457808921507e-15
9.686717871519520129e-01 -2.279426647433524522e-15
9.640380137232521518e-01 -2.249936348341918801e-15
9.592549424184639850e-01 -2.227384943154220309e-15
9.542496668307474117e-01 -2.220446049250313081e-15
9.489401267583659205e-01 -2.227384943154220309e-15
9.432307488331777012e-01 -2.237793284010081152e-15
9.370069701520046257e-01 -2.263814136149733258e-15
9.301281957093808783e-01 -2.296773882193292593e-15
9.224187420551082095e-01 -2.338407245616735963e-15
9.136566194390951523e-01 -2.390448949896040176e-15
9.035613299986317015e-01 -2.439021207223390775e-15
8.917865105835434125e-01 -2.470246229790973302e-15
8.779387345268476750e-01 -2.452898995031205231e-15
8.616957865753841483e-01 -2.307182223049153436e-15
8.432785086102907446e-01 -1.849215225391276363e-15
8.251783048433973811e-01 -6.973588373426764520e-16
8.182396868516923494e-01 1.828398543679554678e-15
8.591090266862426716e-01 5.492134524942571261e-15
1.014548132277359072e+00 2.439021207223390775e-15
1.218267941341103056e+00 -9.246076126956381813e-15
1.286671658017530806e+00 -8.940764795184463765e-15
1.262123184420477440e+00 -4.194561364911919554e-15
1.220721761473230416e+00 -1.301042606982605321e-15
1.184426900076446687e+00 6.938893903907228378e-17
1.155732131384360484e+00 6.678685382510707313e-16
1.133299874691218179e+00 9.220055274816729707e-16
1.115544113160770845e+00 1.012644829101461141e-15
1.101230549658722691e+00 1.031333764049680024e-15
1.089473947628742057e+00 1.009175382149507527e-15
1.079647543655007702e+00 9.749145934989655871e-16
1.071303852132356571e+00 9.328475492065280150e-16
1.064118400966679534e+00 8.916478666520788465e-16
1.057851766818016070e+00 8.508818649666238798e-16
1.052324170450984031e+00 8.122842676261399220e-16
1.047398350949456214e+00 7.780234789755979818e-16
1.042967863748124557e+00 7.485331798839922612e-16
1.038948957901329795e+00 7.173081573164097335e-16
1.035274845677588429e+00 6.951904329977054431e-16
1.031891595150231877e+00 6.704706234650359420e-16
1.028755140975545324e+00 6.492202608843200551e-16
1.025829077349402985e+00 6.340414304695229930e-16
1.023083006122063487e+00 6.188626000547259309e-16
1.020491284387097020e+00 6.049848122469114742e-16
1.018032063222521266e+00 5.924080670460796227e-16
1.015686541157136746e+00 5.828670879282071837e-16
1.013438377712146732e+00 5.741934705483231483e-16
1.011273227433846955e+00 5.672545766444159199e-16
1.009178365385409615e+00 5.616167253474912968e-16
1.007142382541720282e+00 5.577135975265434809e-16
1.005154934882600548e+00 5.529431079676072613e-16
1.003206533844778203e+00 5.512083844916304542e-16
1.001288368604373646e+00 5.494736610156536472e-16
9.993921527159690399e-01 5.490399801466594454e-16
9.975099891362880777e-01 5.494736610156536472e-16
9.956342487523767160e-01 5.512083844916304542e-16
9.937574583147762430e-01 5.546778314435840684e-16
9.918721942136412562e-01 5.564125549195608755e-16
9.899709788758378481e-01 5.616167253474912968e-16
9.880461767326783606e-01 5.668208957754217181e-16
9.860898867264904499e-01 5.728924279413405429e-16
9.840938281934561438e-01 5.793976409762535695e-16
9.820492166728566064e-01 5.876375774871434032e-16
9.799466257302635874e-01 5.945764713910506316e-16
9.777758302124391898e-01 6.071532165918824830e-16
9.755256254267185012e-01 6.184289191857317292e-16
9.731836154887032464e-01 6.314393452555577824e-16
9.707359624128952813e-01 6.444497713253838356e-16
9.681670852979163966e-01 6.594117613056837968e-16
9.654592959966217247e-01 6.745905917204808588e-16
9.625923537070087965e-01 6.967083160391851493e-16
9.595429156211192634e-01 7.188260403578894397e-16
9.562838536432788361e-01 7.405100838075995284e-16
9.527833975768662533e-01 7.676151381197371393e-16
9.490040521939985263e-01 7.999243628598051714e-16
9.449012180892277790e-01 8.326672684688674053e-16
9.404214227624470013e-01 8.738669510233165738e-16
9.355000374935267260e-01 9.220055274816729707e-16
9.300583163935647324e-01 9.764324765404452933e-16
9.239995483033961454e-01 1.043869851669043669e-15
9.172040698140152548e-01 1.118896642005040576e-15
9.095228810880278125e-01 1.211270667100805554e-15
9.007697291222100944e-01 1.327497139991251629e-15
8.907120351177422179e-01 1.478634922835730947e-15
8.790626591119050648e-01 1.671406069103653635e-15
8.654792208761814543e-01 1.916652600519874738e-15
8.495913132002818058e-01 2.283546615688969439e-15
8.311156976942519758e-01 2.781412253294313075e-15
8.102383083682860310e-01 3.509128751466583651e-15
7.887998376577238790e-01 4.646023149534883601e-15
7.738313535884564498e-01 6.435607255439457219e-15
7.867967139682732203e-01 8.960280434289202844e-15
8.756628514129876084e-01 1.156887086128932651e-14
1.071015835619148815e+00 1.120696417611366513e-14
1.259495479855259115e+00 7.626061240828541088e-15
1.327614904400579388e+00 4.710424758580522564e-15
1.316719958545893965e+00 3.141801055428494749e-15
1.282934059855365128e+00 2.259911008328785442e-15
1.248340183225945310e+00 1.739060284666749112e-15
1.218459481421706014e+00 1.422690090735478918e-15
1.193743328783702484e+00 1.214089592749267865e-15
1.173430923203596432e+00 1.072926469891655188e-15
1.156635081552961797e+00 9.736135508919829817e-16
1.142601912758482996e+00 9.020562075079396891e-16
1.130741689126188554e+00 8.573870780015369064e-16
1.120604138683211515e+00 8.239936510889833698e-16
1.111846524519395141e+00 8.036106502462558865e-16
1.104206491937843371e+00 7.901665433074356315e-16
1.097481342115189662e+00 7.834444898380255040e-16
1.091512783790689278e+00 7.795413620170776881e-16
1.086175834812806773e+00 7.814929259275515960e-16
1.081370738555023525e+00 7.860465750519907147e-16
1.077017040331785358e+00 7.921181072179095395e-16
1.073049208970134005e+00 8.020927672047761803e-16
1.069413368668345576e+00 8.120674271916428211e-16
1.066064834649238735e+00 8.239936510889833698e-16
1.062966235937680803e+00 8.376545984623007257e-16
1.060086071100946326e+00 8.526165884426006869e-16
1.057397586363171049e+00 8.693133018988774552e-16
1.054877896040669505e+00 8.866605366586455261e-16
1.052507286801714459e+00 9.055256544598933033e-16
1.050268662600300829e+00 9.243907722611410804e-16
1.048147098154611934e+00 9.449906135383656647e-16
1.046129476827057481e+00 9.658072952500873498e-16
1.044204194600873326e+00 9.892260621757742456e-16
1.042360916152803352e+00 1.013295350404952444e-15
1.040590372221376070e+00 1.037364638634130642e-15
1.038884189867788299e+00 1.064036012077274052e-15
1.037234749035924386e+00 1.089840023782429057e-15
1.035635060193205392e+00 1.118137700484300723e-15
1.034078658885817958e+00 1.148495361313894847e-15
1.032559513851452504e+00 1.179937224315974476e-15
1.031071945959839198e+00 1.212029608621545407e-15
1.029610555740927191e+00 1.244013572709867788e-15
1.028170157646957517e+00 1.280334345488132186e-15
1.026745719505280929e+00 1.315896176745656732e-15
1.025332305876745842e+00 1.353734832565400836e-15
1.023925024261197692e+00 1.392115589471387693e-15
1.022518973309398005e+00 1.432990011374091210e-15
1.021109192435703195e+00 1.475707576970020085e-15
1.019690612512646366e+00 1.521244068214411271e-15
1.018258007715917568e+00 1.569707905324513320e-15
1.016805949148789745e+00 1.617195960479378414e-15
1.015328761720055706e+00 1.668803983889688425e-15
1.013820487052829122e+00 1.721387789255235390e-15
1.012274857238256276e+00 1.774513695707025107e-15
1.010685287458572112e+00 1.828290123462306127e-15
1.009044900599369798e+00 1.888463344035251623e-15
1.007346605111220317e+00 1.945167117656243505e-15
1.005583260472953766e+00 2.003280354101466543e-15
1.003747985813858934e+00 2.062260952284677984e-15
1.001834701843668629e+00 2.118097364167681462e-15
9.998390530561201972e-01 2.168838025840003070e-15
9.977599510343927447e-01 2.213832415998151504e-15
9.956021352825253912e-01 2.249177406821178948e-15
9.933804056654982340e-01 2.261862572239259350e-15
9.911266032057666209e-01 2.253405795293872416e-15
9.889010918951427476e-01 2.212097692522174697e-15
9.868115131637907878e-01 2.115603699170964802e-15
9.850429148240775756e-01 1.938878745055827579e-15
9.839044078567825702e-01 1.654600935430128317e-15
9.838958503474045658e-01 1.231545247726284487e-15
9.857863917079069394e-01 6.280783185208527186e-16
9.906583489786455754e-01 -1.901690610539574777e-16
9.997838561477413455e-01 -1.258108200952179345e-15
1.014102607554772550e+00 -2.542128833826762246e-15
1.033204639430054694e+00 -3.963951562824252761e-15
1.054473164725967971e+00 -5.455380071295312661e-15
1.073771189306801155e+00 -6.877419640727300276e-15
1.087740220783267153e+00 -7.980270090579555387e-15
1.095443653089518632e+00 -8.604553701496708840e-15
1.097945843187490667e+00 -8.791470156033209804e-15
1.096980033042416869e+00 -8.617780968001031994e-15
1.094056445585014137e+00 -8.249585910224954688e-15
1.090207691629522468e+00 -7.767007523251656664e-15
1.086051701898297139e+00 -7.255047257404001471e-15
1.081925535832833463e+00 -6.760108965664368696e-15
1.077996804214561566e+00 -6.288047339764180066e-15
1.074337426314276422e+00 -5.854691731421723944e-15
1.070967848432088365e+00 -5.459174778899011926e-15
1.067882237183544580e+00 -5.105508030234240380e-15
1.065062393344342606e+00 -4.783608405223294113e-15
1.062485240977286471e+00 -4.496186409297386888e-15
1.060126734471159793e+00 -4.235977887900865824e-15
1.057963796295868120e+00 -4.002115479295742517e-15
1.055975186918657327e+00 -3.790696055661069153e-15
1.054141806894147937e+00 -3.598358590262140666e-15
1.052446706945326715e+00 -3.422826258536737498e-15
1.050874957091181061e+00 -3.263014858312374145e-15
1.049413456516115062e+00 -3.117081245895825248e-15
1.048050727356854228e+00 -2.982423336073125597e-15
1.046776714263454311e+00 -2.858065346889038238e-15
1.045582599887508790e+00 -2.744983060298800126e-15
1.044460640129820428e+00 -2.638405986743475040e-15
1.043404019668817018e+00 -2.540068849699039788e-15
1.042406726654238502e+00 -2.448670606558511764e-15
1.041463444734291866e+00 -2.363777576452896767e-15
1.040569460362981147e+00 -2.284088716775212191e-15
1.039720583368160201e+00 -2.209278766873712385e-15
1.038913078916373633e+00 -2.138697205444906047e-15
1.038143609214413399e+00 -2.073102974009533028e-15
1.037409183500653143e+00 -2.010978189526113624e-15
1.036707115081951569e+00 -1.952539692429144935e-15
1.036034984355397315e+00 -1.897028541197887108e-15
1.035390606915397749e+00 -1.845095257135831446e-15
1.034772005985757026e+00 -1.795113536984249691e-15
1.034177388535053366e+00 -1.747950742481130249e-15
1.033605124534071606e+00 -1.702956352322981814e-15
1.033053728898660761e+00 -1.659696685640810188e-15
1.032521845732468302e+00 -1.619581205258846524e-15
1.032008234543612346e+00 -1.580658347266616914e-15
1.031511758159332048e+00 -1.543470212750364112e-15
1.031031372104558308e+00 -1.508233642144585218e-15
1.030566115245501457e+00 -1.473864433276794728e-15
1.030115101528888966e+00 -1.441229947884981044e-15
1.029677512672326323e+00 -1.409679664665652865e-15
1.029252591682188633e+00 -1.379864104922301493e-15
1.028839637093114989e+00 -1.350807486699689974e-15
1.028437997838121287e+00 -1.322943490866812510e-15
1.028047068671011033e+00 -1.295838436554674900e-15
1.027666286073508406e+00 -1.270034424849519894e-15
1.027295124588695874e+00 -1.245097774882353292e-15
1.026933093530127961e+00 -1.220703226001429442e-15
1.026579734022668999e+00 -1.197067618641245446e-15
1.026234616336806793e+00 -1.174299373019049852e-15
1.025897337483087757e+00 -1.152723749786588314e-15
1.025567519037541286e+00 -1.131148126554126776e-15
1.025244805172578433e+00 -1.110873545928647843e-15
1.024928860870995662e+00 -1.091032646172163112e-15
1.024619370303413657e+00 -1.070866485763932729e-15
1.024316035351841458e+00 -1.051784527528187851e-15
1.024018574264089487e+00 -1.033569931030431377e-15
1.023726720425534920e+00 -1.015572174967172003e-15
1.023440221236291192e+00 -9.977912593384097306e-16
1.023158837083182116e+00 -9.808777054476358614e-16
1.022882340397108125e+00 -9.645062526431047445e-16
1.022610514787425373e+00 -9.477011189695794258e-16
1.022343154245871633e+00 -9.319801874685396115e-16
1.022080062413368795e+00 -9.171266177054882007e-16
1.021821051903742283e+00 -9.015141064216969369e-16
1.021565943679012989e+00 -8.863352760068998748e-16
1.021314566471470453e+00 -8.715901264610970145e-16
1.021066756248220742e+00 -8.574954982187854569e-16
1.020822355714333440e+00 -8.430756093247282479e-16
1.020581213851090130e+00 -8.295230821686594425e-16
1.020343185486180859e+00 -8.160789752298391875e-16
1.020108130892993792e+00 -8.029059188341403086e-16
1.019875915416409651e+00 -7.896244422211928793e-16
1.019646409122755726e+00 -7.770476970203610279e-16
1.019419486471784486e+00 -7.635493799729164976e-16
1.019195026008732352e+00 -7.515689459669516737e-16
1.018972910074684712e+00 -7.391006209833683727e-16
1.018753024533625595e+00 -7.266865061084093469e-16
1.018535258514685626e+00 -7.148144923196930733e-16
1.018319504168222478e+00 -7.029424785309767998e-16
1.018105656434477257e+00 -6.912873051767576271e-16
1.017893612823650651e+00 -6.799573924742841058e-16
1.017683273206320793e+00 -6.679769584683192818e-16
1.017474539613212992e+00 -6.566470457658457605e-16
1.017267316043391823e+00 -6.460760745841120922e-16
1.017061508280012294e+00 -6.348003719902628461e-16
1.016857023712817165e+00 -6.231451986360436734e-16
1.016653771166623921e+00 -6.125200173456857300e-16
1.016451660735072204e+00 -6.010274743173393830e-16
1.016250603618958470e+00 -5.905649233528542652e-16
1.016050511968499048e+00 -5.793434308676292943e-16
1.015851298728901897e+00 -5.687182495772713509e-16
1.015652877488646633e+00 -5.584725390472833340e-16
1.015455162329889083e+00 -5.473594667793069135e-16
1.015258067680427700e+00 -5.360837641854576674e-16
1.015061508166674731e+00 -5.261091041985910266e-16
1.014865398467088786e+00 -5.152670824737359823e-16
1.014669653165525709e+00 -5.047503214006265893e-16
1.014474186603967487e+00 -4.941251401102686458e-16
1.014278912734092764e+00 -4.833915386026621519e-16
1.014083744967135381e+00 -4.730916179640498598e-16
1.013888596021482957e+00 -4.624664366736919163e-16
1.013693377767446169e+00 -4.510281037539698445e-16
1.013498001068618981e+00 -4.405113426808604515e-16
1.013302375619232309e+00 -4.295609007387568568e-16
1.013106409776878047e+00 -4.188272992311503629e-16
1.012910010389961979e+00 -4.074973865286768415e-16
1.012713082619207894e+00 -3.968179951296946228e-16
1.012515529752507026e+00 -3.859217632962153033e-16
1.012317253012369633e+00 -3.744292202678689563e-16
1.012118151355191564e+00 -3.631535176740197102e-16
1.011918121261506709e+00 -3.516067645370490879e-16
1.011717056516343360e+00 -3.403852720518241171e-16
1.011514847978748133e+00 -3.282964178286107426e-16
1.011311383339479120e+00 -3.169665051261372213e-16
1.011106546865807809e+00 -3.051487014460452230e-16
1.010900219132291999e+00 -2.930056371142075733e-16
1.010692276736308459e+00 -2.809709929996184741e-16
1.010482591997050816e+00 -2.677437264952953200e-16
1.010271032636603339e+00 -2.559259228152033216e-16
1.010057461441612014e+00 -2.428070765281287180e-16
1.009841735903966864e+00 -2.294171796979327382e-16
1.009623707838803730e+00 -2.157020222159911071e-16
1.009403222978020764e+00 -2.028000163634136044e-16
1.009180120537383152e+00 -1.885969679038534963e-16
1.008954232755176150e+00 -1.739602385752991864e-16
1.008725384400231961e+00 -1.590524587036235005e-16
1.008493392247044262e+00 -1.444699394836934658e-16
1.008258064515556551e+00 -1.294537393947692294e-16
1.008019200273108540e+00 -1.130280764816138372e-16
1.007776588795918693e+00 -9.725293487194974773e-17
1.007530008887416395e+00 -8.120674271916428211e-17
1.007279228150689265e+00 -6.510634045775454126e-17
1.007024002212315583e+00 -4.672911363412524111e-17
1.006764073894926836e+00 -2.900240811398724361e-17
1.006499172335988623e+00 -1.051676107310939301e-17
1.006229012050575911e+00 9.215718466126787689e-18
1.005953291936338756e+00 2.846030702774449139e-17
1.005671694219499646e+00 4.884330787047197475e-17
1.005383883341641971e+00 7.031051088568496255e-17
1.005089504788328147e+00 9.204876444401932645e-17
1.004788183862346918e+00 1.144375393058449930e-16
1.004479524406783009e+00 1.385610376436474667e-16
1.004163107486312878e+00 1.636061078280626191e-16
1.003838490039422604e+00 1.875669758399922671e-16
1.003505203519960309e+00 2.151057110211240797e-16
1.003162752553999448e+00 2.420481350073888649e-16
1.002810613647995952e+00 2.734357879008442183e-16
1.002448233997448535e+00 3.021129353630858105e-16
1.002075030462707517e+00 3.342595297772810170e-16
1.001690388801624643e+00 3.680324274502044801e-16
1.001293663279155366e+00 4.026726868611163468e-16
1.000884176814268223e+00 4.400234517032419745e-16
1.000461221877825047e+00 4.772115862194947766e-16
1.000024062425830529e+00 5.186281092084410460e-16
9.995719372465504682e-01 5.617251455647398473e-16
9.991040652254773446e-01 6.076953176781252353e-16
9.986196531999272930e-01 6.560507345709787330e-16
9.981179073001243962e-01 7.077129680899130193e-16
9.975980489764858516e-01 7.613809756279454888e-16
9.970593373216654065e-01 8.199821030507870034e-16
9.965010998497116912e-01 8.822695178600792332e-16
9.959227746473134912e-01 9.477011189695794258e-16
9.953239678382312938e-01 1.018336890507010040e-15
9.947045317051775859e-01 1.093526311168879772e-15
9.940646707371065816e-01 1.172022548456830293e-15
9.934050855122460444e-01 1.259083982907416299e-15
9.927271679602744925e-01 1.349614864309955919e-15
9.920332665399361760e-01 1.450825137111477758e-15
9.913270467125497865e-01 1.558594833056536899e-15
9.906139814203525074e-01 1.669888186062173929e-15
9.899020188601255210e-01 1.791644090032296077e-15
9.892024915051392808e-01 1.922127821490926536e-15
9.885313517159125540e-01 2.061068329894943929e-15
9.879108452393419171e-01 2.210308758937573614e-15
9.873717620943537332e-01 2.370282789487809794e-15
9.869564273613511407e-01 2.538713596983432907e-15
9.867225939619445052e-01 2.707252824696304572e-15
9.867483358392930004e-01 2.892922446734447206e-15
9.871378338283804954e-01 3.085639382893745619e-15
9.880274545657483642e-01 3.274995292318338969e-15
9.895905183805485672e-01 3.477632678355879747e-15
9.920373612052413304e-01 3.687805269492194782e-15
9.956046178106217059e-01 3.925570805918265904e-15
1.000524803029852361e+00 4.204861285550531846e-15
1.006966970552080731e+00 4.546547600209338569e-15
1.014947145089672542e+00 4.971609061932280582e-15
1.024229265045730530e+00 5.507747036226362525e-15
1.034268906197842286e+00 6.119996003028926879e-15
1.044264865169088008e+00 6.683510082178267808e-15
1.053339786037593262e+00 7.115347807479244224e-15
1.060779603819943961e+00 7.270009247384301432e-15
1.066205821153079158e+00 7.146572830046826752e-15
1.069601582033377074e+00 6.738750182866404259e-15
1.071214828362151650e+00 6.133277479641874308e-15
1.071420034896089390e+00 5.433967078388723948e-15
1.070605421727559126e+00 4.703594284893863886e-15
1.069108888330007057e+00 3.990297675615650519e-15
1.067195163155370219e+00 3.343083188750428647e-15
1.065057373869090718e+00 2.760053470496348638e-15
1.062829075122986966e+00 2.250803710079907205e-15
1.060598490080563616e+00 1.811593410006029359e-15
1.058421221398233358e+00 1.434778944958692293e-15
1.056330280317322012e+00 1.114668253532347109e-15
1.054343482294414658e+00 8.414493060659999912e-16
1.052468680162968351e+00 6.082374187643679875e-16
1.050707367979702100e+00 4.093405302219021991e-16
1.049057115235542126e+00 2.405302519659091587e-16
1.047513185750496456e+00 9.622294280808851852e-17
1.046069598850235982e+00 -2.580401170515500553e-17
1.044719813889985138e+00 -1.327605560208500179e-16
1.043457162818216544e+00 -2.231830172061410877e-16
1.042275115559419651e+00 -3.021129353630858105e-16
1.041167435384794837e+00 -3.686829487536957828e-16
1.040128262604676168e+00 -4.271214458506644718e-16
1.039152152175141230e+00 -4.774284266539918775e-16
1.038234082235109490e+00 -5.215012449655276328e-16
1.037369444834826293e+00 -5.591772704593989118e-16
1.036554026261577333e+00 -5.919201760684611457e-16
1.035783981790326491e+00 -6.204889033134541876e-16
1.035055807965787666e+00 -6.456966038237421657e-16
1.034366314376340190e+00 -6.675974877079493552e-16
1.033712596119950033e+00 -6.862999751833243067e-16
1.033092007661016387e+00 -7.031593189654739007e-16
1.032502138449516549e+00 -7.169286865560398070e-16
1.031940790462688939e+00 -7.296138519741202089e-16
1.031405957696169384e+00 -7.400764029386053267e-16
1.030895807549967458e+00 -7.492379112961078391e-16
1.030408664007418817e+00 -7.575320579156219480e-16
1.029942992480435304e+00 -7.638746406246621490e-16
1.029497386184067276e+00 -7.695667020302110473e-16
