-8.194301869872450128e-01
0.000000000000000000e+00
9.435456592541149323e-01
0.000000000000000000e+00
-6.880028714004382540e-01
0.000000000000000000e+00
-5.707224459558499774e-01
0.000000000000000000e+00
-3.309497199495389230e-01
0.000000000000000000e+00
6.396899068044707981e-01
0.000000000000000000e+00
5.325376460029954684e-01
0.000000000000000000e+00
-1.180453255908694016e-01
0.000000000000000000e+00
2.806912748897201770e-01
0.000000000000000000e+00
1.108908550008310401e-01
0.000000000000000000e+00
