1.020229464935455077e+00 0.000000000000000000e+00
1.025835777068659027e+00 0.000000000000000000e+00
1.038765918665275789e+00 0.000000000000000000e+00
1.092547406494109863e+00 0.000000000000000000e+00
8.259431628575681916e-01 0.000000000000000000e+00
9.561209420281997495e-01 0.000000000000000000e+00
9.741956837695908700e-01 0.000000000000000000e+00
9.807148256398230401e-01 0.000000000000000000e+00
9.835032168660491347e-01 0.000000000000000000e+00
9.844598057828294335e-01 0.000000000000000000e+00
9.841916498098810528e-01 0.000000000000000000e+00
9.828241379442157477e-01 0.000000000000000000e+00
9.801501965928962612e-01 0.000000000000000000e+00
9.754819560868152051e-01 0.000000000000000000e+00
9.669334780791437600e-01 0.000000000000000000e+00
9.480201471006742819e-01 0.000000000000000000e+00
8.747552494504309273e-01 0.000000000000000000e+00
1.280421104404563915e+00 0.000000000000000000e+00
1.063575953288454556e+00 0.000000000000000000e+00
1.034245517061373132e+00 0.000000000000000000e+00
1.022024609137586859e+00 0.000000000000000000e+00
1.014799860537374920e+00 0.000000000000000000e+00
1.009530815689420269e+00 0.000000000000000000e+00
1.005018885935073270e+00 0.000000000000000000e+00
1.000588170476709449e+00 0.000000000000000000e+00
9.956646655118545075e-01 0.000000000000000000e+00
9.895034331110330594e-01 0.000000000000000000e+00
9.807458806594563372e-01 0.000000000000000000e+00
9.661022992587557923e-01 0.000000000000000000e+00
9.341681779200174951e-01 0.000000000000000000e+00
7.964696867115008683e-01 0.000000000000000000e+00
1.327011007957736632e+00 0.000000000000000000e+00
1.104295917608907551e+00 0.000000000000000000e+00
1.065940189588566733e+00 0.000000000000000000e+00
1.049768228401638304e+00 0.000000000000000000e+00
1.040687320189580989e+00 0.000000000000000000e+00
1.034757038644897653e+00 0.000000000000000000e+00
1.030490368928280720e+00 0.000000000000000000e+00
1.027197899164148387e+00 0.000000000000000000e+00
1.024512952137177857e+00 0.000000000000000000e+00
1.022219122266851521e+00 0.000000000000000000e+00
1.020176765401334285e+00 0.000000000000000000e+00
1.018287566218055495e+00 0.000000000000000000e+00
1.016475449161345024e+00 0.000000000000000000e+00
1.014674906699223778e+00 0.000000000000000000e+00
1.012822514028167697e+00 0.000000000000000000e+00
1.010849144867667082e+00 0.000000000000000000e+00
1.008670790183495258e+00 0.000000000000000000e+00
1.006175244852871575e+00 0.000000000000000000e+00
1.003199781214120234e+00 0.000000000000000000e+00
9.994893868436887097e-01 0.000000000000000000e+00
9.946102545034568587e-01 0.000000000000000000e+00
9.877482652038153121e-01 0.000000000000000000e+00
9.771609890519522557e-01 0.000000000000000000e+00
9.583059939090174950e-01 0.000000000000000000e+00
9.143957925083128213e-01 0.000000000000000000e+00
6.895504164344384845e-01 0.000000000000000000e+00
1.333197549424588235e+00 0.000000000000000000e+00
1.128204667732672029e+00 0.000000000000000000e+00
1.085962972633738755e+00 0.000000000000000000e+00
1.067674752285628914e+00 0.000000000000000000e+00
1.057445883986888324e+00 0.000000000000000000e+00
1.050906388235629985e+00 0.000000000000000000e+00
1.046369982861090397e+00 0.000000000000000000e+00
1.043050007197754869e+00 0.000000000000000000e+00
1.040532586907380042e+00 0.000000000000000000e+00
1.038582656155826678e+00 0.000000000000000000e+00
1.037061870252959261e+00 0.000000000000000000e+00
1.035891511993725533e+00 0.000000000000000000e+00
1.035037576658979219e+00 0.000000000000000000e+00
1.034512101284968288e+00 0.000000000000000000e+00
1.034398044337076161e+00 0.000000000000000000e+00
1.034937248914091557e+00 0.000000000000000000e+00
1.036877341608647640e+00 0.000000000000000000e+00
1.043645925990436263e+00 0.000000000000000000e+00
1.151429485346144421e+00 0.000000000000000000e+00
1.004493182480852953e+00 0.000000000000000000e+00
1.015621910003660533e+00 0.000000000000000000e+00
1.018538275579370156e+00 0.000000000000000000e+00
1.019643645456152381e+00 0.000000000000000000e+00
1.020051775675851591e+00 0.000000000000000000e+00
1.020104874307366627e+00 0.000000000000000000e+00
1.019933153476203058e+00 0.000000000000000000e+00
1.019584086399399459e+00 0.000000000000000000e+00
1.019059251586229342e+00 0.000000000000000000e+00
1.018319209813276949e+00 0.000000000000000000e+00
1.017264228434676898e+00 0.000000000000000000e+00
1.015668076772779260e+00 0.000000000000000000e+00
1.012955350830381462e+00 0.000000000000000000e+00
1.007188756357390469e+00 0.000000000000000000e+00
9.854585100428113753e-01 0.000000000000000000e+00
1.111427501399330886e+00 0.000000000000000000e+00
1.042259375236669561e+00 0.000000000000000000e+00
1.033306695028653355e+00 0.000000000000000000e+00
1.029697552794564652e+00 0.000000000000000000e+00
1.027691689880737780e+00 0.000000000000000000e+00
1.026374110156371477e+00 0.000000000000000000e+00
1.025409500042567590e+00 0.000000000000000000e+00
1.024644014634581213e+00 0.000000000000000000e+00
1.023994869743495739e+00 0.000000000000000000e+00
1.023410737778405855e+00 0.000000000000000000e+00
1.022854467667711376e+00 0.000000000000000000e+00
1.022293720965941954e+00 0.000000000000000000e+00
1.021693946137999021e+00 0.000000000000000000e+00
1.021010278261235138e+00 0.000000000000000000e+00
1.020173983787297178e+00 0.000000000000000000e+00
1.019063454434556260e+00 0.000000000000000000e+00
1.017428890652927631e+00 0.000000000000000000e+00
1.014647039269177764e+00 0.000000000000000000e+00
1.008579945048297510e+00 0.000000000000000000e+00
9.837409344353366114e-01 0.000000000000000000e+00
1.096845898653076690e+00 0.000000000000000000e+00
1.043587334111392595e+00 0.000000000000000000e+00
1.035495813690042066e+00 0.000000000000000000e+00
1.032260810723703015e+00 0.000000000000000000e+00
1.030558741411846890e+00 0.000000000000000000e+00
1.029549413452123474e+00 0.000000000000000000e+00
1.028924790122090149e+00 0.000000000000000000e+00
1.028549023385497918e+00 0.000000000000000000e+00
1.028357645563654499e+00 0.000000000000000000e+00
1.028322667985296590e+00 0.000000000000000000e+00
1.028440090457135359e+00 0.000000000000000000e+00
1.028728060891912266e+00 0.000000000000000000e+00
1.029234114951001589e+00 0.000000000000000000e+00
1.030057689078983874e+00 0.000000000000000000e+00
1.031411888907074026e+00 0.000000000000000000e+00
1.033818862024284746e+00 0.000000000000000000e+00
1.038946029934596060e+00 0.000000000000000000e+00
1.056444232180312692e+00 0.000000000000000000e+00
8.599990083834376797e-01 0.000000000000000000e+00
1.001275076247057916e+00 0.000000000000000000e+00
1.012042416697402691e+00 0.000000000000000000e+00
1.016096460953912040e+00 0.000000000000000000e+00
1.018307270799405639e+00 0.000000000000000000e+00
1.019779058822133599e+00 0.000000000000000000e+00
1.020907843751866606e+00 0.000000000000000000e+00
1.021879392977628642e+00 0.000000000000000000e+00
1.022803148271768769e+00 0.000000000000000000e+00
1.023761632996162296e+00 0.000000000000000000e+00
1.024836191714181499e+00 0.000000000000000000e+00
1.026129214853636729e+00 0.000000000000000000e+00
1.027796700573396782e+00 0.000000000000000000e+00
1.030115563844094195e+00 0.000000000000000000e+00
1.033657945107198994e+00 0.000000000000000000e+00
1.039862864692681965e+00 0.000000000000000000e+00
1.053737444601264173e+00 0.000000000000000000e+00
1.113205000212438067e+00 0.000000000000000000e+00
8.691258400093982983e-01 0.000000000000000000e+00
9.757174007660920356e-01 0.000000000000000000e+00
9.931378431516540983e-01 0.000000000000000000e+00
1.000242886863464298e+00 0.000000000000000000e+00
1.004067502157408587e+00 0.000000000000000000e+00
1.006425796711359233e+00 0.000000000000000000e+00
1.007993988096816951e+00 0.000000000000000000e+00
1.009078762911765903e+00 0.000000000000000000e+00
1.009835533496792337e+00 0.000000000000000000e+00
1.010345997545973873e+00 0.000000000000000000e+00
1.010648610421169602e+00 0.000000000000000000e+00
1.010748409719288921e+00 0.000000000000000000e+00
1.010611836363412896e+00 0.000000000000000000e+00
1.010137459875996901e+00 0.000000000000000000e+00
1.009055401455473122e+00 0.000000000000000000e+00
1.006503236323057271e+00 0.000000000000000000e+00
9.978256002445424766e-01 0.000000000000000000e+00
1.212106969169222115e+00 0.000000000000000000e+00
1.029826521305062803e+00 0.000000000000000000e+00
1.022976655082778796e+00 0.000000000000000000e+00
1.020656061829224859e+00 0.000000000000000000e+00
1.019524539565031640e+00 0.000000000000000000e+00
1.018873474454597083e+00 0.000000000000000000e+00
