9.213429171191138689e-01
9.965545838227148900e-01
9.735732412188368157e-01
9.686984109695293554e-01
9.582523461495847661e-01
9.512883029362882992e-01
9.631271763988922263e-01
9.798408801108036137e-01
9.450206640443216122e-01
9.088076393351802729e-01
9.415386424376733787e-01
9.262177473684213291e-01
9.345745992243770228e-01
9.380566208310251453e-01
9.422350467590030476e-01
1.003518627036011246e+00
9.401458337950141519e-01
1.006304244321329922e+00
9.192537041551248622e-01
9.833229017174517361e-01
9.798408801108036137e-01
9.812336887534628405e-01
9.290033646537398937e-01
9.290033646537398937e-01
9.512883029362882992e-01
9.937689665373964365e-01
9.074148306925210461e-01
9.512883029362882992e-01
8.997543831578950213e-01
9.025400004432135859e-01
9.060220220498617083e-01
9.178608955124656354e-01
9.415386424376733787e-01
8.523988893074794237e-01
8.823442751246539650e-01
8.315067596675902450e-01
7.270461114681442405e-01
1.232635648753462876e+00
1.344060340166205236e+00
1.208261497506925464e+00
1.087783549916897741e+00
1.082212315346260612e+00
1.097533210415512661e+00
9.965545838227148900e-01
1.078033889418282820e+00
1.015357500498615284e+00
9.881977319667593074e-01
1.001429414072022350e+00
9.812336887534628405e-01
9.373602165096955874e-01
1.041124460387811812e+00
9.714840282548479200e-01
9.547703245429365326e-01
9.791444757894739448e-01
9.714840282548479200e-01
9.875013276454296385e-01
1.020928735069252413e+00
9.617343677562328885e-01
1.027892778282548658e+00
9.861085190027703007e-01
9.686984109695293554e-01
9.478062813296401767e-01
9.937689665373964365e-01
9.129860652631581752e-01
9.854121146814407428e-01
9.742696455401664846e-01
9.519847072576179681e-01
1.002822222714681688e+00
9.721804325761775889e-01
9.478062813296401767e-01
9.916797535734074298e-01
8.934867442659282233e-01
9.533775159002773059e-01
9.575559418282550972e-01
9.450206640443216122e-01
9.192537041551248622e-01
9.944653708587259944e-01
9.875013276454296385e-01
9.220393214404434268e-01
9.095040436565099418e-01
9.512883029362882992e-01
9.610379634349033307e-01
9.666091980055404598e-01
8.997543831578950213e-01
9.338781949030473539e-01
9.317889819390584583e-01
9.582523461495847661e-01
8.677197843767315844e-01
9.025400004432135859e-01
8.795586578393354005e-01
8.363815899168977053e-01
8.238463121329642203e-01
8.426492288088645033e-01
8.113110343490307352e-01
8.851298924099725296e-01
7.848476701385043164e-01
1.091265571523545974e+00
1.406736729085872994e+00
1.312025741385041799e+00
1.252831374072022497e+00
1.131657022160665216e+00
1.095443997451523765e+00
1.135139043767313227e+00
1.044606481994460045e+00
1.085694336952908845e+00
1.020928735069252413e+00
1.000733009750692792e+00
9.861085190027703007e-01
9.798408801108036137e-01
1.032767608531856229e+00
9.373602165096955874e-01
9.902869449307482030e-01
9.777516671468146070e-01
1.003518627036011246e+00
9.930725622160667676e-01
9.756624541828257113e-01
9.756624541828257113e-01
9.610379634349033307e-01
9.519847072576179681e-01
9.930725622160667676e-01
9.575559418282550972e-01
9.735732412188368157e-01
9.366638121883659185e-01
9.666091980055404598e-01
1.009786265927978155e+00
1.055052546814404746e+00
9.895905406094185341e-01
1.040428056066482254e+00
9.680020066481996865e-01
9.519847072576179681e-01
9.714840282548479200e-01
9.443242597229919433e-01
9.443242597229919433e-01
9.673056023268700176e-01
9.122896609418285063e-01
9.582523461495847661e-01
9.394494294736844830e-01
9.471098770083105078e-01
8.746838275900279402e-01
9.526811115789476370e-01
8.990579788365653524e-01
8.788622535180057316e-01
8.879155096952910942e-01
8.677197843767315844e-01
8.746838275900279402e-01
8.224535034903048825e-01
8.551845065927979883e-01
7.862404787811636542e-01
7.702231793905819357e-01
7.716159880332411625e-01
7.674375621052633711e-01
8.384708028808866009e-01
1.013268287534626388e+00
1.137228256731302345e+00
1.192940602437673414e+00
1.176226898725762027e+00
1.185280154903047389e+00
1.184583750581717831e+00
1.125389383268698307e+00
1.159513195013850639e+00
1.057838164099723199e+00
1.124692978947368749e+00
1.007000648642659479e+00
9.909833492520778719e-01
9.951617751800556633e-01
9.972509881440445589e-01
9.979473924653742278e-01
1.019535926426593075e+00
1.033464012853185787e+00
1.155334769085872848e+00
1.192244198116343856e+00
1.245170926537396472e+00
1.155334769085872848e+00
1.229153627146814642e+00
1.182494537617728936e+00
1.207565093185595906e+00
1.097533210415512661e+00
1.147674321551246823e+00
1.140013874016620798e+00
1.091265571523545974e+00
1.142103086980609694e+00
1.153941960443213510e+00
1.136531852409972565e+00
1.102408040664820232e+00
1.078033889418282820e+00
1.105890062271468466e+00
1.126085787590028087e+00
1.075248272132964367e+00
1.135835448088643007e+00
1.098926019058171999e+00
1.144888704265928370e+00
1.103800849307479570e+00
