9.579213905145117502e-01 0.000000000000000000e+00
9.532664627833570270e-01 0.000000000000000000e+00
9.469752336651794389e-01 0.000000000000000000e+00
9.378227722357045382e-01 0.000000000000000000e+00
9.228116985537246908e-01 0.000000000000000000e+00
8.919258048076879053e-01 0.000000000000000000e+00
7.760309851292244154e-01 0.000000000000000000e+00
1.341513876511721826e+00 0.000000000000000000e+00
1.048551245796662812e+00 0.000000000000000000e+00
9.991699285466184577e-01 0.000000000000000000e+00
9.684159928356539382e-01 0.000000000000000000e+00
9.295057314614130206e-01 0.000000000000000000e+00
8.110015756106173646e-01 0.000000000000000000e+00
1.364021884268732610e+00 0.000000000000000000e+00
1.062344035984899904e+00 0.000000000000000000e+00
9.711036399524601848e-01 0.000000000000000000e+00
1.152551650364500357e+00 0.000000000000000000e+00
1.050790562983237697e+00 0.000000000000000000e+00
1.026883083374834138e+00 0.000000000000000000e+00
1.012140505503180465e+00 0.000000000000000000e+00
9.990238560941291368e-01 0.000000000000000000e+00
9.831933777738224300e-01 0.000000000000000000e+00
9.554152421542453366e-01 0.000000000000000000e+00
8.531118009142932834e-01 0.000000000000000000e+00
1.280379432091599323e+00 0.000000000000000000e+00
1.080474863667336916e+00 0.000000000000000000e+00
1.046106384570026027e+00 0.000000000000000000e+00
1.029373744172659810e+00 0.000000000000000000e+00
1.016649719653198281e+00 0.000000000000000000e+00
1.001248074434504698e+00 0.000000000000000000e+00
9.573372297503272010e-01 0.000000000000000000e+00
1.139230388473473798e+00 0.000000000000000000e+00
1.047335602357088780e+00 0.000000000000000000e+00
1.031241691181616238e+00 0.000000000000000000e+00
1.023096178196502004e+00 0.000000000000000000e+00
1.017102430959760051e+00 0.000000000000000000e+00
1.011074132267921533e+00 0.000000000000000000e+00
1.000435480625275986e+00 0.000000000000000000e+00
1.118946633916678479e+00 0.000000000000000000e+00
1.019414588120750587e+00 0.000000000000000000e+00
1.010596957931682249e+00 0.000000000000000000e+00
1.004019850575736283e+00 0.000000000000000000e+00
9.954837448496438590e-01 0.000000000000000000e+00
9.772842679211333206e-01 0.000000000000000000e+00
8.235305996355621883e-01 0.000000000000000000e+00
1.068922017659857948e+00 0.000000000000000000e+00
1.032142706027426193e+00 0.000000000000000000e+00
1.015230614671502885e+00 0.000000000000000000e+00
1.188019292540314353e+00 0.000000000000000000e+00
1.031134148178694421e+00 0.000000000000000000e+00
1.023355120669397378e+00 0.000000000000000000e+00
1.019624167150146477e+00 0.000000000000000000e+00
1.017138941782154360e+00 0.000000000000000000e+00
1.015235198369672798e+00 0.000000000000000000e+00
1.013651965185753179e+00 0.000000000000000000e+00
1.012254190752230443e+00 0.000000000000000000e+00
1.010954921262513295e+00 0.000000000000000000e+00
1.009683240350469413e+00 0.000000000000000000e+00
1.008361397663647629e+00 0.000000000000000000e+00
1.006864068318037209e+00 0.000000000000000000e+00
1.004811503564439823e+00 0.000000000000000000e+00
8.229059741045294807e-01 0.000000000000000000e+00
1.002739347730377650e+00 0.000000000000000000e+00
9.981194920527604042e-01 0.000000000000000000e+00
9.894674575268895822e-01 0.000000000000000000e+00
9.550752624140498304e-01 0.000000000000000000e+00
1.100856252008871161e+00 0.000000000000000000e+00
1.034309218076566728e+00 0.000000000000000000e+00
1.023486516280074143e+00 0.000000000000000000e+00
1.018901656254054711e+00 0.000000000000000000e+00
