9.489234800000000414e-01
9.501995899999999828e-01
9.681278500000000120e-01
1.003738440000000010e+00
9.911634799999999856e-01
9.784142300000000514e-01
9.713460299999999714e-01
9.670809599999999895e-01
9.640563399999999561e-01
9.619629600000000336e-01
9.601671400000000300e-01
9.590246799999999627e-01
9.576609799999999950e-01
9.566013500000000169e-01
9.554151800000000305e-01
9.544693600000000444e-01
9.535351399999999478e-01
9.525204200000000343e-01
9.515986899999999693e-01
9.507776599999999689e-01
9.500245699999999571e-01
9.490128799999999476e-01
9.479705299999999779e-01
9.470762799999999926e-01
9.462339100000000114e-01
9.449022000000000254e-01
9.439455700000000116e-01
9.429089699999999574e-01
9.418625099999999861e-01
9.407537500000000552e-01
9.392923399999999479e-01
9.383039499999999977e-01
9.370275500000000424e-01
9.354265800000000075e-01
9.340594399999999631e-01
9.325160099999999508e-01
9.309468899999999714e-01
9.292314600000000091e-01
9.273204099999999839e-01
9.255386599999999575e-01
9.235841500000000481e-01
9.211647299999999872e-01
9.186833300000000202e-01
9.159762099999999574e-01
9.131647499999999695e-01
9.100357000000000030e-01
9.064665100000000031e-01
9.029057799999999911e-01
8.986267700000000191e-01
8.937639600000000240e-01
8.883592000000000155e-01
8.822927400000000198e-01
8.753503299999999543e-01
8.672828500000000496e-01
8.576819799999999550e-01
8.461683800000000533e-01
8.322438300000000178e-01
8.148993700000000118e-01
7.930535600000000462e-01
7.653313899999999448e-01
7.299977600000000511e-01
6.903912899999999908e-01
6.814766399999999669e-01
8.919486699999999990e-01
1.391870600000000069e+00
1.460737629999999898e+00
1.350894990000000018e+00
1.260906199999999977e+00
1.199534649999999925e+00
1.157116170000000110e+00
1.126087180000000076e+00
1.102744909999999967e+00
1.084507169999999965e+00
1.070039210000000018e+00
1.058059679999999947e+00
1.047688750000000057e+00
1.039159219999999939e+00
1.031588409999999900e+00
1.025121549999999937e+00
1.018996659999999999e+00
1.013892239999999889e+00
1.008736819999999978e+00
1.004317160000000042e+00
1.000199339999999992e+00
9.961902000000000257e-01
9.923855200000000210e-01
9.889780999999999711e-01
9.854572700000000518e-01
9.822346600000000372e-01
9.789089399999999497e-01
9.758680199999999472e-01
9.724038000000000403e-01
9.692631600000000125e-01
9.659738900000000017e-01
9.626808700000000218e-01
9.594154200000000188e-01
9.559441199999999528e-01
9.526186700000000007e-01
9.486375500000000516e-01
9.449565599999999455e-01
9.406409700000000207e-01
9.362140100000000409e-01
9.315384799999999466e-01
9.265076300000000264e-01
9.210954000000000086e-01
9.152015700000000198e-01
9.087359699999999485e-01
9.017556500000000197e-01
8.935096900000000231e-01
8.845409899999999714e-01
8.746594500000000050e-01
8.635411499999999796e-01
8.510241800000000190e-01
8.383040200000000386e-01
8.264062699999999984e-01
8.188838499999999687e-01
8.248051299999999975e-01
8.629051899999999886e-01
9.590380499999999753e-01
1.107296569999999925e+00
1.233932789999999891e+00
1.284832329999999967e+00
1.280445899999999915e+00
1.254639639999999945e+00
1.225139669999999903e+00
1.198230609999999974e+00
1.174974090000000082e+00
1.155458440000000087e+00
1.139180569999999948e+00
1.125395879999999904e+00
1.113349420000000034e+00
1.103382379999999996e+00
1.094123430000000008e+00
1.086606959999999900e+00
1.079614939999999912e+00
1.073511019999999982e+00
1.067934450000000091e+00
1.062977899999999920e+00
1.058607990000000054e+00
1.054194939999999914e+00
1.050453129999999957e+00
1.046849069999999937e+00
1.043739980000000012e+00
1.040827649999999993e+00
1.037926029999999944e+00
1.035202879999999936e+00
1.032738579999999962e+00
1.030412000000000106e+00
1.028036109999999947e+00
1.026033009999999912e+00
1.023960710000000107e+00
1.022036850000000108e+00
1.020150040000000091e+00
1.018315190000000037e+00
1.016558999999999990e+00
1.014845610000000065e+00
1.013350339999999905e+00
1.011706240000000090e+00
1.010180180000000094e+00
1.008743869999999987e+00
1.007394439999999891e+00
1.005638110000000029e+00
1.004233399999999943e+00
1.002922920000000051e+00
1.001540810000000059e+00
1.000106630000000107e+00
9.990324099999999818e-01
9.974893400000000021e-01
9.962254400000000176e-01
9.947545399999999649e-01
9.936375600000000308e-01
9.922516900000000195e-01
9.911107599999999795e-01
9.895820400000000516e-01
9.881992699999999630e-01
9.869684199999999574e-01
9.855270999999999892e-01
9.841882800000000264e-01
9.827931600000000545e-01
9.812365600000000354e-01
9.798652399999999707e-01
9.784359599999999935e-01
9.769824099999999678e-01
9.755789400000000056e-01
9.738247199999999770e-01
9.721216299999999588e-01
9.706246200000000490e-01
9.687679200000000046e-01
9.668270700000000106e-01
9.650242199999999881e-01
9.631079799999999747e-01
9.610481600000000402e-01
9.589045699999999561e-01
9.568200399999999828e-01
9.545220500000000108e-01
9.522045300000000490e-01
9.496491000000000238e-01
9.469272399999999479e-01
9.441467099999999446e-01
9.410502400000000378e-01
9.377989100000000411e-01
9.342822499999999808e-01
9.306797100000000489e-01
9.268294799999999833e-01
9.225322400000000034e-01
9.177224800000000071e-01
9.129245400000000066e-01
9.073360599999999998e-01
9.012616900000000042e-01
8.944778100000000398e-01
8.872739699999999674e-01
8.789989599999999959e-01
8.703217300000000156e-01
8.601969400000000210e-01
8.490826000000000207e-01
8.366200700000000490e-01
8.229595899999999631e-01
8.082564700000000046e-01
7.936291199999999657e-01
7.810952799999999474e-01
7.751542000000000154e-01
7.859002800000000066e-01
8.310553699999999600e-01
9.299563600000000374e-01
1.076943580000000011e+00
1.219613829999999899e+00
1.305194490000000096e+00
1.331225469999999911e+00
1.322752860000000030e+00
1.300153700000000079e+00
1.274472410000000000e+00
1.249885729999999917e+00
1.227623319999999962e+00
1.207996819999999971e+00
1.190974310000000091e+00
1.176126110000000002e+00
1.163314219999999954e+00
1.152087840000000085e+00
1.142245119999999892e+00
1.133712669999999978e+00
1.126179229999999976e+00
1.119619649999999966e+00
1.114336030000000033e+00
1.109486270000000108e+00
1.105273329999999943e+00
1.100328270000000108e+00
1.095303219999999911e+00
1.091222570000000003e+00
1.086978989999999978e+00
1.083028660000000087e+00
1.079700609999999950e+00
1.076265529999999915e+00
1.073415180000000024e+00
1.070605639999999914e+00
1.068054250000000094e+00
1.065442720000000065e+00
1.063180049999999932e+00
1.060900970000000054e+00
1.058668100000000001e+00
1.056943079999999924e+00
1.054889820000000089e+00
1.053183350000000074e+00
1.051667190000000085e+00
1.049960339999999936e+00
1.048165699999999978e+00
1.046816109999999966e+00
1.045380250000000011e+00
1.043660789999999894e+00
1.042589039999999967e+00
1.041282100000000099e+00
1.039772689999999944e+00
1.038904470000000080e+00
1.037671039999999989e+00
1.036341469999999987e+00
1.035318359999999993e+00
1.033922540000000057e+00
1.032926440000000001e+00
1.031896750000000029e+00
1.030699569999999898e+00
1.029696519999999893e+00
1.028806150000000086e+00
1.027785210000000005e+00
1.026660899999999987e+00
1.025697499999999929e+00
1.024677910000000081e+00
1.023642539999999990e+00
1.022795459999999990e+00
1.021701470000000000e+00
1.020829769999999970e+00
1.019957079999999960e+00
1.018689640000000063e+00
1.017879669999999903e+00
1.017088250000000027e+00
1.016117649999999983e+00
1.015064189999999922e+00
1.013887860000000085e+00
1.013093470000000051e+00
1.011845179999999900e+00
1.010905399999999954e+00
1.009979090000000079e+00
1.008881120000000076e+00
1.007870810000000006e+00
1.006892490000000029e+00
1.005709130000000062e+00
1.004746930000000038e+00
1.003370190000000051e+00
1.002082050000000057e+00
1.001052870000000095e+00
9.995596799999999504e-01
9.983304299999999909e-01
9.970054200000000311e-01
9.957641999999999882e-01
9.942634299999999481e-01
9.929847299999999821e-01
9.914481800000000122e-01
9.901332499999999648e-01
9.890705199999999531e-01
9.879902099999999798e-01
9.867861199999999888e-01
9.861113000000000239e-01
9.859003699999999704e-01
9.861008700000000182e-01
9.873680400000000024e-01
9.895884200000000241e-01
9.932546899999999956e-01
9.990656199999999876e-01
1.007090000000000041e+00
1.017526890000000073e+00
1.030343350000000102e+00
1.044849750000000022e+00
1.059690229999999955e+00
1.073522670000000012e+00
1.084798280000000004e+00
1.093032779999999926e+00
1.097957700000000036e+00
1.100118450000000081e+00
1.100234359999999967e+00
1.098731069999999921e+00
1.096189279999999933e+00
1.093145899999999893e+00
1.089822649999999893e+00
1.086775550000000035e+00
1.082937610000000106e+00
1.079769930000000100e+00
1.076710159999999972e+00
1.073885999999999896e+00
1.071162919999999907e+00
1.068528300000000097e+00
1.066041749999999899e+00
1.063768810000000009e+00
1.061736009999999952e+00
1.059737949999999929e+00
1.057930950000000037e+00
1.056094389999999938e+00
1.054491829999999908e+00
1.052904389999999912e+00
1.051483960000000106e+00
1.050174099999999999e+00
1.048878399999999989e+00
1.047569200000000089e+00
1.046464590000000028e+00
1.045103349999999987e+00
1.044093460000000029e+00
1.043235520000000083e+00
1.042467540000000081e+00
1.041371320000000100e+00
1.040454509999999999e+00
1.039786660000000085e+00
1.038747080000000045e+00
1.038082399999999961e+00
1.037178099999999992e+00
1.036505559999999937e+00
1.035749220000000026e+00
1.035204889999999933e+00
1.034266990000000108e+00
1.033800389999999902e+00
1.033344959999999979e+00
1.032860330000000104e+00
1.032124370000000013e+00
1.031588570000000038e+00
1.031136550000000041e+00
1.030753409999999981e+00
1.030023740000000076e+00
1.029685339999999893e+00
1.029345029999999994e+00
1.028793880000000049e+00
1.028646210000000005e+00
1.028246680000000080e+00
1.028292710000000110e+00
1.028108680000000108e+00
1.027977259999999893e+00
1.027907399999999916e+00
1.028143470000000059e+00
1.028518019999999922e+00
1.029105010000000098e+00
1.029817280000000057e+00
1.030768099999999965e+00
1.031632609999999950e+00
1.032813109999999979e+00
1.033798659999999980e+00
1.034843249999999992e+00
1.035855119999999907e+00
1.036433249999999973e+00
1.036665769999999931e+00
1.036817230000000034e+00
1.036466010000000049e+00
1.036130400000000007e+00
1.035533749999999920e+00
1.034745390000000098e+00
1.034196120000000052e+00
1.033399949999999956e+00
1.032507370000000035e+00
1.031731689999999979e+00
1.031010420000000094e+00
1.030292259999999960e+00
1.029832740000000024e+00
1.029306400000000066e+00
1.028496609999999922e+00
1.027990820000000083e+00
1.027336360000000060e+00
1.026842260000000007e+00
1.026446830000000032e+00
1.025961099999999959e+00
1.025502200000000030e+00
1.024971939999999915e+00
1.024617000000000111e+00
1.023977259999999889e+00
1.023723530000000048e+00
1.023301849999999957e+00
1.023033950000000081e+00
1.022750409999999999e+00
1.022346280000000052e+00
1.022043260000000009e+00
1.021354550000000083e+00
1.021341489999999963e+00
1.021049089999999993e+00
1.020708739999999892e+00
1.020381379999999893e+00
1.020317920000000100e+00
1.019901289999999960e+00
1.019549610000000106e+00
1.019220269999999928e+00
1.019096540000000051e+00
1.018883800000000006e+00
1.018444549999999893e+00
1.018148639999999938e+00
1.017990750000000055e+00
1.017733510000000008e+00
1.017611449999999973e+00
1.017272160000000092e+00
1.016853070000000026e+00
1.016727410000000109e+00
1.016437089999999932e+00
1.016523660000000051e+00
1.016085380000000038e+00
1.015730580000000050e+00
1.015622089999999922e+00
1.015595889999999946e+00
1.015194200000000047e+00
1.015058239999999889e+00
1.014759540000000015e+00
1.014651820000000093e+00
1.014396419999999965e+00
1.014148019999999928e+00
1.013962889999999950e+00
1.013766160000000083e+00
1.013595639999999909e+00
1.013173740000000045e+00
1.013140699999999894e+00
1.012875470000000000e+00
1.012624360000000001e+00
1.012260549999999926e+00
1.012359070000000028e+00
1.011869939999999968e+00
1.011696109999999926e+00
1.011855329999999942e+00
1.011337380000000064e+00
1.011141169999999923e+00
1.010996830000000068e+00
1.010915030000000048e+00
1.010795810000000072e+00
1.010656929999999898e+00
1.010332840000000010e+00
1.010142380000000006e+00
1.009978419999999932e+00
1.009743440000000048e+00
1.009926579999999907e+00
1.009708620000000057e+00
1.009531270000000092e+00
1.009741570000000088e+00
1.009651950000000076e+00
1.009893549999999918e+00
1.009926450000000031e+00
1.010070859999999904e+00
1.010459290000000010e+00
1.010849979999999926e+00
1.011442149999999929e+00
1.011682100000000029e+00
1.012572079999999985e+00
1.013622569999999889e+00
1.014534100000000105e+00
1.015617769999999975e+00
1.016883420000000093e+00
1.017983249999999895e+00
1.019295669999999987e+00
1.020238460000000069e+00
1.020997209999999988e+00
1.021605810000000059e+00
1.022365430000000019e+00
1.022367360000000058e+00
1.022130549999999971e+00
1.022227620000000003e+00
1.021781100000000109e+00
1.021362920000000063e+00
1.021022160000000012e+00
1.020473739999999907e+00
1.019795739999999951e+00
1.019143260000000106e+00
1.018352799999999947e+00
1.018029669999999998e+00
1.017153409999999925e+00
1.016633329999999891e+00
1.016140650000000090e+00
1.015456279999999989e+00
1.014961419999999892e+00
1.014578009999999919e+00
1.014013430000000104e+00
1.013546209999999892e+00
1.013021249999999984e+00
1.012399819999999950e+00
1.012003519999999934e+00
1.011488900000000024e+00
1.011353710000000072e+00
1.010882889999999978e+00
1.010662890000000091e+00
1.010445610000000105e+00
1.009796370000000110e+00
1.009242240000000068e+00
1.008727619999999936e+00
1.008495729999999924e+00
1.008256419999999931e+00
1.007812329999999923e+00
1.007622550000000006e+00
1.007030490000000000e+00
1.006741619999999893e+00
1.006446979999999991e+00
1.006014790000000048e+00
1.005770190000000008e+00
1.005414459999999899e+00
1.004850330000000014e+00
1.004513379999999900e+00
1.004322399999999949e+00
1.003934040000000083e+00
1.003657250000000056e+00
1.003163580000000055e+00
1.002806330000000079e+00
1.002337459999999902e+00
1.002068979999999998e+00
1.001783459999999959e+00
1.001271060000000102e+00
1.001040050000000070e+00
1.000574349999999946e+00
1.000117259999999897e+00
9.997044800000000064e-01
9.992656100000000263e-01
9.989535000000000498e-01
9.985030299999999581e-01
9.980083899999999675e-01
9.975298700000000407e-01
9.971072500000000005e-01
9.965864300000000231e-01
9.960319600000000495e-01
9.956965300000000241e-01
9.952144099999999938e-01
9.947620799999999930e-01
9.943655399999999922e-01
9.938849899999999682e-01
9.933435000000000459e-01
9.926536599999999932e-01
9.921848800000000468e-01
9.916767100000000168e-01
9.908518200000000498e-01
9.904764999999999819e-01
9.899554200000000304e-01
9.893894699999999931e-01
9.888196900000000289e-01
9.883695799999999698e-01
9.876852000000000409e-01
9.873191100000000553e-01
9.868309600000000348e-01
9.863680400000000015e-01
9.859194999999999487e-01
9.857592200000000471e-01
9.855494799999999778e-01
9.857899300000000364e-01
9.858277300000000132e-01
9.862814500000000040e-01
9.868303600000000175e-01
9.876609800000000217e-01
9.889458700000000047e-01
9.906339699999999748e-01
9.930688600000000532e-01
9.958799499999999583e-01
9.993748900000000157e-01
1.003462120000000013e+00
1.008496730000000063e+00
1.014024269999999950e+00
1.020248229999999978e+00
1.026772320000000072e+00
1.033668990000000010e+00
1.040340379999999953e+00
1.046850309999999951e+00
1.052649830000000009e+00
1.057668059999999910e+00
1.062023509999999948e+00
1.065426339999999916e+00
1.067852030000000063e+00
1.069704930000000109e+00
1.070393490000000059e+00
1.070916790000000063e+00
1.070630329999999963e+00
1.070195100000000066e+00
1.069159179999999987e+00
1.068081099999999894e+00
1.066948690000000033e+00
1.065323870000000062e+00
1.064096689999999956e+00
1.062706329999999921e+00
1.061166950000000053e+00
1.059845249999999961e+00
1.058480070000000106e+00
1.057020559999999998e+00
1.055779330000000016e+00
1.054486079999999992e+00
1.053220810000000007e+00
1.052014280000000079e+00
1.050910809999999973e+00
1.049572230000000106e+00
1.048704920000000040e+00
1.047773019999999944e+00
1.046716739999999923e+00
1.045867469999999910e+00
1.045083060000000064e+00
1.044069429999999965e+00
1.043208970000000013e+00
1.042507590000000040e+00
1.041765969999999930e+00
1.041082669999999988e+00
1.040220469999999953e+00
1.039628149999999973e+00
1.038858430000000110e+00
1.038210859999999958e+00
1.037802810000000076e+00
1.037111960000000055e+00
1.036858150000000034e+00
1.035933750000000098e+00
1.035808370000000034e+00
1.035098319999999905e+00
1.034711989999999915e+00
1.034368699999999919e+00
1.033785759999999998e+00
1.033537170000000005e+00
1.032875709999999891e+00
1.032553489999999963e+00
1.032104410000000083e+00
1.031715149999999914e+00
1.031424420000000008e+00
1.030956959999999922e+00
1.030723260000000030e+00
1.030328839999999913e+00
