9.744173432232757781e-01 -6.524699596781397584e-17
9.734798696641220328e-01 -7.251115052346685555e-17
9.724670513727795562e-01 -7.977530507911973525e-17
9.713678923832285150e-01 -8.866576289350087161e-17
9.701689451787174345e-01 -9.766464092513055842e-17
9.688535534918647496e-01 -1.086150828672341532e-16
9.674007890603546489e-01 -1.206497269818232524e-16
9.657839258744084221e-01 -1.342022541378920578e-16
9.639681963156286892e-01 -1.491642441181920190e-16
9.619073975258578546e-01 -1.677041012676941449e-16
9.595385907067472964e-01 -1.887376234139129309e-16
9.567735047958112471e-01 -2.148668957708135877e-16
9.534839630737051985e-01 -2.459834981211475650e-16
9.494758242348499966e-01 -2.865326593721054308e-16
9.444392377165627961e-01 -3.385743636514096437e-16
9.378455333776177794e-01 -4.105653879044471381e-16
9.287092537837577932e-01 -5.146487964630555637e-16
9.149518447988923553e-01 -6.815075108085746961e-16
8.912871360764544892e-01 -9.887704064909666527e-16
8.390875454245365628e-01 -1.746085623972091500e-15
6.117561595410148101e-01 -6.139923348186846572e-15
1.464893441389632844e+00 1.602255945314891844e-15
1.112514455972898331e+00 1.345625291087572944e-15
1.049974148079858116e+00 8.883088147331871739e-16
1.022683744508544157e+00 6.637705448114392056e-16
1.006504608511058496e+00 5.324736617234446186e-16
9.950698723993042227e-01 4.473637911833325206e-16
9.859229333922261418e-01 3.871905706103870245e-16
9.778600318385959334e-01 3.451235263179494524e-16
9.701559564387008949e-01 3.130311420123785212e-16
9.622661964241558952e-01 2.885281729142061210e-16
9.536733334742082402e-01 2.687956933749699403e-16
9.437673875674505997e-01 2.490632138357337596e-16
9.316992915169465261e-01 2.271623299515265700e-16
9.161390962199632559e-01 1.963709882529382441e-16
8.948292306164136178e-01 1.183084318339819248e-16
8.638842584902365340e-01 -9.701411962163925576e-17
8.191258480796509422e-01 -9.097320681167733795e-16
8.001373115548728876e-01 -4.304369070168887565e-15
1.129938084518540276e+00 -1.814607201273175183e-15
1.253459922665810744e+00 7.020428815001775121e-16
1.182540685439417150e+00 -1.781124421235549874e-16
1.132720429765774472e+00 -3.535363536317096048e-16
1.101596676254384510e+00 -3.717509501294660793e-16
1.080819239258475672e+00 -3.583068431906458244e-16
1.065980752952981669e+00 -3.450795766863226703e-16
1.054783138220479977e+00 -3.359722784374444330e-16
1.045947676298906392e+00 -3.320691506164966170e-16
1.038713841304798935e+00 -3.318523101819995162e-16
1.032601901635512132e+00 -3.374901614789241392e-16
1.027293231016740416e+00 -3.452964171208197711e-16
1.022566087385463396e+00 -3.565721197146690173e-16
1.018259130583321959e+00 -3.708835883914776758e-16
1.014249570711809767e+00 -3.899655466272225538e-16
1.010439374961343617e+00 -4.107822283389442390e-16
1.006746044308667543e+00 -4.355020378716137401e-16
1.003095993695777510e+00 -4.641249752252310571e-16
9.994193412356900952e-01 -4.970847212687903919e-16
9.956452961078975372e-01 -5.348149568712859462e-16
9.916974942269903837e-01 -5.768820011637235182e-16
9.874886298963084785e-01 -6.289237054430277311e-16
9.829135733771450223e-01 -6.861695801502623652e-16
9.778397929704155667e-01 -7.564258809273230525e-16
9.720931736972375781e-01 -8.379578842982329860e-16
9.654359369513207945e-01 -9.368371224289109903e-16
9.575306652323232193e-01 -1.058267765747287487e-15
9.478790098318823354e-01 -1.205719261205316090e-15
9.357124050555857275e-01 -1.396538843562764870e-15
9.197885624293629103e-01 -1.644604300627448285e-15
8.980028068340373260e-01 -1.967262867159134207e-15
8.666984177223109320e-01 -2.362779819681846225e-15
8.203531820490642668e-01 -2.751357878300651014e-15
7.655440051723638728e-01 -1.745218262234103096e-15
9.119376444096489731e-01 8.094133293506346940e-15
1.348271290755610696e+00 7.788821961734428892e-15
1.302433718121965844e+00 4.846730946477764060e-15
1.224296221707170007e+00 3.601199490726416566e-15
1.175292957083756251e+00 2.832716990868691023e-15
1.143942977288530560e+00 2.325310374145474948e-15
1.122540953215340087e+00 1.974462551129165713e-15
1.107087904196114581e+00 1.718157157553592268e-15
1.095425509314979395e+00 1.523773260554097391e-15
1.086311667319809438e+00 1.372079824096219252e-15
1.078988077659550848e+00 1.251408122298582609e-15
1.072967977538690443e+00 1.151553102212667650e-15
1.067925468557519242e+00 1.068503215800278011e-15
1.063634464562075888e+00 9.986805958922115253e-16
1.059933297198125901e+00 9.388326359710116805e-16
1.056703289319297578e+00 8.874414529951987703e-16
1.053855283665718456e+00 8.429891639232930885e-16
1.051320882596923356e+00 8.033073644103236262e-16
1.049046570700032044e+00 7.686128948907874844e-16
1.046989646754503012e+00 7.376047127577020575e-16
1.045115306143117095e+00 7.102828180110673458e-16
1.043394443844910091e+00 6.862135297818891474e-16
1.041801864750980133e+00 6.649631672011732605e-16
1.040314617644063855e+00 6.460980493999254833e-16
1.038910091483801867e+00 6.296181763781458159e-16
1.037563218387475450e+00 6.166077503083197627e-16
1.036241236639688701e+00 6.066330903214531219e-16
1.034891546602420442e+00 6.016457603280198015e-16
1.033406647491537544e+00 6.044646859764821130e-16
1.031488169075950534e+00 6.261487294261922017e-16
1.027744054154271502e+00 7.110417595318071989e-16
9.282943663630898179e-01 -6.622087121383327172e-16
1.038600651961351762e+00 1.822763600106266864e-16
1.034295469252658695e+00 3.112964185364017141e-16
1.032016180284518470e+00 3.125974611433843194e-16
1.078785544637518523e+00 -2.428393118209396021e-16
1.031881283764997104e+00 4.587479139944303171e-16
1.030611225193102776e+00 4.287155138165818443e-16
1.029746110443680029e+00 4.161387686157499929e-16
1.029024600245917798e+00 4.077904118876116087e-16
1.028384046679539310e+00 4.007430977664558299e-16
1.027799029061825298e+00 3.941294645142942528e-16
1.027256259086390511e+00 3.882747727828725289e-16
1.026747666840797990e+00 3.824200810514508050e-16
1.026267839935486537e+00 3.765653893200290810e-16
1.025812882963228700e+00 3.711443784576015588e-16
1.025379841198304831e+00 3.659402080296711376e-16
1.024966381275660199e+00 3.607360376017407163e-16
1.024570601274512383e+00 3.555318671738102950e-16
1.024190911177330188e+00 3.505445371803769746e-16
1.023825954007164807e+00 3.455572071869436542e-16
1.023474551671498478e+00 3.407867176280074347e-16
1.023135666438844016e+00 3.357993876345741143e-16
1.022808372649460340e+00 3.310288980756378948e-16
1.022491835316559960e+00 3.264752489511987762e-16
1.022185293470724954e+00 3.215963391750140062e-16
1.021888046820224938e+00 3.170426900505748876e-16
1.021599444744551999e+00 3.123806207088872185e-16
1.021318876917658214e+00 3.075017109327024486e-16
1.021045765032903896e+00 3.025143809392691282e-16
1.020779555209006428e+00 2.976354711630843582e-16
1.020519710715370287e+00 2.927565613868995883e-16
1.020265704676607044e+00 2.874439707417206165e-16
1.020017012403707790e+00 2.821313800965416448e-16
1.019773102951547994e+00 2.764935287996170218e-16
1.019533429411757064e+00 2.707472572854438483e-16
1.019297417301583630e+00 2.644588846850279225e-16
1.019064450177406878e+00 2.579536716501148959e-16
1.018833851242605393e+00 2.510147777462076676e-16
1.018604859160725074e+00 2.435337827560576870e-16
1.018376595401802920e+00 2.351854260279193028e-16
1.018148019024781359e+00 2.259697075617925151e-16
1.017917862440741672e+00 2.157239970318044982e-16
1.017684537682016943e+00 2.043940843293309769e-16
1.017445995613804444e+00 1.911668178250078228e-16
1.017199507526640234e+00 1.757711469757136598e-16
1.016941313609515118e+00 1.577191808038300110e-16
1.016666032354822669e+00 1.354930362678771701e-16
1.016365616278404271e+00 1.079543010867453575e-16
1.016027386820413714e+00 7.266352037234218817e-17
1.015630036861389529e+00 2.533809554334991962e-17
1.015134636264435786e+00 -4.144875828175715351e-17
1.014461432788766215e+00 -1.433095523867702951e-16
1.013416922565299583e+00 -3.180829425914336098e-16
1.011377672789527615e+00 -6.886632451469790254e-16
1.004599470138726636e+00 -2.003692060154647156e-15
1.063798668820312932e+00 8.829547627103264598e-15
1.024191544513695318e+00 1.858019237804222537e-15
1.020447098808135555e+00 1.175513970224597298e-15
1.018957247100596319e+00 9.176906936075443440e-16
1.018112813307664233e+00 7.829785736762204181e-16
1.017542016095004387e+00 7.003081580242007050e-16
1.017112736383470439e+00 6.447970067929428780e-16
1.016766094222508965e+00 6.050609971713491405e-16
1.016471777401677601e+00 5.758417486228647960e-16
1.016212494728211846e+00 5.535613939782876799e-16
1.015977567099896728e+00 5.361599491098953337e-16
1.015759943816528788e+00 5.227158421710750787e-16
1.015554676372716569e+00 5.124159215324627866e-16
1.015358073347213175e+00 5.044470355646943290e-16
1.015167195786035759e+00 4.986465539418968803e-16
1.014979529398714941e+00 4.946350059037005139e-16
1.014792747183185240e+00 4.925750217759780555e-16
1.014604510756111910e+00 4.921413409069838537e-16
1.014412272477166921e+00 4.936592239484635599e-16
1.014213041254133030e+00 4.968576203572957980e-16
1.014003063299023566e+00 5.024412615455961458e-16
1.013777339005330624e+00 5.106269879478617043e-16
1.013528830966832439e+00 5.222821613020808769e-16
1.013247071029067747e+00 5.381657231289935169e-16
1.012915525549558105e+00 5.603376575563220826e-16
1.012506170987673704e+00 5.918879407756502616e-16
1.011967062734202338e+00 6.386170544097755027e-16
1.011189402145603378e+00 7.127222728991597308e-16
1.009899644563778454e+00 8.461875603321253266e-16
1.007155815454185532e+00 1.150360479822933596e-15
9.960883152417530084e-01 2.501710067608866519e-15
1.045208626954807540e+00 -2.476349997249702814e-15
1.022189537447407481e+00 -5.060293891917958035e-16
1.018558643367378558e+00 -1.477547812939608633e-16
1.017027847260369322e+00 2.515639812530051286e-18
1.016152892635529881e+00 8.583657676804106704e-17
1.015566014876522871e+00 1.397756348491949126e-16
1.015130145018699581e+00 1.782106018638060448e-16
1.014782160481698670e+00 2.077551110640360406e-16
1.014488522856891839e+00 2.321496599449598904e-16
1.014229266167707921e+00 2.535084427429243278e-16
1.013991145977627628e+00 2.734035526080333341e-16
1.013764237023809578e+00 2.929191917127724139e-16
1.013539905436368516e+00 3.133021925554998973e-16
1.013309209171975755e+00 3.357993876345741143e-16
1.013061063261727623e+00 3.623623408604689729e-16
1.012779275831077852e+00 3.953762970126525829e-16
1.012436464478063902e+00 4.397201658673097143e-16
1.011979003094104934e+00 5.052059770854341821e-16
1.011281184640687725e+00 6.145477661805973043e-16
1.009955256686562830e+00 8.405497090352007036e-16
1.005901236254310716e+00 1.606321703461712485e-15
1.084612260380393378e+00 -7.260682200977289284e-16
1.019524456362509879e+00 -7.508964498476469799e-16
1.016473630612471979e+00 -3.107103678185321797e-16
1.015346434055699687e+00 -1.450442758627471022e-16
1.014735579322633363e+00 -5.798284141216109613e-17
1.014338279241409069e+00 -4.369043982752901870e-18
1.014050326731109397e+00 3.216856923000859756e-17
1.013826182661419661e+00 5.851468202140635530e-17
1.013642752672315739e+00 7.857242221238818733e-17
