1.011393363891277541e+00 0.000000000000000000e+00
1.011374439640003065e+00 0.000000000000000000e+00
1.011354761869402097e+00 0.000000000000000000e+00
1.011334284550092999e+00 0.000000000000000000e+00
1.011312957831790316e+00 0.000000000000000000e+00
1.011290727638506359e+00 0.000000000000000000e+00
1.011267535211165747e+00 0.000000000000000000e+00
1.011243316589488961e+00 0.000000000000000000e+00
1.011218002023518858e+00 0.000000000000000000e+00
1.011191515303384136e+00 0.000000000000000000e+00
1.011163772993735499e+00 0.000000000000000000e+00
1.011134683556643488e+00 0.000000000000000000e+00
1.011104146343528631e+00 0.000000000000000000e+00
1.011072050432724634e+00 0.000000000000000000e+00
1.011038273284367905e+00 0.000000000000000000e+00
1.011002679178220731e+00 0.000000000000000000e+00
1.010965117392426338e+00 0.000000000000000000e+00
1.010925420071641989e+00 0.000000000000000000e+00
1.010883399720930997e+00 0.000000000000000000e+00
1.010838846246446598e+00 0.000000000000000000e+00
1.010791523444315887e+00 0.000000000000000000e+00
1.010741164813822257e+00 0.000000000000000000e+00
1.010687468538144174e+00 0.000000000000000000e+00
1.010630091432920263e+00 0.000000000000000000e+00
1.010568641606207629e+00 0.000000000000000000e+00
1.010502669497902462e+00 0.000000000000000000e+00
1.010431656865245609e+00 0.000000000000000000e+00
1.010355003143313057e+00 0.000000000000000000e+00
1.010272008420409318e+00 0.000000000000000000e+00
1.010181852005890057e+00 0.000000000000000000e+00
1.010083565199064060e+00 0.000000000000000000e+00
1.009975996342163507e+00 0.000000000000000000e+00
1.009857765480203673e+00 0.000000000000000000e+00
1.009727204833585468e+00 0.000000000000000000e+00
1.009582279619222200e+00 0.000000000000000000e+00
1.009420481210717035e+00 0.000000000000000000e+00
1.009238680666633359e+00 0.000000000000000000e+00
1.009032924344868576e+00 0.000000000000000000e+00
1.008798143003014847e+00 0.000000000000000000e+00
1.008527728417839109e+00 0.000000000000000000e+00
1.008212901352046886e+00 0.000000000000000000e+00
1.007841740164618249e+00 0.000000000000000000e+00
1.007397636592872514e+00 0.000000000000000000e+00
1.006856741654469811e+00 0.000000000000000000e+00
1.006183536903260345e+00 0.000000000000000000e+00
1.005322702026606452e+00 0.000000000000000000e+00
1.004183080066438638e+00 0.000000000000000000e+00
1.002603050334634371e+00 0.000000000000000000e+00
1.000266133673906488e+00 0.000000000000000000e+00
9.964570939697384722e-01 0.000000000000000000e+00
9.891451076520685337e-01 0.000000000000000000e+00
9.693838465075359512e-01 0.000000000000000000e+00
7.233285030931931869e-01 0.000000000000000000e+00
1.073516603769827382e+00 0.000000000000000000e+00
1.040010392634436842e+00 0.000000000000000000e+00
1.030222208882576096e+00 0.000000000000000000e+00
1.025551366875720571e+00 0.000000000000000000e+00
1.022816315379550645e+00 0.000000000000000000e+00
1.021020126502083514e+00 0.000000000000000000e+00
1.019750121246303820e+00 0.000000000000000000e+00
1.018804564184506711e+00 0.000000000000000000e+00
1.018073153349131843e+00 0.000000000000000000e+00
1.017490490779876078e+00 0.000000000000000000e+00
1.017015342222283625e+00 0.000000000000000000e+00
1.016620420124597635e+00 0.000000000000000000e+00
1.016286946378391898e+00 0.000000000000000000e+00
1.016001574739789470e+00 0.000000000000000000e+00
1.015754558773272809e+00 0.000000000000000000e+00
1.015538614386842342e+00 0.000000000000000000e+00
1.015348187979995931e+00 0.000000000000000000e+00
1.015178970919047519e+00 0.000000000000000000e+00
1.015027568743827713e+00 0.000000000000000000e+00
1.014891270470656304e+00 0.000000000000000000e+00
1.014767884344069726e+00 0.000000000000000000e+00
1.014655618722777319e+00 0.000000000000000000e+00
1.014552994255361051e+00 0.000000000000000000e+00
1.014458778149389673e+00 0.000000000000000000e+00
1.014371934300559053e+00 0.000000000000000000e+00
1.014291584978735505e+00 0.000000000000000000e+00
1.014216981050271915e+00 0.000000000000000000e+00
1.014147478583485196e+00 0.000000000000000000e+00
1.014082520280622957e+00 0.000000000000000000e+00
1.014021620595848550e+00 0.000000000000000000e+00
1.013964353693152409e+00 0.000000000000000000e+00
1.013910343608829034e+00 0.000000000000000000e+00
1.013859256135631659e+00 0.000000000000000000e+00
1.013810792057008747e+00 0.000000000000000000e+00
1.013764681441590154e+00 0.000000000000000000e+00
1.013720678768322170e+00 0.000000000000000000e+00
1.013678558696903931e+00 0.000000000000000000e+00
1.013638112330252250e+00 0.000000000000000000e+00
1.013599143838216365e+00 0.000000000000000000e+00
1.013561467326321797e+00 0.000000000000000000e+00
1.013524903840873792e+00 0.000000000000000000e+00
1.013489278402535110e+00 0.000000000000000000e+00
1.013454416954087334e+00 0.000000000000000000e+00
1.013420143093281878e+00 0.000000000000000000e+00
1.013386274436214762e+00 0.000000000000000000e+00
1.013352618416817563e+00 0.000000000000000000e+00
1.013318967267872406e+00 0.000000000000000000e+00
1.013285091839021934e+00 0.000000000000000000e+00
1.013250733772478318e+00 0.000000000000000000e+00
1.013215595353191611e+00 0.000000000000000000e+00
1.013179326036864891e+00 0.000000000000000000e+00
1.013141504168483698e+00 0.000000000000000000e+00
1.013101611618256959e+00 0.000000000000000000e+00
1.013058997770954983e+00 0.000000000000000000e+00
1.013012827121128279e+00 0.000000000000000000e+00
1.012962000908777638e+00 0.000000000000000000e+00
1.012905036296056549e+00 0.000000000000000000e+00
1.012839873428807325e+00 0.000000000000000000e+00
1.012763554455871962e+00 0.000000000000000000e+00
1.012671662862274946e+00 0.000000000000000000e+00
1.012557284421865322e+00 0.000000000000000000e+00
1.012408934387266868e+00 0.000000000000000000e+00
1.012206012176276593e+00 0.000000000000000000e+00
1.011907488552707068e+00 0.000000000000000000e+00
1.011418189290280489e+00 0.000000000000000000e+00
1.010455410852153069e+00 0.000000000000000000e+00
1.007638324018670151e+00 0.000000000000000000e+00
8.156992499279887010e-01 0.000000000000000000e+00
1.019379921613306816e+00 0.000000000000000000e+00
1.016302114323800021e+00 0.000000000000000000e+00
1.015293015849880298e+00 0.000000000000000000e+00
1.014789785988754689e+00 0.000000000000000000e+00
1.014487325016755648e+00 0.000000000000000000e+00
1.014284941009360619e+00 0.000000000000000000e+00
1.014139722426324886e+00 0.000000000000000000e+00
1.014030291204955248e+00 0.000000000000000000e+00
1.013944800484872122e+00 0.000000000000000000e+00
1.013876155147616975e+00 0.000000000000000000e+00
1.013819846387257417e+00 0.000000000000000000e+00
1.013772871677320664e+00 0.000000000000000000e+00
1.013733154352581378e+00 0.000000000000000000e+00
1.013699212468381239e+00 0.000000000000000000e+00
1.013669960378365875e+00 0.000000000000000000e+00
1.013644584859491493e+00 0.000000000000000000e+00
1.013622465035739495e+00 0.000000000000000000e+00
1.013603119040606959e+00 0.000000000000000000e+00
1.013586167552837480e+00 0.000000000000000000e+00
1.013571308291967066e+00 0.000000000000000000e+00
1.013558297816222309e+00 0.000000000000000000e+00
1.013546938297131828e+00 0.000000000000000000e+00
1.013537067755230225e+00 0.000000000000000000e+00
1.013528552747120504e+00 0.000000000000000000e+00
1.013521282817734237e+00 0.000000000000000000e+00
1.013515166243062371e+00 0.000000000000000000e+00
1.013510126729538996e+00 0.000000000000000000e+00
1.013506100831822021e+00 0.000000000000000000e+00
1.013503035916619055e+00 0.000000000000000000e+00
1.013500888546327472e+00 0.000000000000000000e+00
1.013499623188989007e+00 0.000000000000000000e+00
1.013499211184602844e+00 0.000000000000000000e+00
1.013499629914970113e+00 0.000000000000000000e+00
1.013500862136859082e+00 0.000000000000000000e+00
1.013502895447674801e+00 0.000000000000000000e+00
1.013505721859885078e+00 0.000000000000000000e+00
1.013509337465835047e+00 0.000000000000000000e+00
1.013513742178725696e+00 0.000000000000000000e+00
1.013518939538748054e+00 0.000000000000000000e+00
1.013524936575910917e+00 0.000000000000000000e+00
1.013531743723134371e+00 0.000000000000000000e+00
1.013539374774831137e+00 0.000000000000000000e+00
1.013547846887582038e+00 0.000000000000000000e+00
1.013557180620673348e+00 0.000000000000000000e+00
1.013567400015292996e+00 0.000000000000000000e+00
1.013578532712107849e+00 0.000000000000000000e+00
1.013590610107804713e+00 0.000000000000000000e+00
1.013603667552031462e+00 0.000000000000000000e+00
1.013617744587009817e+00 0.000000000000000000e+00
1.013632885232987668e+00 0.000000000000000000e+00
1.013649138323644561e+00 0.000000000000000000e+00
1.013666557896622411e+00 0.000000000000000000e+00
1.013685203645535715e+00 0.000000000000000000e+00
1.013705141441182400e+00 0.000000000000000000e+00
1.013726443931270316e+00 0.000000000000000000e+00
1.013749191229845081e+00 0.000000000000000000e+00
1.013773471709839002e+00 0.000000000000000000e+00
1.013799382914844838e+00 0.000000000000000000e+00
1.013827032609449397e+00 0.000000000000000000e+00
1.013856539991413008e+00 0.000000000000000000e+00
1.013888037093801264e+00 0.000000000000000000e+00
1.013921670411116693e+00 0.000000000000000000e+00
1.013957602790844570e+00 0.000000000000000000e+00
1.013996015640988180e+00 0.000000000000000000e+00
1.014037111515668999e+00 0.000000000000000000e+00
1.014081117155350098e+00 0.000000000000000000e+00
1.014128287076634827e+00 0.000000000000000000e+00
1.014178907830082021e+00 0.000000000000000000e+00
1.014233303074697279e+00 0.000000000000000000e+00
1.014291839656924266e+00 0.000000000000000000e+00
1.014354934933108465e+00 0.000000000000000000e+00
1.014423065641763211e+00 0.000000000000000000e+00
1.014496778721449166e+00 0.000000000000000000e+00
1.014576704590070433e+00 0.000000000000000000e+00
1.014663573563905352e+00 0.000000000000000000e+00
1.014758236317151008e+00 0.000000000000000000e+00
1.014861689590817129e+00 0.000000000000000000e+00
1.014975108791637881e+00 0.000000000000000000e+00
1.015099889735179062e+00 0.000000000000000000e+00
1.015237702671544451e+00 0.000000000000000000e+00
1.015390563026634885e+00 0.000000000000000000e+00
1.015560925219837429e+00 0.000000000000000000e+00
1.015751808844447268e+00 0.000000000000000000e+00
1.015966971028468668e+00 0.000000000000000000e+00
1.016211145973852759e+00 0.000000000000000000e+00
1.016490384342012332e+00 0.000000000000000000e+00
1.016812544664159157e+00 0.000000000000000000e+00
1.017188022632594224e+00 0.000000000000000000e+00
1.017630864406253499e+00 0.000000000000000000e+00
1.018160522529780510e+00 0.000000000000000000e+00
1.018804733270586516e+00 0.000000000000000000e+00
1.019604450462459955e+00 0.000000000000000000e+00
1.020622782555141717e+00 0.000000000000000000e+00
1.021962314903887892e+00 0.000000000000000000e+00
1.023801697434608693e+00 0.000000000000000000e+00
1.026482183073597287e+00 0.000000000000000000e+00
1.030747112810760591e+00 0.000000000000000000e+00
1.038581401358520617e+00 0.000000000000000000e+00
1.057662106452551987e+00 0.000000000000000000e+00
1.173438549854268542e+00 0.000000000000000000e+00
9.065474200068510680e-01 0.000000000000000000e+00
9.721874321950648712e-01 0.000000000000000000e+00
9.874274233935621536e-01 0.000000000000000000e+00
9.942072965396420159e-01 0.000000000000000000e+00
9.980382664549934946e-01 0.000000000000000000e+00
1.000498579931969445e+00 0.000000000000000000e+00
1.002210712933777836e+00 0.000000000000000000e+00
1.003469741094342726e+00 0.000000000000000000e+00
1.004433574640362314e+00 0.000000000000000000e+00
1.005194360245669660e+00 0.000000000000000000e+00
1.005809486363765215e+00 0.000000000000000000e+00
1.006316558427799990e+00 0.000000000000000000e+00
1.006741245906663362e+00 0.000000000000000000e+00
1.007101668724638577e+00 0.000000000000000000e+00
1.007410981667724803e+00 0.000000000000000000e+00
1.007678965104466640e+00 0.000000000000000000e+00
1.007913040914315550e+00 0.000000000000000000e+00
1.008118942166234877e+00 0.000000000000000000e+00
1.008301166819426831e+00 0.000000000000000000e+00
1.008463292559720781e+00 0.000000000000000000e+00
1.008608199945511208e+00 0.000000000000000000e+00
1.008738233569355769e+00 0.000000000000000000e+00
1.008855320428149405e+00 0.000000000000000000e+00
1.008961058189976390e+00 0.000000000000000000e+00
1.009056781920215862e+00 0.000000000000000000e+00
1.009143615154012297e+00 0.000000000000000000e+00
1.009222509431796588e+00 0.000000000000000000e+00
1.009294275221278570e+00 0.000000000000000000e+00
1.009359606331484471e+00 0.000000000000000000e+00
1.009419099355142402e+00 0.000000000000000000e+00
1.009473269273811757e+00 0.000000000000000000e+00
1.009522562072652452e+00 0.000000000000000000e+00
1.009567365003520623e+00 0.000000000000000000e+00
1.009608014982576352e+00 0.000000000000000000e+00
1.009644805495671038e+00 0.000000000000000000e+00
1.009677992300324956e+00 0.000000000000000000e+00
1.009707798149313662e+00 0.000000000000000000e+00
1.009734416712244842e+00 0.000000000000000000e+00
1.009758015834079536e+00 0.000000000000000000e+00
1.009778740240468098e+00 0.000000000000000000e+00
1.009796713776956567e+00 0.000000000000000000e+00
1.009812041251029413e+00 0.000000000000000000e+00
1.009824809931416878e+00 0.000000000000000000e+00
1.009835090747277286e+00 0.000000000000000000e+00
1.009842939220048086e+00 0.000000000000000000e+00
1.009848396152461136e+00 0.000000000000000000e+00
1.009851488091989991e+00 0.000000000000000000e+00
1.009852227579501438e+00 0.000000000000000000e+00
1.009850613187816881e+00 0.000000000000000000e+00
1.009846629348968072e+00 0.000000000000000000e+00
1.009840245962902339e+00 0.000000000000000000e+00
1.009831417773947138e+00 0.000000000000000000e+00
1.009820083494209042e+00 0.000000000000000000e+00
1.009806164644850845e+00 0.000000000000000000e+00
1.009789564076469137e+00 0.000000000000000000e+00
1.009770164117966162e+00 0.000000000000000000e+00
1.009747824288707685e+00 0.000000000000000000e+00
1.009722378490375716e+00 0.000000000000000000e+00
1.009693631571504824e+00 0.000000000000000000e+00
1.009661355127491555e+00 0.000000000000000000e+00
1.009625282359458920e+00 0.000000000000000000e+00
1.009585101763448955e+00 0.000000000000000000e+00
1.009540449352261504e+00 0.000000000000000000e+00
1.009490899019201970e+00 0.000000000000000000e+00
1.009435950526369696e+00 0.000000000000000000e+00
1.009375014425835770e+00 0.000000000000000000e+00
1.009307392979240880e+00 0.000000000000000000e+00
1.009232255798612199e+00 0.000000000000000000e+00
1.009148608440626260e+00 0.000000000000000000e+00
1.009055251473649495e+00 0.000000000000000000e+00
1.008950726483719418e+00 0.000000000000000000e+00
1.008833243901569920e+00 0.000000000000000000e+00
1.008700585102834113e+00 0.000000000000000000e+00
1.008549967423995719e+00 0.000000000000000000e+00
1.008377854618651925e+00 0.000000000000000000e+00
1.008179685185642604e+00 0.000000000000000000e+00
1.007949473839703458e+00 0.000000000000000000e+00
1.007679211203027281e+00 0.000000000000000000e+00
1.007357931564192288e+00 0.000000000000000000e+00
1.006970212863467440e+00 0.000000000000000000e+00
1.006493659921446460e+00 0.000000000000000000e+00
1.005894464481038142e+00 0.000000000000000000e+00
1.005119077334921007e+00 0.000000000000000000e+00
1.004077341914454857e+00 0.000000000000000000e+00
1.002604770722198335e+00 0.000000000000000000e+00
1.000366062054831584e+00 0.000000000000000000e+00
9.965556353941898982e-01 0.000000000000000000e+00
9.886279713442174266e-01 0.000000000000000000e+00
9.620865295992129251e-01 0.000000000000000000e+00
1.294194463903473258e+00 0.000000000000000000e+00
1.047725958338132646e+00 0.000000000000000000e+00
1.030742765110503001e+00 0.000000000000000000e+00
1.024549345533348310e+00 0.000000000000000000e+00
1.021341933191088680e+00 0.000000000000000000e+00
1.019380278065419310e+00 0.000000000000000000e+00
1.018056366204459939e+00 0.000000000000000000e+00
1.017102426093295264e+00 0.000000000000000000e+00
1.016382139889777880e+00 0.000000000000000000e+00
1.015818795038887723e+00 0.000000000000000000e+00
1.015365916148052827e+00 0.000000000000000000e+00
1.014993703151086946e+00 0.000000000000000000e+00
1.014682167768090393e+00 0.000000000000000000e+00
1.014417402089453857e+00 0.000000000000000000e+00
1.014189429605258486e+00 0.000000000000000000e+00
1.013990907420788012e+00 0.000000000000000000e+00
1.013816310677077670e+00 0.000000000000000000e+00
1.013661402334785411e+00 0.000000000000000000e+00
1.013522878251315262e+00 0.000000000000000000e+00
1.013398123468141732e+00 0.000000000000000000e+00
1.013285041070149495e+00 0.000000000000000000e+00
1.013181929595062147e+00 0.000000000000000000e+00
1.013087393647854606e+00 0.000000000000000000e+00
1.013000277678299810e+00 0.000000000000000000e+00
1.012919616206518159e+00 0.000000000000000000e+00
1.012844595917535173e+00 0.000000000000000000e+00
1.012774526446745593e+00 0.000000000000000000e+00
1.012708817614638379e+00 0.000000000000000000e+00
1.012646961506176169e+00 0.000000000000000000e+00
1.012588518230541412e+00 0.000000000000000000e+00
1.012533104505838777e+00 0.000000000000000000e+00
1.012480384432946634e+00 0.000000000000000000e+00
1.012430061980836626e+00 0.000000000000000000e+00
1.012381874820850181e+00 0.000000000000000000e+00
1.012335589232228106e+00 0.000000000000000000e+00
1.012290995864263854e+00 0.000000000000000000e+00
1.012247906187799584e+00 0.000000000000000000e+00
1.012206149504647490e+00 0.000000000000000000e+00
1.012165570410891613e+00 0.000000000000000000e+00
1.012126026631084530e+00 0.000000000000000000e+00
1.012087387156656693e+00 0.000000000000000000e+00
1.012049530634570260e+00 0.000000000000000000e+00
1.012012343962193306e+00 0.000000000000000000e+00
1.011975721052219557e+00 0.000000000000000000e+00
1.011939561737633886e+00 0.000000000000000000e+00
1.011903770791631407e+00 0.000000000000000000e+00
1.011868257041267594e+00 0.000000000000000000e+00
1.011832932556677944e+00 0.000000000000000000e+00
1.011797711900105146e+00 0.000000000000000000e+00
1.011762511420828181e+00 0.000000000000000000e+00
1.011727248583480510e+00 0.000000000000000000e+00
1.011691841318268947e+00 0.000000000000000000e+00
1.011656207382261918e+00 0.000000000000000000e+00
1.011620263721276558e+00 0.000000000000000000e+00
1.011583925821956553e+00 0.000000000000000000e+00
1.011547107043395899e+00 0.000000000000000000e+00
1.011509717917136841e+00 0.000000000000000000e+00
1.011471665403510078e+00 0.000000000000000000e+00
1.011432852091076029e+00 0.000000000000000000e+00
1.011393175324294402e+00 0.000000000000000000e+00
1.011352526242446093e+00 0.000000000000000000e+00
1.011310788710132913e+00 0.000000000000000000e+00
1.011267838116284290e+00 0.000000000000000000e+00
1.011223540014314359e+00 0.000000000000000000e+00
1.011177748570699642e+00 0.000000000000000000e+00
1.011130304782479117e+00 0.000000000000000000e+00
1.011081034415640900e+00 0.000000000000000000e+00
1.011029745605561914e+00 0.000000000000000000e+00
1.010976226046912396e+00 0.000000000000000000e+00
1.010920239682863375e+00 0.000000000000000000e+00
1.010861522780796440e+00 0.000000000000000000e+00
1.010799779252396613e+00 0.000000000000000000e+00
1.010734675037728403e+00 0.000000000000000000e+00
1.010665831322525188e+00 0.000000000000000000e+00
1.010592816291089768e+00 0.000000000000000000e+00
1.010515135027701961e+00 0.000000000000000000e+00
1.010432217058385262e+00 0.000000000000000000e+00
1.010343400859485152e+00 0.000000000000000000e+00
1.010247914430891125e+00 0.000000000000000000e+00
1.010144850711907738e+00 0.000000000000000000e+00
1.010033136164415479e+00 0.000000000000000000e+00
1.009911490196123252e+00 0.000000000000000000e+00
1.009778372144918723e+00 0.000000000000000000e+00
1.009631911131950277e+00 0.000000000000000000e+00
1.009469811953245699e+00 0.000000000000000000e+00
1.009289226879891199e+00 0.000000000000000000e+00
1.009086578028243197e+00 0.000000000000000000e+00
1.008857306533227360e+00 0.000000000000000000e+00
1.008595510734797474e+00 0.000000000000000000e+00
1.008293411515303051e+00 0.000000000000000000e+00
1.007940540109797833e+00 0.000000000000000000e+00
1.007522464400668838e+00 0.000000000000000000e+00
1.007018715722867608e+00 0.000000000000000000e+00
1.006399262297492214e+00 0.000000000000000000e+00
1.005618183360191820e+00 0.000000000000000000e+00
1.004601556361181869e+00 0.000000000000000000e+00
1.003222269925369892e+00 0.000000000000000000e+00
1.001241687059159835e+00 0.000000000000000000e+00
9.981529540050755323e-01 0.000000000000000000e+00
9.926568879508189669e-01 0.000000000000000000e+00
9.801204596923397405e-01 0.000000000000000000e+00
9.227448693280405623e-01 0.000000000000000000e+00
1.125400028097939265e+00 0.000000000000000000e+00
1.046816776490417711e+00 0.000000000000000000e+00
1.032605935497071359e+00 0.000000000000000000e+00
1.026648726724434857e+00 0.000000000000000000e+00
1.023369839216776045e+00 0.000000000000000000e+00
1.021292524223226028e+00 0.000000000000000000e+00
1.019857088387505772e+00 0.000000000000000000e+00
1.018804694663385746e+00 0.000000000000000000e+00
1.017999155688194657e+00 0.000000000000000000e+00
1.017361979328576860e+00 0.000000000000000000e+00
1.016844739966964895e+00 0.000000000000000000e+00
1.016415938803088226e+00 0.000000000000000000e+00
1.016054200991915790e+00 0.000000000000000000e+00
1.015744509483117008e+00 0.000000000000000000e+00
1.015476003601104793e+00 0.000000000000000000e+00
1.015240633018007488e+00 0.000000000000000000e+00
1.015032302927367125e+00 0.000000000000000000e+00
1.014846313275124201e+00 0.000000000000000000e+00
1.014678980427250021e+00 0.000000000000000000e+00
1.014527375584780122e+00 0.000000000000000000e+00
1.014389139965406139e+00 0.000000000000000000e+00
1.014262351688014929e+00 0.000000000000000000e+00
1.014145428231258528e+00 0.000000000000000000e+00
1.014037053841541969e+00 0.000000000000000000e+00
1.013936124743243683e+00 0.000000000000000000e+00
1.013841707251227353e+00 0.000000000000000000e+00
1.013753005368016602e+00 0.000000000000000000e+00
1.013669335444121966e+00 0.000000000000000000e+00
1.013590106160896731e+00 0.000000000000000000e+00
1.013514802567988093e+00 0.000000000000000000e+00
1.013442973240379130e+00 0.000000000000000000e+00
1.013374219857570813e+00 0.000000000000000000e+00
1.013308188679088229e+00 0.000000000000000000e+00
1.013244563515853569e+00 0.000000000000000000e+00
1.013183059889533055e+00 0.000000000000000000e+00
1.013123420140934261e+00 0.000000000000000000e+00
1.013065409300397013e+00 0.000000000000000000e+00
1.013008811572419177e+00 0.000000000000000000e+00
1.012953427316761745e+00 0.000000000000000000e+00
1.012899070431294346e+00 0.000000000000000000e+00
1.012845566059608959e+00 0.000000000000000000e+00
1.012792748560166656e+00 0.000000000000000000e+00
1.012740459684363881e+00 0.000000000000000000e+00
1.012688546919115140e+00 0.000000000000000000e+00
1.012636861955805045e+00 0.000000000000000000e+00
1.012585259252185121e+00 0.000000000000000000e+00
1.012533594657202274e+00 0.000000000000000000e+00
1.012481724071070621e+00 0.000000000000000000e+00
1.012429502114242874e+00 0.000000000000000000e+00
1.012376780779399077e+00 0.000000000000000000e+00
1.012323408040150419e+00 0.000000000000000000e+00
1.012269226388864629e+00 0.000000000000000000e+00
1.012214071273776161e+00 0.000000000000000000e+00
1.012157769402252105e+00 0.000000000000000000e+00
1.012100136872557954e+00 0.000000000000000000e+00
1.012040977090489013e+00 0.000000000000000000e+00
1.011980078419446150e+00 0.000000000000000000e+00
1.011917211502527891e+00 0.000000000000000000e+00
1.011852126182362310e+00 0.000000000000000000e+00
1.011784547927930822e+00 0.000000000000000000e+00
1.011714173656458993e+00 0.000000000000000000e+00
1.011640666811128852e+00 0.000000000000000000e+00
1.011563651519901130e+00 0.000000000000000000e+00
1.011482705614443978e+00 0.000000000000000000e+00
1.011397352227269453e+00 0.000000000000000000e+00
1.011307049604450725e+00 0.000000000000000000e+00
1.011211178663313781e+00 0.000000000000000000e+00
1.011109027678720018e+00 0.000000000000000000e+00
1.010999773282692082e+00 0.000000000000000000e+00
1.010882456687842712e+00 0.000000000000000000e+00
1.010755953662218154e+00 0.000000000000000000e+00
1.010618936241812094e+00 0.000000000000000000e+00
1.010469823390784061e+00 0.000000000000000000e+00
1.010306716689373996e+00 0.000000000000000000e+00
1.010127315456925245e+00 0.000000000000000000e+00
1.009928803196591618e+00 0.000000000000000000e+00
1.009707693372712933e+00 0.000000000000000000e+00
1.009459616441156449e+00 0.000000000000000000e+00
1.009179020245067004e+00 0.000000000000000000e+00
1.008858739659442616e+00 0.000000000000000000e+00
1.008489363680272088e+00 0.000000000000000000e+00
1.008058279253039036e+00 0.000000000000000000e+00
1.007548181282104993e+00 0.000000000000000000e+00
1.006934665440913479e+00 0.000000000000000000e+00
1.006182169758087719e+00 0.000000000000000000e+00
1.005236772943669976e+00 0.000000000000000000e+00
1.004012588256416816e+00 0.000000000000000000e+00
1.002363951908068485e+00 0.000000000000000000e+00
1.000022457757084204e+00 0.000000000000000000e+00
9.964331629147119562e-01 0.000000000000000000e+00
9.902330143557964703e-01 0.000000000000000000e+00
9.769378023506600783e-01 0.000000000000000000e+00
9.280467697130942994e-01 0.000000000000000000e+00
1.265402313449047522e+00 0.000000000000000000e+00
1.064341126350841549e+00 0.000000000000000000e+00
1.041749792506152739e+00 0.000000000000000000e+00
1.033046480214260487e+00 0.000000000000000000e+00
1.028435290330844909e+00 0.000000000000000000e+00
1.025579394823198154e+00 0.000000000000000000e+00
1.023636783248905724e+00 0.000000000000000000e+00
1.022229801574188413e+00 0.000000000000000000e+00
1.021163831545151668e+00 0.000000000000000000e+00
1.020328386246836416e+00 0.000000000000000000e+00
1.019656083178583472e+00 0.000000000000000000e+00
1.019103492240761355e+00 0.000000000000000000e+00
1.018641361894591091e+00 0.000000000000000000e+00
1.018249270165666243e+00 0.000000000000000000e+00
1.017912527364320141e+00 0.000000000000000000e+00
1.017620297161809351e+00 0.000000000000000000e+00
1.017364411294397586e+00 0.000000000000000000e+00
1.017138596475173795e+00 0.000000000000000000e+00
1.016937955434482843e+00 0.000000000000000000e+00
1.016758609694382143e+00 0.000000000000000000e+00
1.016597448178500285e+00 0.000000000000000000e+00
1.016451946799806771e+00 0.000000000000000000e+00
1.016320036700136820e+00 0.000000000000000000e+00
1.016200006496466912e+00 0.000000000000000000e+00
1.016090428719745642e+00 0.000000000000000000e+00
1.015990103741228667e+00 0.000000000000000000e+00
1.015898016524575231e+00 0.000000000000000000e+00
1.015813302910497873e+00 0.000000000000000000e+00
1.015735223073366722e+00 0.000000000000000000e+00
1.015663140434867939e+00 0.000000000000000000e+00
1.015596504773444986e+00 0.000000000000000000e+00
1.015534838591266809e+00 0.000000000000000000e+00
1.015477726033373607e+00 0.000000000000000000e+00
1.015424803823539390e+00 0.000000000000000000e+00
1.015375753806684767e+00 0.000000000000000000e+00
1.015330296780989405e+00 0.000000000000000000e+00
1.015288187373069695e+00 0.000000000000000000e+00
1.015249209762856042e+00 0.000000000000000000e+00
1.015213174105604077e+00 0.000000000000000000e+00
1.015179913529972833e+00 0.000000000000000000e+00
1.015149281615617793e+00 0.000000000000000000e+00
1.015121150272991546e+00 0.000000000000000000e+00
1.015095407963277463e+00 0.000000000000000000e+00
1.015071958208540570e+00 0.000000000000000000e+00
1.015050718351985015e+00 0.000000000000000000e+00
1.015031618536201830e+00 0.000000000000000000e+00
1.015014600873883177e+00 0.000000000000000000e+00
1.014999618791015745e+00 0.000000000000000000e+00
1.014986636527288821e+00 0.000000000000000000e+00
1.014975628782579298e+00 0.000000000000000000e+00
1.014966580502098648e+00 0.000000000000000000e+00
1.014959486796221722e+00 0.000000000000000000e+00
1.014954352994346776e+00 0.000000000000000000e+00
1.014951194835456372e+00 0.000000000000000000e+00
1.014950038801516241e+00 0.000000000000000000e+00
1.014950922603591099e+00 0.000000000000000000e+00
1.014953895834753039e+00 0.000000000000000000e+00
1.014959020808671397e+00 0.000000000000000000e+00
1.014966373608471306e+00 0.000000000000000000e+00
1.014976045377285807e+00 0.000000000000000000e+00
1.014988143890297456e+00 0.000000000000000000e+00
1.015002795458445517e+00 0.000000000000000000e+00
1.015020147226997294e+00 0.000000000000000000e+00
1.015040369948685406e+00 0.000000000000000000e+00
1.015063661332257228e+00 0.000000000000000000e+00
1.015090250094575763e+00 0.000000000000000000e+00
1.015120400880023865e+00 0.000000000000000000e+00
1.015154420257795564e+00 0.000000000000000000e+00
1.015192664069880957e+00 0.000000000000000000e+00
1.015235546485991014e+00 0.000000000000000000e+00
1.015283551234755555e+00 0.000000000000000000e+00
1.015337245635447250e+00 0.000000000000000000e+00
1.015397298269225645e+00 0.000000000000000000e+00
1.015464501430292543e+00 0.000000000000000000e+00
1.015539799926093778e+00 0.000000000000000000e+00
1.015624328414590050e+00 0.000000000000000000e+00
1.015719460374167271e+00 0.000000000000000000e+00
1.015826873155823318e+00 0.000000000000000000e+00
1.015948635626041208e+00 0.000000000000000000e+00
1.016087328104802845e+00 0.000000000000000000e+00
1.016246209380206267e+00 0.000000000000000000e+00
1.016429453855206777e+00 0.000000000000000000e+00
1.016642495758319997e+00 0.000000000000000000e+00
1.016892541386299254e+00 0.000000000000000000e+00
1.017189353540064900e+00 0.000000000000000000e+00
1.017546493278818076e+00 0.000000000000000000e+00
1.017983363498822680e+00 0.000000000000000000e+00
1.018528731211361560e+00 0.000000000000000000e+00
1.019227147971020209e+00 0.000000000000000000e+00
1.020151492625438472e+00 0.000000000000000000e+00
1.021429734429010416e+00 0.000000000000000000e+00
1.023309108162819392e+00 0.000000000000000000e+00
1.026337248733044438e+00 0.000000000000000000e+00
1.032017464378791605e+00 0.000000000000000000e+00
1.046506667088481501e+00 0.000000000000000000e+00
1.160253195626908207e+00 0.000000000000000000e+00
9.525729274351526499e-01 0.000000000000000000e+00
9.880902152204019684e-01 0.000000000000000000e+00
9.973667497951596017e-01 0.000000000000000000e+00
1.001633985827526274e+00 0.000000000000000000e+00
1.004084091158049086e+00 0.000000000000000000e+00
1.005672183585954560e+00 0.000000000000000000e+00
1.006783823257021204e+00 0.000000000000000000e+00
1.007604479766305960e+00 0.000000000000000000e+00
1.008234423385799161e+00 0.000000000000000000e+00
1.008732606844033652e+00 0.000000000000000000e+00
1.009135958479860262e+00 0.000000000000000000e+00
1.009468788079098900e+00 0.000000000000000000e+00
1.009747751739690225e+00 0.000000000000000000e+00
1.009984643579074470e+00 0.000000000000000000e+00
1.010188048569937713e+00 0.000000000000000000e+00
1.010364364028256245e+00 0.000000000000000000e+00
1.010518454266185140e+00 0.000000000000000000e+00
1.010654083421455240e+00 0.000000000000000000e+00
1.010774209463773055e+00 0.000000000000000000e+00
1.010881188686283627e+00 0.000000000000000000e+00
1.010976920941057067e+00 0.000000000000000000e+00
1.011062954726154040e+00 0.000000000000000000e+00
1.011140564500159877e+00 0.000000000000000000e+00
1.011210808423885998e+00 0.000000000000000000e+00
1.011274572073944222e+00 0.000000000000000000e+00
1.011332601947387611e+00 0.000000000000000000e+00
1.011385531432548612e+00 0.000000000000000000e+00
1.011433901148750536e+00 0.000000000000000000e+00
1.011478175027262782e+00 0.000000000000000000e+00
1.011518753136225524e+00 0.000000000000000000e+00
1.011555981990928776e+00 0.000000000000000000e+00
1.011590162903675649e+00 0.000000000000000000e+00
1.011621558791776065e+00 0.000000000000000000e+00
1.011650399762740182e+00 0.000000000000000000e+00
1.011676887722053664e+00 0.000000000000000000e+00
1.011701200193758643e+00 0.000000000000000000e+00
1.011723493502423299e+00 0.000000000000000000e+00
1.011743905433333035e+00 0.000000000000000000e+00
1.011762557463343759e+00 0.000000000000000000e+00
1.011779556635930888e+00 0.000000000000000000e+00
1.011794997139188412e+00 0.000000000000000000e+00
1.011808961633894111e+00 0.000000000000000000e+00
1.011821522369496185e+00 0.000000000000000000e+00
1.011832742118461193e+00 0.000000000000000000e+00
1.011842674953389754e+00 0.000000000000000000e+00
1.011851366886371784e+00 0.000000000000000000e+00
1.011858856385931649e+00 0.000000000000000000e+00
1.011865174783416421e+00 0.000000000000000000e+00
1.011870346577651958e+00 0.000000000000000000e+00
1.011874389643979688e+00 0.000000000000000000e+00
1.011877315351298767e+00 0.000000000000000000e+00
1.011879128588340837e+00 0.000000000000000000e+00
1.011879827698028089e+00 0.000000000000000000e+00
1.011879404316278208e+00 0.000000000000000000e+00
1.011877843108937469e+00 0.000000000000000000e+00
1.011875121397501243e+00 0.000000000000000000e+00
1.011871208660775512e+00 0.000000000000000000e+00
1.011866065895470346e+00 0.000000000000000000e+00
1.011859644813632775e+00 0.000000000000000000e+00
1.011851886848550874e+00 0.000000000000000000e+00
1.011842721932849187e+00 0.000000000000000000e+00
1.011832067002442548e+00 0.000000000000000000e+00
1.011819824167045079e+00 0.000000000000000000e+00
1.011805878471065290e+00 0.000000000000000000e+00
1.011790095146520185e+00 0.000000000000000000e+00
1.011772316230115321e+00 0.000000000000000000e+00
1.011752356377051631e+00 0.000000000000000000e+00
1.011729997650400170e+00 0.000000000000000000e+00
1.011704982991166402e+00 0.000000000000000000e+00
1.011677007971782949e+00 0.000000000000000000e+00
1.011645710291746658e+00 0.000000000000000000e+00
1.011610656268741248e+00 0.000000000000000000e+00
1.011571323281320378e+00 0.000000000000000000e+00
1.011527076681994819e+00 0.000000000000000000e+00
1.011477139045088736e+00 0.000000000000000000e+00
1.011420548615014292e+00 0.000000000000000000e+00
1.011356102263986534e+00 0.000000000000000000e+00
1.011282275784448625e+00 0.000000000000000000e+00
1.011197110273525324e+00 0.000000000000000000e+00
1.011098046506308190e+00 0.000000000000000000e+00
1.010981677235774479e+00 0.000000000000000000e+00
1.010843365710663910e+00 0.000000000000000000e+00
1.010676637786923404e+00 0.000000000000000000e+00
1.010472173672368079e+00 0.000000000000000000e+00
1.010216053749919629e+00 0.000000000000000000e+00
1.009886524132231678e+00 0.000000000000000000e+00
1.009447586148137566e+00 0.000000000000000000e+00
1.008835059253567534e+00 0.000000000000000000e+00
1.007922299370903607e+00 0.000000000000000000e+00
1.006419785680130019e+00 0.000000000000000000e+00
1.003489215020881176e+00 0.000000000000000000e+00
9.952722148921193668e-01 0.000000000000000000e+00
8.380084883905812854e-01 0.000000000000000000e+00
1.034281406739035347e+00 0.000000000000000000e+00
1.022827610574659651e+00 0.000000000000000000e+00
1.019303968676931182e+00 0.000000000000000000e+00
1.017594167684703121e+00 0.000000000000000000e+00
1.016585341292142175e+00 0.000000000000000000e+00
1.015920433511987575e+00 0.000000000000000000e+00
1.015449689917242937e+00 0.000000000000000000e+00
1.015099282557637705e+00 0.000000000000000000e+00
1.014828605139427742e+00 0.000000000000000000e+00
1.014613476919932644e+00 0.000000000000000000e+00
1.014438600929685519e+00 0.000000000000000000e+00
1.014293828076671344e+00 0.000000000000000000e+00
1.014172160272492684e+00 0.000000000000000000e+00
1.014068616163691816e+00 0.000000000000000000e+00
1.013979553936864342e+00 0.000000000000000000e+00
1.013902249839641057e+00 0.000000000000000000e+00
1.013834626435231812e+00 0.000000000000000000e+00
1.013775072001960487e+00 0.000000000000000000e+00
1.013722317302190534e+00 0.000000000000000000e+00
1.013675349530245740e+00 0.000000000000000000e+00
1.013633350981162362e+00 0.000000000000000000e+00
1.013595654535211388e+00 0.000000000000000000e+00
1.013561710816005768e+00 0.000000000000000000e+00
1.013531063602022275e+00 0.000000000000000000e+00
1.013503331170708677e+00 0.000000000000000000e+00
1.013478191971537212e+00 0.000000000000000000e+00
1.013455373501510604e+00 0.000000000000000000e+00
1.013434643579800953e+00 0.000000000000000000e+00
1.013415803440711693e+00 0.000000000000000000e+00
1.013398682219655678e+00 0.000000000000000000e+00
1.013383132517059249e+00 0.000000000000000000e+00
1.013369026804210371e+00 0.000000000000000000e+00
1.013356254492538300e+00 0.000000000000000000e+00
1.013344719530041571e+00 0.000000000000000000e+00
1.013334338419904723e+00 0.000000000000000000e+00
1.013325038579847792e+00 0.000000000000000000e+00
1.013316756978516642e+00 0.000000000000000000e+00
1.013309438998793999e+00 0.000000000000000000e+00
1.013303037488348046e+00 0.000000000000000000e+00
1.013297511965843611e+00 0.000000000000000000e+00
1.013292827957580577e+00 0.000000000000000000e+00
1.013288956444329481e+00 0.000000000000000000e+00
1.013285873402108850e+00 0.000000000000000000e+00
1.013283559423850511e+00 0.000000000000000000e+00
1.013281999411484557e+00 0.000000000000000000e+00
1.013281182330096009e+00 0.000000000000000000e+00
1.013281101017574404e+00 0.000000000000000000e+00
1.013281752044655759e+00 0.000000000000000000e+00
1.013283135621535935e+00 0.000000000000000000e+00
1.013285255548354247e+00 0.000000000000000000e+00
1.013288119207849336e+00 0.000000000000000000e+00
1.013291737599430364e+00 0.000000000000000000e+00
1.013296125414796522e+00 0.000000000000000000e+00
1.013301301156126932e+00 0.000000000000000000e+00
1.013307287298776505e+00 0.000000000000000000e+00
1.013314110501369658e+00 0.000000000000000000e+00
1.013321801867245631e+00 0.000000000000000000e+00
1.013330397262376836e+00 0.000000000000000000e+00
1.013339937696236648e+00 0.000000000000000000e+00
1.013350469773654838e+00 0.000000000000000000e+00
1.013362046227554325e+00 0.000000000000000000e+00
1.013374726544682414e+00 0.000000000000000000e+00
1.013388577699124493e+00 0.000000000000000000e+00
1.013403675011663507e+00 0.000000000000000000e+00
1.013420103157068652e+00 0.000000000000000000e+00
1.013437957346374985e+00 0.000000000000000000e+00
1.013457344717441311e+00 0.000000000000000000e+00
1.013478385974874163e+00 0.000000000000000000e+00
1.013501217330297299e+00 0.000000000000000000e+00
1.013525992806524334e+00 0.000000000000000000e+00
1.013552886985352952e+00 0.000000000000000000e+00
1.013582098299569356e+00 0.000000000000000000e+00
1.013613852996957609e+00 0.000000000000000000e+00
1.013648409939840400e+00 0.000000000000000000e+00
1.013686066451012779e+00 0.000000000000000000e+00
1.013727165480250214e+00 0.000000000000000000e+00
1.013772104451064582e+00 0.000000000000000000e+00
1.013821346264070611e+00 0.000000000000000000e+00
1.013875433094367340e+00 0.000000000000000000e+00
1.013935003845302774e+00 0.000000000000000000e+00
1.014000816439396324e+00 0.000000000000000000e+00
1.014073776584196285e+00 0.000000000000000000e+00
1.014154975316972074e+00 0.000000000000000000e+00
1.014245738619326209e+00 0.000000000000000000e+00
1.014347693882790891e+00 0.000000000000000000e+00
1.014462860300819891e+00 0.000000000000000000e+00
1.014593773874599147e+00 0.000000000000000000e+00
1.014743663547919006e+00 0.000000000000000000e+00
1.014916704650760337e+00 0.000000000000000000e+00
1.015118392360141231e+00 0.000000000000000000e+00
1.015356107161751842e+00 0.000000000000000000e+00
1.015639998261580912e+00 0.000000000000000000e+00
1.015984415083722281e+00 0.000000000000000000e+00
1.016410329317396277e+00 0.000000000000000000e+00
1.016949651414944311e+00 0.000000000000000000e+00
1.017653429417195499e+00 0.000000000000000000e+00
1.018608722242974940e+00 0.000000000000000000e+00
1.019977147017959718e+00 0.000000000000000000e+00
1.022096429106880588e+00 0.000000000000000000e+00
1.025810067508711176e+00 0.000000000000000000e+00
1.033980705140620460e+00 0.000000000000000000e+00
1.066535503178192679e+00 0.000000000000000000e+00
9.011125583973550457e-01 0.000000000000000000e+00
9.846199445568413200e-01 0.000000000000000000e+00
9.964061185851132985e-01 0.000000000000000000e+00
1.001104358506182734e+00 0.000000000000000000e+00
1.003626472467297637e+00 0.000000000000000000e+00
1.005197396290585132e+00 0.000000000000000000e+00
1.006267883053955536e+00 0.000000000000000000e+00
1.007042668010271758e+00 0.000000000000000000e+00
1.007628156054286128e+00 0.000000000000000000e+00
1.008085122932256938e+00 0.000000000000000000e+00
1.008450802829811144e+00 0.000000000000000000e+00
1.008749278012064154e+00 0.000000000000000000e+00
1.008996812232729523e+00 0.000000000000000000e+00
1.009204783297620089e+00 0.000000000000000000e+00
1.009381387642000805e+00 0.000000000000000000e+00
1.009532677680563317e+00 0.000000000000000000e+00
1.009663217957925685e+00 0.000000000000000000e+00
1.009776514081191623e+00 0.000000000000000000e+00
1.009875301207841636e+00 0.000000000000000000e+00
1.009961742947565133e+00 0.000000000000000000e+00
1.010037571521985811e+00 0.000000000000000000e+00
1.010104188456915297e+00 0.000000000000000000e+00
1.010162738175556685e+00 0.000000000000000000e+00
1.010214162619118339e+00 0.000000000000000000e+00
1.010259242348468645e+00 0.000000000000000000e+00
1.010298627857260989e+00 0.000000000000000000e+00
1.010332863692690264e+00 0.000000000000000000e+00
1.010362407219179692e+00 0.000000000000000000e+00
1.010387643341021491e+00 0.000000000000000000e+00
1.010408896139900703e+00 0.000000000000000000e+00
1.010426438129798266e+00 0.000000000000000000e+00
1.010440497650935576e+00 0.000000000000000000e+00
1.010451264793659876e+00 0.000000000000000000e+00
1.010458896147430563e+00 0.000000000000000000e+00
1.010463518599074240e+00 0.000000000000000000e+00
1.010465232351156262e+00 0.000000000000000000e+00
1.010464113290713950e+00 0.000000000000000000e+00
1.010460214807208823e+00 0.000000000000000000e+00
1.010453569133835217e+00 0.000000000000000000e+00
1.010444188266422572e+00 0.000000000000000000e+00
1.010432064497706062e+00 0.000000000000000000e+00
1.010417170590622415e+00 0.000000000000000000e+00
1.010399459601683647e+00 0.000000000000000000e+00
1.010378864353638440e+00 0.000000000000000000e+00
1.010355296544926507e+00 0.000000000000000000e+00
1.010328645471207043e+00 0.000000000000000000e+00
1.010298776320851299e+00 0.000000000000000000e+00
1.010265527990972245e+00 0.000000000000000000e+00
1.010228710352431225e+00 0.000000000000000000e+00
1.010188100870186290e+00 0.000000000000000000e+00
1.010143440457878627e+00 0.000000000000000000e+00
1.010094428410774459e+00 0.000000000000000000e+00
1.010040716216497048e+00 0.000000000000000000e+00
1.009981899984834897e+00 0.000000000000000000e+00
1.009917511161382064e+00 0.000000000000000000e+00
1.009847005087892713e+00 0.000000000000000000e+00
1.009769746835158299e+00 0.000000000000000000e+00
1.009684993547680154e+00 0.000000000000000000e+00
1.009591872282606273e+00 0.000000000000000000e+00
1.009489351967483239e+00 0.000000000000000000e+00
1.009376207595958475e+00 0.000000000000000000e+00
1.009250974056750350e+00 0.000000000000000000e+00
1.009111885938747788e+00 0.000000000000000000e+00
1.008956798099276853e+00 0.000000000000000000e+00
1.008783079440819463e+00 0.000000000000000000e+00
1.008587468746291904e+00 0.000000000000000000e+00
1.008365875781801480e+00 0.000000000000000000e+00
1.008113101807358358e+00 0.000000000000000000e+00
1.007822438659288222e+00 0.000000000000000000e+00
1.007485080072074712e+00 0.000000000000000000e+00
1.007089233987684018e+00 0.000000000000000000e+00
1.006618742294808966e+00 0.000000000000000000e+00
1.006050856652848102e+00 0.000000000000000000e+00
1.005352500143166683e+00 0.000000000000000000e+00
1.004473658242642564e+00 0.000000000000000000e+00
1.003334949910913876e+00 0.000000000000000000e+00
1.001802371223405208e+00 0.000000000000000000e+00
9.996305576956090455e-01 0.000000000000000000e+00
9.963167802020524988e-01 0.000000000000000000e+00
9.906435870568935931e-01 0.000000000000000000e+00
9.787083504699528591e-01 0.000000000000000000e+00
9.374214141101693265e-01 0.000000000000000000e+00
1.339174894203539967e+00 0.000000000000000000e+00
1.063672326673323676e+00 0.000000000000000000e+00
1.040188407040828267e+00 0.000000000000000000e+00
1.031447247998608985e+00 0.000000000000000000e+00
1.026884021760533505e+00 0.000000000000000000e+00
1.024082001898382943e+00 0.000000000000000000e+00
1.022187069926633995e+00 0.000000000000000000e+00
1.020820517443377984e+00 0.000000000000000000e+00
1.019788680316167540e+00 0.000000000000000000e+00
1.018982222198740351e+00 0.000000000000000000e+00
1.018334742131425275e+00 0.000000000000000000e+00
1.017803583600786377e+00 0.000000000000000000e+00
1.017360092301643038e+00 0.000000000000000000e+00
1.016984306758546452e+00 0.000000000000000000e+00
1.016661894499490293e+00 0.000000000000000000e+00
1.016382298719796573e+00 0.000000000000000000e+00
1.016137571945309181e+00 0.000000000000000000e+00
1.015921616880806955e+00 0.000000000000000000e+00
1.015729677716729729e+00 0.000000000000000000e+00
1.015557990516479991e+00 0.000000000000000000e+00
1.015403537520148447e+00 0.000000000000000000e+00
1.015263871030545051e+00 0.000000000000000000e+00
1.015136984927652364e+00 0.000000000000000000e+00
1.015021219432379329e+00 0.000000000000000000e+00
1.014915189496583992e+00 0.000000000000000000e+00
1.014817730252933092e+00 0.000000000000000000e+00
1.014727854964214027e+00 0.000000000000000000e+00
1.014644722253686737e+00 0.000000000000000000e+00
1.014567610311530421e+00 0.000000000000000000e+00
1.014495896404220554e+00 0.000000000000000000e+00
1.014429040457108133e+00 0.000000000000000000e+00
1.014366571795913163e+00 0.000000000000000000e+00
1.014308078360108389e+00 0.000000000000000000e+00
1.014253197866772149e+00 0.000000000000000000e+00
1.014201610525523822e+00 0.000000000000000000e+00
1.014153032995944947e+00 0.000000000000000000e+00
1.014107213347131387e+00 0.000000000000000000e+00
1.014063926830713225e+00 0.000000000000000000e+00
1.014022972318220805e+00 0.000000000000000000e+00
1.013984169284106951e+00 0.000000000000000000e+00
1.013947355239371406e+00 0.000000000000000000e+00
1.013912383539194551e+00 0.000000000000000000e+00
