9.579999999999999627e-01
9.476999999999999869e-01
9.448999999999999622e-01
9.220000000000000417e-01
9.177999999999999492e-01
8.246999999999999886e-01
1.208399999999999919e+00
1.014799999999999924e+00
9.654000000000000359e-01
9.334999999999999964e-01
8.323000000000000398e-01
1.207699999999999996e+00
1.054799999999999960e+00
1.044300000000000006e+00
1.004299999999999971e+00
1.005400000000000071e+00
9.785000000000000364e-01
9.645000000000000240e-01
9.183000000000000052e-01
8.339999999999999636e-01
1.327199999999999935e+00
1.126600000000000046e+00
1.077900000000000080e+00
1.070300000000000029e+00
1.030899999999999928e+00
1.029500000000000082e+00
1.005400000000000071e+00
9.997000000000000330e-01
9.950999999999999845e-01
1.039199999999999902e+00
1.085199999999999942e+00
1.065900000000000070e+00
1.050000000000000044e+00
1.054200000000000026e+00
1.032000000000000028e+00
1.039199999999999902e+00
1.030799999999999939e+00
1.008699999999999930e+00
1.014199999999999990e+00
1.032699999999999951e+00
9.868999999999999995e-01
9.990999999999999881e-01
1.018899999999999917e+00
1.016999999999999904e+00
1.017500000000000071e+00
1.025099999999999900e+00
1.035600000000000076e+00
1.018899999999999917e+00
1.005600000000000049e+00
9.922999999999999599e-01
9.845000000000000417e-01
1.004799999999999915e+00
9.775000000000000355e-01
1.006899999999999906e+00
1.048799999999999955e+00
1.078500000000000014e+00
1.052300000000000013e+00
1.048999999999999932e+00
1.023300000000000098e+00
1.057800000000000074e+00
