1.005733760000000032e+00
1.032993389999999900e+00
1.003707920000000087e+00
1.001316199999999990e+00
1.000818760000000029e+00
1.000708699999999896e+00
1.000480199999999931e+00
1.000575940000000053e+00
1.000500240000000041e+00
1.000748689999999996e+00
1.000629690000000016e+00
1.000694369999999944e+00
1.000997240000000010e+00
1.001060789999999923e+00
1.001424829999999933e+00
1.001798050000000107e+00
1.002248589999999995e+00
1.003818289999999891e+00
1.006648200000000104e+00
1.014821420000000085e+00
1.058161350000000001e+00
1.204407830000000068e+00
1.031433910000000065e+00
1.010661569999999898e+00
1.005365319999999896e+00
1.003395269999999950e+00
1.002739080000000005e+00
1.002275969999999905e+00
1.002101319999999962e+00
1.002164739999999998e+00
1.002129980000000087e+00
1.002313580000000037e+00
1.002764390000000061e+00
1.003461919999999896e+00
1.004722029999999933e+00
1.006869639999999899e+00
1.011638430000000088e+00
1.023501699999999959e+00
1.059413200000000055e+00
1.116244639999999899e+00
1.054819259999999925e+00
1.022224990000000000e+00
1.011272860000000051e+00
1.006876679999999968e+00
1.004667179999999993e+00
1.003365960000000001e+00
1.002438369999999912e+00
1.002009839999999929e+00
1.001797089999999946e+00
1.001453659999999912e+00
1.001268540000000096e+00
1.001333559999999956e+00
1.001109100000000085e+00
1.001093749999999893e+00
1.000974919999999990e+00
1.000957660000000082e+00
1.000888210000000056e+00
1.001004180000000021e+00
1.000946420000000003e+00
1.001105310000000026e+00
1.001104049999999912e+00
1.001089789999999979e+00
1.001355690000000020e+00
1.001428299999999938e+00
1.001755479999999920e+00
1.002072190000000029e+00
1.002676860000000003e+00
1.003385030000000011e+00
1.004404290000000088e+00
1.006247579999999919e+00
1.009990919999999903e+00
1.017755140000000003e+00
1.037868460000000104e+00
1.082143319999999909e+00
1.069949480000000008e+00
1.030959109999999956e+00
1.015173990000000082e+00
1.009165660000000075e+00
1.006502220000000003e+00
1.006203670000000105e+00
1.005805749999999943e+00
1.003606519999999946e+00
1.002535549999999942e+00
1.001961979999999919e+00
1.001797669999999973e+00
1.001497829999999922e+00
1.001540909999999895e+00
1.001344769999999995e+00
1.001415270000000080e+00
1.001199230000000107e+00
1.001444269999999914e+00
1.001516569999999939e+00
1.001502640000000000e+00
1.001485930000000080e+00
1.001815410000000073e+00
1.001841439999999972e+00
1.002085600000000021e+00
1.002073500000000061e+00
1.002624879999999941e+00
1.002987049999999991e+00
1.003639259999999922e+00
1.004569269999999959e+00
1.005707340000000061e+00
1.007794110000000076e+00
1.010845650000000040e+00
1.015402350000000009e+00
1.022864269999999909e+00
1.032245470000000109e+00
1.038057540000000056e+00
1.033475190000000099e+00
1.024004710000000040e+00
1.016328509999999907e+00
1.011307229999999890e+00
1.008110389999999912e+00
1.006338039999999934e+00
1.004967919999999904e+00
1.004035430000000062e+00
1.003523549999999931e+00
1.002913450000000095e+00
1.002671819999999991e+00
1.002493709999999982e+00
1.002428359999999907e+00
1.002251610000000070e+00
1.002519259999999912e+00
1.002625450000000029e+00
1.002871679999999932e+00
1.003422789999999898e+00
1.004061890000000012e+00
1.005704390000000004e+00
1.007184199999999974e+00
1.009016780000000058e+00
1.009923700000000091e+00
1.009076070000000103e+00
1.007284899999999928e+00
1.005541739999999962e+00
1.004165949999999974e+00
1.003070040000000107e+00
1.002631370000000022e+00
1.002086119999999969e+00
1.001774189999999898e+00
1.001288860000000058e+00
1.001375050000000044e+00
1.001214990000000027e+00
1.001452919999999969e+00
1.001008450000000050e+00
1.001066950000000011e+00
1.000802860000000072e+00
1.001096170000000063e+00
1.001267040000000108e+00
1.001032609999999989e+00
1.001244629999999969e+00
1.001333009999999968e+00
1.001276990000000033e+00
1.001302970000000014e+00
1.001351279999999955e+00
1.001421399999999906e+00
1.001913870000000095e+00
1.002236410000000078e+00
1.002588009999999974e+00
1.003034219999999976e+00
1.003683480000000072e+00
1.004857209999999945e+00
1.006024110000000027e+00
1.007649159999999933e+00
1.009577240000000042e+00
1.010418260000000013e+00
1.010200119999999924e+00
1.008638130000000022e+00
1.006951960000000090e+00
1.005373070000000091e+00
1.004281320000000033e+00
1.003691090000000008e+00
1.003226699999999916e+00
1.002583830000000065e+00
1.002380920000000009e+00
1.001957750000000091e+00
1.001974039999999899e+00
1.001694309999999977e+00
1.001813609999999910e+00
1.001634069999999932e+00
1.001492510000000058e+00
1.001881459999999890e+00
1.001833090000000093e+00
1.002035330000000002e+00
1.001995870000000011e+00
1.002206469999999960e+00
1.002398069999999919e+00
1.002887810000000046e+00
1.003157480000000046e+00
1.003782270000000088e+00
1.003965170000000073e+00
1.005016090000000029e+00
1.005852579999999996e+00
1.007023369999999973e+00
1.009045460000000061e+00
1.011250760000000026e+00
1.014152219999999938e+00
1.017980550000000095e+00
1.022131059999999980e+00
1.025007760000000046e+00
1.025784849999999970e+00
1.023602679999999987e+00
1.019608559999999997e+00
1.015765840000000031e+00
1.012365909999999980e+00
1.009772209999999948e+00
1.007792100000000080e+00
1.006244359999999949e+00
1.005191069999999964e+00
1.004188419999999970e+00
1.003608800000000079e+00
1.003076660000000064e+00
1.002614260000000090e+00
1.002452640000000006e+00
1.001914889999999891e+00
1.001949540000000027e+00
1.001743719999999893e+00
1.001542829999999995e+00
1.001418689999999945e+00
1.001194829999999980e+00
