9.608565181565524860e-01 -6.483528991463316515e-16
9.595747061104292763e-01 -6.492202608843200551e-16
9.581853080459399319e-01 -6.518223460982852657e-16
9.566722138021078736e-01 -6.522560269672794675e-16
9.550157121884703670e-01 -6.574601973952098888e-16
9.531913939618978926e-01 -6.635317295611287136e-16
9.511686220114822232e-01 -6.722053469410127491e-16
9.489083543261536136e-01 -6.826136877968735917e-16
9.463599744352906296e-01 -6.990935608186532590e-16
9.434565558672817209e-01 -7.207776042683633477e-16
9.401075743845275223e-01 -7.494005416219806648e-16
9.361873023350220091e-01 -7.892991815694472280e-16
9.315155733522001436e-01 -8.439429710627166514e-16
9.258243565392341168e-01 -9.194034422677077600e-16
9.186962684943080770e-01 -1.030425744730223414e-15
9.094432937401170092e-01 -1.190020304520089667e-15
8.968457725035481332e-01 -1.441555208536726695e-15
8.785245500733321888e-01 -1.866562460151044434e-15
8.491997887251628852e-01 -2.692290834716004611e-15
7.950597670193395583e-01 -4.701100619897147226e-15
6.861964795724335708e-01 -1.177877240188252017e-14
1.434314407893731547e+00 7.195979923046991189e-14
1.243990518503130804e+00 8.628514569508638488e-15
1.118741182640621723e+00 4.127774511086812481e-15
1.066176424116677790e+00 3.058317488147110907e-15
1.037047010483564291e+00 2.641116492174688801e-15
1.017886577184460295e+00 2.467644144577008092e-15
1.003677884067853077e+00 2.426878142891553125e-15
9.920991556142592094e-01 2.479787208908845741e-15
9.818725722001182543e-01 2.607289384393141063e-15
9.721617915332289028e-01 2.814588839772369511e-15
9.622983268840710203e-01 3.109491830688426717e-15
9.516152852347474767e-01 3.507610868425103945e-15
9.392946442959464459e-01 4.053181401619809776e-15
9.241599489642557952e-01 4.814725007573628091e-15
9.043384849553354199e-01 5.863365348801607979e-15
8.768312593362650453e-01 7.382115752019302590e-15
8.390937138029807008e-01 9.324138683375338132e-15
8.243276438761661939e-01 9.063062800240828665e-15
1.128664888518989162e+00 -9.166278847061448687e-15
1.275103229789628090e+00 -1.906808044793706358e-14
1.191008896571358111e+00 -1.419827797000117187e-14
1.134351020343786320e+00 -1.056750173478171462e-14
1.100056802110672471e+00 -8.361800835077204397e-15
1.077568846932557056e+00 -6.945832797811135606e-15
1.061660641845111108e+00 -5.975688693871106238e-15
1.049707484525966850e+00 -5.275294090445470374e-15
1.040285013906138367e+00 -4.750540238962486228e-15
1.032560966371291133e+00 -4.339844456024977148e-15
1.026017132294375411e+00 -4.014150123410331616e-15
1.020312633421533555e+00 -3.749604793323868535e-15
1.015211924129811205e+00 -3.531029635350790841e-15
1.010544487401717539e+00 -3.346281585159260885e-15
1.006180980074425468e+00 -3.190373312755845348e-15
1.002018324639518898e+00 -3.054848041195157293e-15
9.979698259210455502e-01 -2.939922610911693823e-15
9.939581323694950399e-01 -2.839308649305039012e-15
9.899097359298091314e-01 -2.748886188119747942e-15
9.857501388862592862e-01 -2.672775195611265531e-15
9.813990019889801131e-01 -2.602952575703199045e-15
9.767646035495546331e-01 -2.541586732740519494e-15
9.717367956814545460e-01 -2.487810304985238474e-15
9.661772958248298071e-01 -2.439021207223390775e-15
9.599054766968101449e-01 -2.399989929013912615e-15
9.526765591350835338e-01 -2.363343895583902565e-15
9.441467554430661435e-01 -2.332335713450817138e-15
9.338154522594115381e-01 -2.316940042601522975e-15
9.209261937363981687e-01 -2.306098020876667931e-15
9.042943521172830401e-01 -2.310217989132112848e-15
8.820204204867292397e-01 -2.340792490396204073e-15
8.511732771027460398e-01 -2.414951918994212576e-15
8.090194516700840444e-01 -2.574329638349581728e-15
7.726274765186481597e-01 -3.145270502380448363e-15
9.309404331419492973e-01 -1.033732561356304203e-14
1.306943939748374195e+00 -1.922377187990598202e-14
1.296303169954024614e+00 -1.008448966693942239e-14
1.224850656417193928e+00 -5.963003528453025837e-15
1.175036281781191683e+00 -4.379309415103449510e-15
1.141884710515243206e+00 -3.647472948675734017e-15
1.118771814069849491e+00 -3.254774921801484311e-15
1.101833940048348337e+00 -3.022105135586095059e-15
1.088883067515745262e+00 -2.871834714479604145e-15
1.078627345788484515e+00 -2.770028130483215278e-15
1.070265302423953235e+00 -2.699338148837160389e-15
1.063276294517662590e+00 -2.650006949989069938e-15
1.057308018671214045e+00 -2.615529320904030897e-15
1.052113267154335841e+00 -2.591026351805858496e-15
1.047512747233879660e+00 -2.576606462911801287e-15
1.043372300145571918e+00 -2.568800207269905655e-15
1.039588393332748328e+00 -2.565872861404194794e-15
1.036078527648121472e+00 -2.567824425314668702e-15
1.032774641425519446e+00 -2.574112797915084627e-15
1.029618370831564489e+00 -2.582461154643223011e-15
1.026557459717754917e+00 -2.592869495499083854e-15
1.023542862428515665e+00 -2.604795719396424403e-15
1.020526236059411618e+00 -2.618022985900747557e-15
1.017457630335705465e+00 -2.625937661759891739e-15
1.014283309306307723e+00 -2.626696603280631592e-15
1.010943875730265118e+00 -2.615637741121279447e-15
1.007373444188914835e+00 -2.579533808777512149e-15
1.003502129046717650e+00 -2.499953369317076124e-15
9.992682860460906369e-01 -2.341117751047949724e-15
9.946587708847566267e-01 -2.036890621448517180e-15
9.898298743474244210e-01 -1.460962427424217225e-15
9.854611315020133100e-01 -3.411984236811882454e-16
9.837458976348834039e-01 1.868405603844269791e-15
9.906316507558480255e-01 5.957474097373349764e-15
1.016668675728479299e+00 1.191939342365389010e-14
1.060505113572100866e+00 1.589028388038205009e-14
1.091716922747385299e+00 1.439235015887607716e-14
1.097512360693654321e+00 1.077772853602665393e-14
1.091147867802730875e+00 7.749443448057391493e-15
1.082328347331052765e+00 5.636658674534889002e-15
1.074200297865457676e+00 4.177756231238394236e-15
1.067361094889034412e+00 3.148197848246159225e-15
1.061715342985391608e+00 2.398797306624178560e-15
1.057038587547721509e+00 1.837397421711184364e-15
1.053122004892819819e+00 1.402740770761745637e-15
1.049799362536816494e+00 1.059807623604580584e-15
1.046944077907867143e+00 7.820350270137943482e-16
1.044460682386071815e+00 5.546778314435840684e-16
1.042276897730351148e+00 3.642919299551294898e-16
1.040337488873307459e+00 2.025289658202922283e-16
1.038599756550194986e+00 6.407634839389331205e-17
1.037030289704619301e+00 -5.561957144850637746e-17
1.035602629400642183e+00 -1.604619215278546562e-16
1.034295579021943912e+00 -2.531069971667410101e-16
1.033091970991043107e+00 -3.364821442308763011e-16
1.031977757241162141e+00 -4.106957829375090796e-16
1.030941331065490907e+00 -4.778621075229860793e-16
1.029973015908433487e+00 -5.388484797252957037e-16
1.029064675853676114e+00 -5.954438331290390352e-16
1.028209415761423440e+00 -6.469976464307247710e-16
1.027401348134259429e+00 -6.943230712597170395e-16
1.026635410153138306e+00 -7.392632513092411983e-16
1.025907218799861242e+00 -7.811676652758059447e-16
1.025212955160050621e+00 -8.206326243542783061e-16
1.024549271279088014e+00 -8.575497083274097321e-16
1.023913214592903742e+00 -8.929489092590614518e-16
1.023302166160823257e+00 -9.266133867147363645e-16
1.022713789816439123e+00 -9.590852417806772223e-16
1.022145990013569206e+00 -9.903102643482597500e-16
1.021596876640184837e+00 -1.020125824091611122e-15
1.021064735448002470e+00 -1.049290862531471191e-15
1.020548003030878448e+00 -1.078076430210961334e-15
1.020045245504040965e+00 -1.105289904740347495e-15
1.019555140205125721e+00 -1.132611799486982207e-15
1.019076459869123985e+00 -1.159391593147374167e-15
1.018608058831637964e+00 -1.185954546373269025e-15
1.018148860894981578e+00 -1.212138028838793957e-15
1.017697848554601103e+00 -1.238267301195694614e-15
1.017254053332793173e+00 -1.264179733118098170e-15
1.016816547005586768e+00 -1.289929534714628900e-15
1.016384433539046839e+00 -1.316058807071529557e-15
1.015956841574800595e+00 -1.343218071492291443e-15
1.015532917322462758e+00 -1.369347343849192100e-15
1.015111817729772881e+00 -1.395856086966462684e-15
1.014692703810319951e+00 -1.423557452473467322e-15
1.014274734014159129e+00 -1.451150397763223410e-15
1.013857057528756211e+00 -1.479502284573719351e-15
1.013438807396672470e+00 -1.508613112904955145e-15
1.013019093332267140e+00 -1.538916563625924994e-15
1.012596994112383575e+00 -1.569003173912397742e-15
1.012171549405326942e+00 -1.600661877348974471e-15
1.011741750888136782e+00 -1.633513203175285255e-15
1.011306532483886134e+00 -1.667069260413711618e-15
1.010864759528006029e+00 -1.701980570367744861e-15
1.010415216644993119e+00 -1.738355553254633534e-15
1.009956594083775361e+00 -1.776790520269244666e-15
1.009487472221111126e+00 -1.816634950108086954e-15
1.009006303897527435e+00 -1.858214103422906049e-15
1.008511394199897993e+00 -1.901527980213701952e-15
1.008000877250364580e+00 -1.948365514065075743e-15
1.007472689506438090e+00 -1.996395670306183590e-15
1.006924539028976273e+00 -2.048057903825117876e-15
1.006353870146806884e+00 -2.102701693318387299e-15
1.005757822963724513e+00 -2.160164408460119034e-15
1.005133187259503513e+00 -2.222777083921156915e-15
1.004476350609593061e+00 -2.288317105247905658e-15
1.003783241126390058e+00 -2.359766028414700401e-15
1.003049266353002400e+00 -2.436473332118049839e-15
1.002269251953717299e+00 -2.519902689290809406e-15
1.001437387726031192e+00 -2.609078317977742145e-15
1.000547195526640953e+00 -2.706277042741067618e-15
9.995915465685428769e-01 -2.812691485970519878e-15
9.985627790781725910e-01 -2.929514270055832981e-15
9.974530107307116866e-01 -3.057775387060868155e-15
9.962548213941169184e-01 -3.201323754697948942e-15
9.949626353391138878e-01 -3.359725692098081140e-15
9.935754274023868016e-01 -3.538619050558189372e-15
9.921019533191433037e-01 -3.745430614959799343e-15
9.905708379179627432e-01 -3.984876664753222997e-15
9.890500849940426775e-01 -4.274738115567222607e-15
9.876848497748025313e-01 -4.626941191299138723e-15
9.867698116597536373e-01 -5.097430724049223372e-15
9.868820092280494727e-01 -5.737272636141543813e-15
9.890942889700325980e-01 -6.686166377500857294e-15
9.951858943839519966e-01 -8.065163120685170384e-15
1.007344225153597561e+00 -9.676667019758999899e-15
1.026185443536832276e+00 -1.042736860398796317e-14
1.047492617706631268e+00 -8.458349038537038567e-15
1.063596471535411814e+00 -3.900850996385596403e-15
1.070688480637298934e+00 6.427692579580313037e-16
1.070752766001819234e+00 3.510755054725311908e-15
1.067284925997891820e+00 4.779163176316103545e-15
1.062646199782389944e+00 5.104857508930749077e-15
1.057968873493382977e+00 4.976054290839471150e-15
1.053685076155161715e+00 4.658383054301218351e-15
1.049908401658884438e+00 4.284821195771337798e-15
1.046625761203399785e+00 3.912994060717434053e-15
1.043781648205125867e+00 3.564856743132338579e-15
1.041312339397889586e+00 3.249570751373553890e-15
1.039158531288018494e+00 2.967081875332455709e-15
1.037269097758089842e+00 2.716143282510685708e-15
1.035601384243385326e+00 2.491225541828567813e-15
1.034120295083406305e+00 2.292274443177477750e-15
1.032797085697364503e+00 2.114519496998479298e-15
1.031608204771592430e+00 1.954220205796497467e-15
1.030534297018104395e+00 1.810129737073173928e-15
1.029559383556672980e+00 1.680350737026659047e-15
