8.927697953465850711e-01
-7.321803495613814383e-18
6.847421041395044261e-01
3.940422469370472422e-17
4.901540060836611090e-01
5.004566268765888441e-17
3.033006219028255845e-01
2.019761724970905372e-16
1.001467552837582708e-01
6.441698010294973379e-17
-8.113303037056448508e-01
1.663638248993173321e-17
-6.456463416970923408e-01
-7.814822494194920144e-03
-6.456463416970925628e-01
7.814822494194621771e-03
-3.312687702957885505e-01
-9.440412189178119806e-03
-3.312687702957883285e-01
9.440412189178256849e-03
