9.489056007232709034e-01
9.523808848558840134e-01
9.933616766453562397e-01
9.936569692159349376e-01
9.770051146289374655e-01
9.691661065363625926e-01
9.648256853201847560e-01
9.619725826116797274e-01
9.598521284933865250e-01
9.581323105762303838e-01
9.566465741276672929e-01
9.553023710859521733e-01
9.540438553072289052e-01
9.528348794053422832e-01
9.516505225237950061e-01
9.504725477688336088e-01
9.492868091965754873e-01
9.480816857001943543e-01
9.468470820161731805e-01
9.455737539118598267e-01
9.442528220811190476e-01
9.428753949913944998e-01
9.414322507461496681e-01
9.399135441568435834e-01
9.383085136467848031e-01
9.366051663236245606e-01
9.347899199971960726e-01
9.328471786399765708e-01
9.307588127439408998e-01
9.285035076492451633e-01
9.260559300310302611e-01
9.233856433110162465e-01
9.204556734846074395e-01
9.172205822581767087e-01
9.136238353891865671e-01
9.095941453218280293e-01
9.050402919657155598e-01
8.998436365492683553e-01
8.938470551725121727e-01
8.868381718492368559e-01
8.785232649155246820e-01
8.684854869148957990e-01
8.561160446359072917e-01
8.404982206686881785e-01
8.202119316330875876e-01
7.930340475124939559e-01
7.557502715803099402e-01
7.066679588465438755e-01
6.770945158242378525e-01
9.690538911238979480e-01
1.476911330278363410e+00
1.379620091853698050e+00
1.258887907303753995e+00
1.184422351789545136e+00
1.137102970849335870e+00
1.104885968092716553e+00
1.081603784007239000e+00
1.063954677979284336e+00
1.050050075029658414e+00
1.038742203639881678e+00
1.029296429899716259e+00
1.021221397605630354e+00
1.014175771388984071e+00
1.007914378018121893e+00
1.002255692482852956e+00
9.970614259607901708e-01
9.922232495410711062e-01
9.876538676286971130e-01
9.832808155347262380e-01
9.790419974435375927e-01
9.748823472164944715e-01
9.707512087029086523e-01
9.666001591299940854e-01
9.623810736880137329e-01
9.580442708312182365e-01
9.535365966846581776e-01
9.487993091115800581e-01
9.437656109332502874e-01
9.383576609647212852e-01
9.324828683526998896e-01
9.260292707691958336e-01
9.188598678096611128e-01
9.108060853123176592e-01
9.016615181101439447e-01
8.911799524532998396e-01
8.790899132960585671e-01
8.651621614857210041e-01
8.494396919007410895e-01
8.329675398257286867e-01
8.200615503862659361e-01
8.249193616552911168e-01
8.848384815882293086e-01
1.043703626855895239e+00
1.222492615420931461e+00
1.287034476033683372e+00
1.269883095023663477e+00
1.232630966057177924e+00
1.197415098070346628e+00
1.168412413656583215e+00
1.145175957628157493e+00
1.126496545139617389e+00
1.111286861727421638e+00
1.098712982240589442e+00
1.088160558020478064e+00
1.079179296375574859e+00
1.071436594331548697e+00
1.064683681002511539e+00
1.058731849296014271e+00
1.053435905212561252e+00
1.048682590782061830e+00
1.044382404778519957e+00
1.040463752662447172e+00
1.036868707547226265e+00
1.033549898172437365e+00
1.030468195046251756e+00
1.027590968957645678e+00
1.024890764979131674e+00
1.022344281638175589e+00
1.019931576737171941e+00
1.017635443276046159e+00
1.015440914290867358e+00
1.013334866278875035e+00
1.011305698638227613e+00
1.009343072151470233e+00
1.007437693624249953e+00
1.005581136793399333e+00
1.003765691844710428e+00
1.001984237542920653e+00
1.000230131224473018e+00
9.984971128442245991e-01
9.967792199768091832e-01
9.950707112068771787e-01
9.933659957395344353e-01
9.916595673514922993e-01
9.899459410048592201e-01
9.882195905730029040e-01
9.864748861903140931e-01
9.847060297396771356e-01
9.829069869339530641e-01
9.810714143282203148e-01
9.791925794116022042e-01
9.772632716608068426e-01
9.752757020766575913e-01
9.732213882484536116e-01
9.710910213697035998e-01
9.688743108232381607e-01
9.665598009111173727e-01
9.641346529545750110e-01
9.615843842372694406e-01
9.588925529858397523e-01
9.560403756083127869e-01
9.530062585230584249e-01
9.497652218215170139e-01
9.462881853510374253e-01
9.425410791342180294e-01
9.384837288635722308e-01
9.340684530953656806e-01
9.292382916649987168e-01
9.239247658843363631e-01
9.180450544827354342e-01
9.114984669368734194e-01
9.041621384442455334e-01
8.958860345365169398e-01
8.864878266534443885e-01
8.757494538239457560e-01
8.634204212872597095e-01
8.492412528456538823e-01
8.330224988745237313e-01
8.148736803633650494e-01
7.958363292021166657e-01
7.795916574802744803e-01
7.767737298852286365e-01
8.132522355236226907e-01
9.298642474236462618e-01
1.121641606772506350e+00
1.277283898255637595e+00
1.330248686186266349e+00
1.319719442074723581e+00
1.288867102716908519e+00
1.256183210102934655e+00
1.227108283899907448e+00
1.202515383805477178e+00
1.181968023967868264e+00
1.164777651372829181e+00
1.150315920640428091e+00
1.138098137133945364e+00
1.127814118323468673e+00
1.119347711587675542e+00
1.112604930001644732e+00
1.106801129479432433e+00
1.100781041157003592e+00
1.094676857797754144e+00
1.089015687336869043e+00
1.083932824739725520e+00
1.079375346600321306e+00
1.075260821479653295e+00
1.071517213753205633e+00
1.068087062541120291e+00
1.064924850321878447e+00
1.061994034957164823e+00
1.059264779035090642e+00
1.056712330524588905e+00
1.054315871202798682e+00
1.052057683600021276e+00
1.049922534760830306e+00
1.047897210145109836e+00
1.045970153857195717e+00
1.044131185916879145e+00
1.042371276552019665e+00
1.040682363501777230e+00
1.039057202300820659e+00
1.037489242213318397e+00
1.035972522355990577e+00
1.034501583874243291e+00
1.033071394993184455e+00
1.031677286472138189e+00
1.030314895524662377e+00
1.028980116680001444e+00
1.027669058396474266e+00
1.026378004525806409e+00
1.025103380002668763e+00
1.023841720435521463e+00
1.022589645661189151e+00
1.021343837890613004e+00
1.020101025977775855e+00
1.018857978858854763e+00
1.017611513746202068e+00
1.016358528627863800e+00
1.015096073357925510e+00
1.013821472611118546e+00
1.012532477598326208e+00
1.011227255583672324e+00
1.009903565005952908e+00
1.008556119571942133e+00
1.007173681264557752e+00
1.005742794906291593e+00
1.004257202019044559e+00
1.002718674647594677e+00
1.001130649814375717e+00
9.994955455502492203e-01
9.978161217181656939e-01
9.960979153282284448e-01
9.943519958814905912e-01
9.925985149311793432e-01
9.908718506794013114e-01
9.892283885694603818e-01
9.877583594621861529e-01
9.866036378329283707e-01
9.859836951043872144e-01
9.862311025104607554e-01
9.878337002127017819e-01
9.914676103640276406e-01
9.979757816003982374e-01
1.008200153120636822e+00
1.022556303304854586e+00
1.040386298944204535e+00
1.059543105364417093e+00
1.076921877603933098e+00
1.089907532119098521e+00
1.097523762211253251e+00
1.100363255918916261e+00
1.099752473561560251e+00
1.097017813037121314e+00
1.093166112381070976e+00
1.088855389084289804e+00
1.084474934711266991e+00
1.080236075939285501e+00
1.076241726397992871e+00
1.072532329520611949e+00
1.069114034210750130e+00
1.065975246817462141e+00
1.063096067655655785e+00
1.060453523754452121e+00
1.058024370368794820e+00
1.055786508374059851e+00
1.053719626237388018e+00
1.051805417011328458e+00
1.050027570595772897e+00
1.048371654698093680e+00
1.046824947918075122e+00
1.045376259683803655e+00
1.044015755387298627e+00
1.042734795828132333e+00
1.041525794974138996e+00
1.040382097359925817e+00
1.039297875168739616e+00
1.038268044612025598e+00
1.037288201318186776e+00
1.036354574906520831e+00
1.035464003691930701e+00
1.034613931548126864e+00
1.033802430414260343e+00
1.033028253874449964e+00
1.032290929829167592e+00
1.031590903702470419e+00
1.030929748071181873e+00
1.030310460118417870e+00
1.029737874553620758e+00
1.029219225199540899e+00
1.028764889471716515e+00
1.028389337338759368e+00
1.028112260323038818e+00
1.027959737618698188e+00
1.027965036768409446e+00
1.028168148813223048e+00
1.028612357960216661e+00
1.029335240094723103e+00
1.030351451385339789e+00
1.031627796551424225e+00
1.033059764393533975e+00
1.034469829208847891e+00
1.035646477637235829e+00
1.036415180750133391e+00
1.036698207434435970e+00
1.036524140251333659e+00
1.035990953048955276e+00
1.035217051058835658e+00
1.034307428112076321e+00
1.033340331631965148e+00
1.032367456863737765e+00
1.031419651889536215e+00
1.030513332457409836e+00
1.029655709478285885e+00
1.028848489273393563e+00
1.028090293107766895e+00
1.027378158968209831e+00
1.026708436475390007e+00
1.026077299206006099e+00
1.025481023457811114e+00
1.024916128052238751e+00
1.024379433541401152e+00
1.023868076134650806e+00
1.023379497371763147e+00
1.022911421858380576e+00
1.022461830129349547e+00
1.022028930572695282e+00
1.021611132497125318e+00
1.021207021348634614e+00
1.020815336467016721e+00
1.020434951433410786e+00
1.020064856882572313e+00
1.019704145570440534e+00
1.019351999458250058e+00
1.019007678574725073e+00
1.018670511433612536e+00
1.018339886806735040e+00
1.018015246678237284e+00
1.017696080231312861e+00
1.017381918743218039e+00
1.017072331287409037e+00
1.016766921163192450e+00
1.016465322993652221e+00
1.016167200452323671e+00
1.015872244598701624e+00
1.015580172822972971e+00
1.015290728422224786e+00
1.015003680854861923e+00
1.014718826748397973e+00
1.014435991769781609e+00
1.014155033509095194e+00
1.013875845579473189e+00
1.013598363201940522e+00
1.013322570628127473e+00
1.013048510862440743e+00
1.012776298286158783e+00
1.012506134969324512e+00
1.012238331695723748e+00
1.011973335038954591e+00
1.011711762235725454e+00
1.011454446133338791e+00
1.011202493174168326e+00
1.010957358256029393e+00
1.010720941405472306e+00
1.010495712534993373e+00
1.010284872089427077e+00
1.010092556974131250e+00
1.009924102418939595e+00
1.009786370534238698e+00
1.009688153577808833e+00
1.009640651182541315e+00
1.009658000279680667e+00
1.009757794635710804e+00
1.009961453402984377e+00
1.010294167010653776e+00
1.010783951957282989e+00
1.011459104757904015e+00
1.012343173127627116e+00
1.013446751033440840e+00
1.014756447777420689e+00
1.016223695237737923e+00
1.017759116258153629e+00
1.019239511516758956e+00
1.020530585051706574e+00
1.021519085539108751e+00
1.022139894272690475e+00
1.022385354259188528e+00
1.022295276011495613e+00
1.021936451893636688e+00
1.021382516332390633e+00
1.020700346573057749e+00
1.019943786292085930e+00
1.019152614519893252e+00
1.018354260584343196e+00
1.017566457145517411e+00
1.016799848174814835e+00
1.016060153135583288e+00
1.015349807866075649e+00
1.014669141168399902e+00
1.014017186923319214e+00
1.013392228701580411e+00
1.012792156024415746e+00
1.012214691635096253e+00
1.011657532196604370e+00
1.011118431821523833e+00
1.010595248418185932e+00
1.010085966243674527e+00
1.009588703538888188e+00
1.009101711072100116e+00
1.008623365378980008e+00
1.008152159134046100e+00
1.007686690196085477e+00
1.007225650285187513e+00
1.006767813868661765e+00
1.006312027588379232e+00
1.005857200407155316e+00
1.005402294556332121e+00
1.004946317310643433e+00
1.004488313586633819e+00
1.004027359348832249e+00
1.003562555808122703e+00
1.003093024406094269e+00
1.002617902595770216e+00
1.002136340452407515e+00
1.001647498178220408e+00
1.001150544602914527e+00
1.000644656829588808e+00
1.000129021235462545e+00
9.996028361125921524e-01
9.990653163301101980e-01
9.985157005229600147e-01
9.979532614711630334e-01
9.973773205396520014e-01
9.967872673166179309e-01
9.961825859380534220e-01
9.955628900440882667e-01
9.949279689137585647e-01
9.942778481152032555e-01
9.936128690487110449e-01
9.929337931298957143e-01
9.922419381619619339e-01
9.915393568092210064e-01
9.908290701680699808e-01
9.901153734226478820e-01
9.894042356678766081e-01
9.887038223504833745e-01
9.880251764647264290e-01
9.873831033780317012e-01
9.867973130071140409e-01
9.862938797108450339e-01
9.859070798371964983e-01
9.856816498885649924e-01
9.856754575418050779e-01
9.859624640517993255e-01
9.866356344170591486e-01
9.878090596329563988e-01
9.896179322377123277e-01
9.922141573496954248e-01
9.957544685846140275e-01
1.000377541187374764e+00
1.006167955687251814e+00
1.013109565370321041e+00
1.021039510213967105e+00
1.029623824201518545e+00
1.038378038143283000e+00
1.046742339094671514e+00
1.054192534819558436e+00
1.060344153695848446e+00
1.065008781174350494e+00
1.068189090103723426e+00
1.070029394928136313e+00
1.070751344021890761e+00
1.070598269893097143e+00
1.069798316640576674e+00
1.068545892093667682e+00
1.066996278209458193e+00
1.065267801236739587e+00
1.063447367837477398e+00
1.061596823932603906e+00
1.059758854350573376e+00
1.057961924703389345e+00
1.056224183782242809e+00
1.054556432129613031e+00
1.052964324374531468e+00
1.051449974532251197e+00
1.050013110826687468e+00
1.048651897681082579e+00
1.047363515266166889e+00
1.046144564194475546e+00
1.044991345024451013e+00
1.043900048649222478e+00
1.042866883573752457e+00
1.041888158726926639e+00
1.040960335130565850e+00
1.040080055916668744e+00
1.039244161438632297e+00
1.038449694258886113e+00
1.037693897393401787e+00
1.036974208193308877e+00
1.036288249530745498e+00
1.035633819448084747e+00
1.035008880068241988e+00
1.034411546307046681e+00
1.033840074746819493e+00
1.033292852901990688e+00
1.032768389017582056e+00
1.032265302478724500e+00
1.031782314866288131e+00
1.031318241664506807e+00
1.030871984607211189e+00
1.030442524636982826e+00
