-8.100415398102223108e-01
3.346668082991333115e-03
-8.100415398102286391e-01
-3.346668082991074208e-03
-5.521332376713717904e-01
-2.111434871895263407e-17
-3.298195909472306786e-01
4.206559077889693768e-16
-2.303180807260143959e-01
1.730245173788864496e-17
9.517361764670135837e-01
-5.227261600058541043e-17
7.390377577204214621e-01
-2.994337433382880284e-17
5.228801521983091893e-01
-1.006017732569220341e-16
2.606894257084881872e-01
5.075328076954094970e-17
8.340376013475900296e-02
-3.148922317118228571e-16
