9.954950161995315128e-01 9.743812611868752698e-15
9.952641867773220907e-01 9.860996626736105865e-15
9.950264341932844037e-01 9.981436451820434379e-15
9.947814418677584092e-01 1.010556579545937245e-14
9.945288736210160518e-01 1.023338468537572478e-14
9.942683721330426438e-01 1.036489314954689458e-14
9.939995572558144588e-01 1.050095857794317339e-14
9.937220241613331506e-01 1.064114731818290727e-14
9.934353413064694882e-01 1.078610992031192080e-14
9.931390481931312575e-01 1.093584641332731931e-14
9.928326528993413058e-01 1.109013998604606505e-14
9.925156293534299623e-01 1.125029171058034182e-14
9.921874143196230955e-01 1.141565109538472729e-14
9.918474040587548224e-01 1.158665185133807958e-14
9.914949506225323450e-01 1.176437821087317042e-14
9.911293577335876792e-01 1.194817968319561250e-14
9.907498761963099421e-01 1.213870682036487042e-14
9.903556987749428941e-01 1.233704385555406187e-14
9.899459544654217735e-01 1.254340766044037022e-14
9.895197020756001383e-01 1.275693090476762705e-14
9.890759230145116376e-01 1.297869782242594416e-14
9.886135131746750515e-01 1.321087684970999855e-14
9.881312737716027028e-01 1.345216697619039504e-14
9.876279009809388887e-01 1.370430295774396915e-14
9.871019741851428941e-01 1.396685114612068020e-14
9.865519426072709708e-01 1.424154629762788927e-14
9.859761100678252621e-01 1.452838844530314158e-14
9.853726175501125173e-01 1.482911234585927113e-14
9.847394231978867651e-01 1.514501907533191036e-14
9.840742792934674688e-01 1.547524130559527597e-14
9.833747056714279289e-01 1.582238115565016371e-14
9.826379589077376409e-01 1.618730602118625498e-14
9.818609964809134061e-01 1.657175065978545765e-14
9.810404349224743914e-01 1.697788351004146080e-14
9.801725007485125873e-01 1.740570460633321394e-14
9.792529726788913313e-01 1.785868343010841897e-14
9.782771132873080422e-01 1.833855473944094582e-14
9.772395877598581970e-01 1.884705329249102261e-14
9.761343668387987282e-01 1.938851593270213623e-14
9.749546102468827913e-01 1.996294269487875724e-14
9.736925258638087222e-01 2.057727250776029405e-14
9.723391985736334897e-01 2.123454117227490081e-14
9.708843808990489377e-01 2.193778448933737465e-14
9.693162351128455922e-01 2.269394138764528596e-14
9.676210132211094939e-01 2.350821607235543447e-14
9.657826566868082940e-01 2.438668011026904937e-14
9.637822914764797577e-01 2.533887451501494484e-14
9.615975851756994874e-01 2.637260557658840694e-14
9.592019203326662691e-01 2.749828167000547283e-14
9.565633200101157918e-01 2.872804589352666048e-14
9.536430348697017001e-01 3.008011287730575747e-14
9.503936613860018978e-01 3.156836044248973652e-14
9.467566005303956755e-01 3.321794211245517728e-14
9.426585731162131498e-01 3.504967460147334742e-14
9.380067610159371627e-01 3.709565032593937314e-14
9.326819063521214481e-01 3.938796170171959771e-14
9.265283090856144543e-01 4.197691574058611548e-14
9.193389999844520100e-01 4.490588055974743652e-14
9.108332127821294755e-01 4.823210206348726709e-14
9.006212241189059942e-01 5.200588726137472855e-14
8.881478917568894627e-01 5.624978758646848638e-14
8.725993859663416785e-01 6.093778221351483322e-14
8.527456225193454920e-01 6.576109038959382159e-14
8.266744046382651367e-01 6.977255312143976263e-14
7.913848198418246271e-01 6.987742375122926570e-14
7.425412245117134491e-01 5.581307821698397852e-14
6.778771048543670297e-01 -9.342337923634539207e-15
6.369637669986081274e-01 -2.428769483097061757e-13
9.466162584512639588e-01 -3.288351579038932816e-13
1.506349490974947747e+00 2.620263491474427127e-13
1.475833743030903866e+00 -1.727718965573857130e-14
1.363308294331534887e+00 -1.034574280440174328e-13
1.284646438530492762e+00 -1.088897527834429431e-13
1.232221153395052005e+00 -9.863670255905367963e-14
1.195807156780906544e+00 -8.689785638152641291e-14
1.169335496078657499e+00 -7.653615850886462749e-14
1.149330696624644821e+00 -6.788250744899291331e-14
1.133726655853082743e+00 -6.072114697830816233e-14
1.121236824672277921e+00 -5.477126874701768619e-14
1.111024721644857660e+00 -4.978263891109823647e-14
1.102525530063018788e+00 -4.555641481438232168e-14
1.095345230029157513e+00 -4.194167554201163987e-14
1.089201119950879759e+00 -3.881785784568218367e-14
1.083885375867978951e+00 -3.609692454846563912e-14
1.079241950476995004e+00 -3.370905307664948921e-14
1.075151478923240367e+00 -3.159526288552556048e-14
1.071521148088982578e+00 -2.971348699216586388e-14
1.068277733030911669e+00 -2.802859731609926111e-14
1.065362707341573234e+00 -2.651066995655762058e-14
1.062728743514175234e+00 -2.513802095934551092e-14
1.060337164657723097e+00 -2.388940006205608432e-14
1.058156059800423376e+00 -2.274962854630420551e-14
1.056158870098426128e+00 -2.170526243005921107e-14
1.054323314500279052e+00 -2.074459246876325233e-14
1.052630563648076834e+00 -1.985894519916238498e-14
1.051064597715936078e+00 -1.903791245108907820e-14
1.049611702204748420e+00 -1.827802496631366506e-14
1.048260068372187881e+00 -1.756974197409060849e-14
1.046999473852742391e+00 -1.690872689552949636e-14
1.045821025328495413e+00 -1.629107685599260654e-14
1.044716949647152893e+00 -1.571245532551369575e-14
1.043680423084096809e+00 -1.516982684465472071e-14
1.042705430872433281e+00 -1.465755389931655241e-14
1.041786650928145930e+00 -1.417737158363893881e-14
1.040919357049622018e+00 -1.372234141107737592e-14
1.040099337893841680e+00 -1.329224698883842474e-14
1.039322828811956034e+00 -1.288557092579156264e-14
1.038586454227063971e+00 -1.249971167734681172e-14
1.037887178701819568e+00 -1.213336879519266153e-14
1.037222265206102279e+00 -1.178524189023283490e-14
1.036589239379701155e+00 -1.145359695792725253e-14
1.035985858809956639e+00 -1.113713374699997510e-14
1.035410086523165907e+00 -1.083585312901636281e-14
1.034860068031541402e+00 -1.054780450070151262e-14
1.034334111392465338e+00 -1.027233840043937529e-14
1.033830669829646665e+00 -1.000902231740290805e-14
1.033348326541212892e+00 -9.756122821342464499e-15
1.032885781381291057e+00 -9.514508705007671177e-15
1.032441839152072882e+00 -9.282013149511745345e-15
1.032015399284876400e+00 -9.058637913825324179e-15
1.031605446723046215e+00 -8.844601792748093068e-15
1.031211043848045517e+00 -8.638389078190635204e-15
1.030831323313853520e+00 -8.439785354355083995e-15
1.030465481674701644e+00 -8.248576488851972558e-15
1.030112773707911211e+00 -8.063898150623021321e-15
1.029772507347758825e+00 -7.886187419651683331e-15
1.029444039158315727e+00 -7.714363915004556729e-15
1.029126770283490977e+00 -7.549082464554196107e-15
1.028820142821375239e+00 -7.388613211464339802e-15
1.028523636577686640e+00 -7.234045873418279485e-15
1.028236766159932092e+00 -7.084302518661599558e-15
1.027959078379995894e+00 -6.938956618945027978e-15
1.027690149938487396e+00 -6.798883724512280306e-15
1.027429585369500797e+00 -6.663225884688766719e-15
1.027177015229715717e+00 -6.531560280436763810e-15
1.026932094521219252e+00 -6.404116345719625234e-15
1.026694501343437871e+00 -6.280475073301116990e-15
1.026463935776511960e+00 -6.160436812039345221e-15
1.026240119006996077e+00 -6.044455496973083545e-15
1.026022792717762089e+00 -5.931687784435869353e-15
1.025811718778771198e+00 -5.821945514704334822e-15
1.025606679295982593e+00 -5.716130561171839419e-15
1.025407477105262144e+00 -5.613200601378997167e-15
1.025213936841830487e+00 -5.513423772765992926e-15
1.025025906781960261e+00 -5.416646721245688647e-15
1.024843261756381851e+00 -5.323165773743645971e-15
1.024665907598706127e+00 -5.232431229412477975e-15
1.024493787860747185e+00 -5.145223381503605763e-15
1.024326893980558983e+00 -5.061061561630920972e-15
1.024165280882679996e+00 -4.979955550698664699e-15
1.024009091432221297e+00 -4.902648196714845981e-15
1.023858595903022639e+00 -4.829030331991342328e-15
1.023714258094400309e+00 -4.760052571086826331e-15
1.023576851357259843e+00 -4.695893793211733557e-15
1.023447674346929182e+00 -4.639111205224261659e-15
1.023328982657386366e+00 -4.591507336825761001e-15
1.023224938042438970e+00 -4.556733394464564182e-15
1.023143979125466618e+00 -4.544569379352472716e-15
1.023105921417666320e+00 -4.574957346822066130e-15
1.023170272374398726e+00 -4.709144908140136309e-15
1.023633073240294955e+00 -5.248869143003490660e-15
1.171013681988266830e+00 -1.858056452728868418e-14
1.020967019883907367e+00 -2.618841701674795346e-15
1.021452289951437331e+00 -3.191531947978297469e-15
1.021532412912828258e+00 -3.337772743393626070e-15
1.021513615084155280e+00 -3.379572320591332684e-15
1.021456682044097342e+00 -3.380431528336545682e-15
1.021381771493256041e+00 -3.361335267338744181e-15
1.021297468692224708e+00 -3.331512975375886532e-15
1.021208028117420730e+00 -3.295353053382451399e-15
1.021115782900884117e+00 -3.255349570662694843e-15
1.021022107352337338e+00 -3.212671470190175363e-15
1.020927854011697722e+00 -3.168485019807648543e-15
1.020833571966059061e+00 -3.123422121437433342e-15
1.020739624287710257e+00 -3.077594130485945049e-15
1.020646255063846652e+00 -3.031854269950003348e-15
1.020553629556106623e+00 -2.985671070582207809e-15
1.020461859252777437e+00 -2.939756591951642757e-15
1.020371018038164435e+00 -2.893914919277897656e-15
1.020281152935688551e+00 -2.848462886954241192e-15
1.020192291425028985e+00 -2.803261996415054899e-15
1.020104446532939191e+00 -2.758374323491770429e-15
1.020017620439956696e+00 -2.713849521913645407e-15
1.019931807074986985e+00 -2.669836036180930234e-15
1.019846994005269902e+00 -2.626149482050662442e-15
1.019763163826434837e+00 -2.582924711123523816e-15
1.019680295191550234e+00 -2.540183300118346085e-15
1.019598363575008992e+00 -2.497834448161837922e-15
1.019517341838369395e+00 -2.455675671751960368e-15
1.019437200645714858e+00 -2.414152289251086591e-15
1.019357908762577924e+00 -2.373165225886490269e-15
1.019279433262939349e+00 -2.332396612867160333e-15
1.019201739661976580e+00 -2.292068998176536551e-15
1.019124791987242151e+00 -2.252186619879429549e-15
1.019048552797211959e+00 -2.212643997839908398e-15
1.018972983153280998e+00 -2.173334490550211683e-15
1.018898042549008620e+00 -2.134584084159660518e-15
1.018823688798546456e+00 -2.095958854716752838e-15
1.018749877884550514e+00 -2.057674495860011569e-15
1.018676563764401299e+00 -2.019945845474376748e-15
1.018603698132108493e+00 -1.982336397581050765e-15
1.018531230131789256e+00 -1.944950944710246664e-15
1.018459106017010951e+00 -1.907893484654325973e-15
1.018387268748460750e+00 -1.871050376369648934e-15
1.018315657520290518e+00 -1.834524005930903345e-15
1.018244207202932294e+00 -1.798199079374603775e-15
1.018172847687061067e+00 -1.761959424970526228e-15
1.018101503109509531e+00 -1.725904782704321115e-15
1.018030090937056542e+00 -1.690025478505919136e-15
1.017958520877806805e+00 -1.654419183464979940e-15
1.017886693581905755e+00 -1.618748712817120861e-15
1.017814499082989155e+00 -1.583217685797549952e-15
1.017741814918242005e+00 -1.547811435272449224e-15
1.017668503847076744e+00 -1.512513666550284764e-15
1.017594411064620230e+00 -1.477089394570111647e-15
1.017519360774141957e+00 -1.441735191447107460e-15
1.017443151938933976e+00 -1.406319905538393189e-15
1.017365552974147436e+00 -1.370926338089021772e-15
1.017286295055534362e+00 -1.335308606083619032e-15
1.017205063604239568e+00 -1.299650399095040516e-15
1.017121487338314756e+00 -1.263805152300901373e-15
1.017035124037109828e+00 -1.227728566329620910e-15
1.016945441803949191e+00 -1.191368641482377043e-15
1.016851794070687598e+00 -1.154555165592955240e-15
1.016753385757938055e+00 -1.117213670913039044e-15
1.016649226706171527e+00 -1.079469798948818589e-15
1.016538066411526220e+00 -1.041101367857166681e-15
1.016418300674106101e+00 -1.001746617577270085e-15
1.016287834955801550e+00 -9.615417065211292542e-16
1.016143879050340759e+00 -9.199077251406961117e-16
1.015982629079724919e+00 -8.770355801221012276e-16
1.015798757394945184e+00 -8.316618577219628279e-16
1.015584559808254239e+00 -7.834636757619339700e-16
1.015328457681431429e+00 -7.312467201660019715e-16
1.015012203211666408e+00 -6.727876728880277200e-16
1.014605257104598257e+00 -6.046597714421259788e-16
1.014052323683488632e+00 -5.196523763281231036e-16
1.013241855265910596e+00 -4.003469821795773598e-16
1.011910057752899661e+00 -1.997052633945105909e-16
1.009246446818437004e+00 2.718217868157093337e-16
1.000954216392339946e+00 2.584198499342909176e-15
1.227765496041813176e+00 4.470633773865537909e-13
1.030599250302210113e+00 1.021218945775119194e-15
1.023872938933776400e+00 -1.351658918714775739e-16
1.021497294114136034e+00 -2.920886106556059621e-16
1.020265272229863296e+00 -3.039287736905165492e-16
1.019499907880375034e+00 -2.756669823314118966e-16
1.018970270875793505e+00 -2.317731478285858526e-16
1.018576022250081037e+00 -1.797154821450947470e-16
1.018266495388764792e+00 -1.225575714489278503e-16
1.018013304117197482e+00 -6.111090172680287098e-17
1.017799269430669451e+00 4.183792823448066421e-18
1.017613345553304738e+00 7.369347427897539943e-17
1.017448065414198632e+00 1.473583876282746866e-16
1.017298155412281746e+00 2.260427631182722159e-16
1.017159736723421082e+00 3.101089697191016321e-16
1.017029839387949330e+00 4.004545474019394605e-16
1.016906091199062612e+00 4.980478649172799144e-16
1.016786507378361737e+00 6.040753368070058086e-16
1.016669338796180044e+00 7.199434540102323829e-16
1.016552952762900697e+00 8.475745514750400800e-16
1.016435728599760280e+00 9.891921144033756429e-16
1.016315953618916801e+00 1.147694217243864110e-15
1.016191705077871266e+00 1.326825060961684166e-15
1.016060700058849298e+00 1.531561948088477245e-15
1.015920086605771600e+00 1.768456314127637595e-15
1.015766132123782750e+00 2.046691054405015409e-15
1.015593730648850501e+00 2.378811231592080528e-15
1.015395579917964364e+00 2.783688063136221873e-15
1.015160725382848517e+00 3.289912456462857549e-15
1.014871807579083463e+00 3.942779421822532023e-15
1.014499418720594681e+00 4.819454206528066055e-15
1.013989261957962684e+00 6.063106112448574489e-15
1.013228497443901199e+00 7.971471819722666291e-15
1.011937326332286835e+00 1.128384449324791305e-14
1.009178084460744973e+00 1.848058747809150454e-14
9.986604868984280126e-01 4.624987984543122656e-14
1.058145826189440086e+00 -1.099663192178179861e-13
1.026009989964549840e+00 -2.614775979994921663e-14
1.021793636084647350e+00 -1.514851481635496684e-14
1.020111048780407037e+00 -1.080419396185787573e-14
1.019194659867768582e+00 -8.473695123336357537e-15
1.018611048232705985e+00 -7.017633104351881975e-15
1.018201986320589114e+00 -6.019750803542013767e-15
1.017895936555592407e+00 -5.291848010121232693e-15
1.017655825841985662e+00 -4.736458809425795910e-15
1.017460516109886415e+00 -4.297782601739359133e-15
1.017297069260019393e+00 -3.942143205107598273e-15
1.017157119345213578e+00 -3.647356423595216242e-15
1.017035014427232209e+00 -3.398651992751952068e-15
1.016926796666080879e+00 -3.185717597376995348e-15
1.016829610307907084e+00 -3.000923508909549701e-15
1.016741341799123788e+00 -2.838917280919454152e-15
1.016660392341837582e+00 -2.695428733876419822e-15
1.016585529303696500e+00 -2.567312554488605766e-15
1.016515786321447345e+00 -2.452068585316456959e-15
1.016450394439280203e+00 -2.347714879105090502e-15
1.016388733582045401e+00 -2.252551662115812103e-15
1.016330297681974359e+00 -2.165503344271020317e-15
1.016274669174251688e+00 -2.085292570159176294e-15
1.016221500047733706e+00 -2.011149407382320944e-15
1.016170497563268382e+00 -1.942394406964905382e-15
1.016121413348797242e+00 -1.878301600114141349e-15
1.016074034972931361e+00 -1.818293276616803174e-15
1.016028179361831763e+00 -1.762085402237290231e-15
1.015983687603683849e+00 -1.709294584854783108e-15
1.015940420809390954e+00 -1.659427289336958388e-15
1.015898256785527254e+00 -1.612304869593151003e-15
1.015857087337869613e+00 -1.567514477317959782e-15
1.015816816068759065e+00 -1.525162312630057224e-15
1.015777356564325995e+00 -1.484730547174767508e-15
1.015738630891798833e+00 -1.446211888715348240e-15
1.015700568345133226e+00 -1.409510077284326500e-15
1.015663104390740257e+00 -1.374274591035637212e-15
1.015626179775377169e+00 -1.340603143539473690e-15
1.015589739766110888e+00 -1.308280859437971585e-15
1.015553733498323341e+00 -1.277266571455435918e-15
1.015518113412420709e+00 -1.247366204605898784e-15
1.015482834763572706e+00 -1.218665300424612466e-15
1.015447855191686788e+00 -1.190877504849744275e-15
1.015413134341088819e+00 -1.164211078344317277e-15
1.015378633521184515e+00 -1.138283959511322862e-15
1.015344315400800390e+00 -1.113369962860316352e-15
1.015310143730041803e+00 -1.089259816474935904e-15
1.015276083084411196e+00 -1.065856995568601155e-15
1.015242098626649936e+00 -1.043285727270964115e-15
1.015208155882327157e+00 -1.021348527807427565e-15
1.015174220525653537e+00 -1.000122198539104316e-15
1.015140258172324339e+00 -9.794154503395143725e-16
1.015106234176451183e+00 -9.594191859811890070e-16
1.015072113428816314e+00 -9.400015612379156420e-16
1.015037860153782612e+00 -9.211414861941976992e-16
1.015003437702234113e+00 -9.028200504722704507e-16
1.014968808337904926e+00 -8.850203912595287107e-16
1.014933933014370293e+00 -8.677275819353515498e-16
1.014898771139841172e+00 -8.509827498078005219e-16
1.014863280326690598e+00 -8.347203711651035934e-16
1.014827416122381365e+00 -8.188766336842666078e-16
1.014791131718103978e+00 -8.035520251235666218e-16
1.014754377631004623e+00 -7.885776266412400233e-16
1.014717101355347761e+00 -7.742198341430207745e-16
1.014679246977298277e+00 -7.602587923305622155e-16
1.014640754747220042e+00 -7.466931484781213921e-16
1.014601560602419017e+00 -7.335774617708263262e-16
1.014561595632102353e+00 -7.209680513424743326e-16
1.014520785474906983e+00 -7.087604441583146239e-16
1.014479049637642349e+00 -6.970689460825931622e-16
1.014436300721809348e+00 -6.859015062018261260e-16
1.014392443541915823e+00 -6.749972393424960979e-16
1.014347374116489231e+00 -6.648023926962126218e-16
1.014300978508869910e+00 -6.550068942582306738e-16
1.014253131490124638e+00 -6.457372392867417697e-16
1.014203694990559956e+00 -6.370147033642054171e-16
1.014152516298989282e+00 -6.288641359385927910e-16
1.014099425959723355e+00 -6.213144040736491470e-16
1.014044235305673336e+00 -6.144531306965955207e-16
1.013986733551252017e+00 -6.081020638819373650e-16
1.013926684349987228e+00 -6.025767719192640811e-16
1.013863821697616130e+00 -5.978201862295031113e-16
1.013797845030146361e+00 -5.938373728701026543e-16
1.013728413325556410e+00 -5.906968536913934412e-16
1.013655137964067032e+00 -5.886406355324352783e-16
1.013577574030603001e+00 -5.875440802499014052e-16
1.013495209647492068e+00 -5.876772766984516608e-16
1.013407452796140085e+00 -5.891117476738084441e-16
1.013313614909564286e+00 -5.919410672817948767e-16
1.013212890273031963e+00 -5.962856272935011336e-16
1.013104329927502656e+00 -6.026239680131295583e-16
1.012986808284492612e+00 -6.109874348491352455e-16
1.012858979961358541e+00 -6.216750634825151918e-16
1.012719223323171880e+00 -6.350501017596153036e-16
1.012565565696521785e+00 -6.517204568055966922e-16
1.012395582916850723e+00 -6.719664859992323524e-16
1.012206262309381044e+00 -6.966957003891707678e-16
1.011993812571948315e+00 -7.267843972457796588e-16
1.011753394896813818e+00 -7.631438523368348781e-16
1.011478734442393002e+00 -8.075217091555565892e-16
1.011161545062531530e+00 -8.617252220692594381e-16
1.010790653461507427e+00 -9.283868067770447430e-16
1.010350622078632243e+00 -1.011483426554429701e-15
1.009819500707630047e+00 -1.116333155739755854e-15
1.009164987954411341e+00 -1.250953852708740524e-15
1.008337515138763685e+00 -1.428242727442140616e-15
1.007256929990090644e+00 -1.669166462979767167e-15
1.005784610133519497e+00 -2.011641946883335331e-15
1.003658258952536242e+00 -2.530180236564053596e-15
1.000314398324942733e+00 -3.394597539419196453e-15
9.942820396625072776e-01 -5.090277368585840643e-15
9.801243146267500927e-01 -9.712680420597597446e-15
9.074391385490930828e-01 -4.721386500713846532e-14
1.116274829293767201e+00 -1.118441311609503288e-15
1.049660666782435969e+00 4.764158482673030692e-15
1.035989449272510354e+00 3.602552523991746301e-15
1.030092808971624807e+00 2.860801686651094508e-15
1.026806716502086214e+00 2.389563920306615054e-15
1.024711680256051860e+00 2.071008089263943127e-15
1.023259559944951436e+00 1.844428963912570295e-15
1.022193929985597771e+00 1.677067122916320731e-15
1.021378812790314283e+00 1.549956560799104139e-15
1.020735394756133285e+00 1.451485062182618328e-15
1.020214848405888164e+00 1.374162544405977250e-15
1.019785314231672180e+00 1.312688879739216628e-15
1.019425123174339864e+00 1.263737420924525035e-15
1.019119027778255804e+00 1.224658653233534649e-15
1.018855991204716149e+00 1.193586517467627289e-15
1.018627831308863918e+00 1.169177267029298035e-15
1.018428357398823536e+00 1.150311785471571212e-15
1.018252802803438994e+00 1.136276024366330244e-15
1.018097441436937034e+00 1.126265045911891812e-15
1.017959322384796028e+00 1.119935627800266700e-15
1.017836082264577557e+00 1.116670298419843375e-15
1.017725810083333515e+00 1.116367822070221905e-15
1.017626948299088285e+00 1.118667598133859333e-15
1.017538219341727723e+00 1.123479398333628343e-15
1.017458570361021941e+00 1.130432032817046096e-15
1.017387131244434473e+00 1.139679596220406165e-15
1.017323182451896901e+00 1.150866336497190326e-15
1.017266130229278032e+00 1.164207090763037317e-15
1.017215487459265821e+00 1.179508833792955768e-15
1.017170858896138119e+00 1.196656805368324863e-15
1.017131929878941854e+00 1.215938786093411717e-15
1.017098457871519868e+00 1.237204557480658546e-15
1.017070266368179210e+00 1.260652331225216612e-15
1.017047240851721934e+00 1.286206383119280176e-15
1.017029326611238238e+00 1.314142224781234756e-15
1.017016528332050918e+00 1.344384409538297225e-15
1.017008911469134302e+00 1.377377334177127747e-15
1.017006605517168483e+00 1.413141079939923041e-15
1.017009809404673781e+00 1.452009089391626001e-15
1.017018799377840121e+00 1.494283300223534282e-15
1.017033939916775598e+00 1.540243765514562796e-15
1.017055698464187863e+00 1.590377870407408012e-15
1.017084665075149275e+00 1.645206609665832194e-15
1.017121578564049500e+00 1.705413891540114372e-15
1.017167361405072912e+00 1.771684308215292172e-15
1.017223166653797639e+00 1.845010837681749830e-15
1.017290441693176062e+00 1.926554602493003274e-15
1.017371015991536121e+00 2.017658517818762523e-15
1.017467223851789671e+00 2.120294300898808789e-15
1.017582079320128896e+00 2.236790478875640612e-15
1.017719530823544272e+00 2.370217751088895963e-15
1.017884841166330379e+00 2.524572135160533520e-15
1.018085171064987637e+00 2.705439043947455447e-15
1.018330505618415982e+00 2.920567055765492265e-15
1.018635184097134827e+00 3.180956437086530165e-15
1.019020546922879689e+00 3.502934876393610566e-15
1.019519783272354152e+00 3.911935243065199007e-15
1.020187456711066920e+00 4.449718179052649431e-15
1.021119984625475041e+00 5.189947063959324823e-15
1.022505250487551587e+00 6.275483191331370195e-15
1.024764723492727736e+00 8.025694006827749429e-15
1.029080058385420271e+00 1.132977010480609038e-14
1.040514106430906471e+00 1.993887977148479668e-14
1.157091035495392717e+00 9.869589301094726844e-14
9.755296176959273868e-01 -3.086356245020044136e-14
9.977044899118771015e-01 -1.292943099413494200e-14
1.003926909348952456e+00 -7.985091330851576440e-15
1.006850736582491690e+00 -5.665671726477883679e-15
1.008545581082852305e+00 -4.316418308945796604e-15
1.009649321886646245e+00 -3.431888810812833655e-15
1.010423621781042725e+00 -2.805663882571914541e-15
1.010995645274938903e+00 -2.337761721456770534e-15
1.011434633885328838e+00 -1.973937864533087700e-15
1.011781513031414947e+00 -1.681995144179117854e-15
1.012062023409696421e+00 -1.441924567269507401e-15
1.012293165271376916e+00 -1.240295710323672826e-15
1.012486617717327064e+00 -1.068114333392683209e-15
1.012650669411036208e+00 -9.188206411214877467e-16
1.012791365620427486e+00 -7.876890089137907630e-16
1.012913219178812385e+00 -6.711902915062026094e-16
1.013019667260013579e+00 -5.667159421535064628e-16
1.013113374030037317e+00 -4.720704343518735741e-16
1.013196436617482155e+00 -3.856085283195632112e-16
1.013270528614976351e+00 -3.061232223723663919e-16
1.013337002154091726e+00 -2.324950233707385931e-16
1.013396961867893742e+00 -1.637968524080769909e-16
1.013451319380043847e+00 -9.935994043480801434e-17
1.013500834053414623e+00 -3.857939317359653219e-17
1.013546143880582395e+00 1.905571646873371514e-17
1.013587789193974631e+00 7.398087012224239099e-17
1.013626231073685879e+00 1.265704958527019523e-16
1.013661865790299821e+00 1.771763791607657039e-16
1.013695036248474235e+00 2.261095316892439896e-16
1.013726041137762657e+00 2.735660690850887301e-16
1.013755142313712110e+00 3.197143468159179951e-16
1.013782570800789262e+00 3.648623446581632474e-16
1.013808531713346062e+00 4.091634303760984101e-16
1.013833208320915391e+00 4.528093566867832836e-16
1.013856765432336049e+00 4.958161616599200712e-16
1.013879352234485998e+00 5.384872816242595712e-16
1.013901104692193744e+00 5.808734475166330144e-16
1.013922147593708134e+00 6.230996806187602742e-16
1.013942596309122646e+00 6.652855043127757661e-16
1.013962558316069851e+00 7.075463070866835308e-16
1.013982134536904001e+00 7.500758934659480521e-16
1.014001420523742425e+00 7.928765729198777284e-16
1.014020507521658621e+00 8.360854902317722320e-16
1.014039483435613231e+00 8.798672286714217064e-16
1.014058433723098229e+00 9.242250728318656298e-16
1.014077442231739790e+00 9.694085771910143936e-16
1.014096591999115393e+00 1.015399576303144938e-15
1.014115966030660232e+00 1.062482429467986700e-15
1.014135648070718432e+00 1.110594589586229961e-15
1.014155723381466201e+00 1.160005391750423708e-15
1.014176279544597437e+00 1.210802313741875768e-15
1.014197407301306253e+00 1.263136297074006165e-15
1.014219201447267071e+00 1.317169059540264915e-15
1.014241761801052411e+00 1.373156112547254072e-15
1.014265194266822823e+00 1.431177630196602034e-15
1.014289612015308872e+00 1.491492997007908919e-15
1.014315136811231532e+00 1.554299360599149472e-15
1.014341900520628226e+00 1.619870036165432755e-15
1.014370046838332318e+00 1.688476530502126345e-15
1.014399733284556016e+00 1.760392437927590763e-15
1.014431133530633300e+00 1.835952222496811600e-15
1.014464440128276301e+00 1.915583719834799490e-15
1.014499867735148664e+00 1.999597704061972607e-15
1.014537656953520051e+00 2.088575010923594226e-15
1.014578078930108429e+00 2.183050472335590893e-15
1.014621440906511518e+00 2.283578245816671647e-15
1.014668092964490898e+00 2.390826665273023624e-15
1.014718436283930769e+00 2.505703253929847740e-15
1.014772933330868598e+00 2.628995745362828586e-15
1.014832120529216342e+00 2.761858377526822230e-15
1.014896624158267313e+00 2.905545759691560932e-15
1.014967180482058806e+00 3.061534756217253993e-15
1.015044661491278699e+00 3.231576390236985850e-15
1.015130108177719315e+00 3.417654541716591109e-15
1.015224774049832579e+00 3.622534540746231738e-15
1.015330182770643574e+00 3.849066359568447243e-15
1.015448205575954832e+00 4.101045667062059373e-15
1.015581166877997266e+00 4.383237401384645226e-15
1.015731990804621399e+00 4.701455029122161684e-15
1.015904408470519327e+00 5.063358993653907952e-15
1.016103257529525461e+00 5.478547490959632240e-15
1.016334925788153987e+00 5.960023203629480766e-15
1.016608026758600625e+00 6.525127152736645362e-15
1.016934462141338535e+00 7.197907683756891558e-15
1.017331157084026882e+00 8.012665057484673024e-15
1.017823023875982003e+00 9.019693257316612958e-15
1.018448304389894199e+00 1.029642861439997130e-14
1.019268862725898783e+00 1.196835466253956065e-14
1.020391756605786959e+00 1.425278336147490467e-14
1.022019728621691659e+00 1.756189211791763115e-14
1.024588866211582960e+00 2.278518802359188105e-14
1.029239926874065070e+00 3.225909179114316736e-14
1.040206379582648388e+00 5.473074431296683406e-14
1.097340866463950571e+00 1.752526170303150916e-13
9.366167987992589650e-01 -1.487035470219325155e-13
9.867247221449407801e-01 -5.268666833416488835e-14
9.971298854111987353e-01 -3.216778359726196320e-14
1.001625739408359417e+00 -2.323263509778166444e-14
1.004130331144033050e+00 -1.823211442178307448e-14
1.005724897672981344e+00 -1.503683840361004789e-14
1.006827804788774872e+00 -1.281918313550840390e-14
1.007635017129338229e+00 -1.119041548790465935e-14
1.008250544906631019e+00 -9.943793188572221740e-15
1.008734715881199229e+00 -8.959250892671442376e-15
1.009124927777838021e+00 -8.162279161397119926e-15
1.009445596442264392e+00 -7.504191219065916846e-15
1.009713338246006620e+00 -6.951856430899713192e-15
1.009939853376820240e+00 -6.481885855868180925e-15
1.010133618052014404e+00 -6.077372899005051408e-15
1.010300922707355165e+00 -5.725717202926343418e-15
1.010446533212291387e+00 -5.417361129103622017e-15
1.010574125688010305e+00 -5.145031158386320030e-15
1.010686580476901186e+00 -4.902907491732883144e-15
1.010786185759162237e+00 -4.686434509334067965e-15
1.010874781630026975e+00 -4.491870473576943118e-15
1.010953863998464541e+00 -4.316242635220115485e-15
1.011024660791610907e+00 -4.157113653438199326e-15
1.011088188703377355e+00 -4.012413952961420256e-15
1.011145296037945229e+00 -3.880464471381125774e-15
1.011196695458778105e+00 -3.759829827024293831e-15
1.011242989304043771e+00 -3.649240541368807000e-15
1.011284689355489208e+00 -3.547688968101741971e-15
1.011322232418028655e+00 -3.454316746798235536e-15
1.011355992698928841e+00 -3.368362855521304973e-15
1.011386291715585140e+00 -3.289143699629542006e-15
1.011413406275076143e+00 -3.216091254985165800e-15
1.011437574934107353e+00 -3.148658711782114493e-15
1.011459003249343347e+00 -3.086607993307855733e-15
1.011477868054976526e+00 -3.029377631052581016e-15
1.011494320949503534e+00 -2.976699033729541690e-15
1.011508491131990262e+00 -2.928319566877656491e-15
1.011520487696019321e+00 -2.883943529675098402e-15
1.011530401464436624e+00 -2.843417962698712421e-15
1.011538306428037659e+00 -2.806539737925062407e-15
1.011544260835069542e+00 -2.773215666214037723e-15
1.011548307964740934e+00 -2.743216605228807777e-15
1.011550476605996174e+00 -2.716555506144021991e-15
1.011550781251881581e+00 -2.693052796814504858e-15
1.011549222009231697e+00 -2.672796703238380677e-15
1.011545784212534160e+00 -2.655628261504326627e-15
1.011540437718960295e+00 -2.641629708388048278e-15
1.011533135847912268e+00 -2.630827356398224280e-15
1.011523813912042824e+00 -2.623247428453650248e-15
1.011512387266260804e+00 -2.618999683074901925e-15
1.011498748775032208e+00 -2.618145012263843310e-15
1.011482765563890718e+00 -2.620889287702720297e-15
1.011464274875106373e+00 -2.627398960647296114e-15
1.011443078784962202e+00 -2.637916362882501635e-15
1.011418937453846922e+00 -2.652741464801574190e-15
1.011391560459570016e+00 -2.672324635124580817e-15
1.011360595592556200e+00 -2.696956235493817691e-15
1.011325614243570481e+00 -2.727328149066780333e-15
1.011286092150542659e+00 -2.764044433511002790e-15
1.011241383727049303e+00 -2.808007935197014090e-15
1.011190687366273266e+00 -2.860249784709034890e-15
1.011132997824877311e+00 -2.922128560797257815e-15
1.011067039737751916e+00 -2.995310778128240553e-15
1.010991172958335405e+00 -3.081951738868839725e-15
1.010903254771949200e+00 -3.184988361655661278e-15
1.010800434211017951e+00 -3.308143505211280922e-15
1.010678835981442036e+00 -3.456620321871452286e-15
1.010533058130508755e+00 -3.637666816365855449e-15
1.010355341498065052e+00 -3.861661851037497420e-15
1.010134130226660876e+00 -4.144045198091701329e-15
1.009851429998381844e+00 -4.508888525989438312e-15
1.009477603103782872e+00 -4.995963539054338973e-15
1.008960139331687378e+00 -5.675665257459823957e-15
1.008196324172552893e+00 -6.685881204438048887e-15
1.006954403532484443e+00 -8.338170491509017027e-15
1.004578175271026996e+00 -1.151685714929264151e-14
9.981946717630610921e-01 -2.011346568633638304e-14
9.225001724239338952e-01 -1.262382386112657749e-13
1.032336225142878261e+00 2.533601388282805429e-14
1.021196535592310939e+00 1.069361787240268730e-14
1.017964490868562777e+00 6.423227241208443155e-15
1.016422968037058450e+00 4.387668353728823287e-15
1.015518643039986957e+00 3.196768104273848432e-15
1.014922629171033375e+00 2.414989242164995189e-15
1.014499046565254359e+00 1.862305002935880947e-15
1.014181551390342939e+00 1.450561905981233413e-15
1.013933897574695653e+00 1.131661808977598798e-15
1.013734605214111850e+00 8.769998316932729557e-16
1.013570133961095632e+00 6.686529037041433168e-16
1.013431522864662426e+00 4.945670419262151259e-16
1.013312603297462422e+00 3.466446154912227051e-16
1.013208987943255979e+00 2.189943805565556026e-16
1.013117469179641850e+00 1.073757282226582797e-16
1.013035645656759298e+00 8.620847577990117401e-18
1.012961682075841363e+00 -7.979318940420065130e-17
1.012894149827681112e+00 -1.597124802631848368e-16
1.012831918403938714e+00 -2.325862994687538254e-16
1.012774079640180069e+00 -2.997305428088845441e-16
1.012719893743958988e+00 -3.620471946786276798e-16
1.012668750111307858e+00 -4.204288499997469927e-16
1.012620138387341218e+00 -4.754990823100021639e-16
1.012573626752122591e+00 -5.278039812132930109e-16
1.012528845384986553e+00 -5.779425864217632283e-16
1.012485473693480076e+00 -6.261502087590852027e-16
1.012443230313385456e+00 -6.730164737057505065e-16
1.012401865170324156e+00 -7.186827364540516679e-16
1.012361153088469523e+00 -7.635824243905754001e-16
1.012320888567670885e+00 -8.079329904772351602e-16
1.012280881445992264e+00 -8.520127332878824369e-16
1.012240953232785401e+00 -8.960301473107878273e-16
1.012200933946239223e+00 -9.401823356957313381e-16
1.012160659324449874e+00 -9.847400293488816023e-16
1.012119968304202366e+00 -1.029861197494253066e-15
1.012078700679424959e+00 -1.075810993085307025e-15
1.012036694863392094e+00 -1.122774982271995326e-15
1.011993785686416514e+00 -1.170997584980636164e-15
1.011949802164675560e+00 -1.220649500716567637e-15
1.011904565176430459e+00 -1.272047620257516411e-15
1.011857884979318722e+00 -1.325360149232025644e-15
1.011809558496577388e+00 -1.380881241125326096e-15
1.011759366290600592e+00 -1.438899465541666873e-15
1.011707069128556125e+00 -1.499729443660010216e-15
1.011652404025909391e+00 -1.563771276286621816e-15
1.011595079628220040e+00 -1.631326898231081371e-15
1.011534770757504198e+00 -1.702851214573245014e-15
1.011471111903986531e+00 -1.778825156402877338e-15
1.011403689383192139e+00 -1.859793126642150864e-15
1.011332031796455366e+00 -1.946375578185433641e-15
1.011255598321873617e+00 -2.039365768761102445e-15
1.011173764210851589e+00 -2.139450731349017971e-15
1.011085802655369070e+00 -2.247614659351955698e-15
1.010990861897433701e+00 -2.365060679179031365e-15
1.010887936036197754e+00 -2.493032520552893423e-15
1.010775827390751669e+00 -2.633189434882244170e-15
1.010653097405340706e+00 -2.787318614859633199e-15
1.010518001791862019e+00 -2.957827371676310357e-15
1.010368403653719493e+00 -3.147478349968756296e-15
1.010201655329700854e+00 -3.359762382005516696e-15
1.010014434962582364e+00 -3.599060127210869984e-15
1.009802516154733043e+00 -3.870892171812225385e-15
1.009560436391198301e+00 -4.182574057417213881e-15
1.009281008205655805e+00 -4.543591471889248376e-15
1.008954578590407491e+00 -4.966606824777274035e-15
1.008567871161262008e+00 -5.469153913580549937e-15
1.008102108383422957e+00 -6.076069767868272404e-15
1.007529831189404756e+00 -6.823680999335668180e-15
1.006809223926008690e+00 -7.767247077319024539e-15
1.005873318324864041e+00 -8.995479064891200459e-15
1.004607730972776114e+00 -1.065996301415629277e-14
1.002799669745199296e+00 -1.304304454090130336e-14
1.000003095828441380e+00 -1.673795177574992611e-14
9.950984949159993320e-01 -2.323806831989841489e-14
9.842509966331085547e-01 -3.769051429919008635e-14
9.399958440248632474e-01 -9.764095591215879129e-14
1.147995599378684117e+00 1.706545943874598537e-13
1.048034406870371305e+00 4.601006223717616119e-14
1.033112736231134976e+00 2.672942231768949894e-14
1.027095034966144960e+00 1.890774781785285001e-14
1.023841862203266118e+00 1.467030227355933385e-14
1.021803287244839487e+00 1.201313656841353685e-14
1.020405582685687262e+00 1.019137822405762585e-14
1.019387216904279692e+00 8.864797753977107347e-15
1.018611929439228403e+00 7.855822338466866477e-15
1.018001747158443493e+00 7.062748504306755454e-15
1.017508828463335790e+00 6.423076198246879829e-15
1.017102190504286297e+00 5.896265081539949533e-15
1.016760884269513943e+00 5.455033745042781436e-15
1.016470236853963982e+00 5.080080885411029017e-15
1.016219664811022660e+00 4.757611753042305283e-15
1.016001342171871880e+00 4.477382367639372160e-15
1.015809357238729005e+00 4.231652332772101808e-15
1.015639160961810505e+00 4.014491095874152625e-15
