8.128807848774208811e-01
2.552492697874986227e-02
8.128807848774179945e-01
-2.552492697875305416e-02
4.699658733427392598e-01
1.157913841600493083e-16
-1.808395748946559425e-02
-1.866930098611029390e-02
-1.808395748946581977e-02
1.866930098611013084e-02
-8.119191501756019003e-01
-1.795354810611828929e-16
-6.440266764323647752e-01
-8.271277057096156418e-03
-6.440266764323644422e-01
8.271277057096281318e-03
-3.303685378012062857e-01
-9.966481034722387417e-03
-3.303685378012062301e-01
9.966481034722399560e-03
