9.885357009141275686e-01
9.174252300277009331e-01
1.050632168448753623e+00
8.703521014127424404e-01
1.064653951440443391e+00
9.624952467867037287e-01
8.763614369806095317e-01
1.068660175152354785e+00
9.905388127700832657e-01
9.514781315789474503e-01
1.040616609168975248e+00
1.012573043185595711e+00
1.064653951440443391e+00
1.006563707617728731e+00
9.855310331301939675e-01
1.022588602465374086e+00
9.955465924099724528e-01
9.424641282271468690e-01
1.050632168448753623e+00
1.002557483905817337e+00
