1.028640479362881166e+00
1.007358262548476713e+00
9.576997566481997293e-01
9.151353230193908228e-01
7.377835162326872309e-01
8.300064557617731209e-01
1.262744864321329930e+00
9.718879011911359944e-01
1.064110840720221995e+00
9.435116121052634641e-01
9.151353230193908228e-01
1.057016768448753696e+00
8.583827448476456512e-01
8.938531062049863696e-01
8.158183112188367447e-01
7.306894439612190428e-01
1.248556719778393775e+00
9.860760457340722596e-01
1.064110840720221995e+00
9.576997566481997293e-01
9.718879011911359944e-01
8.867590339335182925e-01
8.016301666759004796e-01
8.158183112188367447e-01
7.094072271468145896e-01
1.149239707977839586e+00
1.092487129806094526e+00
9.576997566481997293e-01
1.220180430692521023e+00
1.120863418891967056e+00
1.205992286149584869e+00
1.191804141606648493e+00
