9.761827595567867943e-01
9.649008944044321634e-01
9.665659024930748355e-01
9.731972278116344244e-01
9.632645933518005910e-01
9.625756244875346423e-01
9.641258044321330267e-01
9.624895033795014543e-01
9.640396833240997276e-01
9.635803707479224656e-01
9.676854768975069465e-01
9.602503545706371213e-01
9.678290120775623340e-01
9.660491758448753741e-01
9.597910419944598592e-01
9.632358863157894913e-01
9.641545114681441264e-01
9.587288816620499476e-01
9.589011238781164348e-01
9.639822692520776393e-01
9.677428909695291459e-01
9.696662623822714933e-01
9.655324491966759126e-01
9.541357559002771049e-01
9.626617455955679414e-01
9.591594872022161100e-01
9.562026624930748397e-01
9.596187997783933721e-01
9.618292415512466054e-01
9.595613857063712837e-01
9.628339878116344286e-01
9.623172611634349671e-01
9.536190292520776435e-01
9.626043315235457420e-01
9.616569993351801182e-01
9.583269831578947739e-01
9.611976867590028561e-01
9.580973268698061984e-01
9.586140535180055489e-01
9.541070488642660052e-01
9.533893729639889569e-01
9.569203383933518881e-01
9.518966070914127720e-01
9.507196186149584616e-01
9.553414514127424040e-01
9.552553303047092159e-01
9.526716970637120196e-01
9.470164109695291543e-01
9.566045609972300134e-01
9.457820084210526446e-01
9.528726463157894955e-01
9.483656416620499519e-01
9.499732356786704246e-01
9.382894720221607310e-01
9.307395215512466180e-01
9.342991940166205378e-01
9.382607649861496313e-01
9.296486541828254957e-01
1.023348419722991842e+00
1.051998041662050021e+00
1.008277225817174605e+00
9.908520549584488579e-01
9.773310409972300050e-01
9.710442001108033905e-01
9.637526129639889527e-01
9.630349370637120154e-01
9.740871459279778488e-01
9.618005345152355057e-01
9.564036117451524266e-01
9.547673106925208542e-01
9.614560500831025314e-01
9.555998147368421902e-01
9.568916313573407884e-01
9.567193891412743012e-01
9.581834479778393865e-01
9.512363452631579230e-01
9.601355264265928335e-01
9.444614847645429467e-01
9.575231861495845376e-01
9.482795205540166528e-01
9.544228262603878798e-01
9.551405021606649282e-01
9.469589968975069549e-01
9.551979162326870165e-01
9.440308792243767844e-01
9.472173602216067412e-01
9.442892425484764596e-01
9.436863947922438101e-01
9.381746438781164432e-01
9.369115342936288338e-01
9.413324178393351893e-01
9.492842668144044760e-01
9.442892425484764596e-01
9.452652817728532941e-01
9.500593567867036127e-01
9.428825977839335737e-01
9.349307488088642870e-01
9.410740545152355141e-01
9.411027615512466138e-01
9.417343163434903630e-01
9.440308792243767844e-01
9.455810591689751687e-01
9.320026311357341164e-01
9.299070175069252819e-01
9.242230243767313169e-01
9.369402413296399335e-01
9.200605041551247476e-01
9.296773612188365954e-01
9.210078363434903714e-01
9.246249228808864906e-01
9.298208963988919828e-01
9.215245629916898329e-01
9.344714362326870249e-01
9.165295387257618165e-01
9.196298986149584742e-01
9.187112734626039501e-01
9.178500623822715143e-01
9.140607336288089080e-01
9.197447267590028730e-01
9.054199157894737837e-01
9.040706850969529862e-01
9.101565767313020139e-01
8.980996216066482463e-01
9.033530091966759379e-01
9.013148096398893028e-01
9.049318961772854220e-01
8.882818152908588116e-01
8.930471832686981415e-01
8.760526179501385569e-01
8.677275775069253072e-01
8.656032568421052620e-01
8.644549754016620513e-01
8.476039452631579652e-01
8.539769072576177678e-01
8.325901654293629273e-01
8.240067616620498914e-01
8.080743566759003293e-01
7.952710186149585248e-01
7.775587773961218918e-01
7.552821174515236269e-01
7.360771103601108090e-01
7.203743616620499335e-01
7.162118414404432531e-01
7.524975349584488438e-01
8.879373308587258373e-01
1.159362356343490275e+00
1.387152687091412817e+00
1.434892487977839526e+00
1.398118774847645573e+00
1.339613835457063695e+00
1.302380809750692592e+00
1.255301270692520843e+00
1.207073450193905995e+00
1.185141274681440482e+00
1.158099246759002776e+00
1.149745499279778427e+00
1.123909166869806242e+00
1.118684486315789428e+00
1.104675452742382324e+00
1.105651491966759048e+00
1.082054308365651085e+00
1.078207565540166168e+00
1.070427958781163591e+00
1.064399481218836652e+00
1.056390218171745277e+00
1.052600889418282559e+00
1.053462100498615106e+00
1.057739448864265963e+00
1.045682493739612307e+00
1.055299350803324154e+00
1.034859941163434938e+00
1.054409432686980619e+00
1.026448779612188389e+00
1.027568354016620500e+00
1.036123050747922436e+00
1.026563607756232788e+00
1.030640006869806058e+00
1.016946750692520940e+00
1.023032642326869857e+00
1.016343902936288179e+00
1.012066554570637100e+00
1.016458731080332578e+00
1.019071071357340763e+00
1.012583281218836673e+00
1.015597520000000031e+00
1.004688846315789474e+00
1.004229533739612323e+00
1.009425507257617705e+00
9.972250169529086605e-01
9.987464898614959452e-01
1.000928224598337968e+00
9.955887159002770881e-01
9.954738877562326893e-01
9.958183721883656636e-01
1.007186358448753483e+00
9.953303525761773018e-01
1.004057291523545725e+00
9.980001069252077972e-01
9.916558519667590943e-01
9.949284540720222392e-01
9.921151645429363564e-01
9.977417436011081220e-01
9.878378161772853883e-01
9.932060319113573676e-01
9.982871772853185721e-01
9.970814817728532731e-01
9.972824310249307489e-01
9.891296327977839864e-01
9.869478980609418528e-01
9.860292729085873287e-01
9.820677019390582352e-01
9.866608277008310779e-01
9.883258357894737500e-01
9.885554920775624366e-01
9.846513351800554315e-01
9.928041334072023050e-01
9.918280941828255814e-01
9.895315313019391601e-01
9.905649845983379720e-01
9.835317607756233205e-01
9.817806315789474603e-01
9.856273744044321550e-01
9.931199108033241796e-01
9.858857377285319412e-01
9.755799118005540338e-01
9.826131356232687963e-01
9.799720883102494007e-01
9.860292729085873287e-01
9.890722187257617870e-01
9.697523834903047923e-01
9.828427919113573719e-01
9.668529728531856104e-01
9.804888149584488621e-01
9.842207296398892691e-01
9.821825300831025229e-01
9.804026938504155630e-01
9.822112371191136226e-01
9.753215484764543586e-01
9.758956891966759084e-01
9.744029233240997234e-01
9.755224977285319454e-01
9.783070802216067285e-01
9.765559510249307573e-01
9.738000755678670739e-01
9.750918921883656720e-01
9.826418426592797850e-01
9.766994862049862558e-01
9.742593881440443360e-01
9.845365070360111437e-01
9.792257053739612527e-01
9.748335288642659968e-01
9.713025634349030657e-01
9.726517941274238632e-01
9.644415818282549013e-01
9.765559510249307573e-01
9.751205992243767717e-01
9.715896337950139516e-01
9.673122854293629835e-01
9.693217779501385190e-01
9.662501250969529609e-01
9.612551008310249445e-01
9.738287826038781736e-01
9.670539221052631973e-01
9.679725472576178325e-01
9.640396833240997276e-01
9.675419417174515591e-01
9.666807306371191233e-01
9.659630547368421860e-01
9.673122854293629835e-01
9.616282922991690185e-01
9.613125149030471439e-01
9.630636440997230041e-01
9.648434803324100750e-01
9.662788321329640606e-01
9.590733660941829219e-01
9.634942496398892775e-01
9.671687502493074851e-01
9.650444295844875509e-01
9.543654121883656805e-01
9.599632842105263464e-01
9.651018436565097502e-01
9.543941192243767802e-01
9.583269831578947739e-01
9.613125149030471439e-01
9.615995852631579188e-01
9.502603060387811995e-01
9.534467870360111563e-01
9.591307801662050103e-01
9.529300603878116949e-01
9.611689797229917565e-01
9.418778515235457505e-01
9.545376544044321676e-01
9.502315990027700998e-01
9.486814190581718265e-01
9.450356254847646076e-01
9.433706173961219354e-01
9.499732356786704246e-01
9.616857063711912179e-01
9.447198480886427330e-01
9.522985055955679456e-01
9.406147419390582520e-01
9.463848561772854051e-01
9.534180800000000566e-01
9.446050199445984452e-01
9.421362148476455367e-01
9.462700280332410063e-01
9.354187684210526488e-01
9.437151018282549098e-01
9.489397823822715017e-01
9.440021721883656847e-01
9.432844962880887474e-01
9.388349057063712921e-01
9.415046600554016765e-01
9.469589968975069549e-01
9.411888826592798019e-01
9.419065585595568502e-01
9.349307488088642870e-01
9.365670498614958595e-01
9.321461663157895039e-01
9.268927787257618123e-01
9.288735642105263590e-01
9.361938583933518965e-01
9.361651513573407968e-01
9.367392920775623466e-01
9.248258721329640775e-01
9.289309782825485584e-01
9.205485237673131094e-01
9.269214857617729120e-01
9.312275411634349798e-01
9.302227949030471565e-01
9.235627625484764680e-01
9.214097348476454341e-01
9.195150704709141865e-01
9.254287198891967270e-01
9.161276402216067538e-01
9.230173288642660179e-01
9.217255122437674197e-01
9.098982134072022276e-01
8.987024693628808958e-01
9.015731729639889780e-01
9.092379515789473787e-01
9.028362825484764764e-01
9.013722237119113911e-01
8.951427968975069760e-01
8.934490817728532042e-01
8.896597530193905978e-01
8.929610621606648424e-01
8.943102928531856399e-01
8.847508498614958805e-01
8.753349420498615086e-01
8.853536976177285300e-01
8.714594921883657141e-01
8.778898682548477161e-01
8.657467920221607605e-01
8.658329131301939485e-01
8.689332730193906063e-01
8.550103605540166907e-01
8.463982497506925551e-01
8.422070224930748861e-01
8.300352392243768307e-01
8.276525552354571102e-01
8.263033245429363127e-01
8.109737673130194002e-01
8.082178918559557168e-01
8.066677119113573324e-01
8.077298722437673550e-01
8.197294132963989233e-01
8.332791342936288759e-01
8.572495093628809126e-01
8.445322924099722961e-01
8.334800835457064627e-01
8.085623762880886911e-01
7.919410024376731805e-01
7.825250946260388085e-01
7.695495143490305168e-01
8.086197903601108905e-01
8.747320942936288590e-01
1.009425507257617705e+00
1.173084319556786825e+00
1.295921726648199490e+00
1.370100707700831144e+00
1.384224569418282647e+00
1.364990855290858729e+00
1.343891183822714774e+00
1.314581300055401636e+00
1.275482317008310273e+00
1.247866148365651018e+00
1.229665887534626023e+00
1.207848540166205131e+00
1.189303794903047162e+00
1.176443042770083158e+00
1.165333419833795014e+00
1.156549066814404503e+00
1.135449395346260548e+00
1.124196237229917017e+00
1.120062424044321325e+00
1.104675452742382324e+00
1.105192179390581675e+00
1.093422294626038793e+00
1.082427499833795048e+00
1.086360363767313153e+00
1.083948972742382333e+00
1.066064489307479324e+00
1.070628908033240956e+00
1.060179546925207772e+00
1.064112410858725877e+00
1.060667566537396134e+00
1.055012280443213379e+00
1.047864228476454329e+00
1.056074440775623291e+00
1.053548221606648294e+00
1.042582133850415538e+00
1.045739907811634506e+00
1.028687928421052611e+00
1.036094343711911447e+00
1.034630284875346362e+00
1.025042134847645503e+00
1.030065866149584508e+00
1.024582822271468130e+00
1.026735849972299164e+00
1.029348190249307571e+00
1.023291005650969643e+00
1.020449009085872660e+00
1.011808191246537536e+00
1.017406063268698091e+00
1.013243543047091411e+00
1.020477716121883649e+00
1.012439746038781285e+00
1.011147929418282576e+00
1.016171660720221581e+00
1.018123739168975028e+00
1.008076276565097018e+00
1.003655393019390552e+00
1.014449238559556932e+00
1.002105213074792278e+00
9.957609581163435752e-01
9.968231184487534868e-01
9.946987977839335526e-01
1.003138666371191201e+00
9.957896651523546749e-01
9.980001069252077972e-01
9.864024643767314027e-01
9.888999765096952999e-01
9.936366374515236410e-01
1.001043052742382367e+00
9.934069811634349545e-01
9.925744771191136184e-01
9.915123167867037068e-01
9.904214494182825845e-01
9.882110076454294623e-01
9.883258357894737500e-01
9.810916627146815117e-01
9.897324805540166359e-01
9.793118264819945518e-01
9.740297318559557604e-01
9.809768345706372239e-01
9.756373258725762332e-01
9.762401736288088827e-01
9.762401736288088827e-01
9.675706487534626588e-01
9.835604678116344202e-01
9.762688806648199824e-01
9.784506154016621160e-01
9.814648541828255857e-01
9.736565403878116864e-01
9.725943800554016638e-01
9.717618760110804388e-01
9.605374249307480072e-01
9.565758539612189137e-01
9.680012542936288211e-01
9.702116960664820544e-01
9.620014837673130925e-01
9.648434803324100750e-01
9.548534318005540422e-01
9.632645933518005910e-01
9.598771631024931583e-01
9.563174906371191275e-01
9.612263937950139558e-01
9.554562795567868028e-01
9.517530719113573845e-01
9.599632842105263464e-01
9.521549704155125582e-01
9.466432195013850803e-01
9.567768032132965006e-01
9.511215171191136353e-01
9.648721873684210637e-01
9.552553303047092159e-01
9.862589291966759042e-01
1.005664885540166198e+00
1.027367404764542913e+00
1.034142265263158000e+00
1.034027437119113602e+00
1.030927077229917055e+00
1.029003705817174597e+00
1.011205343490304776e+00
1.008104983601108007e+00
1.001904263822714691e+00
1.008018862493074819e+00
9.930624967313019802e-01
9.959332003324100624e-01
9.867756558448753657e-01
9.856560814404432547e-01
9.796276038781164264e-01
9.777042324653739680e-01
9.812639049307479988e-01
9.810629556786704120e-01
9.799146742382272013e-01
9.750057710803324840e-01
9.638961481440443402e-01
9.720489463711912137e-01
9.628914018836565170e-01
9.702404031024931541e-01
9.621450189473684800e-01
9.660204688088642744e-01
9.699820397783933679e-01
9.609680304709141696e-01
9.571212876454293639e-01
9.538486855401662190e-01
9.646712381163435879e-01
9.520688493074792591e-01
9.464996843213296929e-01
9.498584075346261368e-01
9.468728757894737669e-01
9.417343163434903630e-01
9.442892425484764596e-01
9.438873440443213969e-01
9.492555597783933763e-01
9.357345458171745234e-01
9.359929091412743096e-01
9.413898319113573887e-01
9.282420094182826098e-01
9.307682285872577177e-01
9.327777211080332531e-01
9.267779505817175245e-01
9.262325168975069634e-01
9.350168699168975861e-01
9.220699966759002830e-01
9.243665595567867044e-01
9.256296691412743138e-01
9.295912401108034073e-01
9.275530405540166612e-01
9.268066576177286242e-01
9.196873126869806736e-01
9.239359540166205420e-01
9.215532700277009326e-01
9.186825664265928504e-01
9.151516009972299193e-01
9.134004718005540591e-01
9.069413886980609574e-01
9.051328454293628978e-01
9.025492121883657015e-01
8.982718638227147334e-01
9.008842040997230294e-01
8.968365120221607478e-01
8.929610621606648424e-01
8.937074450969529904e-01
8.826265291966759463e-01
8.822533377285318723e-01
8.808754000000000861e-01
8.832006699168976072e-01
8.775166767867036421e-01
8.783204737950138785e-01
8.713446640443214264e-01
8.658329131301939485e-01
8.654310146260387748e-01
8.652013583379501993e-01
8.547232901939059158e-01
8.570772671468144255e-01
8.497569729639889990e-01
8.510200825484764975e-01
8.482355000554017144e-01
8.461111793905817802e-01
8.363507871468144339e-01
8.260162541828255378e-01
8.323892161772853404e-01
8.145334397783934310e-01
8.172319011634349151e-01
8.085049622160664917e-01
8.087346185041551783e-01
8.050888249307479594e-01
7.938356668144044281e-01
7.882377947922437622e-01
7.801424106371191991e-01
7.859412319113573409e-01
7.722192686980610121e-01
7.733388431024931231e-01
7.668510529639889217e-01
7.632626734626039022e-01
7.664204474238227593e-01
7.634636227146814891e-01
7.632339664265928025e-01
7.789941291966759884e-01
7.914529828254848187e-01
8.234326209418283415e-01
8.456518668144045181e-01
8.752488209418283205e-01
9.224144811080332573e-01
9.612263937950139558e-01
1.007789206204986243e+00
1.067557255180055398e+00
1.102034405429362929e+00
1.143516072465374123e+00
1.175266054293628848e+00
1.197485300166205135e+00
1.226421992465374089e+00
1.230842876011080333e+00
1.245713120664819984e+00
1.221685331523545859e+00
1.236268505817174512e+00
1.232507884099723006e+00
1.223005855180055557e+00
1.222087230027700810e+00
1.210575708587257715e+00
1.206614137617728622e+00
1.188040685318559664e+00
1.183992993240997382e+00
1.170787756675900404e+00
1.164730572077562476e+00
1.153649656177285321e+00
1.148912995235457091e+00
1.149343600775623253e+00
1.140214763324099767e+00
1.125114862382271541e+00
1.101374143601108191e+00
1.110187203656509691e+00
1.115383177174515295e+00
1.102637253185595689e+00
1.099709135512465519e+00
1.098216369639889223e+00
1.090867368421052586e+00
1.079929987700831040e+00
1.074647893074792249e+00
1.066093196343490312e+00
1.065031036011080401e+00
1.054409432686980619e+00
1.051280365761772861e+00
1.051653557229917046e+00
1.035922101495844849e+00
1.032505964210526317e+00
1.034458042659279764e+00
1.036869433684210584e+00
1.032592085318559505e+00
1.035060890415512524e+00
1.029836209861495933e+00
1.019444262825484726e+00
1.027051627368421149e+00
1.004803674459833873e+00
1.005521350360110810e+00
1.011635949030470938e+00
9.994641657617728825e-01
1.006985409196675896e+00
9.966795832686980994e-01
9.980862280332410963e-01
1.013272250083102621e+00
1.005751006648199608e+00
1.010746030914127402e+00
1.011205343490304776e+00
1.023721611191135805e+00
1.042840497174515324e+00
1.043931364542936446e+00
1.060610152465373934e+00
1.062016797229917042e+00
1.084379578282548495e+00
1.096809724875346337e+00
1.112770836897506888e+00
1.128301343379501498e+00
1.153879312465374118e+00
1.161601505152354719e+00
1.190853974847645436e+00
1.182873418836565271e+00
1.194901666925207717e+00
1.199064187146814398e+00
1.193667264376731429e+00
1.206183532077562459e+00
1.214881763988919783e+00
1.211235970415512453e+00
1.212326837783933575e+00
1.196250897617728626e+00
1.195648049861495865e+00
1.198002026814404486e+00
1.189332501939058151e+00
1.178337707146814406e+00
1.189820521551246513e+00
1.174089065817174538e+00
1.178997968975069366e+00
1.174117772853185748e+00
1.171648967756232729e+00
1.163582290637119154e+00
1.170701635567866994e+00
1.162319181052631656e+00
1.149831620387811615e+00
1.153994140609418295e+00
1.156089754238227130e+00
1.137143110470914209e+00
1.145669100166205157e+00
1.146960916786703644e+00
1.132406449529085979e+00
1.138750704487534682e+00
1.139410966315789642e+00
1.135564223490304725e+00
1.133411195789473691e+00
1.121985795457063784e+00
1.124253651301939216e+00
1.130827562548476495e+00
1.123076662825484906e+00
1.119574404432132964e+00
1.116215681218836631e+00
1.112110575069252150e+00
1.107287793019390731e+00
1.116301802326869819e+00
1.106885894515235558e+00
1.112799543933518098e+00
1.103383636121883615e+00
1.100857416952908618e+00
1.097441279667590086e+00
1.093910314238227155e+00
1.089920036232687073e+00
1.097642228919667673e+00
1.101919577285318530e+00
1.095460494182825650e+00
1.093910314238227155e+00
1.104158726094182974e+00
1.099077580720221770e+00
1.087910543711911426e+00
1.100111034016620470e+00
1.108637023711911418e+00
1.102149233573407328e+00
1.103211393905817239e+00
1.105134765318559698e+00
1.112455059501385124e+00
1.103699413518005601e+00
1.112885665041551286e+00
1.125775124210526279e+00
1.118253880775623266e+00
1.118569658171745251e+00
1.122531229141274345e+00
1.133985336509695463e+00
1.127411425263157962e+00
1.123363733185595681e+00
1.115210934958448918e+00
1.115698954570637280e+00
1.132521277673130156e+00
1.123736924653739644e+00
1.127554960443213350e+00
1.112971786149584474e+00
1.111565141385041589e+00
1.116588872686980594e+00
1.113919118337950209e+00
1.123220198005540293e+00
1.120579150692520898e+00
1.107747105595567882e+00
1.114005239445983397e+00
