8.547550217442737575e-01
0.000000000000000000e+00
5.935630769078876767e-01
0.000000000000000000e+00
4.942362532048691914e-01
0.000000000000000000e+00
-8.169194487516961978e-01
0.000000000000000000e+00
1.117729250735023244e-01
0.000000000000000000e+00
6.046779008526741855e-02
0.000000000000000000e+00
-6.510635527748755980e-01
0.000000000000000000e+00
-5.110608746847487005e-01
0.000000000000000000e+00
-1.744418802847906291e-01
0.000000000000000000e+00
-3.307498810182258886e-01
0.000000000000000000e+00
