9.875899704871790030e-01 0.000000000000000000e+00
9.868261327059703047e-01 0.000000000000000000e+00
9.859633637725644384e-01 0.000000000000000000e+00
9.849794116474203109e-01 0.000000000000000000e+00
9.838445134695417149e-01 0.000000000000000000e+00
9.825178635052016496e-01 0.000000000000000000e+00
9.809418587556302249e-01 0.000000000000000000e+00
9.790322910390174549e-01 0.000000000000000000e+00
9.766606956257994909e-01 0.000000000000000000e+00
9.736203843953179504e-01 0.000000000000000000e+00
9.695553082408162604e-01 0.000000000000000000e+00
9.637935831719700586e-01 0.000000000000000000e+00
9.548934506780982767e-01 0.000000000000000000e+00
9.390869658733779213e-01 0.000000000000000000e+00
9.023739907758167034e-01 0.000000000000000000e+00
7.117601523198906488e-01 0.000000000000000000e+00
1.238467847675432276e+00 0.000000000000000000e+00
1.075511082085274905e+00 0.000000000000000000e+00
1.040616999171000145e+00 0.000000000000000000e+00
1.024786592147431508e+00 0.000000000000000000e+00
1.015222849096617086e+00 0.000000000000000000e+00
1.008319319816672666e+00 0.000000000000000000e+00
1.002584860400229427e+00 0.000000000000000000e+00
9.971758939558927892e-01 0.000000000000000000e+00
9.914000563873559546e-01 0.000000000000000000e+00
9.843923332042517904e-01 0.000000000000000000e+00
9.745943656667372945e-01 0.000000000000000000e+00
9.581751039839232487e-01 0.000000000000000000e+00
9.212167516250959753e-01 0.000000000000000000e+00
7.354703643485771547e-01 0.000000000000000000e+00
1.268816382945445742e+00 0.000000000000000000e+00
1.097469038636105010e+00 0.000000000000000000e+00
1.062230434194472162e+00 0.000000000000000000e+00
1.047070443011116403e+00 0.000000000000000000e+00
1.038793723485882392e+00 0.000000000000000000e+00
1.033837417464764652e+00 0.000000000000000000e+00
1.030934053939910999e+00 0.000000000000000000e+00
1.029698552900906394e+00 0.000000000000000000e+00
1.030392975393493948e+00 0.000000000000000000e+00
1.034496034246231488e+00 0.000000000000000000e+00
1.048704100476549828e+00 0.000000000000000000e+00
1.166425974762528295e+00 0.000000000000000000e+00
9.348014599339772301e-01 0.000000000000000000e+00
9.760786109784738152e-01 0.000000000000000000e+00
9.853001971708464923e-01 0.000000000000000000e+00
9.885064782790763394e-01 0.000000000000000000e+00
9.894485307441709399e-01 0.000000000000000000e+00
9.891783988625023616e-01 0.000000000000000000e+00
9.880440684228770643e-01 0.000000000000000000e+00
9.861085436823954220e-01 0.000000000000000000e+00
9.832465432031702868e-01 0.000000000000000000e+00
9.791150586273713596e-01 0.000000000000000000e+00
9.729883386526948508e-01 0.000000000000000000e+00
9.632645389003167136e-01 0.000000000000000000e+00
9.457814416546745928e-01 0.000000000000000000e+00
9.055943733769862281e-01 0.000000000000000000e+00
7.192870439573373353e-01 0.000000000000000000e+00
1.364582017470624464e+00 0.000000000000000000e+00
1.119022067979242197e+00 0.000000000000000000e+00
1.074223491191764079e+00 0.000000000000000000e+00
1.055579326682416275e+00 0.000000000000000000e+00
1.045511809871559672e+00 0.000000000000000000e+00
1.039376018987191674e+00 0.000000000000000000e+00
1.035448783714976839e+00 0.000000000000000000e+00
1.032997512288023501e+00 0.000000000000000000e+00
1.031754275016507849e+00 0.000000000000000000e+00
1.031810166690611652e+00 0.000000000000000000e+00
1.033846322787830285e+00 0.000000000000000000e+00
1.040497758774113102e+00 0.000000000000000000e+00
1.068839155908459793e+00 0.000000000000000000e+00
8.506351252050098344e-01 0.000000000000000000e+00
9.825429337186110113e-01 0.000000000000000000e+00
9.958648606673156101e-01 0.000000000000000000e+00
1.000452812591613672e+00 0.000000000000000000e+00
1.002515583865401405e+00 0.000000000000000000e+00
1.003510574875504879e+00 0.000000000000000000e+00
1.003951328231094342e+00 0.000000000000000000e+00
1.004058855630744373e+00 0.000000000000000000e+00
1.003937757651859553e+00 0.000000000000000000e+00
1.003636794941614063e+00 0.000000000000000000e+00
1.003172269025078167e+00 0.000000000000000000e+00
1.002536223792070080e+00 0.000000000000000000e+00
1.001695955258025794e+00 0.000000000000000000e+00
1.000584930723591004e+00 0.000000000000000000e+00
9.990792080477240988e-01 0.000000000000000000e+00
9.969401554936929699e-01 0.000000000000000000e+00
9.936600675318429943e-01 0.000000000000000000e+00
9.879520299752450052e-01 0.000000000000000000e+00
9.753400296392567004e-01 0.000000000000000000e+00
9.220476925903651200e-01 0.000000000000000000e+00
1.140013384882851977e+00 0.000000000000000000e+00
1.043587143102189918e+00 0.000000000000000000e+00
1.026613452036767127e+00 0.000000000000000000e+00
1.016156500595714052e+00 0.000000000000000000e+00
1.153272219438517210e+00 0.000000000000000000e+00
1.025086927893633870e+00 0.000000000000000000e+00
1.020154453904464908e+00 0.000000000000000000e+00
1.017848448843148068e+00 0.000000000000000000e+00
1.016385403109792529e+00 0.000000000000000000e+00
1.015339973168770893e+00 0.000000000000000000e+00
1.014544940436101328e+00 0.000000000000000000e+00
1.013917011101645116e+00 0.000000000000000000e+00
1.013408690477576979e+00 0.000000000000000000e+00
1.012990489521946591e+00 0.000000000000000000e+00
1.012643036125334017e+00 0.000000000000000000e+00
1.012353122266637762e+00 0.000000000000000000e+00
1.012111546146334362e+00 0.000000000000000000e+00
1.011911862029146292e+00 0.000000000000000000e+00
1.011749629236084358e+00 0.000000000000000000e+00
1.011621957499564628e+00 0.000000000000000000e+00
1.011527243625704786e+00 0.000000000000000000e+00
1.011465045735463253e+00 0.000000000000000000e+00
1.011436072195826208e+00 0.000000000000000000e+00
1.011442285344230863e+00 0.000000000000000000e+00
1.011487143350169760e+00 0.000000000000000000e+00
1.011576035211405378e+00 0.000000000000000000e+00
1.011717016711961348e+00 0.000000000000000000e+00
1.011922054736942966e+00 0.000000000000000000e+00
1.012209191771934025e+00 0.000000000000000000e+00
1.012606496820402491e+00 0.000000000000000000e+00
1.013159772333254827e+00 0.000000000000000000e+00
1.013948970595760279e+00 0.000000000000000000e+00
1.015127544101351198e+00 0.000000000000000000e+00
1.017033769002506638e+00 0.000000000000000000e+00
1.020596278307690952e+00 0.000000000000000000e+00
1.029663181364329771e+00 0.000000000000000000e+00
1.106448168352716532e+00 0.000000000000000000e+00
9.756240314150892434e-01 0.000000000000000000e+00
9.959556549795284264e-01 0.000000000000000000e+00
1.001988190580475724e+00 0.000000000000000000e+00
1.005503949092067639e+00 0.000000000000000000e+00
1.008597759317673592e+00 0.000000000000000000e+00
1.012527202508942459e+00 0.000000000000000000e+00
1.019937563155531857e+00 0.000000000000000000e+00
1.048131305543145153e+00 0.000000000000000000e+00
9.143674790252670492e-01 0.000000000000000000e+00
9.799566939646809915e-01 0.000000000000000000e+00
9.896616949336052294e-01 0.000000000000000000e+00
9.935772511638828464e-01 0.000000000000000000e+00
9.956767249039782941e-01 0.000000000000000000e+00
9.969623603294193170e-01 0.000000000000000000e+00
9.978053418229321236e-01 0.000000000000000000e+00
9.983743065332288946e-01 0.000000000000000000e+00
9.987557583690341856e-01 0.000000000000000000e+00
9.989970334424779219e-01 0.000000000000000000e+00
9.991240580143431194e-01 0.000000000000000000e+00
9.991492236585685083e-01 0.000000000000000000e+00
9.990746222282049782e-01 0.000000000000000000e+00
9.988924476362384119e-01 0.000000000000000000e+00
9.985827686257394697e-01 0.000000000000000000e+00
9.981074661157732786e-01 0.000000000000000000e+00
9.973965683336863952e-01 0.000000000000000000e+00
9.963163299920300142e-01 0.000000000000000000e+00
9.945852004123270085e-01 0.000000000000000000e+00
9.915042563655039887e-01 0.000000000000000000e+00
9.847503256056301391e-01 0.000000000000000000e+00
9.592048289016311680e-01 0.000000000000000000e+00
1.121124210054382786e+00 0.000000000000000000e+00
1.028774810002249573e+00 0.000000000000000000e+00
1.017713837822116441e+00 0.000000000000000000e+00
1.013433198935659085e+00 0.000000000000000000e+00
1.011169866784736637e+00 0.000000000000000000e+00
1.009774178040405701e+00 0.000000000000000000e+00
1.008829781019809690e+00 0.000000000000000000e+00
1.008149480885657034e+00 0.000000000000000000e+00
1.007636720709932598e+00 0.000000000000000000e+00
1.007236692089166219e+00 0.000000000000000000e+00
1.006916002318722692e+00 0.000000000000000000e+00
1.006653165608518696e+00 0.000000000000000000e+00
1.006433744468072433e+00 0.000000000000000000e+00
