9.300000000000001599e-01
9.000000000000001332e-01
1.100000000000000089e+00
9.200000000000001510e-01
1.000000000000000222e+00
1.050000000000000044e+00
1.030000000000000249e+00
1.020000000000000240e+00
1.030000000000000249e+00
1.060000000000000053e+00
1.010000000000000231e+00
1.160000000000000142e+00
1.170000000000000151e+00
1.040000000000000258e+00
9.700000000000000844e-01
1.100000000000000089e+00
1.050000000000000044e+00
1.020000000000000240e+00
1.090000000000000080e+00
1.220000000000000195e+00
