-8.081919880042918169e-01
-1.261207000291212327e-17
-6.456295521430343021e-01
-1.749920054681788829e-16
-5.131382214310425960e-01
-3.444887753522757857e-17
-3.304827688553367837e-01
8.312721076808386386e-03
-3.304827688553366727e-01
-8.312721076808237200e-03
8.999006819633530441e-01
1.982312786384976518e-17
7.173386870557506567e-01
2.722044009710839468e-17
5.304407746009449642e-01
-3.423895046673728363e-17
3.024453079596137739e-01
-1.368360115436733838e-17
9.650190563770578989e-02
-3.182764963688151546e-18
