9.811814165222527695e-01 7.294965936626215686e-16
9.808244192824384644e-01 7.346101547084137293e-16
9.804478983761883981e-01 7.395094603629357320e-16
9.800499295318256809e-01 7.446282352521619077e-16
9.796283100102087804e-01 7.497496837044005489e-16
9.791805050716342329e-01 7.549822717348434561e-16
9.787035814754291296e-01 7.600007855551750424e-16
9.781941241776198614e-01 7.650221135602373090e-16
9.776481310363833721e-01 7.701547250570920710e-16
9.770608784146852521e-01 7.751818298642497309e-16
9.764267478104832199e-01 7.803203198673581351e-16
9.757389996192002979e-01 7.853534073174353106e-16
9.749894741597516790e-01 7.903895663891612660e-16
9.741681910673720690e-01 7.951035916990763134e-16
9.732628042332481799e-01 7.997123803012028686e-16
9.722578475135978948e-01 8.043244104254474941e-16
9.711336709345504969e-01 8.085060606520800335e-16
9.698649081247207038e-01 8.123658121293344648e-16
9.684182145565591870e-01 8.160121475340055540e-16
9.667488365093122038e-01 8.187946095993422764e-16
9.647952383633273676e-01 8.208216842070405546e-16
9.624703717959053328e-01 8.217681780499857102e-16
9.596468519134847552e-01 8.210920591212792790e-16
9.561304240613203165e-01 8.181428769881653437e-16
9.516092908159091701e-01 8.119449224164609486e-16
9.455490900764760287e-01 8.000046050420985899e-16
9.369507023421774772e-01 7.786357140866157733e-16
9.237036781375286276e-01 7.380805086472926390e-16
9.004437968497617240e-01 6.527518982138081463e-16
8.483431463403630080e-01 4.139044878287481791e-16
6.216617940452574542e-01 -1.248496062157150788e-15
1.508310361872333694e+00 -2.036393870385427022e-16
1.133773442755595440e+00 1.170385558006967854e-15
1.070168315639769663e+00 1.148721629225459642e-15
1.043654903673709722e+00 1.122291888741257641e-15
1.028961778773872737e+00 1.105407902955261817e-15
1.019511372101692848e+00 1.095034006286013705e-15
1.012829907697263998e+00 1.088893477550358508e-15
1.007776380221695023e+00 1.085143279416246400e-15
1.003749074605050806e+00 1.082265638294638650e-15
1.000397950815789638e+00 1.080043826408748786e-15
9.975025202929477253e-01 1.078477959740671933e-15
9.949135082056320689e-01 1.075399753376398558e-15
9.925220972914799988e-01 1.071026170760401832e-15
9.902420254824938484e-01 1.064489976879791316e-15
9.879977767901553243e-01 1.054490259710199971e-15
9.857152491466518729e-01 1.040159792102791142e-15
9.833123772550846908e-01 1.019113468029799255e-15
9.806870510785449246e-01 9.887493453548977366e-16
9.776981333589961354e-01 9.445139225284010852e-16
9.741310303947138260e-01 8.786010961596820509e-16
9.696274167726506299e-01 7.764827142533114526e-16
9.635229991754024059e-01 6.101865229369261885e-16
9.544100320558476236e-01 3.124921549630712832e-16
9.386601602028626923e-01 -3.141418525623089915e-16
9.031256434200571892e-01 -2.160278985471690953e-15
7.339631133198508683e-01 -1.832980335625826860e-14
1.270134006957240436e+00 -7.900154294953171255e-15
1.079927395825159175e+00 2.176703430338642824e-15
1.042784390364968283e+00 2.423975674382862662e-15
1.026686159952763466e+00 2.381340723514315011e-15
1.017542137907438748e+00 2.332426084475562344e-15
1.011550901435783745e+00 2.301518112026618690e-15
1.007259142044011346e+00 2.287532838109789677e-15
1.003992427350481664e+00 2.286784217832885976e-15
1.001396844722405755e+00 2.298838821581411622e-15
9.992712506325347466e-01 2.319793781950937706e-15
9.974962570762718750e-01 2.350516730682160347e-15
9.960014196160297262e-01 2.389923745639515048e-15
9.947500126489288164e-01 2.438231957802096476e-15
9.937338038416685393e-01 2.496959551764255400e-15
9.929761642405315891e-01 2.568708925830685206e-15
9.925469091648086994e-01 2.656082490404460332e-15
9.926021879955101435e-01 2.769922605091542750e-15
9.934944226722985938e-01 2.923240047163866505e-15
9.961347023093759523e-01 3.165041120007767566e-15
1.003673607633757126e+00 3.650583954608487078e-15
1.038599042111471027e+00 5.667467446341382473e-15
8.629405315918029507e-01 -2.571992146585195299e-16
9.461239847027304029e-01 1.679915266424278460e-15
9.570148175647066324e-01 2.208015399760260017e-15
9.603741254086373136e-01 2.489366379865293639e-15
9.613386287332004176e-01 2.693537912100647414e-15
9.611894132158685933e-01 2.868669079570488408e-15
9.603883701822588659e-01 3.032975007639861433e-15
9.591339365568178899e-01 3.194262504277326797e-15
9.575167592755491341e-01 3.359904721363552746e-15
9.555748025043482308e-01 3.534239070889600993e-15
9.533157476280618159e-01 3.720735630812008241e-15
9.507266176380873013e-01 3.923731870144716552e-15
9.477775377191286488e-01 4.142361118523733118e-15
9.444222539056016386e-01 4.387899802821665729e-15
9.405963572358243541e-01 4.659481320473583468e-15
9.362133513200858737e-01 4.964912723324543009e-15
9.311581519454782407e-01 5.311133740806538588e-15
9.252770413226216739e-01 5.709420952834232298e-15
9.183623076469300539e-01 6.170183622033216160e-15
9.101285173622311042e-01 6.703831058339564269e-15
9.001751631928649466e-01 7.339854580321293093e-15
8.879266017776852316e-01 8.106010836797245233e-15
8.725338649640748123e-01 9.036995427815420071e-15
8.527149025894831258e-01 1.016923873811683813e-14
8.265158627567887883e-01 1.155131428220479559e-14
7.911158894924337215e-01 1.317628449334813905e-14
7.439378229724760150e-01 1.457230598820515000e-14
6.951620333514123562e-01 1.281116702178353800e-14
7.584696402276273064e-01 -7.643314288123956991e-15
1.203446728048140235e+00 -5.754642183137693509e-14
1.407005140834504564e+00 -5.232691494645714168e-14
1.340530072280475826e+00 -3.488103387954209032e-14
1.266742287032938341e+00 -2.468625183575920014e-14
1.214433801117135170e+00 -1.875190343495692291e-14
1.177905323362130829e+00 -1.499284881708412956e-14
1.151524148103285405e+00 -1.243330363971858062e-14
1.131760889217258592e+00 -1.058971118951144310e-14
1.116473333349015107e+00 -9.205980198485127250e-15
1.104326164915168995e+00 -8.128476319016565538e-15
1.094455990164714398e+00 -7.267689631768624213e-15
1.086284259091287119e+00 -6.566768200993997418e-15
1.079410609272951405e+00 -5.981726283039937969e-15
1.073550019683504164e+00 -5.489309852491129731e-15
1.068494482418903324e+00 -5.067939183647794805e-15
1.064088854679420493e+00 -4.702647872639912363e-15
1.060215186223420369e+00 -4.383456504034492900e-15
1.056782271500348314e+00 -4.102553691488370397e-15
1.053718515120658061e+00 -3.852994997376377416e-15
1.050966953396965220e+00 -3.629787092549394813e-15
1.048481712054768034e+00 -3.429020346851224019e-15
1.046225441059708050e+00 -3.247218253941720078e-15
1.044167427149287564e+00 -3.081554210793022720e-15
1.042282184706874171e+00 -2.930501969885992078e-15
1.040548389702516729e+00 -2.791667156284119990e-15
1.038948063307245873e+00 -2.664389263243248599e-15
1.037465939668233528e+00 -2.546055262352553481e-15
1.036088971210461951e+00 -2.435785773373518358e-15
1.034805937815455268e+00 -2.333784407664538857e-15
1.033607135289495993e+00 -2.238518686341068446e-15
1.032484124943430004e+00 -2.148888263639508014e-15
1.031429530696668762e+00 -2.064441556870791714e-15
1.030436873443790535e+00 -1.984941819809864340e-15
1.029500434857399283e+00 -1.909933173741974007e-15
1.028615144601551901e+00 -1.838740268279370443e-15
1.027776486273162648e+00 -1.770684720627686119e-15
1.026980418398279360e+00 -1.705952000552590435e-15
1.026223307573474131e+00 -1.644289818251338515e-15
1.025501871422052291e+00 -1.585224280777752333e-15
1.024813129474844819e+00 -1.528059065785265273e-15
1.024154360417669718e+00 -1.472741779036404846e-15
1.023523064394429305e+00 -1.419212204544484535e-15
1.022916929231232563e+00 -1.367617631445951626e-15
1.022333799561973677e+00 -1.317009932636403999e-15
1.021771647893043200e+00 -1.267077937252203849e-15
1.021228546642275470e+00 -1.218361303417311623e-15
1.020702640116032400e+00 -1.170295172701108439e-15
1.020192115230581287e+00 -1.122506344360790386e-15
1.019695169508247234e+00 -1.074156416437168431e-15
1.019209974432731203e+00 -1.026318679214318916e-15
1.018734631544431224e+00 -9.770880524665331903e-16
1.018267117550020862e+00 -9.267701401553738906e-16
1.017805212963075467e+00 -8.754751615962217450e-16
1.017346405952006316e+00 -8.214624325852062435e-16
1.016887758372543304e+00 -7.645679768583832235e-16
1.016425712966545047e+00 -7.039748144654909243e-16
1.015955806648260351e+00 -6.379038814500396079e-16
1.015472229107688751e+00 -5.646636022524247131e-16
1.014967116883287890e+00 -4.825284991542884013e-16
1.014429374295518160e+00 -3.869690865493666212e-16
1.013842601237321173e+00 -2.735523274168872448e-16
1.013181220363064572e+00 -1.339640997200893359e-16
1.012402664178297051e+00 4.600565733625143345e-17
1.011429983882879968e+00 2.912876292735154890e-16
1.010107652875622541e+00 6.526471282137507855e-16
1.008065684376359128e+00 1.250704547771110154e-15
1.004152854312942988e+00 2.462437711764263997e-15
9.920577732197854992e-01 6.348990465487381701e-15
1.199325149157644876e+00 -6.251646267097911139e-14
1.031997115472035320e+00 -6.871330773814670454e-15
1.023198615436198056e+00 -4.046515207022027407e-15
1.019909633960949691e+00 -3.031993954190972129e-15
1.018108767921771296e+00 -2.505445882779570006e-15
1.016923378511348286e+00 -2.180443568242311935e-15
1.016051972698589934e+00 -1.958409777820641436e-15
1.015362411883226068e+00 -1.795842944142168859e-15
1.014787444561809249e+00 -1.670989800508059948e-15
1.014289049964633094e+00 -1.571493664461043478e-15
1.013843937177227872e+00 -1.490399446470394150e-15
1.013436865234806916e+00 -1.422342179843801356e-15
1.013057259110397235e+00 -1.364613919209889130e-15
1.012697356922199976e+00 -1.314832623386464722e-15
1.012351122531439662e+00 -1.271576301981176755e-15
1.012013560659189793e+00 -1.233853231041572824e-15
1.011680248170273133e+00 -1.200433409368315529e-15
1.011346976838817469e+00 -1.171070084050472879e-15
1.011009440829137240e+00 -1.145257555851584461e-15
1.010662917014312434e+00 -1.122852845261829614e-15
1.010301885710088277e+00 -1.103629361081754966e-15
1.009919523619360993e+00 -1.087496252907989300e-15
1.009506962902499749e+00 -1.074735355398535916e-15
1.009052131857327117e+00 -1.065829339665365526e-15
1.008537829877784731e+00 -1.061113920936413476e-15
1.007938334767782163e+00 -1.061914525044665607e-15
1.007213010662676878e+00 -1.070207576391295571e-15
1.006293252584405717e+00 -1.088941387117977981e-15
1.005052921915148723e+00 -1.124597375179947703e-15
1.003231368755033159e+00 -1.189876833074428492e-15
1.000187909058733116e+00 -1.316865488229415170e-15
9.938097057872045115e-01 -1.614201044744773411e-15
9.705649919550621840e-01 -2.808512591908751790e-15
1.125120707369591466e+00 3.812453007249232661e-15
1.034139753701051490e+00 3.729087368604346791e-16
1.023562692340261648e+00 -8.765342139037412959e-17
1.019399506162248059e+00 -2.613567903033722452e-16
1.017134624322540759e+00 -3.482840605491747587e-16
1.015686240304312316e+00 -3.973842389753060567e-16
1.014663674830013074e+00 -4.265570007384831838e-16
1.013891386961253582e+00 -4.444763150615055613e-16
1.013278738654139310e+00 -4.547990456046997383e-16
1.012774142984752768e+00 -4.603367390791376161e-16
1.012346023766161007e+00 -4.622029864358379304e-16
1.011973918153825203e+00 -4.614195836273265950e-16
1.011643930285330395e+00 -4.585858142715519238e-16
1.011346238166801914e+00 -4.540480996099318487e-16
1.011073644801099958e+00 -4.481831102625095882e-16
1.010820693121688540e+00 -4.410034550207657145e-16
1.010583100132460110e+00 -4.327235090680319542e-16
1.010357378277376483e+00 -4.235023869422142455e-16
1.010140568826547014e+00 -4.130719718991601125e-16
1.009930041776266441e+00 -4.016610910096075603e-16
1.009723332460527701e+00 -3.889638660130144573e-16
1.009517992838095068e+00 -3.749468146462062282e-16
1.009311437944638845e+00 -3.592953918769110966e-16
1.009100766002514638e+00 -3.419374889699912669e-16
1.008882523217589089e+00 -3.222551146498355170e-16
1.008652368158754919e+00 -2.997426845129673106e-16
1.008404558328374279e+00 -2.736610518563416169e-16
1.008131116076086409e+00 -2.428583833516945257e-16
1.007820391960544404e+00 -2.054982829144937492e-16
1.007454427804804986e+00 -1.589296986576971663e-16
1.007003739681378907e+00 -9.862228469924968480e-17
1.006415980033657842e+00 -1.682568520984297364e-17
1.005588039140215884e+00 1.022937021345378196e-16
1.004284251629186997e+00 2.943145397396431290e-16
1.001821507097441444e+00 6.616916563996635858e-16
9.950450390374292464e-01 1.663827100795435064e-15
8.609685482092200859e-01 1.501123735526007741e-14
1.026451373209401163e+00 -3.296346086405430570e-15
1.017186078746483258e+00 -1.770462348971322569e-15
1.014281009308138470e+00 -1.307616104897076970e-15
1.012839447260957426e+00 -1.082369902776977635e-15
1.011966381413686333e+00 -9.478036922168137897e-16
1.011374207218642463e+00 -8.576656475089747582e-16
1.010942266597959716e+00 -7.926081160909504749e-16
1.010611144307642650e+00 -7.427203569309251125e-16
1.010348273918687312e+00 -7.032050686068692178e-16
1.010134407590311589e+00 -6.708419752114231141e-16
1.009957547087275920e+00 -6.434993617350941583e-16
1.009809948725293838e+00 -6.200851063602573906e-16
1.009686538419537705e+00 -5.994757902570814854e-16
1.009584033237021838e+00 -5.810749076138009729e-16
1.009500447146818969e+00 -5.646166001827686322e-16
1.009434826111486050e+00 -5.493514266906191285e-16
1.009387139339423367e+00 -5.353108191100553119e-16
1.009358300069951087e+00 -5.220887204306788115e-16
1.009350324445902780e+00 -5.094723337723957092e-16
1.009366676905889992e+00 -4.973705601782600148e-16
1.009412914864183719e+00 -4.854162163120718142e-16
1.009497873265612355e+00 -4.737011799906066097e-16
1.009635917536988003e+00 -4.613838052057629486e-16
1.009851515222342622e+00 -4.485181083728447970e-16
1.010189416809278207e+00 -4.341230352352936286e-16
1.010740463657398003e+00 -4.170917849752896354e-16
1.011720533360652041e+00 -3.942131200696750355e-16
1.013796795433804299e+00 -3.580633471950310413e-16
1.020552177073911659e+00 -2.804576523650691428e-16
8.659151789838650526e-01 -1.017282504966204586e-14
9.963529347321642415e-01 -6.682672324672718527e-16
1.001586832653634129e+00 -5.377461397639745095e-16
1.003393757674353237e+00 -4.926800477415642391e-16
1.004292398418342724e+00 -4.676423416627779912e-16
1.004819972468544043e+00 -4.503633416419325002e-16
1.005160545929532745e+00 -4.369841110031077395e-16
1.005394295708136765e+00 -4.256094149878746501e-16
1.005561781413160993e+00 -4.156691887260846521e-16
1.005685771480973489e+00 -4.064695206206945586e-16
1.005780088137855799e+00 -3.978731963869060319e-16
1.005853670868645855e+00 -3.894018285620486069e-16
1.005912630607951774e+00 -3.813311959826642171e-16
1.005961373035372697e+00 -3.731488554941888838e-16
1.006003258517640608e+00 -3.648934546485541523e-16
1.006041020864781643e+00 -3.563834510041577650e-16
1.006077060667124545e+00 -3.475306339516694635e-16
1.006113681520080849e+00 -3.381638949888198149e-16
1.006153318805600216e+00 -3.279024763863790733e-16
1.006198810693718304e+00 -3.167248530473348306e-16
1.006253780730101077e+00 -3.040028893633861748e-16
1.006323254802414580e+00 -2.891845427241002646e-16
1.006414764346294399e+00 -2.714367578246155437e-16
1.006540514037499889e+00 -2.490416655919897168e-16
1.006722105483385699e+00 -2.193845237677503083e-16
1.007002261674606158e+00 -1.767959759180288600e-16
1.007479712280106243e+00 -1.086852583521013330e-16
1.008446950804698039e+00 2.230640944929446866e-17
1.011327194394354034e+00 3.947240694573639707e-16
1.184187749998223405e+00 6.649983099113287476e-15
9.990510778466168418e-01 -1.213385373858589096e-15
1.002243338633956649e+00 -7.708733398298832612e-16
1.003266234264811096e+00 -6.270938668690125395e-16
1.003760633691270554e+00 -5.548538938979834253e-16
1.004045720884104931e+00 -5.108380052361295359e-16
1.004226699872063033e+00 -4.805963070398464234e-16
1.004348383203795825e+00 -4.585520157072663184e-16
1.004433095677417231e+00 -4.412330677593759006e-16
1.004493213057974232e+00 -4.274232297414071173e-16
1.004536152081751510e+00 -4.157022180681152650e-16
1.004566630388273429e+00 -4.058231579208449462e-16
1.004587793432056841e+00 -3.972065306381268752e-16
1.004601820042143379e+00 -3.895098019497670817e-16
1.004610267922699141e+00 -3.826355482623342290e-16
1.004614280716975783e+00 -3.764328248264717712e-16
1.004614717318310868e+00 -3.707341731880305279e-16
