9.597683962326868379e-01
9.668236640443211849e-01
9.542249715235455731e-01
9.746348534072021286e-01
9.640519516897505525e-01
9.559887884764541877e-01
9.877374936288086937e-01
9.711072195013848996e-01
9.595164223822713057e-01
9.451539129085870794e-01
9.645558993905816170e-01
9.703512979501384139e-01
9.645558993905816170e-01
9.660677424930746993e-01
9.688394548476453316e-01
9.426341744044319793e-01
9.590124746814403522e-01
9.779105134626037144e-01
9.350749588919666788e-01
9.358308804432131645e-01
9.582565531301937556e-01
9.484295729639887762e-01
9.640519516897505525e-01
9.532170761218835553e-01
9.466657560110801617e-01
9.433900959556785759e-01
9.703512979501384139e-01
9.403664097506924113e-01
9.577526054293628022e-01
9.706032718005538351e-01
9.454058867590026116e-01
9.602723439335179023e-01
9.355789065927976322e-01
9.612802393351799202e-01
9.564927361772851411e-01
9.781624873130192466e-01
9.738789318559555319e-01
9.338150896398891287e-01
9.738789318559555319e-01
9.648078732409971492e-01
9.575006315789472700e-01
9.655637947922436348e-01
9.756427488088641464e-01
9.459098344598336761e-01
9.449019390581716582e-01
9.653118209418281026e-01
9.605243177839334345e-01
9.524611545706369586e-01
9.675795855955677816e-01
9.506973376177284552e-01
9.151690247091411878e-01
9.592644485318558845e-01
9.416262790027699614e-01
9.471697037119112261e-01
9.821940689196674290e-01
9.406183836011079435e-01
9.083657307479223730e-01
9.423822005540164470e-01
1.029817126648199244e+00
1.049723060831024846e+00
1.009911192465373864e+00
1.006635532409972278e+00
9.706032718005538351e-01
9.864776243767311437e-01
9.769026180609416965e-01
9.814381473684209434e-01
9.864776243767311437e-01
9.713591933518004318e-01
9.854697289750691258e-01
9.852177551246535936e-01
9.544769453739611054e-01
9.441460175069250615e-01
9.446499652077561260e-01
9.600203700831023701e-01
9.328071942382269999e-01
9.428861482548475115e-01
9.700993240997228817e-01
9.575006315789472700e-01
9.388545666481993290e-01
9.464137821606647405e-01
9.486815468144043084e-01
9.428861482548475115e-01
9.736269580055399997e-01
9.648078732409971492e-01
9.534690499722990875e-01
9.378466712465373112e-01
9.393585143490303935e-01
9.333111419390580643e-01
9.388545666481993290e-01
9.663197163434902315e-01
9.426341744044319793e-01
9.751388011080330820e-01
9.484295729639887762e-01
9.486815468144043084e-01
9.519572068698060052e-01
9.433900959556785759e-01
9.496894422160663263e-01
9.030742798891965295e-01
9.481775991135732440e-01
9.040821752908586584e-01
9.592644485318558845e-01
9.590124746814403522e-01
9.348229850415511466e-01
9.310433772853183854e-01
9.418782528531854936e-01
9.315473249861494498e-01
9.287756126315788174e-01
9.305394295844874319e-01
9.123973123545705555e-01
9.257519264265926529e-01
9.328071942382269999e-01
9.204604755678669203e-01
9.169328416620496913e-01
9.156729724099721413e-01
9.363348281440442289e-01
9.305394295844874319e-01
9.287756126315788174e-01
9.315473249861494498e-01
9.219723186703600026e-01
9.050900706925206762e-01
8.942551951246535680e-01
8.952630905263156968e-01
9.171848155124652235e-01
8.670420192797783088e-01
8.458762158448752677e-01
8.811525549030470028e-01
8.819084764542934884e-01
8.851841365096951852e-01
8.695617577839334089e-01
8.662860977285317121e-01
8.670420192797783088e-01
8.620025422714679975e-01
8.423485819390580387e-01
8.458762158448752677e-01
8.035446089750691856e-01
8.111038244875344860e-01
8.065682951800553502e-01
7.919538118559555917e-01
7.614649759556785247e-01
7.609610282548475713e-01
7.443307541274237771e-01
7.168656044321328746e-01
7.055267811634348130e-01
7.692761653185594684e-01
9.066019137950137585e-01
1.185284992354570521e+00
1.379304857174515009e+00
1.446581875235456893e+00
1.402486451412742197e+00
1.334201537950138405e+00
1.304720597451523467e+00
1.260121225927977706e+00
1.174450116786703413e+00
1.179237619944598192e+00
1.173190247534625863e+00
1.154292208753462390e+00
1.146481019390581668e+00
1.101377700166204843e+00
1.118007974293628637e+00
1.113472444986149501e+00
1.064841491855955447e+00
1.092558615401661992e+00
1.066353334958448640e+00
1.070384916565096711e+00
1.040400028365650931e+00
1.056022407091412596e+00
1.010163166315789285e+00
1.078196105927977655e+00
1.045943453074792195e+00
1.062321753351800346e+00
1.032084891301938923e+00
1.019990146481994264e+00
1.026793440443213079e+00
1.033848708254847537e+00
1.032588839002769987e+00
1.006131584709141213e+00
1.028809231246537337e+00
1.014950669473684064e+00
1.036620420609418058e+00
1.010163166315789285e+00
9.993282907479222876e-01
1.024273701939057979e+00
1.044683583822714645e+00
1.014194747922437578e+00
9.988243430470913342e-01
1.039392132963988802e+00
1.016210538725761614e+00
9.728710364542935141e-01
1.030825022049861373e+00
1.003611846204986113e+00
1.030825022049861373e+00
9.915171013850414550e-01
9.965565783933516553e-01
9.804302519667589255e-01
1.000336186149584305e+00
9.811861735180054112e-01
9.837059120221605113e-01
1.014446721772853000e+00
9.942888137396120873e-01
1.009659218614958220e+00
9.900052582825483727e-01
9.980684214958447376e-01
1.017722381828254807e+00
1.012682904819944385e+00
1.008651323213296314e+00
1.018226329529085650e+00
9.935328921883654907e-01
9.824460427700829612e-01
9.819420950692518968e-01
9.625401085872574702e-01
9.804302519667589255e-01
9.758947226592796786e-01
9.695953763988918173e-01
9.746348534072021286e-01
9.635480039889194881e-01
9.864776243767311437e-01
9.766506442105261643e-01
1.008903297063711735e+00
9.781624873130192466e-01
9.922730229362879406e-01
9.741309057063710641e-01
9.963046045429361230e-01
9.726190626038779818e-01
9.819420950692518968e-01
9.796743304155123289e-01
9.741309057063710641e-01
9.784144611634347788e-01
9.932809183379499585e-01
9.660677424930746993e-01
9.884934151800552904e-01
9.698473502493073495e-01
9.776585396121882932e-01
9.635480039889194881e-01
9.723670887534624496e-01
9.612802393351799202e-01
9.804302519667589255e-01
9.804302519667589255e-01
9.834539381717449791e-01
9.879894674792242260e-01
9.867295982271466759e-01
9.479256252631578228e-01
9.731230103047090463e-01
9.902572321329639049e-01
9.673276117451522493e-01
9.695953763988918173e-01
9.801782781163433933e-01
9.580045792797782234e-01
9.680835332963987350e-01
9.799263042659278611e-01
9.809341996675898789e-01
9.653118209418281026e-01
9.774065657617727609e-01
1.000336186149584305e+00
9.685874809972297994e-01
9.549808930747921698e-01
9.673276117451522493e-01
9.527131284210524909e-01
9.779105134626037144e-01
9.602723439335179023e-01
9.602723439335179023e-01
9.610282654847643879e-01
9.824460427700829612e-01
9.713591933518004318e-01
9.572486577285317377e-01
9.580045792797782234e-01
9.683355071468142672e-01
9.670756378947367171e-01
9.572486577285317377e-01
9.832019643213295579e-01
9.607762916343488557e-01
9.496894422160663263e-01
9.847138074238226402e-01
9.406183836011079435e-01
9.547289192243766376e-01
9.811861735180054112e-01
9.688394548476453316e-01
9.779105134626037144e-01
9.522091807202215374e-01
9.446499652077561260e-01
9.907611798337948583e-01
9.635480039889194881e-01
9.557368146260386554e-01
9.559887884764541877e-01
9.559887884764541877e-01
9.484295729639887762e-01
9.713591933518004318e-01
9.763986703601106321e-01
9.368387758448751823e-01
9.804302519667589255e-01
9.514532591689749408e-01
9.285236387811632852e-01
9.406183836011079435e-01
9.484295729639887762e-01
9.506973376177284552e-01
9.547289192243766376e-01
9.610282654847643879e-01
9.441460175069250615e-01
9.199565278670358559e-01
9.514532591689749408e-01
9.524611545706369586e-01
9.330591680886425321e-01
9.501933899168973907e-01
9.431381221052630437e-01
9.640519516897505525e-01
9.300354818836563675e-01
9.668236640443211849e-01
9.380986450969527324e-01
9.499414160664818585e-01
9.433900959556785759e-01
9.547289192243766376e-01
9.204604755678669203e-01
9.643039255401660848e-01
9.486815468144043084e-01
9.854697289750691258e-01
9.212163971191134060e-01
9.343190373407200822e-01
9.396104881994458147e-01
9.522091807202215374e-01
9.118933646537394910e-01
9.267598218282547817e-01
9.501933899168973907e-01
9.496894422160663263e-01
9.192006063157893703e-01
9.355789065927976322e-01
9.330591680886425321e-01
9.214683709695289382e-01
9.335631157894735965e-01
9.129012600554015089e-01
9.229802140720220205e-01
9.025703321883655761e-01
9.045861229916896118e-01
9.423822005540164470e-01
9.244920571745151028e-01
9.086177045983377942e-01
9.239881094736840383e-01
9.123973123545705555e-01
9.280196910803323318e-01
9.257519264265926529e-01
9.043341491412740796e-01
9.050900706925206762e-01
8.952630905263156968e-01
9.060979660941826941e-01
9.103815215512464087e-01
8.798926856509694527e-01
9.078617830470913086e-01
9.038302014404431262e-01
8.985387505817172826e-01
8.866959796121882675e-01
9.050900706925206762e-01
8.796407118005539205e-01
8.902236135180053855e-01
8.612466207202215118e-01
8.504117451523545146e-01
8.675459669806092622e-01
8.640183330747921442e-01
8.378130526315787918e-01
8.609946468698059796e-01
8.458762158448752677e-01
8.539393790581716326e-01
8.300018632686979592e-01
8.317656802216065737e-01
8.214347523545705299e-01
8.269781770637117946e-01
8.247104124099722267e-01
8.010248704709139744e-01
8.325216017728530593e-01
8.431045034903046353e-01
8.380650264819943240e-01
8.446163465927977176e-01
8.428525296398891031e-01
8.189150138504154297e-01
7.894340733518004916e-01
7.982531581163433421e-01
7.841426224930746480e-01
8.128676414404431005e-01
8.015288181717450389e-01
8.821604503047090207e-01
1.026289492742382237e+00
1.161851424265927912e+00
1.332689694847645212e+00
1.378296961772853102e+00
1.393919340498614767e+00
1.366706164653739508e+00
1.357887079889196436e+00
1.292877826481994230e+00
1.309760074459833668e+00
1.267680441440443007e+00
1.241223187146814233e+00
1.206954743490304516e+00
1.143961280886426346e+00
1.184025123102492971e+00
1.156811947257617490e+00
1.172182352132963734e+00
1.144717202437673054e+00
1.135646143822714560e+00
1.105661255623268557e+00
1.100621778614958357e+00
1.103393490969528878e+00
1.105661255623268557e+00
1.110448758781163336e+00
1.088023086094182634e+00
1.082731635235457013e+00
1.068117151911357254e+00
1.061061884099722796e+00
1.094070458504154963e+00
1.031832917451523501e+00
1.072148733518005326e+00
1.057534250193905789e+00
1.048715165429362717e+00
1.046447400775623038e+00
1.047203322326869745e+00
1.048211217728531652e+00
1.028557257396121694e+00
1.048715165429362717e+00
1.036872394459833702e+00
1.007139480110803120e+00
1.020998041883656393e+00
1.033092786703601051e+00
1.025533571191135529e+00
1.032336865152354344e+00
1.005627637008310149e+00
1.019738172631578843e+00
1.040400028365650931e+00
1.045691479224376552e+00
1.002855924653739406e+00
1.019738172631578843e+00
1.062573727202215990e+00
1.023013832686980429e+00
1.061565831800553861e+00
9.920210490858724084e-01
1.014194747922437578e+00
9.889973628808862438e-01
9.960526306925205908e-01
9.900052582825483727e-01
1.002603950803323984e+00
1.013186852520775449e+00
9.859736766759001902e-01
9.937848660387810229e-01
1.001092107700830791e+00
9.829499904709140257e-01
1.020242120332409907e+00
9.879894674792242260e-01
9.985723691966758020e-01
9.821940689196674290e-01
9.829499904709140257e-01
9.874855197783932725e-01
1.010919087867035771e+00
9.902572321329639049e-01
9.985723691966758020e-01
9.688394548476453316e-01
9.824460427700829612e-01
9.743828795567865964e-01
9.643039255401660848e-01
9.932809183379499585e-01
9.685874809972297994e-01
9.950447352908585730e-01
1.006887506260387699e+00
9.905092059833793261e-01
9.877374936288086937e-01
9.819420950692518968e-01
9.713591933518004318e-01
9.821940689196674290e-01
9.746348534072021286e-01
9.658157686426591670e-01
9.806822258171743467e-01
9.758947226592796786e-01
9.484295729639887762e-01
9.842098597229915757e-01
9.852177551246535936e-01
9.665716901939056527e-01
9.527131284210524909e-01
9.607762916343488557e-01
9.499414160664818585e-01
9.287756126315788174e-01
9.774065657617727609e-01
9.353269327423821000e-01
9.506973376177284552e-01
9.506973376177284552e-01
9.481775991135732440e-01
9.889973628808862438e-01
9.693434025484762850e-01
9.297835080332408353e-01
9.695953763988918173e-01
9.509493114681438763e-01
9.421302267036010258e-01
9.872335459279777403e-01
9.683355071468142672e-01
9.761466965096952109e-01
9.915171013850414550e-01
1.032588839002769987e+00
1.039392132963988802e+00
1.024525675789473622e+00
1.031832917451523501e+00
1.030069100498614887e+00
9.905092059833793261e-01
9.650598470914125704e-01
1.009407244764542799e+00
1.034100682105262958e+00
1.013942774072021935e+00
1.002603950803323984e+00
9.834539381717449791e-01
9.980684214958447376e-01
9.784144611634347788e-01
9.950447352908585730e-01
9.622881347368419380e-01
9.658157686426591670e-01
9.816901212188364756e-01
9.617841870360109846e-01
9.575006315789472700e-01
9.821940689196674290e-01
9.733749841551245785e-01
9.673276117451522493e-01
9.716111672022159640e-01
9.607762916343488557e-01
9.391065404986148613e-01
9.821940689196674290e-01
9.280196910803323318e-01
9.688394548476453316e-01
9.690914286980608638e-01
9.557368146260386554e-01
9.312953511357339176e-01
9.801782781163433933e-01
9.620361608864265168e-01
9.290275864819943497e-01
9.615322131855954524e-01
9.378466712465373112e-01
9.159249462603876735e-01
9.350749588919666788e-01
9.769026180609416965e-01
9.355789065927976322e-01
9.307914034349029642e-01
9.088696784487533264e-01
9.146650770083101234e-01
9.501933899168973907e-01
9.330591680886425321e-01
9.554848407756231232e-01
9.335631157894735965e-01
9.305394295844874319e-01
9.043341491412740796e-01
9.000505936842103649e-01
9.275157433795012674e-01
9.237361356232686171e-01
9.249960048753461672e-01
8.950111166759001646e-01
9.134052077562325733e-01
9.146650770083101234e-01
9.350749588919666788e-01
9.045861229916896118e-01
9.325552203878114677e-01
8.773729471468142416e-01
9.083657307479223730e-01
9.060979660941826941e-01
9.020663844875345116e-01
8.929953258725760179e-01
8.864440057617727353e-01
8.859400580609416709e-01
8.836722934072021030e-01
8.970269074792243114e-01
8.859400580609416709e-01
8.972788813296397326e-01
8.788847902493073239e-01
8.665380715789472443e-01
8.662860977285317121e-01
8.720814962880885091e-01
8.559551698614957793e-01
8.766170255955677559e-01
8.521755621052630181e-01
8.504117451523545146e-01
8.753571563434902059e-01
8.544433267590026970e-01
8.320176540720221059e-01
8.242064647091411622e-01
8.420966080886425065e-01
8.156393537950137329e-01
8.267262032132962624e-01
8.214347523545705299e-01
8.219387000554015943e-01
7.917018380055400595e-01
7.990090796675899387e-01
7.937176288088642062e-01
7.675123483656508538e-01
7.733077469252076508e-01
7.493702311357339774e-01
7.783472239335178511e-01
7.458425972299167483e-01
7.823788055401661445e-01
7.700320868698059540e-01
7.775913023822713654e-01
7.627248452077561858e-01
7.584412897506924711e-01
7.561735250969527922e-01
7.881742040997229415e-01
7.856544655955677303e-01
8.103479029362880004e-01
8.267262032132962624e-01
8.773729471468142416e-01
9.360828542936286967e-01
9.854697289750691258e-01
1.024273701939057979e+00
1.074920445872576069e+00
1.110700732631578758e+00
1.170922482880886184e+00
1.182009332299168713e+00
1.184529070803324036e+00
1.232908050083102225e+00
1.213758037451523331e+00
1.239711344044321262e+00
1.227616599224376603e+00
1.251302141163434634e+00
1.238451474792243712e+00
1.202923161883656444e+00
1.221821200664819695e+00
1.207710665041551001e+00
1.229884363878116282e+00
1.160087607313019298e+00
1.188560652409972107e+00
1.175458012188365542e+00
1.175206038337949899e+00
1.140685620831024760e+00
1.137661934626038596e+00
1.137661934626038596e+00
1.115488235789473537e+00
1.111204680332409822e+00
1.100873752465373778e+00
1.120275738947368316e+00
1.126827059058171487e+00
1.124811268254847452e+00
1.094826380055401449e+00
1.078952027479224141e+00
1.089282955346260184e+00
1.097094144709141128e+00
1.078952027479224141e+00
1.074920445872576069e+00
1.046195426925207617e+00
1.040148054515235287e+00
1.106669151024930686e+00
1.033596734404431894e+00
1.044935557673130067e+00
1.022005937285318522e+00
1.023769754238226914e+00
1.026793440443213079e+00
1.045691479224376552e+00
1.010919087867035771e+00
9.900052582825483727e-01
1.018730277229916714e+00
1.016210538725761614e+00
9.905092059833793261e-01
1.004871715457063663e+00
1.012934878670360028e+00
9.990763168975067554e-01
9.769026180609416965e-01
1.034604629806094023e+00
1.012430930969528964e+00
9.993282907479222876e-01
9.927769706371190050e-01
9.990763168975067554e-01
1.021250015734071814e+00
1.027801335844875208e+00
1.032336865152354344e+00
1.040148054515235287e+00
1.026541466592797658e+00
1.086259269141274020e+00
1.098605987811634099e+00
1.132118509916897331e+00
1.092558615401661992e+00
1.119015869695290766e+00
1.138669830027700725e+00
1.186040913905817007e+00
1.181001436897506807e+00
1.159583659612188233e+00
1.200403423379501122e+00
1.188308678559556686e+00
1.196875789473684115e+00
1.185788940055401586e+00
1.179489593795013613e+00
1.218797514459833531e+00
1.217789619058171624e+00
1.178229724542936063e+00
1.199395527977839215e+00
1.221065279113573210e+00
1.206198821939058030e+00
1.181757358448753292e+00
1.171930378282548313e+00
1.185033018504154878e+00
1.181001436897506807e+00
1.149252731745152190e+00
1.138417856177285081e+00
1.164119188919667369e+00
1.186292887756232428e+00
1.152024444099722933e+00
1.186040913905817007e+00
1.148748784044321125e+00
1.152528391800553775e+00
1.169914587479224277e+00
1.155552078005539940e+00
1.132118509916897331e+00
1.147488914792243575e+00
1.115740209639888958e+00
1.132622457617728395e+00
1.117756000443213216e+00
1.108936915678670143e+00
1.165631032022160563e+00
1.101881647867035907e+00
1.121283634349030223e+00
1.095582301606648157e+00
1.105157307922437493e+00
1.126827059058171487e+00
1.071140838116343419e+00
1.117504026592797572e+00
1.089030981495844763e+00
1.118007974293628637e+00
1.124811268254847452e+00
1.125063242105263095e+00
1.126323111357340645e+00
1.125819163656509581e+00
1.125567189806093937e+00
1.103645464819944522e+00
1.098354013961218678e+00
1.089282955346260184e+00
1.103141517119113457e+00
1.094322432354570385e+00
1.047707270027700588e+00
1.080463870581717334e+00
1.086007295290858599e+00
1.094826380055401449e+00
1.117252052742382151e+00
1.112968497285318437e+00
1.113724418836564922e+00
1.103897438670359943e+00
1.098354013961218678e+00
1.104905334072022072e+00
1.099361909362880807e+00
1.098102040110803257e+00
1.117756000443213216e+00
1.101125726315789422e+00
1.152528391800553775e+00
1.121031660498614801e+00
1.120023765096952673e+00
1.103645464819944522e+00
1.117756000443213216e+00
1.109944811080332272e+00
1.140937594681440403e+00
1.138669830027700725e+00
1.113472444986149501e+00
1.105409281772853136e+00
1.140181673130193696e+00
1.110448758781163336e+00
1.088275059944598278e+00
1.126323111357340645e+00
1.121787582049861287e+00
1.095834275457063578e+00
1.085251373739612113e+00
