9.652586561958977907e-01
9.646633590944162506e-01
9.640309469633442374e-01
9.633557726555380674e-01
9.626305566778374789e-01
9.618456406277630100e-01
9.609877582804645657e-01
9.600379073267377716e-01
9.589674318603281788e-01
9.577302500544759845e-01
9.562458981229496890e-01
9.543576135369369329e-01
9.517091108093506113e-01
9.472768381701599516e-01
9.369105242210348239e-01
1.061769454196959339e+00
9.746185494056213150e-01
9.638668052111135642e-01
9.591136949492594654e-01
9.558911123289893785e-01
9.531988263321060639e-01
9.506727509480070726e-01
9.481317170772610714e-01
9.454574902738757114e-01
9.425511514302675753e-01
9.393114896086240950e-01
9.356193045561596033e-01
9.313206131921157871e-01
9.262032385375497112e-01
9.199590592240904918e-01
9.121174279517733074e-01
9.019186583670062429e-01
8.880543922688254321e-01
8.680879907518486149e-01
8.370614814067178777e-01
7.845379175446662856e-01
7.131223866260356647e-01
1.283701642164697398e+00
1.322559604672906453e+00
1.178644786685790313e+00
1.113454559412671241e+00
1.078195962256629281e+00
1.056293667352124155e+00
1.041364010615575264e+00
1.030500037358415888e+00
1.022202378950730850e+00
1.015622916382367791e+00
1.010246907504502634e+00
1.005744154406654545e+00
1.001893152916577767e+00
9.985397168195959683e-01
9.955731158367546740e-01
9.929116603922260031e-01
9.904936440319845881e-01
9.882714564917585154e-01
9.862076429198733951e-01
9.842721959794676900e-01
9.824406507074684436e-01
9.806927146882984392e-01
9.790112626210952795e-01
9.773815832728063313e-01
9.757908036749697311e-01
9.742274389924291400e-01
9.726810318330810778e-01
9.711418548835601960e-01
9.696006574657775046e-01
9.680484410314453836e-01
9.664762514367538637e-01
9.648749774871765439e-01
9.632351459524661763e-01
9.615467031322660896e-01
9.597987721025019736e-01
9.579793728836698552e-01
9.560750897108408752e-01
9.540706649507977311e-01
9.519484923593887205e-01
9.496879722820906755e-01
9.472646764555874288e-01
9.446492476725312226e-01
9.418059254897056531e-01
9.386905363388708956e-01
9.352477028332746301e-01
9.314068918203918246e-01
9.270766964178797087e-01
9.221363654769902940e-01
9.164229271201136395e-01
9.097110625581705801e-01
9.016807449642967320e-01
8.918639696581367460e-01
8.795571613215300566e-01
8.636936789684110938e-01
8.428325477275943056e-01
8.173657072300184456e-01
8.182188466256439252e-01
8.442113949295315667e-01
7.794857646759042469e-01
1.085332778128751396e+00
1.381298450207188111e+00
1.270082500147664328e+00
1.185718526396003947e+00
1.134808674740090950e+00
1.101892275120970544e+00
1.078992612796482842e+00
1.062101417210051579e+00
1.049055025015273701e+00
1.038598242455568199e+00
1.029956666635794438e+00
1.022627178491793520e+00
1.016268152119977008e+00
1.010638380078567655e+00
1.005561256593396458e+00
1.000902724853912185e+00
9.965570152004760152e-01
9.924368826382147235e-01
9.884664014447136493e-01
9.845750559424066850e-01
9.806921927186200705e-01
9.767410673516343511e-01
9.726320713352966107e-01
9.682566515085553327e-01
9.634939398387611931e-01
9.583015287351712708e-01
9.533457870672242818e-01
9.545003811982568642e-01
9.938976463730648803e-01
1.031440645231550768e+00
1.008907292162270153e+00
9.907329102823499989e-01
9.790598290892466027e-01
9.706235769686395454e-01
9.638031954695684966e-01
9.578140900971279237e-01
9.522360982137585417e-01
9.468166094620333872e-01
9.413843629670185509e-01
9.358080486422046818e-01
9.299741914965760081e-01
9.237737296720379687e-01
9.170924842089787088e-01
9.098031114416592624e-01
9.017572002674667520e-01
8.927767739858343266e-01
8.826450951616161555e-01
8.710980443908222792e-01
8.578210727559513193e-01
8.424673339044390641e-01
8.247434478366457711e-01
8.047012212269488707e-01
7.836504928199947706e-01
7.668986028829454238e-01
7.710810058586463622e-01
8.353519241016950092e-01
9.936877923135519763e-01
1.163718668811854151e+00
1.233997651382762628e+00
1.228169320630162931e+00
1.197379663683274087e+00
1.163745578380168233e+00
1.133238105058993472e+00
1.106613209666580833e+00
1.083309122588935747e+00
1.062613464516851236e+00
1.044026047287814452e+00
1.027467370450591888e+00
1.013606985662518278e+00
1.004527510526100009e+00
1.004845754271594060e+00
1.022450328434481914e+00
1.064607212056039476e+00
1.124575241211813292e+00
1.176516771342520196e+00
1.201615261055211548e+00
1.203503433225584951e+00
1.193486642932052755e+00
1.179377023980911598e+00
1.164840599239648000e+00
1.151260174633246702e+00
1.139026939354370160e+00
1.128164591524134952e+00
1.118607328412918100e+00
1.110338726525257780e+00
1.103497450509336675e+00
1.098504454789129614e+00
1.096207830787713888e+00
1.097848807758654566e+00
1.104219943607450682e+00
1.113634564315716391e+00
1.121419961589175562e+00
1.123994901663432078e+00
1.121769256047120855e+00
1.116978922250862150e+00
1.111376316588921664e+00
