9.327999999999999625e-01
9.558999999999999719e-01
9.596000000000000085e-01
9.547999999999999821e-01
9.542000000000000481e-01
9.377999999999999670e-01
9.135999999999999677e-01
9.040000000000000258e-01
8.385000000000000231e-01
6.965000000000000080e-01
1.235800000000000010e+00
1.049299999999999899e+00
1.012799999999999923e+00
9.847000000000000197e-01
9.622000000000000552e-01
9.293000000000000149e-01
8.889000000000000234e-01
8.087999999999999634e-01
1.288000000000000034e+00
1.133799999999999919e+00
1.084500000000000020e+00
1.038000000000000034e+00
1.028999999999999915e+00
1.006999999999999895e+00
1.035199999999999898e+00
9.986000000000000432e-01
9.821999999999999620e-01
9.864000000000000545e-01
9.528999999999999693e-01
9.377999999999999670e-01
9.207999999999999519e-01
8.910000000000000142e-01
8.135999999999999899e-01
9.153000000000000025e-01
1.281900000000000039e+00
1.149899999999999922e+00
1.093800000000000106e+00
1.092799999999999994e+00
1.065199999999999925e+00
1.067099999999999937e+00
1.022599999999999953e+00
1.032999999999999918e+00
1.029900000000000038e+00
1.020599999999999952e+00
1.005900000000000016e+00
1.001200000000000090e+00
9.828000000000000069e-01
9.869999999999999885e-01
9.868999999999999995e-01
1.049099999999999921e+00
1.093699999999999894e+00
1.085599999999999898e+00
1.054000000000000048e+00
1.062100000000000044e+00
1.052000000000000046e+00
1.039199999999999902e+00
1.024699999999999944e+00
1.001400000000000068e+00
1.021099999999999897e+00
1.039800000000000058e+00
1.041600000000000081e+00
1.029700000000000060e+00
1.033400000000000096e+00
1.039099999999999913e+00
1.022799999999999931e+00
1.022599999999999953e+00
1.036499999999999977e+00
1.020199999999999996e+00
1.032899999999999929e+00
1.023900000000000032e+00
9.910999999999999810e-01
1.014799999999999924e+00
1.025199999999999889e+00
1.017700000000000049e+00
1.016799999999999926e+00
1.025099999999999900e+00
1.031099999999999905e+00
1.018999999999999906e+00
9.923999999999999488e-01
1.008399999999999963e+00
1.001900000000000013e+00
1.006299999999999972e+00
9.929000000000000048e-01
9.919999999999999929e-01
9.950999999999999845e-01
1.004399999999999959e+00
9.997000000000000330e-01
9.939999999999999947e-01
9.580999999999999517e-01
9.917000000000000259e-01
1.039900000000000047e+00
1.071700000000000097e+00
1.086100000000000065e+00
1.062100000000000044e+00
1.036399999999999988e+00
1.024799999999999933e+00
1.032000000000000028e+00
1.043700000000000072e+00
1.038000000000000034e+00
1.021800000000000042e+00
