1.005876760474760712e+00
1.002766344763976081e+00
1.000727589250926863e+00
1.000573905720147261e+00
1.000625349614184145e+00
1.000796503362667567e+00
1.001164048730687428e+00
1.002068169717717616e+00
1.005416512132782936e+00
1.049372264208835892e+00
1.026544736910258937e+00
1.004615237851026688e+00
1.002362430164599250e+00
1.001988598835300781e+00
1.002349824562895453e+00
1.003727041929924901e+00
1.008546959486279260e+00
1.040172755709838137e+00
1.066151125126022947e+00
1.011080586858921215e+00
1.004202348269409795e+00
1.002303989003023643e+00
1.001549014595839893e+00
1.001195769376711953e+00
1.001027360786594045e+00
1.000966856775974634e+00
1.000989254942559192e+00
1.001099229812289826e+00
1.001334383458168276e+00
1.001798657520824642e+00
1.002788185067325921e+00
1.005367032413926998e+00
1.015513301126184320e+00
1.082097577723194481e+00
1.026159587588600708e+00
1.007776411072658140e+00
1.006340312844315354e+00
1.002689975367239583e+00
1.001770233999705217e+00
1.001447094618098888e+00
1.001340138189688034e+00
1.001366598451010059e+00
1.001516083364233145e+00
1.001825422956215794e+00
1.002410892041084356e+00
1.003458848368510958e+00
1.005536047732972449e+00
1.010656965227332060e+00
1.024483274758339224e+00
1.037404647719916806e+00
1.018986958426609579e+00
1.008662160428773324e+00
1.004855808718739141e+00
1.003258451043149924e+00
1.002553881732077379e+00
1.002340731350696901e+00
1.002567192175497279e+00
1.003492278922401004e+00
1.005932560245052843e+00
1.009682773809073009e+00
1.007716008116410267e+00
1.004122879229307097e+00
1.002444175061437903e+00
1.001695231363216365e+00
1.001331488393465419e+00
1.001151366428596923e+00
1.001077139746151978e+00
1.001080074885848825e+00
1.001156940809769136e+00
1.001326204233028871e+00
1.001638113685683562e+00
1.002207510148485969e+00
1.003298450411082676e+00
1.005476602003253284e+00
1.009078838187515093e+00
1.010197930487109375e+00
1.006783536059972173e+00
1.004080859865710051e+00
1.002740466881200554e+00
1.002103228308762972e+00
1.001816984483504092e+00
1.001735281044721315e+00
1.001804886406071793e+00
1.002022691636268448e+00
1.002427392082067437e+00
1.003115409122802726e+00
1.004291839157429811e+00
1.006394997829603399e+00
1.010349538751133425e+00
1.017522044747714682e+00
1.025339692449317219e+00
1.022478122145198620e+00
1.013860397555785831e+00
1.008194500485502410e+00
1.005168164488713378e+00
1.003499531906658193e+00
1.002512612459408370e+00
1.001888976111481311e+00
1.001472451826331156e+00
1.001181348491368750e+00
