9.652586561958977907e-01
9.651740537462057956e-01
9.650887476502250095e-01
9.650027249498496218e-01
9.649159722780153992e-01
9.648284758400444971e-01
9.647402213938888194e-01
9.646511942291929875e-01
9.645613791450946550e-01
9.644707604266656853e-01
9.643793218198950523e-01
9.642870465051062157e-01
9.641939170686868454e-01
9.640999154730064413e-01
9.640050230243759621e-01
9.639092203389000302e-01
9.638124873060539555e-01
9.637148030497996176e-01
9.636161458870452501e-01
9.635164932832263052e-01
9.634158218047675915e-01
9.633141070681688900e-01
9.632113236854173977e-01
9.631074452054138035e-01
9.630024440510638328e-01
9.628962914516452365e-01
9.627889573700280090e-01
9.626804104242782101e-01
9.625706178031251392e-01
9.624595451747141039e-01
9.623471565880112877e-01
9.622334143661473993e-01
9.621182789909136224e-01
9.620017089775314556e-01
9.618836607387164506e-01
9.617640884369426102e-01
9.616429438236823168e-01
9.615201760642506645e-01
9.613957315467129838e-01
9.612695536731257206e-01
9.611415826311581201e-01
9.610117551438983607e-01
9.608800041953501347e-01
9.607462587288071454e-01
9.606104433149074140e-01
9.604724777857287510e-01
9.603322768307840374e-01
9.601897495501849900e-01
9.600447989595598530e-01
9.598973214405112087e-01
9.597472061294726187e-01
9.595943342367296847e-01
9.594385782860939127e-01
9.592798012641993166e-01
9.591178556666167809e-01
9.589525824258635645e-01
9.587838097038627883e-01
9.586113515284195863e-01
9.584350062496727052e-01
9.582545547881690107e-01
9.580697586409998578e-01
9.578803576061207803e-01
9.576860671773180789e-01
9.574865755529079481e-01
9.572815401897805110e-01
9.570705838202452354e-01
9.568532898316236546e-01
9.566291968867498552e-01
9.563977926362928761e-01
9.561585063395700024e-01
9.559107001671992565e-01
9.556536589038679974e-01
9.553865776989904912e-01
9.551085474222233973e-01
9.548185370630581925e-01
9.545153724599277911e-01
9.541977104419829825e-01
9.538640071985384772e-01
9.535124793329843307e-01
9.531410555754966651e-01
9.527473164738059497e-01
9.523284184843940903e-01
9.518809976486602986e-01
9.514010463172045684e-01
9.508837539758754343e-01
9.503232998391902830e-01
9.497125801084689289e-01
9.490428461212341293e-01
9.483032204666972387e-01
9.474800461937488150e-01
9.465560105563500803e-01
9.455089753490638627e-01
9.443104630556026224e-01
9.429238666391493995e-01
9.413029207074431470e-01
9.393926579273960131e-01
9.371411824189997963e-01
9.345542081760360720e-01
9.319259445429444177e-01
9.308817550590077206e-01
9.396036248034648208e-01
9.930717015607992693e-01
1.080209966820745437e+00
1.060105138148987214e+00
1.026446681598440325e+00
1.006340952072197314e+00
9.942951161200079824e-01
9.865052043148939687e-01
9.811074386328132446e-01
9.771555025212413925e-01
9.741333281957299528e-01
9.717399997686507751e-01
9.697897799015290365e-01
9.681624423062439311e-01
9.667770055617643798e-01
9.655770587348387890e-01
9.645221646365379486e-01
9.635826127970431587e-01
9.627361009872694719e-01
9.619655702703400202e-01
9.612577535507469406e-01
9.606021787166728609e-01
9.599904691429460568e-01
9.594158433320457702e-01
9.588727507601669808e-01
9.583566026755215850e-01
9.578635702433209165e-01
9.573904312144324580e-01
9.569344520614118110e-01
9.564932963824419598e-01
9.560649529970793870e-01
9.556476789700699692e-01
9.552399540696611124e-01
9.548404440689314265e-01
9.544479709473203677e-01
9.540614885213308805e-01
9.536800623802511589e-01
9.533028532603474714e-01
9.529291031840653181e-01
9.525581238368319159e-01
9.521892867654100368e-01
9.518220150673570856e-01
9.514557763074066310e-01
9.510900764482700387e-01
9.507244546238966532e-01
9.503584786152642350e-01
9.499917409141985791e-01
9.496238552810486455e-01
9.492544537183529307e-01
9.488831837957985016e-01
9.485097062724464623e-01
9.481336929708858996e-01
9.477548248650782270e-01
9.473727903494836289e-01
9.469872836618505874e-01
9.465980034360137463e-01
9.462046513643110890e-01
9.458069309519538947e-01
9.454045463479265887e-01
9.449972012388629938e-01
9.445845977938970295e-01
9.441664356497606603e-01
9.437424109264573868e-01
9.433122152647073211e-01
9.428755348770400113e-01
9.424320496049856111e-01
9.419814319752219944e-01
9.415233462478704851e-01
9.410574474503363707e-01
9.405833803902252654e-01
9.401007786409062428e-01
9.396092634932520227e-01
9.391084428669792539e-01
9.385979101748112008e-01
9.380772431324294613e-01
9.375460025068370618e-01
9.370037307953225092e-01
9.364499508267281058e-01
9.358841642761120960e-01
9.353058500832119870e-01
9.347144627643233505e-01
9.341094306062863728e-01
9.334901537302483510e-01
9.328560020116786200e-01
9.322063128417859001e-01
9.315403887139633854e-01
9.308574946171821463e-01
9.301568552163064219e-01
9.294376517971097984e-01
9.286990189512840388e-01
9.279400409739111399e-01
9.271597479426703092e-01
9.263571114444179022e-01
9.255310399106465580e-01
9.246803735186277517e-01
9.238038786096745003e-01
9.229002415698497330e-01
9.219680621114328956e-01
9.210058458854535335e-01
9.200119963464014061e-01
9.189848057796691227e-01
9.179224453901269065e-01
9.168229543362377276e-01
9.156842275779494278e-01
9.145040023879267288e-01
9.132798433540442185e-01
9.120091256759697007e-01
9.106890165295304929e-01
9.093164542386581450e-01
9.078881249552406274e-01
9.064004365011979480e-01
9.048494889734134405e-01
9.032310416494695460e-01
9.015404756589359136e-01
8.997727517994913438e-01
8.979223627774515215e-01
8.959832790361528243e-01
8.939488872007783637e-01
8.918119200122582857e-01
8.895643764437333179e-01
8.871974304892444874e-01
8.847013268858014978e-01
8.820652617793927064e-01
8.792772460803257584e-01
8.763239489893208667e-01
8.731905189430454461e-01
8.698603790801391344e-01
8.663149943600187974e-01
8.625336078372700666e-01
8.584929445760565159e-01
8.541668837406268810e-01
8.495261032946184176e-01
8.445377087962783191e-01
8.391648702257676895e-01
8.333665124648724776e-01
8.270971426248430181e-01
8.203069625460233105e-01
8.129425281484876642e-01
8.049484160206962224e-01
7.962707092250125296e-01
7.868637431604053045e-01
7.767026900164295533e-01
7.658066408221674282e-01
7.542806790770029135e-01
7.423925189543815195e-01
7.307121811753065632e-01
7.203656574073802332e-01
7.134879562579882206e-01
7.139936036379554984e-01
7.287251552497775453e-01
7.685601841567767378e-01
8.473837122813803191e-01
9.739960262647228140e-01
1.135110102441070135e+00
1.288626870975403849e+00
1.392223913873275931e+00
1.435966615118845269e+00
1.436295067103725787e+00
1.413663198073300320e+00
1.382040968735366526e+00
1.348818621902651227e+00
1.317307029388386397e+00
1.288718811127766095e+00
1.263293631390868033e+00
1.240861385158765318e+00
1.221106328860666501e+00
1.203684635785578161e+00
1.188272900978766256e+00
1.174585040431851191e+00
1.162375264624452509e+00
1.151435353170819686e+00
1.141589986660485057e+00
1.132691789205885868e+00
1.124616754169335930e+00
1.117260275912095757e+00
1.110533812302471723e+00
1.104362122787186484e+00
1.098681001321606177e+00
1.093435421923832696e+00
1.088578022655813271e+00
1.084067864778641033e+00
1.079869414749125456e+00
1.075951706468435631e+00
1.072287649433361301e+00
1.068853455209673120e+00
1.065628160117633616e+00
1.062593226400683655e+00
1.059732207640074364e+00
1.057030466955757753e+00
1.054474938743067414e+00
1.052053926453885069e+00
1.049756930334588390e+00
1.047574500155870503e+00
1.045498108870334786e+00
1.043520043858854773e+00
1.041633313012287676e+00
1.039831563369742362e+00
1.038109010420629641e+00
1.036460376492812419e+00
1.034880836907260626e+00
1.033365972791788101e+00
1.031911729621433516e+00
1.030514380697883592e+00
1.029170494900617294e+00
1.027876908142629553e+00
1.026630698047352741e+00
1.025429161433575986e+00
1.024269794254213162e+00
1.023150273684533484e+00
1.022068442097593843e+00
1.021022292700301648e+00
1.020009956633920023e+00
1.019029691368713353e+00
1.018079870244565255e+00
1.017158973028373659e+00
1.016265577375317752e+00
1.015398351095128993e+00
1.014556045136601137e+00
1.013737487214053656e+00
1.012941576008540290e+00
1.012167275884482631e+00
1.011413612069275381e+00
1.010679666249394870e+00
1.009964572541780070e+00
1.009267513803834060e+00
1.008587718249414733e+00
1.007924456341714681e+00
1.007277037937040820e+00
1.006644809656240813e+00
1.006027152462956709e+00
1.005423479430013201e+00
1.004833233677157933e+00
1.004255886465053038e+00
1.003690935431912346e+00
1.003137902960512751e+00
1.002596334664501043e+00
1.002065797983967776e+00
1.001545880881221651e+00
1.001036190628532552e+00
1.000536352680384766e+00
1.000046009623453136e+00
9.995648201981390812e-01
9.990924583860442132e-01
9.986286125582669593e-01
9.981729846798462757e-01
9.977252895660900789e-01
9.972852541868817422e-01
9.968526170153998445e-01
9.964271274179775650e-01
9.960085450821002384e-01
9.955966394797962637e-01
9.951911893638866191e-01
9.947919822947697277e-01
9.943988141956066062e-01
9.940114889339307647e-01
9.936298179278750808e-01
9.932536197753313312e-01
9.928827199045061613e-01
9.925169502444366465e-01
9.921561489141511592e-01
9.918001599292489701e-01
9.914488329247703735e-01
9.911020228933041798e-01
9.907595899373664583e-01
9.904213990351408148e-01
9.900873198187499780e-01
9.897572263642717694e-01
9.894309969927812531e-01
9.891085140817457155e-01
9.887896638861393139e-01
9.884743363686990802e-01
9.881624250387737174e-01
9.878538267992603705e-01
9.875484418011508669e-01
9.872461733052469990e-01
9.869469275506322914e-01
9.866506136295084550e-01
9.863571433680405898e-01
9.860664312128658571e-01
9.857783941229540936e-01
9.854929514665172752e-01
9.852100249226956041e-01
9.849295383877501031e-01
9.846514178855246824e-01
9.843755914819417585e-01
9.841019892033152638e-01
9.838305429582806516e-01
9.835611864631456092e-01
9.832938551704860641e-01
9.830284862008132896e-01
9.827650182771567877e-01
9.825033916624079655e-01
9.822435480992866008e-01
9.819854307527923210e-01
9.817289841550197460e-01
9.814741541522112867e-01
9.812208878539421253e-01
9.809691335843256921e-01
9.807188408351398268e-01
9.804699602207819220e-01
9.802224434349566806e-01
9.799762432090188824e-01
9.797313132718814543e-01
9.794876083114217868e-01
9.792450839373048055e-01
9.790036966451600708e-01
9.787634037820455157e-01
9.785241635131346483e-01
9.782859347895694890e-01
9.780486773174232873e-01
9.778123515277197253e-01
9.775769185474562084e-01
9.773423401715863879e-01
9.771085788359117341e-01
9.768755975908413047e-01
9.766433600759788503e-01
9.764118304954924055e-01
9.761809735942349464e-01
9.759507546345740359e-01
9.757211393738990379e-01
9.754920940427729281e-01
9.752635853236935048e-01
9.750355803304386892e-01
9.748080465879610523e-01
9.745809520128086989e-01
9.743542648940427542e-01
9.741279538746270283e-01
9.739019879332619922e-01
9.736763363666455229e-01
9.734509687721308868e-01
9.732258550307636424e-01
9.730009652906744799e-01
9.727762699508083477e-01
9.725517396449706586e-01
9.723273452261675942e-01
9.721030577512274062e-01
9.718788484656797344e-01
9.716546887888777295e-01
9.714305502993462182e-01
9.712064047203368133e-01
9.709822239055786453e-01
9.707579798252007341e-01
9.705336445518210065e-01
9.703091902467765317e-01
9.700845891464887627e-01
9.698598135489414629e-01
9.696348358002648826e-01
9.694096282814049781e-01
9.691841633948687917e-01
9.689584135515276753e-01
9.687323511574709167e-01
9.685059486008894547e-01
9.682791782389821300e-01
9.680520123848656011e-01
9.678244232944808179e-01
9.675963831534759585e-01
9.673678640640600568e-01
9.671388380318055589e-01
9.669092769523961461e-01
9.666791525982959543e-01
9.664484366053360809e-01
9.662171004591982859e-01
9.659851154817861163e-01
9.657524528174658007e-01
9.655190834191673677e-01
9.652849780343270014e-01
9.650501071906603112e-01
9.648144411817476396e-01
9.645779500524194194e-01
9.643406035839251489e-01
9.641023712788693301e-01
9.638632223458984960e-01
9.636231256841255588e-01
9.633820498672686083e-01
9.631399631274927264e-01
9.628968333389339440e-01
9.626526280008853576e-01
9.624073142206299725e-01
9.621608586958984022e-01
9.619132276969304396e-01
9.616643870481209611e-01
9.614143021092278474e-01
9.611629377561186072e-01
9.609102583610343862e-01
9.606562277723444954e-01
9.604008092937674768e-01
9.601439656630331720e-01
9.598856590299578162e-01
9.596258509339040677e-01
9.593645022805955547e-01
9.591015733182570724e-01
9.588370236130475677e-01
9.585708120237506069e-01
9.583028966756927947e-01
9.580332349338454012e-01
9.577617833750806664e-01
9.574884977595352620e-01
9.572133330010441643e-01
9.569362431365994182e-01
9.566571812947872733e-01
9.563760996631605060e-01
9.560929494544886387e-01
9.558076808718426465e-01
9.555202430724508700e-01
9.552305841302726197e-01
9.549386509972312975e-01
9.546443894630378679e-01
9.543477441135411743e-01
9.540486582875365995e-01
9.537470740319551332e-01
9.534429320553594600e-01
9.531361716796614703e-01
9.528267307899807026e-01
9.525145457825449080e-01
9.521995515105488028e-01
9.518816812278575457e-01
9.515608665304613467e-01
9.512370372955596398e-01
9.509101216181630178e-01
9.505800457450870322e-01
9.502467340062032974e-01
9.499101087428137857e-01
9.495700902329983206e-01
9.492265966137805044e-01
9.488795437999492099e-01
9.485288453993593327e-01
9.481744126245301718e-01
9.478161542003463724e-01
9.474539762676510435e-01
9.470877822825201076e-01
9.467174729109747444e-01
9.463429459188963389e-01
9.459640960568749257e-01
9.455808149397160189e-01
9.451929909203118374e-01
9.448005089575608473e-01
9.444032504780041082e-01
9.440010932308209313e-01
9.435939111358101483e-01
9.431815741239499840e-01
9.427639479701125369e-01
9.423408941174716835e-01
9.419122694931196804e-01
9.414779263143737698e-01
9.410377118852131240e-01
9.405914683822589328e-01
9.401390326296599209e-01
9.396802358622085016e-01
9.392149034759607051e-01
9.387428547655886080e-01
9.382639026476286004e-01
9.377778533687415319e-01
9.372845061980284997e-01
9.367836531023772118e-01
9.362750784037451313e-01
9.357585584171956850e-01
9.352338610684254316e-01
9.347007454894151746e-01
9.341589615907436306e-01
9.336082496089863625e-01
9.330483396275001118e-01
9.324789510687648830e-01
9.318997921563106912e-01
9.313105593441002306e-01
9.307109367110716347e-01
9.301005953183589803e-01
9.294791925265126764e-01
9.288463712698167285e-01
9.282017592845711595e-01
9.275449682879419733e-01
9.268755931037044871e-01
9.261932107308913364e-01
9.254973793510338220e-01
9.247876372693012437e-01
9.240635017844595067e-01
9.233244679821279721e-01
9.225700074453334620e-01
9.217995668758519612e-01
9.210125666192512384e-01
9.202083990859400986e-01
9.193864270598514077e-01
9.185459818856570591e-01
9.176863615246189099e-01
9.168068284683154046e-01
9.159066074985509065e-01
9.149848832807410126e-01
9.140407977769907655e-01
9.130734474639113918e-01
9.120818803389804108e-01
9.110650926979497743e-01
9.100220256644179218e-01
9.089515614512747588e-01
9.078525193322739550e-01
9.067236513005644261e-01
9.055636373896416291e-01
9.043710806309568362e-01
9.031445016214417754e-01
9.018823326736199464e-01
9.005829115209829094e-01
8.992444745522042426e-01
8.978651495499136992e-01
8.964429479137194789e-01
8.949757563536591132e-01
8.934613280503083121e-01
8.918972732927703539e-01
8.902810496276346575e-01
8.886099515834010587e-01
8.868811000795314703e-01
8.850914316923756964e-01
8.832376880389863905e-01
8.813164056644803290e-01
8.793239069935487873e-01
8.772562931525030860e-01
8.751094398142060804e-01
8.728789977066611083e-01
8.705604001181064255e-01
8.681488807164772226e-01
8.656395064100589343e-01
8.630272320027583266e-01
8.603069863297786446e-01
8.574738038290306008e-01
8.545230217599236733e-01
8.514505725069210218e-01
8.482534140910008569e-01
8.449301624189672344e-01
8.414820193414511706e-01
8.379141363520994368e-01
8.342376221201102116e-01
8.304725031221518172e-01
8.266520926550627868e-01
8.228294244579702488e-01
8.190866556596354542e-01
8.155485713405674630e-01
8.124012868653910369e-01
8.099162613589389048e-01
8.084761468014276531e-01
8.085894073880173227e-01
8.108601411182728702e-01
8.158480643304149016e-01
8.237398281500766251e-01
8.338502046325226846e-01
8.442751104525221262e-01
8.522804353396284949e-01
8.555343559579827728e-01
8.532288639318078571e-01
8.461191320151590922e-01
8.357400379015184066e-01
8.236652845073209050e-01
8.112043237233184101e-01
7.994353285791795383e-01
7.893797105479765097e-01
7.822109236555221390e-01
7.794635452191128744e-01
7.832261844490289171e-01
7.962688311042385170e-01
8.219726427457075824e-01
8.638126358410818106e-01
9.240969016919804435e-01
1.001970686945338418e+00
1.091609685415462883e+00
1.182470607622972292e+00
1.262667324105425370e+00
1.323626194770604059e+00
1.362589790516363975e+00
1.381752820323759234e+00
1.385728257668360719e+00
1.379372290660385802e+00
1.366688353449060589e+00
1.350568003021314745e+00
1.332931674839292313e+00
1.314978308949419361e+00
1.297414993502860714e+00
1.280630578874637049e+00
1.264815353188178282e+00
1.250039470005980036e+00
1.236302804981709080e+00
1.223566004782804750e+00
1.211769501398579640e+00
1.200844953668754655e+00
1.190721975269945831e+00
1.181331953967286852e+00
1.172610091881429728e+00
1.164496370493112609e+00
1.156935877157797110e+00
1.149878763162219375e+00
1.143279999326214158e+00
1.137099030280150913e+00
1.131299388124409333e+00
1.125848301038559374e+00
1.120716316840163707e+00
1.115876951925673710e+00
1.111306370221317952e+00
1.106983093324088729e+00
1.102887741036089775e+00
1.099002800430540328e+00
1.095312421081501730e+00
1.091802233919206389e+00
1.088459191198558607e+00
1.085271425202423146e+00
1.082228123489531679e+00
1.079319418706328415e+00
1.076536291193324058e+00
1.073870482818563232e+00
1.071314420657878630e+00
1.068861149311220782e+00
1.066504270796007292e+00
1.064237891092647104e+00
1.062056572535419185e+00
1.059955291345105133e+00
1.057929399689794270e+00
1.055974591738580326e+00
1.054086873240891009e+00
1.052262534223227464e+00
1.050498124446326287e+00
1.048790431310206550e+00
1.047136459933152297e+00
1.045533415164209057e+00
1.043978685317897837e+00
1.042469827445210218e+00
1.041004553977027181e+00
1.039580720595356667e+00
1.038196315204596543e+00
1.036849447889724551e+00
1.035538341761173875e+00
1.034261324597432141e+00
1.033016821206285796e+00
1.031803346434333024e+00
1.030619498762032960e+00
1.029463954428309069e+00
1.028335462034660308e+00
1.027232837584007408e+00
1.026154959914138187e+00
1.025100766489746018e+00
1.024069249520709324e+00
1.023059452377504286e+00
1.022070466277539724e+00
1.021101427218766622e+00
1.020151513139215593e+00
1.019219941283164177e+00
1.018305965756460374e+00
1.017408875255173983e+00
1.016527990953214333e+00
1.015662664535864845e+00
1.014812276367375254e+00
1.013976233781808345e+00
1.013153969487298856e+00
1.012344940074739963e+00
1.011548624622695458e+00
1.010764523391029845e+00
1.009992156596386748e+00
1.009231063263214656e+00
1.008480800144562872e+00
1.007740940707331445e+00
1.007011074177088794e+00
1.006290804637957725e+00
1.005579750183411170e+00
1.004877542114146705e+00
1.004183824179489815e+00
1.003498251859038071e+00
1.002820491681495785e+00
1.002150220577868067e+00
1.001487125266371514e+00
1.000830901666602157e+00
1.000181254340658521e+00
9.995378959590689449e-01
9.989005467894946921e-01
9.982689342063114646e-01
9.976427922192708797e-01
9.970218610195419329e-01
9.964058865415267308e-01
9.957946200389097280e-01
9.951878176734826331e-01
9.945852401153381095e-01
9.939866521530906773e-01
9.933918223128147540e-01
9.928005224844543841e-01
9.922125275544700918e-01
9.916276150435399117e-01
9.910455647481458685e-01
9.904661583849039275e-01
9.898891792365132059e-01
9.893144117982186625e-01
9.887416414236905871e-01
9.881706539692466373e-01
9.876012354353431721e-01
9.870331716042918258e-01
9.864662476731647089e-01
9.859002478808785996e-01
9.853349551284832364e-01
9.847701505917166864e-01
9.842056133249474925e-01
9.836411198557084568e-01
9.830764437691148494e-01
9.825113552816123752e-01
9.819456208036675404e-01
9.813790024912532051e-01
9.808112577862856396e-01
9.802421389465636459e-01
9.796713925662660083e-01
9.790987590887169079e-01
9.785239723139592671e-01
9.779467589047409204e-01
9.773668378958710878e-01
9.767839202136336940e-01
9.761977082141328754e-01
9.756078952522495573e-01
9.750141652964312566e-01
9.744161926090734172e-01
9.738136415180156380e-01
9.732061663120437078e-01
9.725934113026909467e-01
9.719750111066930431e-01
9.713505912189013269e-01
9.707197689653482842e-01
9.700821549517800735e-01
9.694373551561166202e-01
9.687849738562618329e-01
9.681246176405651216e-01
9.674559008211839339e-01
9.667784526661300504e-01
9.660919269913765817e-01
9.653960148201656821e-01
9.646904610363162824e-01
9.639750862505908069e-01
9.632498154897175535e-01
9.625147158417282078e-01
9.617700458974910438e-01
9.610163207840031196e-01
9.602543978833720795e-01
9.594855901017623756e-01
9.587118159740117829e-01
9.579357992092879526e-01
9.571613348394260035e-01
9.563936453814170235e-01
9.556398589707304492e-01
9.549096530218352807e-01
9.542161225064087482e-01
9.535769522478652060e-01
9.530159980572175948e-01
9.525654108293318822e-01
9.522684655835389478e-01
9.521832693676149928e-01
9.523874839870923870e-01
9.529840392693786910e-01
9.541073879880876962e-01
9.559289134524541209e-01
9.586582721499050663e-01
9.625343830567778536e-01
9.677957363829015058e-01
9.746171348315951777e-01
9.830057972061829741e-01
9.926747187125477545e-01
1.002957326820586026e+00
1.012861285065357109e+00
1.021311744961889589e+00
1.027490800561935425e+00
1.031071984785112861e+00
1.032221116477069600e+00
1.031415837081804732e+00
1.029229818818162334e+00
1.026183755369533879e+00
1.022681747626210003e+00
1.019006017005061882e+00
1.015338046540096073e+00
1.011785649187550096e+00
1.008406735425033451e+00
1.005227229681297185e+00
1.002253506895255608e+00
9.994805936301067728e-01
9.968973843996010720e-01
9.944898620824356161e-01
9.922430270213161707e-01
9.901420097395842168e-01
9.881726771068950477e-01
9.863219299317074196e-01
9.845778166764088679e-01
9.829295409331059163e-01
9.813674104590822678e-01
9.798827568120951348e-01
9.784678429121472787e-01
9.771157685902156498e-01
9.758203797126187018e-01
9.745761837474493650e-01
9.733782730088208490e-01
9.722222558620388089e-01
9.711041956386264884e-01
9.700205567317178312e-01
9.689681572178404645e-01
9.679441273171771609e-01
9.669458730216335951e-01
9.659710442643347772e-01
9.650175070609349204e-01
9.640833191136645164e-01
9.631667084284811775e-01
9.622660545513496144e-01
9.613798720803595765e-01
9.605067961556381650e-01
9.596455696689353276e-01
9.587950319696390000e-01
9.579541088742894450e-01
9.571218038128764816e-01
9.562971899678205379e-01
9.554794032810046689e-01
9.546676362209813860e-01
9.538611322168636386e-01
9.530591806777939379e-01
9.522611125275279864e-01
9.514662961928261886e-01
9.506741339922315515e-01
9.498840588786190420e-01
9.490955314947588928e-01
9.483080375062197254e-01
9.475210851803079759e-01
9.467342031835576099e-01
9.459469385735673752e-01
9.451588549638564318e-01
9.443695308428997626e-01
9.435785580306693676e-01
9.427855402579151667e-01
9.419900918550634383e-01
9.411918365390642416e-01
9.403904062877890269e-01
9.395854402926913096e-01
9.387765839814248281e-01
9.379634881029688120e-01
9.371458078685744875e-01
9.363232021425107465e-01
9.354953326771809907e-01
9.346618633876992988e-01
9.338224596614824735e-01
9.329767876988206421e-01
9.321245138807491282e-01
9.312653041608728310e-01
9.303988234780742328e-01
9.295247351872990560e-01
9.286427005058310868e-01
9.277523779726836173e-01
9.268534229189047124e-01
9.259454869467682592e-01
9.250282174159584203e-01
9.241012569350023353e-01
9.231642428563147096e-01
9.222168067733357288e-01
9.212585740183468763e-01
9.202891631596411548e-01
9.193081854968190303e-01
9.183152445530639030e-01
9.173099355633420604e-01
9.162918449575474522e-01
9.152605498377065496e-01
9.142156174484361575e-01
9.131566046399498537e-01
9.120830573229983251e-01
9.109945099152433334e-01
9.098904847786798422e-01
9.087704916478545059e-01
9.076340270487801565e-01
9.064805737086119031e-01
9.053095999563480767e-01
9.041205591150405230e-01
9.029128888862540947e-01
9.016860107278161784e-01
9.004393292262361514e-01
8.991722314655743453e-01
8.978840863950028339e-01
8.965742441978368227e-01
8.952420356654374745e-01
8.938867715801133151e-01
8.925077421119893550e-01
8.911042162357943885e-01
8.896754411746554680e-01
8.882206418793179292e-01
8.867390205527543312e-01
8.852297562319217938e-01
8.836920044405274233e-01
8.821248969290966802e-01
8.805275415214919299e-01
8.788990220903389883e-01
8.772383986876937101e-01
8.755447078617960566e-01
8.738169631960319705e-01
8.720541561123825725e-01
8.702552569888435396e-01
8.684192166487159081e-01
8.665449682895262074e-01
8.646314299308720530e-01
8.626775074740101745e-01
8.606820984818525089e-01
8.586440968066320067e-01
8.565623982143207860e-01
8.544359071805163186e-01
8.522635450626326881e-01
8.500442598886370771e-01
8.477770380442244402e-01
8.454609181893240066e-01
8.430950077925025710e-01
8.406785027397190024e-01
8.382107105537973668e-01
8.356910778550445951e-01
8.331192228041039982e-01
8.304949733982701643e-01
8.278184126453684843e-01
8.250899318186842857e-01
8.223102932065408099e-01
8.194807040156565359e-01
8.166029033735155984e-01
8.136792647070103524e-01
8.107129161580648447e-01
8.077078821368743888e-01
8.046692496138924122e-01
8.016033633147647830e-01
7.985180546065195895e-01
7.954229095409945938e-01
7.923295822360838514e-01
7.892521604962483561e-01
7.862075912494513874e-01
7.832161739267411438e-01
7.803021302086621258e-01
7.774942584250885691e-01
7.748266800551656397e-01
7.723396838546334742e-01
7.700806696176247801e-01
7.681051877560642893e-01
7.664780618309207094e-01
7.652745677311969530e-01
7.645816239661301639e-01
7.644989209411414688e-01
7.651398815686265564e-01
7.666322999433489160e-01
7.691184489487330467e-01
7.727543834946293266e-01
7.777080991445348701e-01
7.841561472072292593e-01
7.922782755364785601e-01
8.022496868504178646e-01
8.142306191797651360e-01
8.283531953250681257e-01
8.447058911697099548e-01
8.633165402707462244e-01
8.841354759909962890e-01
9.070210897919634974e-01
9.317305544060110467e-01
9.579184783771844680e-01
9.851456154961111267e-01
1.012898390039838503e+00
1.040618102495006525e+00
1.067736691892559042e+00
1.093714428290450735e+00
1.118074387442353324e+00
1.140429212389194147e+00
1.160497290276066851e+00
1.178107555961260822e+00
1.193194078892919840e+00
1.205782941097701011e+00
1.215974487268348225e+00
1.223923899843198049e+00
1.229822458647055194e+00
1.233881057612817855e+00
1.236316788312966208e+00
1.237342789751357142e+00
1.237161150471918436e+00
1.235958419535650332e+00
1.233903195974610512e+00
1.231145274212076757e+00
1.227815883985766465e+00
1.224028646772305384e+00
1.219880956809515027e+00
1.215455572625079084e+00
1.210822269771188564e+00
1.206039456326572612e+00
1.201155690812014898e+00
1.196211069514651282e+00
1.191238469065434069e+00
1.186264642528614077e+00
1.181311174983619372e+00
1.176395308992322253e+00
1.171530652501840297e+00
1.166727782409549885e+00
1.161994756766294712e+00
1.157337547800356026e+00
1.152760406868324150e+00
1.148266171249536116e+00
1.143856521505033363e+00
1.139532196983598533e+00
1.135293176010715444e+00
1.131138826356777427e+00
1.127068030752007122e+00
1.123079291493680909e+00
1.119170817568692078e+00
1.115340597181656346e+00
1.111586458125453536e+00
1.107906118047323529e+00
1.104297226340005045e+00
1.100757399115432467e+00
1.097284248490672187e+00
1.093875407225414209e+00
1.090528549591815555e+00
1.087241409225908839e+00
1.084011794600967971e+00
1.080837602673736075e+00
1.077716831181241730e+00
1.074647590006680753e+00
1.071628111985396092e+00
1.068656763484708838e+00
1.065732055062769801e+00
1.062852652490585470e+00
1.060017388406916616e+00
1.057225274867064302e+00
1.054475517042938293e+00
1.051767528332659962e+00
1.049100947142732609e+00
1.046475655614000022e+00
1.043891800573674589e+00
1.041349817009048717e+00
1.038850454373404286e+00
1.036394806050254136e+00
1.033984342317259220e+00
1.031620947164568092e+00
1.029306959332048299e+00
1.027045217933546084e+00
1.024839113030778570e+00
1.022692641500764443e+00
1.020610468503698520e+00
1.018597994796412554e+00
1.016661430041925884e+00
1.014807872128012711e+00
1.013045392314857240e+00
1.011383125768875013e+00
1.009831366688972887e+00
1.008401666772405614e+00
1.007106935176817375e+00
1.005961537387807025e+00
1.004981389471470088e+00
1.004184043054229702e+00
1.003588755008233191e+00
1.003216534220127798e+00
1.003090155992248267e+00
1.003234132604021278e+00
1.003674626424365890e+00
1.004439289846379646e+00
1.005557014421405215e+00
1.007057570200780461e+00
1.008971115856533762e+00
1.011327561164274913e+00
1.014155766507117473e+00
1.017482569868520148e+00
1.021331640967486187e+00
1.025722175236042810e+00
1.030667457388542152e+00
1.036173344960960696e+00
1.042236745183945823e+00
1.048844181696744871e+00
1.055970567692110951e+00
1.063578315058658852e+00
1.071616910584319404e+00
1.080023076429480033e+00
1.088721600556341373e+00
1.097626873922228130e+00
1.106645108689429780e+00
1.115677142593925364e+00
1.124621668675295227e+00
1.133378677404401902e+00
1.141852869069811094e+00
1.149956793724226767e+00
1.157613504625362388e+00
1.164758564232135418e+00
1.171341310559302906e+00
1.177325365077719566e+00
1.182688430722146133e+00
1.187421481668595513e+00
1.191527480700862895e+00
1.195019774331871343e+00
1.197920312660053721e+00
1.200257824514143312e+00
1.202066053833447556e+00
1.203382135247616613e+00
1.204245159334591975e+00
1.204694953704965377e+00
1.204771086340531872e+00
1.204512082962946096e+00
1.203954840373571589e+00
1.203134212011952142e+00
1.202082739564616753e+00
1.200830504438189728e+00
1.199405074499030999e+00
1.197831524023686756e+00
1.196132507801288325e+00
1.194328373425199263e+00
1.192437298772609955e+00
1.190475444358918500e+00
1.188457112600551202e+00
1.186394908005979021e+00
1.184299893952063698e+00
1.182181743021690767e+00
1.180048878918068755e+00
1.177908608772887833e+00
1.175767245270313843e+00
1.173630218453655338e+00
1.171502177399058375e+00
1.169387082158487523e+00
1.167288286515598683e+00
1.165208612181686698e+00
1.163150415099711843e+00
1.161115644534369995e+00
1.159105895614432225e+00
1.157122455967240393e+00
1.155166347049585207e+00
1.153238360738203516e+00
1.151339091699649320e+00
1.149468966015410709e+00
1.147628266495245297e+00
1.145817155070769422e+00
1.144035692622921374e+00
1.142283856561385313e+00
1.140561556441531232e+00
1.138868647874934581e+00
1.137204944962999065e+00
1.135570231459479773e+00
1.133964270846639311e+00
1.132386815491155607e+00
1.130837615029549381e+00
1.129316424118612883e+00
1.127823009673879939e+00
1.126357157708419487e+00
1.124918679874935767e+00
1.123507419806160756e+00
1.122123259341628820e+00
1.120766124722947676e+00
1.119435992834444171e+00
1.118132897561338490e+00
1.116856936333204597e+00
1.115608276916119079e+00
1.114387164512334660e+00
1.113193929221197642e+00
1.112028993908967811e+00
1.110892882527751091e+00
1.109786228914347861e+00
1.108709786087828997e+00
1.107664436049256684e+00
1.106651200067287233e+00
1.105671249408307855e+00
1.104725916438012545e+00
1.103816705981484736e+00
1.102945306779257395e+00
1.102113602815702142e+00
1.101323684221526822e+00
1.100577857362202483e+00
1.099878653616972235e+00
1.099228836227205353e+00
1.098631404447390603e+00
1.098089594067226393e+00
1.097606873190899002e+00
1.097186931964023726e+00
1.096833664737421277e+00
1.096551142961907921e+00
1.096343576937222730e+00
1.096215264415492330e+00
1.096170524017512360e+00
1.096213611499088358e+00
1.096348617153098726e+00
1.096579343104950421e+00
1.096909160010484996e+00
1.097340843746498873e+00
1.097876394129395639e+00
1.098516839512018617e+00
1.099262033251453108e+00
1.100110450407731033e+00
1.101058995444413657e+00
1.102102833893727318e+00
1.103235262583437626e+00
1.104447633714967125e+00
1.105729347450899791e+00
1.107067925408307119e+00
1.108449173414573830e+00
1.109857436154994215e+00
1.111275939307546201e+00
1.112687207094151143e+00
1.114073535783123070e+00
1.115417497557828153e+00
1.116702445248083597e+00
1.117912987367307709e+00
1.119035404963815816e+00
1.120057986755615742e+00
1.120971266207926753e+00
1.121768152650098216e+00
1.122443957107435608e+00
1.122996321214795090e+00
1.123425063597130569e+00
1.123731962001832230e+00
1.123920491159408730e+00
1.123995536047499355e+00
1.123963098361183688e+00
1.123830011071368817e+00
1.123603672504091211e+00
1.123291807846749313e+00
1.122902262721193312e+00
1.122442830674727388e+00
1.121921114233253469e+00
1.121344417551820571e+00
1.120719667640599271e+00
1.120053360556360511e+00
1.119351528733287138e+00
1.118619725684754762e+00
1.117863024551672524e+00
1.117086027329616371e+00
1.116292882019024324e+00
1.115487305368048965e+00
1.114672609287624239e+00
1.113851729394920831e+00
1.113027254475059680e+00
1.112201455938058636e+00
1.111376316588921664e+00
