9.489056007232709034e-01
9.469764421242391483e-01
9.060308079512221502e-01
1.149762907530259781e+00
9.683233208055772590e-01
8.185993963142129681e-01
1.056652565887176598e+00
1.005076530390658363e+00
9.728597829907983385e-01
9.036234401071057132e-01
1.257262670431031237e+00
1.068543336775132024e+00
1.032010730781685925e+00
1.009024009650099085e+00
9.895363819205922340e-01
1.070964406131172275e+00
1.037924724883042105e+00
1.028251681649893445e+00
1.029541379236293741e+00
1.020052267293772186e+00
1.014455435937979155e+00
1.009951167920661197e+00
1.022006814827156163e+00
1.011866623047957159e+00
1.003320339812718398e+00
9.933335208593726540e-01
9.903320102781811851e-01
1.068245243395586463e+00
1.041789875315573877e+00
1.030442524636982826e+00
