9.488462032833178128e-01 -2.665329833209900952e-16
9.479011766467289046e-01 8.282671458425960079e-16
9.085962735741788254e-01 -4.069635686335319928e-17
1.149045885878582141e+00 -2.604105626072584320e-16
9.785888880691469005e-01 6.474922357504491849e-16
8.176538097848157216e-01 8.525379604306562443e-17
1.060785214902141504e+00 -1.020783227308861570e-15
1.006184611194331113e+00 -3.520574069570294241e-16
9.744673876997860251e-01 -2.474837990270656861e-16
8.972299957468859999e-01 -2.360472056415277897e-16
1.257678927797909685e+00 -8.013572662717486670e-16
1.063859252013729995e+00 -4.301482484624078573e-16
1.031433664629324731e+00 -5.450971142229023414e-16
1.007548010311357212e+00 -1.065877317997529806e-15
9.879109975952133915e-01 3.116044058928246576e-17
1.069975087325077512e+00 -2.623632450512100839e-16
1.035963764648973440e+00 2.759238913825173359e-17
1.025119758108888446e+00 3.237846992914316990e-17
1.030676245268761448e+00 1.510011373410227754e-15
1.018369403114174121e+00 -1.529527721067393485e-16
1.014044790887308700e+00 -2.090621319183024978e-16
1.008858030324671917e+00 -1.662616496243298060e-16
1.020842433873157873e+00 -4.777051728695536328e-16
1.008424781545835147e+00 -8.206661006128145579e-16
1.002952025011548232e+00 -1.242281149977264371e-15
9.955202694682068199e-01 -2.467786335981214068e-15
9.903616087595622508e-01 -9.240829707938284387e-15
1.068704050955319840e+00 -9.805765286719990554e-15
1.040753531295243395e+00 -8.358527616147141211e-16
1.029057920285827654e+00 -2.092057314492388822e-17
