1.000145350920521148e+00
1.000146308297218400e+00
1.000147281773905883e+00
1.000148271844137238e+00
1.000149279023827997e+00
1.000150303852576528e+00
1.000151346895083782e+00
1.000152408742673638e+00
1.000153490014926261e+00
1.000154591361433587e+00
1.000155713463686036e+00
1.000156857037104219e+00
1.000158022833226967e+00
1.000159211642070112e+00
1.000160424294672001e+00
1.000161661665842860e+00
1.000162924677136411e+00
1.000164214300066412e+00
1.000165531559588317e+00
1.000166877537876253e+00
1.000168253378419747e+00
1.000169660290475937e+00
1.000171099553910148e+00
1.000172572524465009e+00
1.000174080639503638e+00
1.000175625424276182e+00
1.000177208498763459e+00
1.000178831585161188e+00
1.000180496516075657e+00
1.000182205243506539e+00
1.000183959848708781e+00
1.000185762553029045e+00
1.000187615729834611e+00
1.000189521917656199e+00
1.000191483834695916e+00
1.000193504394858435e+00
1.000195586725497687e+00
1.000197734187087351e+00
1.000199950395062043e+00
1.000202239244108116e+00
1.000204604935219121e+00
1.000207052005888997e+00
1.000209585363863063e+00
1.000212210324935125e+00
1.000214932655357325e+00
1.000217758619518227e+00
1.000220695033650964e+00
1.000223749326461409e+00
1.000226929607716642e+00
1.000230244746009634e+00
1.000233704457136996e+00
1.000237319404772895e+00
1.000241101315444858e+00
1.000245063110174026e+00
1.000249219055608041e+00
1.000253584938014528e+00
1.000258178264177067e+00
1.000263018494058853e+00
1.000268127311107591e+00
1.000273528937327905e+00
1.000279250501804551e+00
1.000285322473293936e+00
1.000291779169940387e+00
1.000298659362243381e+00
1.000306006989289509e+00
1.000313872013234961e+00
1.000322311443394563e+00
1.000331390569517032e+00
1.000341184454537125e+00
1.000351779751097903e+00
1.000363276924625122e+00
1.000375792990318535e+00
1.000389464904380299e+00
1.000404453794400572e+00
1.000420950274717891e+00
1.000439181176577375e+00
1.000459418140059009e+00
1.000481988679943868e+00
1.000507290573572572e+00
1.000535810759983324e+00
1.000568150440338311e+00
1.000605058815692505e+00
1.000647479028350162e+00
1.000696611616284759e+00
1.000754003532295044e+00
1.000821675187014481e+00
1.000902305228465572e+00
1.000999505024652514e+00
1.001118236126289807e+00
1.001265462268942530e+00
1.001451198793903430e+00
1.001690260823525414e+00
1.002005293230952665e+00
1.002432270330562813e+00
1.003031035625420619e+00
1.003906849494289100e+00
1.005258003583970439e+00
1.007491402991670171e+00
1.011536317277261565e+00
1.019803191559214950e+00
1.039189631669917624e+00
1.082187793859427094e+00
1.093615694182879183e+00
1.047426589682225684e+00
1.023159006169862995e+00
1.013064151815364466e+00
1.008295473460641301e+00
1.005735354317038421e+00
1.004219822883399837e+00
1.003254393067776640e+00
1.002603930114730924e+00
1.002146034520976281e+00
1.001812207771862528e+00
1.001561801100393279e+00
1.001369500660636236e+00
1.001218894798312053e+00
1.001098974775536776e+00
1.001002137594691144e+00
1.000922998260288521e+00
1.000857657822786573e+00
1.000803238060678613e+00
1.000757577461967029e+00
1.000719027711595155e+00
1.000686314474414917e+00
1.000658440289721618e+00
1.000634615638788638e+00
1.000614209225615836e+00
1.000596711591206667e+00
1.000581708129619329e+00
1.000568858830961139e+00
1.000557882902605389e+00
1.000548546972146458e+00
1.000540655950558744e+00
1.000534045892323309e+00
1.000528578369620947e+00
1.000524136005171538e+00
1.000520618899473080e+00
1.000517941754125228e+00
1.000516031541071271e+00
1.000514825603105118e+00
1.000514270097421665e+00
1.000514318713818351e+00
1.000514931614166825e+00
1.000516074551208057e+00
1.000517718133515199e+00
1.000519837210254392e+00
1.000522410354663050e+00
1.000525419429305174e+00
1.000528849219418426e+00
1.000532687123260933e+00
1.000536922890413960e+00
1.000541548400657454e+00
1.000546557477350884e+00
1.000551945730342229e+00
1.000557710424286206e+00
1.000563850368987096e+00
1.000570365828954200e+00
1.000577258449855789e+00
1.000584531199960381e+00
1.000592188324991527e+00
1.000600235315112219e+00
1.000608678882997316e+00
1.000617526952162439e+00
1.000626788654900512e+00
1.000636474339332116e+00
1.000646595585226839e+00
1.000657165228371337e+00
1.000668197393385306e+00
1.000679707534992025e+00
1.000691712487862262e+00
1.000704230525243377e+00
1.000717281426700467e+00
1.000730886555387666e+00
1.000745068945382954e+00
1.000759853399730392e+00
1.000775266599948310e+00
1.000791337227897593e+00
1.000808096101038158e+00
1.000825576322257549e+00
1.000843813445628117e+00
1.000862845659635125e+00
1.000882713989631911e+00
1.000903462521520959e+00
1.000925138648929291e+00
1.000947793346452785e+00
1.000971481471897739e+00
1.000996262100850576e+00
1.001022198897363769e+00
1.001049360525075871e+00
1.001077821103693921e+00
1.001107660716468173e+00
1.001138965975106654e+00
1.001171830649520977e+00
1.001206356370891282e+00
1.001242653417832251e+00
1.001280841596928983e+00
1.001321051230680936e+00
1.001363424267955660e+00
1.001408115534486720e+00
1.001455294143837937e+00
1.001505145092653981e+00
1.001557871068085692e+00
1.001613694500097740e+00
1.001672859897150714e+00
1.001735636510676652e+00
1.001802321382105676e+00
1.001873242836270217e+00
1.001948764497213373e+00
1.002029289917273358e+00
1.002115267928419318e+00
1.002207198847034686e+00
1.002305641690650617e+00
1.002411222598921903e+00
1.002524644693039368e+00
1.002646699660066254e+00
1.002778281414181238e+00
1.002920402269298794e+00
1.003074212161950696e+00
1.003241021596191551e+00
1.003422329152348080e+00
1.003619854620371399e+00
1.003835579102129616e+00
1.004071793796657674e+00
1.004331159667540829e+00
1.004616780832769063e+00
1.004932295370949413e+00
1.005281988382739744e+00
1.005670933694539304e+00
1.006105172702247419e+00
1.006591941755675457e+00
1.007139963512001524e+00
1.007759823327565307e+00
1.008464459732779872e+00
1.009269809421166730e+00
1.010195663598390414e+00
1.011266816430194337e+00
1.012514621425599559e+00
1.013979123570074803e+00
1.015712012487884008e+00
1.017780757700076810e+00
1.020274459575676973e+00
1.023312202966754292e+00
1.027055058968886714e+00
1.031723342595249227e+00
1.037621186587437627e+00
1.045170437172638467e+00
1.054953647065017819e+00
1.067756536156880154e+00
1.084570186115986212e+00
1.106431736746698036e+00
1.133809271653579698e+00
1.165065695032659665e+00
1.194140812908750293e+00
1.210445430822638446e+00
1.205713236964962576e+00
1.182522448894083089e+00
1.151412436118754323e+00
1.121392610042518889e+00
1.096359346670269019e+00
1.076782617881274717e+00
1.061825991842494599e+00
1.050432873145403345e+00
1.041694718847189671e+00
1.034917322576500265e+00
1.029592903206516308e+00
1.025355036407773701e+00
1.021939207677221351e+00
1.019153112818635076e+00
1.016855501988913613e+00
1.014941411542746863e+00
1.013331899236605382e+00
1.011966883682764884e+00
1.010800110709825006e+00
1.009795580218361133e+00
1.008924982521592018e+00
1.008165838635935119e+00
1.007500136388383094e+00
1.006913319418881514e+00
1.006393530017593685e+00
1.005931036452880845e+00
1.005517795753304355e+00
1.005147116915810601e+00
1.004813399270364949e+00
1.004511927595038490e+00
1.004238710450173100e+00
1.003990351694925787e+00
1.003763947677839052e+00
1.003557004438519806e+00
1.003367370615947163e+00
1.003193182767061931e+00
1.003032820553340532e+00
1.002884869821265124e+00
1.002748092033870719e+00
1.002621398840133349e+00
1.002503830822480069e+00
1.002394539658963302e+00
1.002292773089464184e+00
1.002197862195008948e+00
1.002109210593564503e+00
1.002026285230331659e+00
1.001948608499969806e+00
1.001875751485704624e+00
1.001807328138439868e+00
1.001742990249816279e+00
1.001682423098136931e+00
1.001625341666406044e+00
1.001571487348358769e+00
1.001520625071978143e+00
1.001472540781237486e+00
1.001427039226080007e+00
1.001383942018343465e+00
1.001343085917744791e+00
1.001304321317386670e+00
1.001267510902724034e+00
1.001232528461689641e+00
1.001199257826850264e+00
1.001167591933135093e+00
1.001137431976954595e+00
1.001108686664446745e+00
1.001081271538232897e+00
1.001055108373461788e+00
1.001030124635125196e+00
1.001006252989649292e+00
1.000983430864655688e+00
1.000961600051542666e+00
1.000940706346201914e+00
1.000920699223746269e+00
1.000901531543625156e+00
1.000883159281929169e+00
1.000865541288057825e+00
1.000848639063255385e+00
1.000832416558795623e+00
1.000816839991854001e+00
1.000801877677316210e+00
1.000787499873970754e+00
1.000773678643695819e+00
1.000760387722403832e+00
1.000747602401634406e+00
1.000735299419807101e+00
1.000723456862240734e+00
1.000712054069145429e+00
1.000701071550868404e+00
1.000690490909746044e+00
1.000680294767984702e+00
1.000670466701042649e+00
1.000660991176038683e+00
1.000651853494761045e+00
1.000643039740888751e+00
1.000634536731070723e+00
1.000626331969547644e+00
1.000618413606025436e+00
1.000610770396536342e+00
1.000603391667049591e+00
1.000596267279613150e+00
1.000589387600826718e+00
1.000582743472466785e+00
1.000576326184094977e+00
1.000570127447501179e+00
1.000564139372840833e+00
1.000558354446340781e+00
1.000552765509456155e+00
1.000547365739372196e+00
1.000542148630753969e+00
1.000537107978652029e+00
1.000532237862482576e+00
1.000527532631006578e+00
1.000522986888235044e+00
1.000518595480199613e+00
1.000514353482525376e+00
1.000510256188753777e+00
1.000506299099362506e+00
1.000502477911435983e+00
1.000498788508945580e+00
1.000495226953594274e+00
1.000491789476194660e+00
1.000488472468539669e+00
1.000485272475739595e+00
1.000482186188991873e+00
1.000479210438757649e+00
1.000476342188320267e+00
1.000473578527699248e+00
1.000470916667901777e+00
1.000468353935486610e+00
1.000465887767425288e+00
1.000463515706239592e+00
1.000461235395400772e+00
1.000459044574974365e+00
1.000456941077496165e+00
1.000454922824064452e+00
1.000452987820640072e+00
1.000451134154536126e+00
1.000449359991093301e+00
1.000447663570525059e+00
1.000446043204925139e+00
1.000444497275430278e+00
1.000443024229524802e+00
1.000441622578485790e+00
1.000440290894954343e+00
1.000439027810631432e+00
1.000437832014090533e+00
1.000436702248697962e+00
1.000435637310639336e+00
1.000434636047044856e+00
1.000433697354207396e+00
1.000432820175891413e+00
1.000432003501723788e+00
1.000431246365669491e+00
1.000430547844578522e+00
1.000429907056811007e+00
1.000429323160927142e+00
1.000428795354446843e+00
1.000428322872669362e+00
1.000427904987556627e+00
1.000427541006669863e+00
1.000427230272165069e+00
1.000426972159838002e+00
1.000426766078221341e+00
1.000426611467728932e+00
1.000426507799846210e+00
1.000426454576365254e+00
1.000426451328662703e+00
1.000426497617016963e+00
1.000426593029965616e+00
1.000426737183702119e+00
1.000426929721505598e+00
1.000427170313208602e+00
1.000427458654697732e+00
1.000427794467447562e+00
1.000428177498085214e+00
1.000428607517988011e+00
1.000429084322907780e+00
1.000429607732627790e+00
1.000430177590645453e+00
1.000430793763883663e+00
1.000431456142428566e+00
1.000432164639294630e+00
1.000432919190214820e+00
1.000433719753454742e+00
1.000434566309654771e+00
1.000435458861693716e+00
1.000436397434578017e+00
1.000437382075353820e+00
1.000438412853043912e+00
1.000439489858606423e+00
1.000440613204917728e+00
1.000441783026777554e+00
1.000442999480938289e+00
1.000444262746154944e+00
1.000445573023260204e+00
1.000446930535261236e+00
1.000448335527459154e+00
1.000449788267593343e+00
1.000451289046005776e+00
1.000452838175832193e+00
1.000454435993215041e+00
1.000456082857541062e+00
1.000457779151701976e+00
1.000459525282382023e+00
1.000461321680368609e+00
1.000463168800889147e+00
1.000465067123974539e+00
1.000467017154848426e+00
1.000469019424343964e+00
1.000471074489348355e+00
1.000473182933277139e+00
1.000475345366574897e+00
1.000477562427250389e+00
1.000479834781438315e+00
1.000482163123996626e+00
1.000484548179134681e+00
1.000486990701076495e+00
1.000489491474759296e+00
1.000492051316566933e+00
1.000494671075103703e+00
1.000497351632005039e+00
1.000500093902789489e+00
1.000502898837753341e+00
1.000505767422907644e+00
1.000508700680962759e+00
1.000511699672357757e+00
1.000514765496340219e+00
1.000517899292098667e+00
1.000521102239945614e+00
1.000524375562558577e+00
1.000527720526278808e+00
1.000531138442469548e+00
1.000534630668939773e+00
1.000538198611432561e+00
1.000541843725183844e+00
1.000545567516553325e+00
1.000549371544731336e+00
1.000553257423526299e+00
1.000557226823233670e+00
1.000561281472595265e+00
1.000565423160846956e+00
1.000569653739865839e+00
1.000573975126416659e+00
1.000578389304504823e+00
1.000582898327841308e+00
1.000587504322425048e+00
1.000592209489248763e+00
1.000597016107133364e+00
1.000601926535702013e+00
1.000606943218494527e+00
1.000612068686236755e+00
1.000617305560267845e+00
1.000622656556137136e+00
1.000628124487377812e+00
1.000633712269470399e+00
1.000639422924002098e+00
1.000645259583037294e+00
1.000651225493708107e+00
1.000657324023040751e+00
1.000663558663026809e+00
1.000669933035958081e+00
1.000676450900039427e+00
1.000683116155292263e+00
1.000689932849772701e+00
1.000696905186116759e+00
1.000704037528437729e+00
1.000711334409592146e+00
1.000718800538843212e+00
1.000726440809938778e+00
1.000734260309638080e+00
1.000742264326708764e+00
1.000750458361428397e+00
1.000758848135620438e+00
1.000767439603261089e+00
1.000776238961693654e+00
1.000785252663489500e+00
1.000794487429000901e+00
1.000803950259649300e+00
1.000813648452002713e+00
1.000823589612691578e+00
1.000833781674224765e+00
1.000844232911765719e+00
1.000854951960938877e+00
1.000865947836736991e+00
1.000877229953608616e+00
1.000888808146811915e+00
1.000900692695127825e+00
1.000912894345030280e+00
1.000925424336422731e+00
1.000938294430061992e+00
1.000951516936790631e+00
1.000965104748723578e+00
1.000979071372535945e+00
1.000993430965016806e+00
1.001008198371070135e+00
1.001023389164355848e+00
1.001039019690785903e+00
1.001055107115106368e+00
1.001071669470822600e+00
1.001088725713743521e+00
1.001106295779452093e+00
1.001124400645035051e+00
1.001143062395441152e+00
1.001162304294868743e+00
1.001182150863629827e+00
1.001202627960976699e+00
1.001223762874430712e+00
1.001245584416208700e+00
1.001268123027402313e+00
1.001291410890638112e+00
1.001315482052023143e+00
1.001340372553267466e+00
1.001366120574974206e+00
1.001392766592201555e+00
1.001420353543518438e+00
1.001448927014924273e+00
1.001478535440157192e+00
1.001509230319098664e+00
1.001541066456182794e+00
1.001574102220952334e+00
1.001608399833170848e+00
1.001644025675192395e+00
1.001681050634643855e+00
1.001719550480858700e+00
1.001759606278957992e+00
1.001801304845985507e+00
1.001844739254106775e+00
1.001890009386558367e+00
1.001937222552836237e+00
1.001986494170524322e+00
1.002037948522236821e+00
1.002091719597386188e+00
1.002147952029936784e+00
1.002206802145007458e+00
1.002268439129162303e+00
1.002333046341576717e+00
1.002400822786018830e+00
1.002471984766844848e+00
1.002546767756078427e+00
1.002625428503240990e+00
1.002708247425093235e+00
1.002795531319022437e+00
1.002887616451711539e+00
1.002984872084246470e+00
1.003087704506347544e+00
1.003196561666401143e+00
1.003311938501035172e+00
1.003434383088866788e+00
1.003564503778712869e+00
1.003702977474243641e+00
1.003850559296320721e+00
1.004008093893166809e+00
1.004176528729679774e+00
1.004356929764094186e+00
1.004550500017306724e+00
1.004758601663459316e+00
1.004982782427665366e+00
1.005224807278508603e+00
1.005486696663048685e+00
1.005770772869225782e+00
1.006079716539863833e+00
1.006416635937890103e+00
1.006785152319800147e+00
1.007189505776032945e+00
1.007634687226952597e+00
1.008126604034977891e+00
1.008672289058519800e+00
1.009280166130529510e+00
1.009960389146310256e+00
1.010725277494358476e+00
1.011589877778217517e+00
1.012572690880923609e+00
1.013696614264892437e+00
1.014990160781006789e+00
1.016489023415037662e+00
1.018238050641558257e+00
1.020293656586921394e+00
1.022726563155651025e+00
1.025624449139294736e+00
1.029093344935460674e+00
1.033255056214603007e+00
1.038234908597928330e+00
1.044129199367518135e+00
1.050936343217031110e+00
1.058438256349718998e+00
1.066052023226210732e+00
1.072762523398871126e+00
1.077341256338856468e+00
1.078927770382567042e+00
1.077594938195551855e+00
1.074329237374457735e+00
1.070450161972301917e+00
1.067049227400147293e+00
1.064798110036117240e+00
1.064030585409492913e+00
1.064894733419782025e+00
1.067470149504161636e+00
1.071830426097409861e+00
1.078058883431266324e+00
1.086222428031347276e+00
1.096297338397206556e+00
1.108034539292235277e+00
1.120766259798662068e+00
1.133215270232785343e+00
1.143477499524957253e+00
1.149411643419084195e+00
1.149462767118449635e+00
1.143452809305128159e+00
1.132671451373278071e+00
1.119181205355495035e+00
1.104944137288708550e+00
1.091329258899490062e+00
1.079061565095789543e+00
1.068392246084189479e+00
1.059296707779011859e+00
1.051620700569456890e+00
1.045167168727746621e+00
1.039740430040044572e+00
1.035165094042686640e+00
1.031291769533347225e+00
1.027996598031030828e+00
1.025178326525001404e+00
1.022754725317674973e+00
1.020659149060495041e+00
1.018837538909687757e+00
1.017245931007443760e+00
1.015848438008005949e+00
1.014615636197985893e+00
1.013523285595451684e+00
1.012551317025415454e+00
1.011683030496164593e+00
1.010904459700727509e+00
1.010203866768365044e+00
1.009571339116487998e+00
1.008998466453638665e+00
1.008478080864529280e+00
1.008004046707596801e+00
1.007571089996265323e+00
1.007174659205423373e+00
1.006810811196694022e+00
1.006476117309742513e+00
1.006167585714933477e+00
1.005882596936435780e+00
1.005618850088814575e+00
1.005374317865831202e+00
1.005147208709193496e+00
1.004935934891583171e+00
1.004739085490822248e+00
1.004555403424742810e+00
1.004383765870018763e+00
1.004223167511309134e+00
1.004072706166034834e+00
1.003931570410001139e+00
1.003799028893806122e+00
1.003674421092630054e+00
1.003557149274971749e+00
1.003446671511109445e+00
1.003342495571008408e+00
1.003244173585269294e+00
1.003151297362472327e+00
1.003063494272677936e+00
1.002980423620506878e+00
1.002901773442636424e+00
1.002827257674115291e+00
1.002756613635931604e+00
1.002689599803046727e+00
1.002625993817821026e+00
1.002565590718609734e+00
1.002508201357426021e+00
1.002453650984064470e+00
1.002401777977080410e+00
1.002352432704576524e+00
1.002305476499937731e+00
1.002260780739555157e+00
1.002218226011189595e+00
1.002177701363041962e+00
1.002139103624801963e+00
1.002102336793003090e+00
1.002067311473925360e+00
1.002033944378080355e+00
1.002002157861007436e+00
1.001971879505719087e+00
1.001943041742655582e+00
1.001915581503484143e+00
1.001889439905475188e+00
1.001864561963559108e+00
1.001840896327473640e+00
1.001818395041697007e+00
1.001797013326111374e+00
1.001776709375554075e+00
1.001757444176617051e+00
1.001739181340220775e+00
1.001721886948652385e+00
1.001705529415886753e+00
1.001690079360141317e+00
1.001675509487722326e+00
1.001661794487322954e+00
1.001648910934021419e+00
1.001636837202314556e+00
1.001625553387591516e+00
1.001615041235525583e+00
1.001605284078921576e+00
1.001596266781616063e+00
1.001587975689082421e+00
1.001580398585440346e+00
1.001573524656620418e+00
1.001567344459476150e+00
1.001561849896683842e+00
1.001557034197307239e+00
1.001552891902948605e+00
1.001549418859448037e+00
1.001546612214133658e+00
1.001544470418662014e+00
1.001542993237539703e+00
1.001542181762448580e+00
1.001542038432553738e+00
1.001542567061011857e+00
1.001543772867954596e+00
1.001545662520274549e+00
1.001548244178597891e+00
1.001551527551897358e+00
1.001555523960264926e+00
1.001560246406442589e+00
1.001565709656798253e+00
1.001571930332526339e+00
1.001578927011960385e+00
1.001586720345005066e+00
1.001595333180832270e+00
1.001604790710130644e+00
1.001615120623380317e+00
1.001626353286809934e+00
1.001638521937919579e+00
1.001651662902706130e+00
1.001665815837014195e+00
1.001681023994765996e+00
1.001697334526203242e+00
1.001714798809710594e+00
1.001733472821288773e+00
1.001753417546328517e+00
1.001774699439003768e+00
1.001797390935381893e+00
1.001821571027250002e+00
1.001847325904710928e+00
1.001874749676825660e+00
1.001903945181024325e+00
1.001935024893679582e+00
1.001968111956230922e+00
1.002003341333571385e+00
1.002040861124170235e+00
1.002080834044668523e+00
1.002123439115563119e+00
1.002168873579207808e+00
1.002217355086872708e+00
1.002269124198201355e+00
1.002324447244317351e+00
1.002383619615379029e+00
1.002446969544881883e+00
1.002514862476962421e+00
1.002587706119893785e+00
1.002665956309606310e+00
1.002750123832303331e+00
1.002840782386173357e+00
1.002938577900265082e+00
1.003044239475531674e+00
1.003158592271160998e+00
1.003282572731416300e+00
1.003417246637978044e+00
1.003563830584782268e+00
1.003723717612468258e+00
1.003898507915139460e+00
1.004090045752508820e+00
1.004300463977248148e+00
1.004532237934728123e+00
1.004788250927543869e+00
1.005071873980258657e+00
1.005387063312528140e+00
1.005738479752277259e+00
1.006131635309174710e+00
1.006573073277275743e+00
1.007070589495538737e+00
1.007633503626187643e+00
1.008272990194692520e+00
1.009002479010662201e+00
1.009838132157395929e+00
1.010799397533225674e+00
1.011909622392575203e+00
1.013196676263345974e+00
1.014693466695528956e+00
1.016438109667339385e+00
1.018473302302039141e+00
1.020844089937458010e+00
1.023592680338367922e+00
1.026748269342310449e+00
1.030309300322347132e+00
1.034216106989146011e+00
1.038315448073864333e+00
1.042327601925789882e+00
1.045841137663797049e+00
1.048369405241098340e+00
1.049482628206732437e+00
1.048969743570292490e+00
1.046931128573576730e+00
1.043733481460991319e+00
1.039861199598865804e+00
1.035764170756182656e+00
1.031772583757737616e+00
1.028083212029472282e+00
1.024785840115746138e+00
1.021899723533534532e+00
1.019404450120255712e+00
1.017261080921418426e+00
1.015424801829540868e+00
1.013851672616015387e+00
1.012501756299773126e+00
1.011340219504105464e+00
1.010337388002021219e+00
1.009468321572290161e+00
1.008712212068223035e+00
1.008051757920077618e+00
1.007472585252699115e+00
1.006962742085022455e+00
1.006512270297992062e+00
1.006112850097757638e+00
1.005757507883833446e+00
1.005440377655995476e+00
1.005156506708565711e+00
1.004901697514699377e+00
1.004672378975877800e+00
1.004465501410584105e+00
1.004278450705871739e+00
1.004108977938849456e+00
1.003955141501110981e+00
1.003815259347368372e+00
1.003687869462008608e+00
1.003571697014869368e+00
1.003465626978482073e+00
1.003368681218670400e+00
1.003279999261301292e+00
1.003198822090202613e+00
1.003124478452880997e+00
1.003056373248023325e+00
1.002993977646923218e+00
1.002936820663857143e+00
1.002884481941208827e+00
1.002836585556240889e+00
1.002792794689790101e+00
1.002752807024359205e+00
1.002716350761288178e+00
1.002683181164917725e+00
1.002653077556618699e+00
1.002625840693922132e+00
1.002601290480202412e+00
1.002579263958840228e+00
1.002559613552850060e+00
1.002542205516841811e+00
1.002526918573113823e+00
1.002513642707810071e+00
1.002502278106548239e+00
1.002492734211866576e+00
1.002484928887312998e+00
1.002478787675109340e+00
1.002474243136109777e+00
1.002471234262301003e+00
1.002469705953388468e+00
1.002469608550134339e+00
1.002470897418064721e+00
1.002473532575993476e+00
1.002477478364511176e+00
1.002482703150209931e+00
1.002489179061942792e+00
1.002496881755876812e+00
1.002505790206503100e+00
1.002515886521116562e+00
1.002527155775586154e+00
1.002539585869504535e+00
1.002553167399041101e+00
1.002567893546036037e+00
1.002583759982053513e+00
1.002600764786278020e+00
1.002618908376285312e+00
1.002638193450849258e+00
1.002658624944064991e+00
1.002680209990175486e+00
1.002702957898585101e+00
1.002726880138633758e+00
1.002751990333789589e+00
1.002778304264985820e+00
1.002805839882912720e+00
1.002834617329131150e+00
1.002864658965944678e+00
1.002895989415028000e+00
1.002928635604872554e+00
1.002962626827167192e+00
1.002997994802290016e+00
1.003034773754156506e+00
1.003073000494714817e+00
1.003112714518457960e+00
1.003153958107374288e+00
1.003196776446833027e+00
1.003241217752966152e+00
1.003287333412190563e+00
1.003335178133583749e+00
1.003384810114921200e+00
1.003436291223267940e+00
1.003489687191117419e+00
1.003545067829178628e+00
1.003602507257025600e+00
1.003662084152950440e+00
1.003723882024497582e+00
1.003787989501307543e+00
1.003854500652060944e+00
1.003923515327497018e+00
1.003995139531673297e+00
1.004069485823855690e+00
1.004146673753663288e+00
1.004226830332360487e+00
1.004310090543473200e+00
1.004396597896235033e+00
1.004486505025715903e+00
1.004579974343881466e+00
1.004677178746264721e+00
1.004778302379406352e+00
1.004883541474751896e+00
1.004993105255280739e+00
1.005107216921783619e+00
1.005226114726426978e+00
1.005350053142032518e+00
1.005479304136369656e+00
1.005614158561733529e+00
1.005754927671138388e+00
1.005901944773631707e+00
1.006055567042531074e+00
1.006216177491796149e+00
1.006384187137306929e+00
1.006560037361512894e+00
1.006744202501766772e+00
1.006937192684650206e+00
1.007139556930753965e+00
1.007351886556676401e+00
1.007574818903428149e+00
1.007809041422987439e+00
1.008055296157351011e+00
1.008314384647056361e+00
1.008587173308701956e+00
1.008874599323329013e+00
1.009177677079509339e+00
1.009497505216332636e+00
1.009835274311906339e+00
1.010192275262004502e+00
1.010569908390559268e+00
1.010969693327973262e+00
1.011393279683707069e+00
1.011842458524871535e+00
1.012319174650836651e+00
1.012825539622771887e+00
1.013363845463490787e+00
1.013936578883006812e+00
1.014546435803714841e+00
1.015196335849547715e+00
1.015889436317600314e+00
1.016629144958199449e+00
1.017419130637460922e+00
1.018263330629499031e+00
1.019165952865185298e+00
1.020131470929502626e+00
1.021164608926870887e+00
1.022270312499771183e+00
1.023453701270101934e+00
1.024719996763471253e+00
1.026074418481345507e+00
1.027522039246046237e+00
1.029067589357169021e+00
1.030715197652279480e+00
1.032468056578305760e+00
1.034327998354459988e+00
1.036294970980874863e+00
1.038366407233317856e+00
1.040536488165944906e+00
1.042795316465634947e+00
1.045128035587837401e+00
1.047513958616521190e+00
1.049925805362330378e+00
1.052329183802817925e+00
1.054682485203044529e+00
1.056937379354975226e+00
1.059040082124767856e+00
1.060933506791670755e+00
1.062560295032585644e+00
1.063866559289419422e+00
1.064805983375167520e+00
1.065343770737102513e+00
1.065459856448096154e+00
1.065150852873114840e+00
1.064430386766133330e+00
1.063327766989619061e+00
1.061885220634128935e+00
1.060154167707270778e+00
1.058191113515147164e+00
1.056053711551731666e+00
1.053797419139341107e+00
1.051472987456450348e+00
1.049124850619473026e+00
1.046790341697255045e+00
1.044499581349361605e+00
1.042275853661784879e+00
1.040136290309854994e+00
1.038092712641168092e+00
1.036152518256088895e+00
1.034319535050471695e+00
1.032594796532830594e+00
1.030977215752356679e+00
1.029464151550051998e+00
1.028051871216120405e+00
1.026735919446016165e+00
1.025511406102866285e+00
1.024373225841130219e+00
1.023316221970113071e+00
1.022335305625842850e+00
1.021425539760748569e+00
1.020582195886291066e+00
1.019800790043409622e+00
1.019077103190086930e+00
1.018407190103185922e+00
1.017787379987502572e+00
1.017214271250928448e+00
1.016684722317864997e+00
1.016195839889938890e+00
1.015744965701497415e+00
1.015329662537722832e+00
1.014947700068835390e+00
1.014597040890894197e+00
1.014275827040919342e+00
1.013982367162375775e+00
1.013715124429331871e+00
1.013472705288183562e+00
1.013253849040323340e+00
1.013057418264126541e+00
1.012882390057478155e+00
1.012727848070780867e+00
1.012592975293391762e+00
1.012477047552602372e+00
1.012379427682655209e+00
1.012299560321279213e+00
1.012236967292256429e+00
1.012191243534259710e+00
1.012162053538338879e+00
1.012149128258746700e+00
1.012152262464144359e+00
1.012171312498473474e+00
1.012206194422826444e+00
1.012256882511415546e+00
1.012323408076146736e+00
1.012405858595287311e+00
1.012504377122197319e+00
1.012619161949997570e+00
1.012750466507273295e+00
1.012898599458367688e+00
1.013063924979363151e+00
1.013246863177339474e+00
1.013447890615751579e+00
1.013667540902574826e+00
1.013906405289969115e+00
1.014165133224324222e+00
1.014444432773317750e+00
1.014745070841662322e+00
1.015067873069095628e+00
1.015413723282370562e+00
1.015783562347020164e+00
1.016178386233921316e+00
1.016599243079596038e+00
1.017047228977244977e+00
1.017523482187248307e+00
1.018029175401036435e+00
1.018565505630870227e+00
1.019133681230691479e+00
1.019734905481009868e+00
1.020370356096040210e+00
1.021041159937575715e+00
1.021748362152916645e+00
1.022492888901501473e+00
1.023275502807814652e+00
1.024096750291532132e+00
1.024956899999102999e+00
1.025855871718311496e+00
1.026793155428072923e+00
1.027767720553334208e+00
1.028777916095363842e+00
1.029821363125625222e+00
1.030894842194319372e+00
1.031994179524028832e+00
1.033114137418205347e+00
1.034248316054396266e+00
1.035389075635304357e+00
1.036527489546323233e+00
1.037653340444714578e+00
1.038755171736674310e+00
1.039820406289238441e+00
1.040835542085044141e+00
1.041786430559555887e+00
1.042658637459102700e+00
1.043437878428654653e+00
1.044110512778083644e+00
1.044664069993223254e+00
1.045087775888950965e+00
1.045373040306490031e+00
1.045513867222659377e+00
1.045507151843825033e+00
1.045352837701461812e+00
1.045053919057389313e+00
1.044616288389369485e+00
1.044048443224631084e+00
1.043361078975525880e+00
1.042566603012282211e+00
1.041678609063635852e+00
1.040711350139718494e+00
1.039679243281316223e+00
1.038596431831285694e+00
1.037476422057644898e+00
1.036331802176815975e+00
1.035174044150054762e+00
1.034013382666581604e+00
1.032858761699070538e+00
1.031717836825500445e+00
1.030597020860440693e+00
1.029501560840743624e+00
1.028435635669629367e+00
1.027402465390822250e+00
1.026404424866879106e+00
1.025443156380012599e+00
1.024519677239704496e+00
1.023634479808539277e+00
1.022787622428370735e+00
1.021978810553997530e+00
1.021207468008083818e+00
1.020472798693696337e+00
1.019773839375480273e+00
1.019109504300780067e+00
1.018478622507353659e+00
1.017879968679139324e+00
1.017312288385335162e+00
1.016774318485845985e+00
1.016264803419145712e+00
1.015782508014806185e+00
1.015326227397967962e+00
1.014894794480499129e+00
1.014487085465793914e+00
1.014102023732335933e+00
1.013738582405811606e+00
1.013395785880763178e+00
1.013072710510261265e+00
1.012768484645394595e+00
1.012482288175005296e+00
1.012213351689439378e+00
1.011960955369582082e+00
1.011724427683562411e+00
1.011503143957716455e+00
1.011296524875276992e+00
1.011104034945369046e+00
1.010925180975906779e+00
1.010759510576589415e+00
1.010606610712114106e+00
1.010466106320739188e+00
1.010337659009244771e+00
1.010220965831972517e+00
1.010115758158853794e+00
1.010021800635017897e+00
1.009938890232610298e+00
1.009866855393749319e+00
1.009805555262021093e+00
1.009754878998488037e+00
1.009714745176793382e+00
1.009685101250510586e+00
1.009665923084359429e+00
1.009657214539212200e+00
1.009659007098888228e+00
1.009671359524500378e+00
1.009694357519507202e+00
1.009728113385561565e+00
1.009772765645615689e+00
1.009828478606498825e+00
1.009895441828161600e+00
1.009973869460933038e+00
1.010063999405296231e+00
1.010166092240782687e+00
1.010280429861480922e+00
1.010407313745252500e+00
1.010547062772004789e+00
1.010700010493213341e+00
1.010866501740393941e+00
1.011046888444496084e+00
1.011241524521524493e+00
1.011450759662526844e+00
1.011674931849149583e+00
1.011914358400305192e+00
1.012169325342584303e+00
1.012440074888919739e+00
1.012726790809304500e+00
1.013029581487544073e+00
1.013348460483318947e+00
1.013683324464471625e+00
1.014033928446388400e+00
1.014399858380388375e+00
1.014780501278122582e+00
1.015175013250797731e+00
1.015582286085793484e+00
1.016000913281307483e+00
1.016429156809583123e+00
1.016864916271377872e+00
1.017305702519143651e+00
1.017748618232105606e+00
1.018190348277070445e+00
1.018627162924115037e+00
1.019054937034000075e+00
1.019469188116060909e+00
1.019865135597793016e+00
1.020237782696195028e+00
1.020582020919460042e+00
1.020892755495121706e+00
1.021165048026626998e+00
1.021394270608558585e+00
1.021576263729366385e+00
1.021707488843044631e+00
1.021785165771674331e+00
1.021807385318728167e+00
1.021773188721256886e+00
1.021682607787583574e+00
1.021536662536480344e+00
1.021337316523055039e+00
1.021087393382356323e+00
1.020790461024883689e+00
1.020450692039714946e+00
1.020072709997850380e+00
1.019661431458119605e+00
1.019221912668102803e+00
1.018759208442223896e+00
1.018278248766036231e+00
1.017783736601351796e+00
1.017280068393436210e+00
1.016771277085130931e+00
1.016260996124864757e+00
1.015752442048507120e+00
1.015248412697241420e+00
1.014751297947985353e+00
1.014263099904565868e+00
1.013785459748913098e+00
1.013319688810777830e+00
1.012866801823092411e+00
1.012427550743723481e+00
1.012002457912622999e+00
1.011591847657977938e+00
1.011195875757137319e+00
1.010814556396016251e+00
1.010447786457108643e+00
1.010095367106624176e+00
1.009757022752342692e+00
1.009432417512530433e+00
1.009121169379358252e+00
1.008822862283644373e+00
