1.027196373961219100e+00
1.001429414072022350e+00
9.338781949030473539e-01
9.993402011080334546e-01
9.847157103601110739e-01
1.012571883213296609e+00
1.058534568421052979e+00
1.031374799889196892e+00
1.037642438781163801e+00
1.029981991246537776e+00
1.066195015955679004e+00
1.001429414072022350e+00
9.895905406094185341e-01
9.777516671468146070e-01
1.025107160997230205e+00
9.638235807202218952e-01
9.693948152908590243e-01
9.700912196121885822e-01
9.930725622160667676e-01
1.018143117783933738e+00
9.958581795013853322e-01
9.875013276454296385e-01
9.575559418282550972e-01
1.039731651745152696e+00
1.009089861606648375e+00
9.868049233240999696e-01
9.471098770083105078e-01
1.089872762880886636e+00
9.958581795013853322e-01
1.050874120886426955e+00
9.485026856509697346e-01
1.011179074570637493e+00
1.029981991246537776e+00
9.373602165096955874e-01
1.012571883213296609e+00
9.909833492520778719e-01
1.002822222714681688e+00
9.652163893628811220e-01
1.022321543711911529e+00
9.763588585041553802e-01
1.002125818393352130e+00
1.023714352354570867e+00
1.014661096177285504e+00
9.589487504709143240e-01
9.659127936842107909e-01
9.951617751800556633e-01
1.010482670249307713e+00
1.040428056066482254e+00
9.909833492520778719e-01
9.826264973961221783e-01
1.050177716565097175e+00
9.805372844321331716e-01
1.004911435678670584e+00
1.004215031357341026e+00
9.979473924653742278e-01
9.840193060387814050e-01
1.027196373961219100e+00
1.003518627036011246e+00
1.010482670249307713e+00
1.048088503601108279e+00
1.014661096177285504e+00
1.004215031357341026e+00
9.972509881440445589e-01
1.005607840000000364e+00
1.018143117783933738e+00
1.087783549916897741e+00
1.032767608531856229e+00
1.103800849307479570e+00
1.204779475900277230e+00
1.119818148698061178e+00
1.066195015955679004e+00
1.012571883213296609e+00
1.018839522105263518e+00
1.024410756675900647e+00
1.000733009750692792e+00
1.017446713462604180e+00
9.854121146814407428e-01
1.027196373961219100e+00
1.024410756675900647e+00
1.003518627036011246e+00
1.029981991246537776e+00
9.930725622160667676e-01
9.972509881440445589e-01
1.015357500498615284e+00
9.749660498614961535e-01
9.826264973961221783e-01
1.043213673351800930e+00
9.805372844321331716e-01
1.010482670249307713e+00
9.937689665373964365e-01
9.680020066481996865e-01
1.019535926426593075e+00
1.011179074570637493e+00
9.756624541828257113e-01
1.011179074570637493e+00
1.038338843102493358e+00
9.993402011080334546e-01
9.993402011080334546e-01
1.048088503601108279e+00
1.004911435678670584e+00
9.728768368975071468e-01
9.826264973961221783e-01
9.986437967867038967e-01
9.610379634349033307e-01
1.006304244321329922e+00
1.011179074570637493e+00
9.972509881440445589e-01
9.937689665373964365e-01
9.749660498614961535e-01
9.673056023268700176e-01
1.021625139390581971e+00
1.012571883213296609e+00
9.951617751800556633e-01
1.000733009750692792e+00
1.017446713462604180e+00
9.937689665373964365e-01
1.015357500498615284e+00
1.002822222714681688e+00
9.791444757894739448e-01
9.875013276454296385e-01
9.888941362880888652e-01
9.895905406094185341e-01
1.026499969639889542e+00
9.819300930747925094e-01
9.540739202216068637e-01
9.868049233240999696e-01
1.004215031357341026e+00
1.021625139390581971e+00
1.011875478891967051e+00
9.791444757894739448e-01
1.029981991246537776e+00
9.902869449307482030e-01
9.450206640443216122e-01
9.979473924653742278e-01
9.909833492520778719e-01
9.721804325761775889e-01
1.006304244321329922e+00
1.006304244321329922e+00
9.798408801108036137e-01
1.031374799889196892e+00
1.024410756675900647e+00
1.016750309141274400e+00
9.652163893628811220e-01
1.007000648642659479e+00
1.021625139390581971e+00
1.004911435678670584e+00
9.895905406094185341e-01
9.686984109695293554e-01
1.009089861606648375e+00
9.707876239335182511e-01
1.007697052963989259e+00
9.659127936842107909e-01
1.018839522105263518e+00
9.847157103601110739e-01
9.457170683656511700e-01
9.895905406094185341e-01
1.008393457285318817e+00
1.072462654847645691e+00
1.039731651745152696e+00
1.025107160997230205e+00
1.013268287534626388e+00
9.951617751800556633e-01
1.049481312243767617e+00
1.015357500498615284e+00
9.958581795013853322e-01
1.031374799889196892e+00
1.004215031357341026e+00
1.021625139390581971e+00
1.005607840000000364e+00
1.021625139390581971e+00
1.078033889418282820e+00
1.072462654847645691e+00
1.096140401772853545e+00
1.089872762880886636e+00
1.081515911024931054e+00
1.083605123988919949e+00
1.119818148698061178e+00
1.109372083878116699e+00
1.103800849307479570e+00
1.031374799889196892e+00
1.081515911024931054e+00
1.025803565318559762e+00
1.016750309141274400e+00
9.617343677562328885e-01
9.951617751800556633e-01
1.008393457285318817e+00
9.958581795013853322e-01
1.003518627036011246e+00
1.021625139390581971e+00
9.840193060387814050e-01
9.791444757894739448e-01
1.024410756675900647e+00
1.045999290637119383e+00
1.027196373961219100e+00
1.034160417174515567e+00
1.020928735069252413e+00
1.016053904819944842e+00
9.972509881440445589e-01
1.013964691855955946e+00
9.965545838227148900e-01
9.993402011080334546e-01
9.631271763988922263e-01
9.631271763988922263e-01
9.756624541828257113e-01
9.561631331855958704e-01
1.037642438781163801e+00
9.596451547922439929e-01
9.700912196121885822e-01
9.875013276454296385e-01
9.575559418282550972e-01
1.023017948033241309e+00
1.041820864709141592e+00
9.631271763988922263e-01
1.018839522105263518e+00
9.798408801108036137e-01
1.024410756675900647e+00
1.002125818393352130e+00
1.069677037562327238e+00
1.009786265927978155e+00
1.043213673351800930e+00
1.011179074570637493e+00
9.770552628254850491e-01
1.019535926426593075e+00
1.004215031357341026e+00
1.041820864709141592e+00
1.003518627036011246e+00
9.666091980055404598e-01
9.965545838227148900e-01
1.024410756675900647e+00
1.029981991246537776e+00
1.027892778282548658e+00
9.721804325761775889e-01
1.028589182603878438e+00
9.895905406094185341e-01
9.784480714681442759e-01
9.840193060387814050e-01
1.070373441883656795e+00
1.004911435678670584e+00
1.023714352354570867e+00
1.010482670249307713e+00
1.068284228919667900e+00
1.008393457285318817e+00
1.011875478891967051e+00
9.868049233240999696e-01
1.003518627036011246e+00
9.680020066481996865e-01
9.826264973961221783e-01
9.861085190027703007e-01
9.749660498614961535e-01
9.749660498614961535e-01
1.022321543711911529e+00
1.020928735069252413e+00
1.011179074570637493e+00
1.016750309141274400e+00
9.902869449307482030e-01
1.038338843102493358e+00
1.009089861606648375e+00
1.000733009750692792e+00
1.011875478891967051e+00
1.009786265927978155e+00
9.770552628254850491e-01
1.013964691855955946e+00
1.066891420277008562e+00
9.575559418282550972e-01
9.673056023268700176e-01
1.013268287534626388e+00
9.951617751800556633e-01
1.043910077673130488e+00
9.840193060387814050e-01
1.002822222714681688e+00
9.930725622160667676e-01
1.004911435678670584e+00
1.013964691855955946e+00
1.007000648642659479e+00
1.058534568421052979e+00
1.050874120886426955e+00
1.094747593130194208e+00
1.055052546814404746e+00
1.060623781385041875e+00
1.045302886315789825e+00
1.059230972742382537e+00
1.049481312243767617e+00
1.034856821495845125e+00
1.034856821495845125e+00
1.046695694958448941e+00
1.009089861606648375e+00
1.065498611634349224e+00
1.008393457285318817e+00
9.707876239335182511e-01
1.055052546814404746e+00
1.054356142493074966e+00
1.033464012853185787e+00
1.055052546814404746e+00
1.013964691855955946e+00
1.034856821495845125e+00
1.004215031357341026e+00
1.022321543711911529e+00
1.034160417174515567e+00
1.015357500498615284e+00
1.011875478891967051e+00
1.034160417174515567e+00
1.002125818393352130e+00
9.965545838227148900e-01
9.972509881440445589e-01
1.080123102382271716e+00
1.015357500498615284e+00
1.014661096177285504e+00
1.036249630138504463e+00
1.019535926426593075e+00
1.061320185706371433e+00
1.038338843102493358e+00
1.036946034459834021e+00
1.057838164099723199e+00
1.013268287534626388e+00
1.002125818393352130e+00
9.861085190027703007e-01
1.020232330747922633e+00
1.018839522105263518e+00
1.045302886315789825e+00
1.004215031357341026e+00
9.923761578947370987e-01
1.011875478891967051e+00
1.039731651745152696e+00
9.986437967867038967e-01
9.930725622160667676e-01
1.003518627036011246e+00
9.972509881440445589e-01
1.035553225817174683e+00
1.009089861606648375e+00
1.017446713462604180e+00
1.004215031357341026e+00
1.052266929529086070e+00
9.659127936842107909e-01
1.049481312243767617e+00
1.020232330747922633e+00
9.881977319667593074e-01
1.002125818393352130e+00
9.944653708587259944e-01
9.742696455401664846e-01
9.784480714681442759e-01
1.023017948033241309e+00
1.023017948033241309e+00
1.009089861606648375e+00
9.888941362880888652e-01
1.050177716565097175e+00
1.004911435678670584e+00
1.016750309141274400e+00
9.791444757894739448e-01
1.016750309141274400e+00
1.041820864709141592e+00
1.045999290637119383e+00
1.004215031357341026e+00
