9.911902121445452796e-01 -4.360511587131656625e-17
9.908940955902192371e-01 -4.070968767588322630e-17
9.905860647864060953e-01 -3.762993841616372183e-17
9.902653014599365200e-01 -3.501922237232366816e-17
9.899309043577161349e-01 -3.201334846022293141e-17
9.895818779028708878e-01 -2.883271712527866608e-17
9.892171188821453631e-01 -2.569817960912921893e-17
9.888354007476930496e-01 -2.283111136117314709e-17
9.884353550115471121e-01 -1.936929805418709753e-17
9.880154490754590180e-01 -1.596912734136031894e-17
9.875739596620565219e-01 -1.263731401033034528e-17
9.871089407810346161e-01 -8.947898836033625041e-18
9.866181848562494139e-01 -5.560326755538381359e-18
9.860991752277212807e-01 -2.268125090217759664e-18
9.855490276860460197e-01 1.567112752750857606e-18
9.849644179367584851e-01 5.280621828164929154e-18
9.843414908425632825e-01 8.855543332578416833e-18
9.836757458238346574e-01 1.227177821046442679e-17
9.829618907188267807e-01 1.593885575289873605e-17
9.821936534176277656e-01 1.982750396951191096e-17
9.813635362242159044e-01 2.368506806046555422e-17
9.804624914306325767e-01 2.725043076597715529e-17
9.794794868058828152e-01 2.960085812994144551e-17
9.784009146130090429e-01 3.391881656388867429e-17
9.772097739644305392e-01 3.599420921434024342e-17
9.758845178318211744e-01 3.917878532432645421e-17
9.743973920254789256e-01 4.114759948122882441e-17
9.727119836740462100e-01 4.342276076339969925e-17
9.707795016339035854e-01 4.397369220474216085e-17
9.685329502004347280e-01 4.324425743954792354e-17
9.658776572529484961e-01 4.017391088679922517e-17
9.626751832297120171e-01 3.423032120679365180e-17
9.587144991237587233e-01 2.515063985753093914e-17
9.536568911931292414e-01 7.639570202984403167e-18
9.469216351413775046e-01 -2.115768912287803775e-17
9.374219167546522513e-01 -7.340390085589855883e-17
9.228581954222428996e-01 -1.725642723300411580e-16
8.973683205266387297e-01 -3.964964523939223489e-16
8.402546042483147737e-01 -1.103600828823196110e-15
5.881121299461700147e-01 -7.389474637742100722e-15
1.534073460523770471e+00 -9.957806559813303262e-15
1.146706214535234469e+00 -2.355299994537485362e-16
1.078909083467955776e+00 2.493102937818993151e-16
1.050312620610119430e+00 3.545938243867446706e-16
1.034276672543700926e+00 3.957776162265980756e-16
1.023818513130797081e+00 4.205375908918476490e-16
1.016302609093963083e+00 4.413652565597618907e-16
1.010510682407669281e+00 4.616236805755395285e-16
1.005799534424436148e+00 4.839767008341543697e-16
1.001795178318496626e+00 5.072093744011292686e-16
9.982629647599347011e-01 5.323850149762568342e-16
9.950457892368512747e-01 5.621692684956092746e-16
9.920319677182948270e-01 5.948354792176248562e-16
9.891372531560813641e-01 6.295016120980926044e-16
9.862940621460893897e-01 6.678794240233688240e-16
9.834445532501835396e-01 7.142809019348619977e-16
9.805358028886730359e-01 7.652127210591047988e-16
9.775160862379550508e-01 8.197856954014475096e-16
9.743316397459875766e-01 8.814498241268146832e-16
9.709234500013229630e-01 9.553921715016570154e-16
9.672236625731565063e-01 1.037260978450992369e-15
9.631511635206011501e-01 1.133114745260301537e-15
9.586057537290704200e-01 1.244676840258641971e-15
9.534600839238243086e-01 1.378876253467083436e-15
9.475480881453556270e-01 1.540908501400661487e-15
9.406479533118319303e-01 1.737704898503952628e-15
9.324565876338906101e-01 1.969258788743411036e-15
9.225511592990075505e-01 2.280667120876870731e-15
9.103327001914510719e-01 2.682333058764728807e-15
8.949536428204787342e-01 3.240171508814159119e-15
8.752799756079743254e-01 4.016628442496711077e-15
8.502146480763155267e-01 5.188642025250522767e-15
8.212946620941885545e-01 6.985192513852808253e-15
8.088542694430218560e-01 9.357704746885885311e-15
9.245709673231590209e-01 7.830589548169857873e-15
1.252367737658223845e+00 -3.466459673303566048e-15
1.343115229964470192e+00 -5.548631315934119540e-15
1.283288567995160223e+00 -4.501337250914597045e-15
1.224817762962709278e+00 -3.707289995023311174e-15
1.183219736590578997e+00 -3.143939722967693163e-15
1.153906729814815346e+00 -2.734743200037485642e-15
1.132579596317096815e+00 -2.428310555963316418e-15
1.116509904388383934e+00 -2.184527510462586531e-15
1.104020580798907858e+00 -1.987999491888287329e-15
1.094056219092280680e+00 -1.826150763639066793e-15
1.085929558136508266e+00 -1.691175997141414136e-15
1.079177602794717306e+00 -1.577438194648945242e-15
1.073478623961819478e+00 -1.480601334598961057e-15
1.068602818350606443e+00 -1.396763016169640998e-15
1.064382013382979109e+00 -1.322020784009017538e-15
1.060690479395885122e+00 -1.258109984520329033e-15
1.057432423946674138e+00 -1.201128067722477519e-15
1.054533626590865358e+00 -1.149340846877151619e-15
1.051935710364868770e+00 -1.103182502061204458e-15
1.049592134864072213e+00 -1.061786136422937587e-15
1.047465339283021102e+00 -1.025585864282474723e-15
1.045524669645724103e+00 -9.902452815672421187e-16
1.043744850955899084e+00 -9.596678942302978209e-16
1.042104844547844245e+00 -9.316856516972085536e-16
1.040586982020190510e+00 -9.062988853003885281e-16
1.039176300610694437e+00 -8.817731822029478662e-16
1.037860027198724167e+00 -8.607109191497296945e-16
1.036627173264287549e+00 -8.400766039226024265e-16
1.035468213558626838e+00 -8.216052175102770100e-16
1.034374828520822742e+00 -8.048633214032038094e-16
1.033339695621295906e+00 -7.885501012957670925e-16
1.032356318491896463e+00 -7.735331341711203748e-16
1.031418885356144344e+00 -7.606799848738757054e-16
1.030522150200387843e+00 -7.482561217376988211e-16
1.029661331529944546e+00 -7.371290877859389799e-16
1.028832024572336579e+00 -7.268653736209862961e-16
1.028030123516939787e+00 -7.174651415539410940e-16
1.027251750879930370e+00 -7.093622262068734150e-16
1.026493191395163818e+00 -7.025567733303111189e-16
1.025750827976875668e+00 -6.961815594471102876e-16
1.025021077283480242e+00 -6.915377584094268573e-16
1.024300322221013193e+00 -6.864570905403310140e-16
1.023584838327628033e+00 -6.835417595508180040e-16
1.022870710318355192e+00 -6.812739951018824658e-16
1.022153734045387008e+00 -6.800875853197219860e-16
1.021429297589150575e+00 -6.808499940786254614e-16
1.020692232893977591e+00 -6.822602760885043130e-16
1.019936625905940808e+00 -6.860532476033064457e-16
1.019155567918847094e+00 -6.909279545162495300e-16
1.018340822723380557e+00 -6.979686834656061971e-16
1.017482371373823247e+00 -7.076091959787035574e-16
1.016567775773358662e+00 -7.194158882492575378e-16
1.015581268134176041e+00 -7.349067169837021178e-16
1.014502415069867380e+00 -7.545154335031921605e-16
1.013304102042251076e+00 -7.799768286960991895e-16
1.011949394434301430e+00 -8.110741266625345442e-16
1.010386466871433075e+00 -8.508431552940267617e-16
1.008540051947307781e+00 -9.018860590293270358e-16
1.006296257230433255e+00 -9.689733842018276049e-16
1.003473855324344521e+00 -1.058827238730340595e-15
9.997655297793925921e-01 -1.182940217885238458e-15
9.946046405190345219e-01 -1.363213255695987644e-15
9.868178396248409312e-01 -1.645182891559507323e-15
9.735150091815722995e-01 -2.137269388982050958e-15
9.451356257148932904e-01 -3.197042668904412513e-15
8.399389675276489609e-01 -7.018711130742074164e-15
1.520632564160478317e+00 2.233729247881799062e-14
1.126610828999806468e+00 4.086413727028492899e-15
1.079996947060289036e+00 2.180317719881709433e-15
1.061793083240094582e+00 1.462291730248901025e-15
1.052028031334738767e+00 1.090344315677183342e-15
1.045896926485332390e+00 8.660664445892995268e-16
1.041661352269019236e+00 7.192017834258287594e-16
1.038539523329719660e+00 6.176579162738296566e-16
1.036127693535878525e+00 5.453886204960047994e-16
1.034196167049319826e+00 4.930697279979432945e-16
1.032604511745301101e+00 4.552801995328568239e-16
1.031261915776964244e+00 4.292010820502216415e-16
1.030106925073196011e+00 4.113629021362259767e-16
1.029096333194220891e+00 4.015487937947665817e-16
1.028198729327424621e+00 3.975903279815856376e-16
1.027390563647475163e+00 3.997043212581802683e-16
1.026653639885910074e+00 4.076739101090987355e-16
1.025973446829794078e+00 4.210653913438825318e-16
1.025337993290764915e+00 4.403124242385893904e-16
1.024736942930307704e+00 4.654149878993491904e-16
1.024160913820151064e+00 4.981077855792900727e-16
1.023600838811550506e+00 5.383907976998798135e-16
1.023047286380455612e+00 5.890829309499225025e-16
1.022489615478904934e+00 6.517020500058681834e-16
1.021914764950170529e+00 7.308017861986391761e-16
1.021305311028812168e+00 8.303936703223805318e-16
1.020636041991158871e+00 9.596934041275993154e-16
1.019867353939902577e+00 1.132904019866592177e-15
1.018931202450586326e+00 1.373769529398713969e-15
1.017697337307358341e+00 1.730103233283378381e-15
1.015877399842574746e+00 2.308156929630354157e-15
1.012674022106251348e+00 3.402616754564059146e-15
1.004753329687237962e+00 6.250882633605740255e-15
9.366343568047010848e-01 3.181676249975230031e-14
1.050978092054136948e+00 -1.087764161839194520e-14
1.033992143343841263e+00 -4.756059180350309036e-15
1.029248973694057767e+00 -3.088378698818738916e-15
1.026945223948965813e+00 -2.310393964018004779e-15
1.025542430502301539e+00 -1.860163001660245427e-15
1.024573123525902352e+00 -1.566490300094913264e-15
1.023846860963317340e+00 -1.359770090918180440e-15
1.023271390975973416e+00 -1.206283697331145186e-15
1.022796522316632428e+00 -1.087708113090236993e-15
1.022392553825185013e+00 -9.932013266580359412e-16
1.022040747796165050e+00 -9.163665551298703362e-16
1.021728668810031548e+00 -8.519996377255366207e-16
1.021447715650280363e+00 -7.978237592740872650e-16
1.021191729334465448e+00 -7.511284234875855456e-16
1.020956166250575947e+00 -7.105041764452123535e-16
1.020737584935353270e+00 -6.749752448630890908e-16
1.020533315025085708e+00 -6.432405945810453086e-16
1.020341235966033322e+00 -6.151918136113175749e-16
1.020159623647594271e+00 -5.898531280177693866e-16
1.019987039548648555e+00 -5.668992849640477948e-16
1.019822245917747505e+00 -5.460050314165179652e-16
1.019664135066316701e+00 -5.268451141504462704e-16
1.019511662315002010e+00 -5.095279606249473345e-16
1.019363770420409931e+00 -4.935114768162298002e-16
1.019219286553685100e+00 -4.789040898300990874e-16
1.019076755258470524e+00 -4.655973861692863059e-16
1.018934125021366377e+00 -4.540250532593118591e-16
1.018788076289004030e+00 -4.441870974981860692e-16
1.018632354358008696e+00 -4.367340464336554568e-16
1.018452762942692269e+00 -4.339427307230287946e-16
1.018206998684128228e+00 -4.413425873963315644e-16
1.017680894094681765e+00 -4.898333841792803513e-16
1.056835839289534285e+00 -7.219877124272480339e-16
1.019120817374575161e+00 -2.423630034256103470e-16
1.018629985900467272e+00 -2.843476540064929505e-16
1.018404305161337620e+00 -2.919627954071113471e-16
1.018247868088303365e+00 -2.909040242818978657e-16
1.018120735529044252e+00 -2.865923565420041201e-16
1.018009431266835296e+00 -2.801119992941756929e-16
1.017908103629034944e+00 -2.730892606201613256e-16
1.017813777703842293e+00 -2.653073048003612530e-16
1.017724764779198710e+00 -2.570913970963074796e-16
1.017640023719321496e+00 -2.487668026673327623e-16
1.017558869726857607e+00 -2.398998450526468922e-16
1.017480828251197345e+00 -2.311410498672851506e-16
1.017405556049129522e+00 -2.221651606770200545e-16
1.017332795899946074e+00 -2.129721816078923770e-16
1.017262349314210335e+00 -2.034536964796832204e-16
1.017194059393154326e+00 -1.939349698945435165e-16
1.017127799680326738e+00 -1.841991652840674984e-16
1.017063466692079698e+00 -1.741378662150207687e-16
1.017000974785862599e+00 -1.640763370432521880e-16
1.016940252560918134e+00 -1.535809005260575483e-16
1.016881240292590416e+00 -1.427599804311943341e-16
1.016823888083077554e+00 -1.317220004526077694e-16
1.016768154522382339e+00 -1.204669639950899547e-16
1.016714005722932024e+00 -1.086696137416317086e-16
1.016661414636335303e+00 -9.632995295870593994e-17
1.016610360590615381e+00 -8.399008593250226478e-17
1.016560829006657896e+00 -7.078265406013766114e-17
1.016512811267057836e+00 -5.735818171700116066e-17
1.016466304721200586e+00 -4.317457082712444071e-17
1.016421312818746259e+00 -2.844866477519322222e-17
1.016377845370644017e+00 -1.296362601830426057e-17
1.016335918943136685e+00 3.172122391847340194e-18
1.016295557396489802e+00 2.028383832830356150e-17
1.016256792586902380e+00 3.815467863224321673e-17
1.016219665257789950e+00 5.710990128414394425e-17
1.016184226155955717e+00 7.714950366450874946e-17
1.016150537419854061e+00 9.838190342161227791e-17
1.016118674302205038e+00 1.208070980357917283e-16
1.016088727308992024e+00 1.451840265562581768e-16
1.016060804863301748e+00 1.708621652549817200e-16
1.016035036638277766e+00 1.989257139257880313e-16
1.016011577752671702e+00 2.289409893658224396e-16
1.015990614091004884e+00 2.614500903712164672e-16
1.015972369107095652e+00 2.966698551290857209e-16
1.015957112608304236e+00 3.351423825200288073e-16
1.015945172219446802e+00 3.775181916826665400e-16
1.015936948523566308e+00 4.241225411437095847e-16
1.015932935325998487e+00 4.758227905550354327e-16
1.015933747178538571e+00 5.334862996065582789e-16
1.015940157384927822e+00 5.985225291116092529e-16
1.015953151454237480e+00 6.716904186163625235e-16
1.015974003855164565e+00 7.555920513957355862e-16
1.016004390845646421e+00 8.523958298903746308e-16
1.016046560838187007e+00 9.651917284214872533e-16
1.016103599708718219e+00 1.099183915579825318e-15
1.016179859101608463e+00 1.260118661074844576e-15
1.016281677892843183e+00 1.457482732142827123e-15
1.016418661066140094e+00 1.705208124958298344e-15
1.016606092730943711e+00 2.026117293540543398e-15
1.016869860263282188e+00 2.457886261701616825e-15
1.017257578148294650e+00 3.070554488131340913e-15
1.017867436748563836e+00 4.008212439928750141e-15
1.018939641636071203e+00 5.623280031663807964e-15
1.021258612431226620e+00 9.067884700359032767e-15
1.029707760651975779e+00 2.152199270143127490e-14
9.658836203769023410e-01 -7.174683826339694396e-14
1.005416995544943681e+00 -1.404263078740535190e-14
1.009545097667047253e+00 -7.960866495634014771e-15
1.011106751013261640e+00 -5.637814181892968018e-15
1.011920789821677991e+00 -4.411323833278679631e-15
1.012416197077077307e+00 -3.652883451795183622e-15
1.012746746734451531e+00 -3.137358457696742349e-15
1.012981211723580133e+00 -2.764080680616420661e-15
1.013154979420937574e+00 -2.481333678252933576e-15
1.013288131143696091e+00 -2.259356102276203324e-15
1.013392922964649001e+00 -2.080854929318554517e-15
1.013477271738506325e+00 -1.933632886202236739e-15
1.013546532049840243e+00 -1.810588449939845397e-15
1.013604468148037618e+00 -1.705704299696530833e-15
1.013653816860603740e+00 -1.615510989723253311e-15
1.013696629559567075e+00 -1.537081175338072560e-15
1.013734488610215534e+00 -1.468083823035151490e-15
1.013768649475526251e+00 -1.406838420593750446e-15
1.013800137249211586e+00 -1.352206556861340741e-15
1.013829814486821856e+00 -1.303266661102211627e-15
1.013858430615699913e+00 -1.258771901911572276e-15
1.013886659435415671e+00 -1.218397019714247741e-15
1.013915129012909588e+00 -1.181491494266647413e-15
1.013944446973346070e+00 -1.147513225526083247e-15
1.013975223436182516e+00 -1.116028533651082148e-15
1.014008093457451132e+00 -1.086874789327564881e-15
1.014043740719367648e+00 -1.059835153117401559e-15
1.014082924324389623e+00 -1.034421735024207417e-15
1.014126510920112301e+00 -1.010471905688494213e-15
1.014175515074969836e+00 -9.878230357362062068e-16
1.014231151987894153e+00 -9.662040755617449494e-16
1.014294908512453519e+00 -9.454523957627320301e-16
1.014368641581248731e+00 -9.256222073575209112e-16
1.014454718289869550e+00 -9.063340404819604269e-16
1.014556220748648707e+00 -8.873168454758865198e-16
1.014677254447948540e+00 -8.681911524488710674e-16
1.014823427604048867e+00 -8.491195925839510261e-16
1.015002624142034460e+00 -8.293974353136310745e-16
1.015226304799532242e+00 -8.086994208184710086e-16
1.015511812174804573e+00 -7.859955578548233869e-16
1.015886717647322524e+00 -7.604184854930409406e-16
1.016397686722434024e+00 -7.298540102934594959e-16
1.017130491409762305e+00 -6.903447951117400927e-16
1.018261857963012940e+00 -6.344640558403456349e-16
1.020223551692876374e+00 -5.420998429426151633e-16
1.024422152914964634e+00 -3.427790159590881157e-16
1.039555244922539590e+00 4.875475444396620928e-16
9.219429302953019434e-01 -3.651870693217752185e-16
9.957971580253746069e-01 -1.300808871592735151e-15
1.003344521969552927e+00 -1.108480876851993817e-15
1.006202029273247200e+00 -1.018122030267768673e-15
1.007696789002902271e+00 -9.653307234853272240e-16
1.008610423864397809e+00 -9.299407967777610948e-16
1.009222542547116186e+00 -9.043086255009496967e-16
1.009657988622777447e+00 -8.845852926052152132e-16
1.009980878248343705e+00 -8.690360752681274451e-16
1.010227495931639297e+00 -8.563057214186838887e-16
1.010419892047073054e+00 -8.455810800633345152e-16
1.010572212732060216e+00 -8.368079417206281639e-16
1.010693922017716462e+00 -8.293357857057518965e-16
1.010791560182987103e+00 -8.230561924117841524e-16
1.010869757793353196e+00 -8.179691624408412599e-16
1.010931846685631408e+00 -8.138578559524687510e-16
1.010980240604632874e+00 -8.107222735327711482e-16
1.011016677550747866e+00 -8.083997854341733841e-16
1.011042374858609705e+00 -8.071072326617940104e-16
1.011058125881302061e+00 -8.070072461045771163e-16
1.011064354377160690e+00 -8.077203555577987867e-16
1.011061134570356623e+00 -8.097886626560442153e-16
1.011048178775084683e+00 -8.132121679404721803e-16
1.011024788654082407e+00 -8.181535022710476695e-16
1.010989758873401589e+00 -8.249921369352810335e-16
1.010941210580204253e+00 -8.342701735397167150e-16
1.010876312056643078e+00 -8.464755035755463907e-16
1.010790805097273592e+00 -8.623670690704633871e-16
1.010678174965559561e+00 -8.834627535663868652e-16
1.010528120893404491e+00 -9.117683315764453623e-16
1.010323541553826532e+00 -9.505364101058187043e-16
1.010034043770268619e+00 -1.005675891476069150e-15
1.009600200489119803e+00 -1.088950369734072432e-15
1.008888409380543028e+00 -1.225567545859512828e-15
1.007523383786090188e+00 -1.486596872722294602e-15
1.003892443105791399e+00 -2.166182400175389407e-15
9.661750000046269715e-01 -7.757691612319644456e-15
1.024397001455249701e+00 2.016600302177803190e-15
1.017444961796967418e+00 5.117202226328436044e-16
1.015487621897680937e+00 1.060043518772271044e-16
1.014567479479159706e+00 -8.113631501164111774e-17
1.014034356138385773e+00 -1.882086059933507457e-16
1.013687573570880129e+00 -2.568458849106912563e-16
1.013444777878115488e+00 -3.042869667203877632e-16
1.013265958719430371e+00 -3.388259984510980945e-16
1.013129354166224516e+00 -3.647997891969231505e-16
1.013022128728248150e+00 -3.848646346797021196e-16
1.012936237362602965e+00 -4.007552587698266815e-16
1.012866395564725908e+00 -4.135558640294352542e-16
1.012809002644187384e+00 -4.238085519297334300e-16
1.012761534319686518e+00 -4.322722643718037406e-16
1.012722182589681053e+00 -4.393806826004325717e-16
1.012689633399126210e+00 -4.451880170955530888e-16
1.012662924848012791e+00 -4.499111086585552888e-16
1.012641354502356927e+00 -4.539836385209753073e-16
1.012624417837282742e+00 -4.573513969324441328e-16
1.012611767212974856e+00 -4.600143842469939606e-16
1.012603185003076334e+00 -4.622978614662408047e-16
1.012598567025641216e+00 -4.641476188273309434e-16
1.012597914034929270e+00 -4.655094465633697153e-16
1.012601330143127143e+00 -4.664917652293538051e-16
1.012609027911643533e+00 -4.672572054849803784e-16
1.012621340662855918e+00 -4.677515575515825039e-16
1.012638743476659720e+00 -4.679206116466819673e-16
1.012661885542694540e+00 -4.677643680926685699e-16
1.012691638318901299e+00 -4.673912474254781446e-16
1.012729166769511524e+00 -4.666386196342758779e-16
1.012776035669218588e+00 -4.655606951391265552e-16
1.012834371184781590e+00 -4.643201045737977803e-16
1.012907112927766917e+00 -4.625373774823181728e-16
1.012998420267771760e+00 -4.602667242742643170e-16
1.013114354246637427e+00 -4.574539351385666225e-16
1.013264079697369091e+00 -4.538279598263085004e-16
1.013462116672035229e+00 -4.490093278680219493e-16
1.013732890261324737e+00 -4.424559384651094284e-16
1.014120875806956867e+00 -4.332462200553921656e-16
1.014716435304817255e+00 -4.192117685751666697e-16
1.015735489226364585e+00 -3.949857835487745054e-16
1.017853523788184944e+00 -3.436005012518830214e-16
1.024818118377307297e+00 -1.608098830720395424e-16
9.159358626442303253e-01 -3.324449227690320241e-16
1.001383526497333198e+00 -6.794496318229589385e-16
1.006226122890128138e+00 -5.930444906463753189e-16
1.007957237438221521e+00 -5.589520727730794495e-16
1.008842386848613382e+00 -5.406889753563913856e-16
1.009377305174966599e+00 -5.290936902934699741e-16
1.009733736239483815e+00 -5.210762416446342401e-16
1.009986940602278782e+00 -5.151729567262106841e-16
1.010175103439648447e+00 -5.105164740467081431e-16
1.010319660229953787e+00 -5.067273230896057252e-16
1.010433572155567949e+00 -5.035344535530179870e-16
1.010525136520126432e+00 -5.008836555669784900e-16
1.010599910872381102e+00 -4.986122990417288592e-16
1.010661757210162159e+00 -4.964493336677519150e-16
1.010713442472991774e+00 -4.946658102192969957e-16
1.010757000740525102e+00 -4.929906783819264019e-16
1.010793960612710096e+00 -4.913697282732880859e-16
1.010825492895480515e+00 -4.899655904431470088e-16
1.010852509379071229e+00 -4.886156347871737458e-16
1.010875730614616996e+00 -4.873198615245937285e-16
