-8.096339590295055233e-01
3.235650517682930882e-03
-8.096339590295064115e-01
-3.235650517683096548e-03
-5.192639547366127983e-01
2.354426705506015894e-16
-3.355274215898242929e-01
-3.614032720895125479e-16
-1.843246532649098213e-01
-3.487881981597846221e-17
8.696424329408855014e-01
-4.215942728678368010e-16
1.016519510049959107e-01
8.431380458097869562e-17
7.209307807621675446e-01
2.081367473410045765e-16
5.299195679839677764e-01
-2.326453064870982102e-16
3.225404691374501032e-01
2.323685805696931851e-16
