1.140980754847645606e+00
1.113814546398892213e+00
1.054048887811634527e+00
9.127846038781164406e-01
1.005149712603878198e+00
9.616837790858726587e-01
1.037749162742382492e+00
9.888499875346261625e-01
8.910516371191137264e-01
9.888499875346261625e-01
1.026882679362881134e+00
1.037749162742382492e+00
8.964848788088644049e-01
9.671170207756234483e-01
9.508172957063713016e-01
1.140980754847645606e+00
1.016016195983379555e+00
9.562505373961219801e-01
9.888499875346261625e-01
9.888499875346261625e-01
1.168146963296398999e+00
1.070348612880886563e+00
9.562505373961219801e-01
8.530189452908588654e-01
1.189879930055401935e+00
1.010582954293628877e+00
1.048615646121883849e+00
9.236510872576179088e-01
1.081215096260387920e+00
9.942832292243768411e-01
1.075781854570637242e+00
9.399508123268699444e-01
1.048615646121883849e+00
1.048615646121883849e+00
9.779835041551248054e-01
1.032315921052631813e+00
1.081215096260387920e+00
1.048615646121883849e+00
9.942832292243768411e-01
1.113814546398892213e+00
1.119247788088642892e+00
9.834167458448754839e-01
9.942832292243768411e-01
1.097514821329639956e+00
1.032315921052631813e+00
9.508172957063713016e-01
9.671170207756234483e-01
9.997164709141275196e-01
9.997164709141275196e-01
1.016016195983379555e+00
9.779835041551248054e-01
9.236510872576179088e-01
9.182178455678671192e-01
9.562505373961219801e-01
9.942832292243768411e-01
1.026882679362881134e+00
1.043182404432133170e+00
8.584521869806095440e-01
8.856183954293630478e-01
9.942832292243768411e-01
9.562505373961219801e-01
1.032315921052631813e+00
9.399508123268699444e-01
1.097514821329639956e+00
8.367192202216067187e-01
9.290843289473685873e-01
9.997164709141275196e-01
1.070348612880886563e+00
1.048615646121883849e+00
1.026882679362881134e+00
9.997164709141275196e-01
1.043182404432133170e+00
1.043182404432133170e+00
1.070348612880886563e+00
1.157280479916897642e+00
1.102948063019390634e+00
1.016016195983379555e+00
1.140980754847645606e+00
9.725502624653741268e-01
9.671170207756234483e-01
1.059482129501385206e+00
8.801851537396122582e-01
9.290843289473685873e-01
9.779835041551248054e-01
9.453840540166206230e-01
1.064915371191135884e+00
9.236510872576179088e-01
1.005149712603878198e+00
9.399508123268699444e-01
9.345175706371192659e-01
9.997164709141275196e-01
1.075781854570637242e+00
8.693186703601109011e-01
9.942832292243768411e-01
1.048615646121883849e+00
1.102948063019390634e+00
9.779835041551248054e-01
9.942832292243768411e-01
1.092081579639889277e+00
8.312859785318560402e-01
9.616837790858726587e-01
9.562505373961219801e-01
1.037749162742382492e+00
9.616837790858726587e-01
9.508172957063713016e-01
1.026882679362881134e+00
1.010582954293628877e+00
9.182178455678671192e-01
1.037749162742382492e+00
9.616837790858726587e-01
1.005149712603878198e+00
9.290843289473685873e-01
9.834167458448754839e-01
1.097514821329639956e+00
9.997164709141275196e-01
1.037749162742382492e+00
9.453840540166206230e-01
9.345175706371192659e-01
1.016016195983379555e+00
1.037749162742382492e+00
1.173580204986149678e+00
1.048615646121883849e+00
8.149862534626040045e-01
1.108381304709141535e+00
8.910516371191137264e-01
9.508172957063713016e-01
1.026882679362881134e+00
1.119247788088642892e+00
1.043182404432133170e+00
9.127846038781164406e-01
9.616837790858726587e-01
8.964848788088644049e-01
9.942832292243768411e-01
1.016016195983379555e+00
9.290843289473685873e-01
9.345175706371192659e-01
1.010582954293628877e+00
1.070348612880886563e+00
9.290843289473685873e-01
1.195313171745152614e+00
9.399508123268699444e-01
1.026882679362881134e+00
1.173580204986149678e+00
1.048615646121883849e+00
1.016016195983379555e+00
1.059482129501385206e+00
1.059482129501385206e+00
1.016016195983379555e+00
1.070348612880886563e+00
9.236510872576179088e-01
1.010582954293628877e+00
9.236510872576179088e-01
1.043182404432133170e+00
9.399508123268699444e-01
9.779835041551248054e-01
8.584521869806095440e-01
1.032315921052631813e+00
9.236510872576179088e-01
9.019181204986150835e-01
1.037749162742382492e+00
1.173580204986149678e+00
9.725502624653741268e-01
8.964848788088644049e-01
1.070348612880886563e+00
9.290843289473685873e-01
8.964848788088644049e-01
9.779835041551248054e-01
9.399508123268699444e-01
1.130114271468144249e+00
9.942832292243768411e-01
1.070348612880886563e+00
9.671170207756234483e-01
1.222479380193906007e+00
1.048615646121883849e+00
1.059482129501385206e+00
9.942832292243768411e-01
9.019181204986150835e-01
9.834167458448754839e-01
1.016016195983379555e+00
9.399508123268699444e-01
1.005149712603878198e+00
1.064915371191135884e+00
9.888499875346261625e-01
1.113814546398892213e+00
9.725502624653741268e-01
9.779835041551248054e-01
1.026882679362881134e+00
1.070348612880886563e+00
9.942832292243768411e-01
9.616837790858726587e-01
9.127846038781164406e-01
1.086648337950138599e+00
8.964848788088644049e-01
9.888499875346261625e-01
1.005149712603878198e+00
9.073513621883657621e-01
9.942832292243768411e-01
8.964848788088644049e-01
9.399508123268699444e-01
9.671170207756234483e-01
9.779835041551248054e-01
1.021449437673130234e+00
1.086648337950138599e+00
1.005149712603878198e+00
1.016016195983379555e+00
9.345175706371192659e-01
9.182178455678671192e-01
9.290843289473685873e-01
1.151847238227146963e+00
1.005149712603878198e+00
9.942832292243768411e-01
8.801851537396122582e-01
8.530189452908588654e-01
1.064915371191135884e+00
9.453840540166206230e-01
1.102948063019390634e+00
9.725502624653741268e-01
1.064915371191135884e+00
9.073513621883657621e-01
1.010582954293628877e+00
1.048615646121883849e+00
9.019181204986150835e-01
9.888499875346261625e-01
1.016016195983379555e+00
9.942832292243768411e-01
9.997164709141275196e-01
1.016016195983379555e+00
9.779835041551248054e-01
9.942832292243768411e-01
1.086648337950138599e+00
9.236510872576179088e-01
1.092081579639889277e+00
1.075781854570637242e+00
1.048615646121883849e+00
1.021449437673130234e+00
1.037749162742382492e+00
9.671170207756234483e-01
1.086648337950138599e+00
9.019181204986150835e-01
9.725502624653741268e-01
9.508172957063713016e-01
9.562505373961219801e-01
8.856183954293630478e-01
9.127846038781164406e-01
9.616837790858726587e-01
9.779835041551248054e-01
1.227912621883656685e+00
1.037749162742382492e+00
1.054048887811634527e+00
1.097514821329639956e+00
1.075781854570637242e+00
9.779835041551248054e-01
8.530189452908588654e-01
9.779835041551248054e-01
1.043182404432133170e+00
1.016016195983379555e+00
9.127846038781164406e-01
1.102948063019390634e+00
1.043182404432133170e+00
1.021449437673130234e+00
9.236510872576179088e-01
9.127846038781164406e-01
9.399508123268699444e-01
9.834167458448754839e-01
9.779835041551248054e-01
1.010582954293628877e+00
8.964848788088644049e-01
9.127846038781164406e-01
1.064915371191135884e+00
9.236510872576179088e-01
1.043182404432133170e+00
9.182178455678671192e-01
1.032315921052631813e+00
9.453840540166206230e-01
1.059482129501385206e+00
9.997164709141275196e-01
9.508172957063713016e-01
1.081215096260387920e+00
8.964848788088644049e-01
1.005149712603878198e+00
1.054048887811634527e+00
1.010582954293628877e+00
1.043182404432133170e+00
1.048615646121883849e+00
9.236510872576179088e-01
1.032315921052631813e+00
1.064915371191135884e+00
9.182178455678671192e-01
9.725502624653741268e-01
9.834167458448754839e-01
9.345175706371192659e-01
1.059482129501385206e+00
9.453840540166206230e-01
1.130114271468144249e+00
1.054048887811634527e+00
1.130114271468144249e+00
9.779835041551248054e-01
1.048615646121883849e+00
1.010582954293628877e+00
1.064915371191135884e+00
8.964848788088644049e-01
1.016016195983379555e+00
9.997164709141275196e-01
9.779835041551248054e-01
1.016016195983379555e+00
1.054048887811634527e+00
9.127846038781164406e-01
9.073513621883657621e-01
9.671170207756234483e-01
1.059482129501385206e+00
9.834167458448754839e-01
9.942832292243768411e-01
1.081215096260387920e+00
9.997164709141275196e-01
9.290843289473685873e-01
1.102948063019390634e+00
1.086648337950138599e+00
1.032315921052631813e+00
8.856183954293630478e-01
1.032315921052631813e+00
1.010582954293628877e+00
1.016016195983379555e+00
1.021449437673130234e+00
1.032315921052631813e+00
9.725502624653741268e-01
1.010582954293628877e+00
9.290843289473685873e-01
1.032315921052631813e+00
1.059482129501385206e+00
8.964848788088644049e-01
9.616837790858726587e-01
1.048615646121883849e+00
9.182178455678671192e-01
9.508172957063713016e-01
9.127846038781164406e-01
9.345175706371192659e-01
1.043182404432133170e+00
9.779835041551248054e-01
1.108381304709141535e+00
9.671170207756234483e-01
9.671170207756234483e-01
1.135547513157894928e+00
1.059482129501385206e+00
1.005149712603878198e+00
9.725502624653741268e-01
9.779835041551248054e-01
9.834167458448754839e-01
9.508172957063713016e-01
1.048615646121883849e+00
9.508172957063713016e-01
9.399508123268699444e-01
1.048615646121883849e+00
9.671170207756234483e-01
9.182178455678671192e-01
1.064915371191135884e+00
9.508172957063713016e-01
1.140980754847645606e+00
1.016016195983379555e+00
1.092081579639889277e+00
1.162713721606648321e+00
1.021449437673130234e+00
1.043182404432133170e+00
9.888499875346261625e-01
1.026882679362881134e+00
9.508172957063713016e-01
1.026882679362881134e+00
9.508172957063713016e-01
9.834167458448754839e-01
1.037749162742382492e+00
8.964848788088644049e-01
1.026882679362881134e+00
9.562505373961219801e-01
1.043182404432133170e+00
8.801851537396122582e-01
8.856183954293630478e-01
1.075781854570637242e+00
8.964848788088644049e-01
9.616837790858726587e-01
1.021449437673130234e+00
1.119247788088642892e+00
9.508172957063713016e-01
9.997164709141275196e-01
1.113814546398892213e+00
9.779835041551248054e-01
1.032315921052631813e+00
8.475857036011081869e-01
1.097514821329639956e+00
1.124681029778393571e+00
1.010582954293628877e+00
1.054048887811634527e+00
8.693186703601109011e-01
1.026882679362881134e+00
9.779835041551248054e-01
1.005149712603878198e+00
9.182178455678671192e-01
1.005149712603878198e+00
1.054048887811634527e+00
8.638854286703602225e-01
1.086648337950138599e+00
9.019181204986150835e-01
1.064915371191135884e+00
1.070348612880886563e+00
1.016016195983379555e+00
1.097514821329639956e+00
8.747519120498615797e-01
1.037749162742382492e+00
9.562505373961219801e-01
9.236510872576179088e-01
1.026882679362881134e+00
1.010582954293628877e+00
1.032315921052631813e+00
9.508172957063713016e-01
9.834167458448754839e-01
9.725502624653741268e-01
1.005149712603878198e+00
1.064915371191135884e+00
1.075781854570637242e+00
1.119247788088642892e+00
1.097514821329639956e+00
1.043182404432133170e+00
