9.986979540473409633e-01 0.000000000000000000e+00
9.985152910035783869e-01 0.000000000000000000e+00
9.983240288444743538e-01 0.000000000000000000e+00
9.981235057707102953e-01 0.000000000000000000e+00
9.979129879295255412e-01 0.000000000000000000e+00
9.976916591608550045e-01 0.000000000000000000e+00
9.974586089253109078e-01 0.000000000000000000e+00
9.972128180247105123e-01 0.000000000000000000e+00
9.969531416273607061e-01 0.000000000000000000e+00
9.966782889828408321e-01 0.000000000000000000e+00
9.963867990447686784e-01 0.000000000000000000e+00
9.960770110014314227e-01 0.000000000000000000e+00
9.957470284242010417e-01 0.000000000000000000e+00
9.953946753554938631e-01 0.000000000000000000e+00
9.950174421332391717e-01 0.000000000000000000e+00
9.946124180317872376e-01 0.000000000000000000e+00
9.941762068082952153e-01 0.000000000000000000e+00
9.937048198575147984e-01 0.000000000000000000e+00
9.931935397132217735e-01 0.000000000000000000e+00
9.926367438098756546e-01 0.000000000000000000e+00
9.920276742937520487e-01 0.000000000000000000e+00
9.913581335484195067e-01 0.000000000000000000e+00
9.906180758358676952e-01 0.000000000000000000e+00
9.897950511558690767e-01 0.000000000000000000e+00
9.888734348556209586e-01 0.000000000000000000e+00
9.878333399968944883e-01 0.000000000000000000e+00
9.866490487153986022e-01 0.000000000000000000e+00
9.852866944759227641e-01 0.000000000000000000e+00
9.837007415448392189e-01 0.000000000000000000e+00
9.818284642001217088e-01 0.000000000000000000e+00
9.795809606132148684e-01 0.000000000000000000e+00
9.768278665513954184e-01 0.000000000000000000e+00
9.733699327744266272e-01 0.000000000000000000e+00
9.688865088078251198e-01 0.000000000000000000e+00
9.628263198146884694e-01 0.000000000000000000e+00
9.541544164815831675e-01 0.000000000000000000e+00
9.406721989111989091e-01 0.000000000000000000e+00
9.167414512993328213e-01 0.000000000000000000e+00
8.622338798126253367e-01 0.000000000000000000e+00
6.122956728363991852e-01 0.000000000000000000e+00
1.488244615940006232e+00 0.000000000000000000e+00
1.150473059629417483e+00 0.000000000000000000e+00
1.088988865043588383e+00 0.000000000000000000e+00
1.063092449192403199e+00 0.000000000000000000e+00
1.048749179476692772e+00 0.000000000000000000e+00
1.039583966089484779e+00 0.000000000000000000e+00
1.033178163045372910e+00 0.000000000000000000e+00
1.028411836811835567e+00 0.000000000000000000e+00
1.024694559355230794e+00 0.000000000000000000e+00
1.021684877785683732e+00 0.000000000000000000e+00
1.019170910990992773e+00 0.000000000000000000e+00
1.017013502516425749e+00 0.000000000000000000e+00
1.015116726090897981e+00 0.000000000000000000e+00
1.013411484290735798e+00 0.000000000000000000e+00
1.011845832571696135e+00 0.000000000000000000e+00
1.010378950953566779e+00 0.000000000000000000e+00
1.008977171106145265e+00 0.000000000000000000e+00
1.007611179911491295e+00 0.000000000000000000e+00
1.006253877155268039e+00 0.000000000000000000e+00
1.004878543043448591e+00 0.000000000000000000e+00
1.003457049305742199e+00 0.000000000000000000e+00
1.001957857236461802e+00 0.000000000000000000e+00
1.000343490605730246e+00 0.000000000000000000e+00
9.985670282808560838e-01 0.000000000000000000e+00
9.965668680928743139e-01 0.000000000000000000e+00
9.942584263588429838e-01 0.000000000000000000e+00
9.915202238202807106e-01 0.000000000000000000e+00
9.881691518452633272e-01 0.000000000000000000e+00
9.839134361310741816e-01 0.000000000000000000e+00
9.782554803418245237e-01 0.000000000000000000e+00
9.702686078417546156e-01 0.000000000000000000e+00
9.580037881716172432e-01 0.000000000000000000e+00
9.365375188310837151e-01 0.000000000000000000e+00
8.887873420089902332e-01 0.000000000000000000e+00
6.873696785414143973e-01 0.000000000000000000e+00
1.543926264397493586e+00 0.000000000000000000e+00
1.159435587539440204e+00 0.000000000000000000e+00
1.097925077087840595e+00 0.000000000000000000e+00
1.072792945758285876e+00 0.000000000000000000e+00
1.059145574816606317e+00 0.000000000000000000e+00
1.050599210662383598e+00 0.000000000000000000e+00
1.044776328879580607e+00 0.000000000000000000e+00
1.040593301955056171e+00 0.000000000000000000e+00
1.037490786783933805e+00 0.000000000000000000e+00
1.035157669141281822e+00 0.000000000000000000e+00
1.033416691036724178e+00 0.000000000000000000e+00
1.032174087288000752e+00 0.000000000000000000e+00
1.031400637688101973e+00 0.000000000000000000e+00
1.031135749374723742e+00 0.000000000000000000e+00
1.031523761867610078e+00 0.000000000000000000e+00
1.032928810285073107e+00 0.000000000000000000e+00
1.036325510424399576e+00 0.000000000000000000e+00
1.045133088273089372e+00 0.000000000000000000e+00
1.084263759990085063e+00 0.000000000000000000e+00
9.015648862063894153e-01 0.000000000000000000e+00
9.865417392690234433e-01 0.000000000000000000e+00
9.989715723035403894e-01 0.000000000000000000e+00
1.003664993911047798e+00 0.000000000000000000e+00
1.005966462878659540e+00 0.000000000000000000e+00
1.007228479632256812e+00 0.000000000000000000e+00
1.007950467833489849e+00 0.000000000000000000e+00
1.008358637302392058e+00 0.000000000000000000e+00
1.008569600640613073e+00 0.000000000000000000e+00
1.008649056843023972e+00 0.000000000000000000e+00
1.008636452268715233e+00 0.000000000000000000e+00
1.008556589464953301e+00 0.000000000000000000e+00
1.008425579376946546e+00 0.000000000000000000e+00
1.008254102751103387e+00 0.000000000000000000e+00
1.008049293326338303e+00 0.000000000000000000e+00
1.007815870982508466e+00 0.000000000000000000e+00
1.007556845139119028e+00 0.000000000000000000e+00
1.007273960407008673e+00 0.000000000000000000e+00
1.006967980815326236e+00 0.000000000000000000e+00
1.006638868300464562e+00 0.000000000000000000e+00
1.006285888268192874e+00 0.000000000000000000e+00
1.005907661518329332e+00 0.000000000000000000e+00
1.005502173346754624e+00 0.000000000000000000e+00
1.005066744881935703e+00 0.000000000000000000e+00
1.004597967316980922e+00 0.000000000000000000e+00
1.004091595779688095e+00 0.000000000000000000e+00
1.003542395449221969e+00 0.000000000000000000e+00
1.002943927487461417e+00 0.000000000000000000e+00
1.002288255541526452e+00 0.000000000000000000e+00
1.001565543732957586e+00 0.000000000000000000e+00
1.000763502176492015e+00 0.000000000000000000e+00
9.998666128075287540e-01 0.000000000000000000e+00
9.988550307764475500e-01 0.000000000000000000e+00
9.977029942753404823e-01 0.000000000000000000e+00
9.963764684670728400e-01 0.000000000000000000e+00
9.948295582149427885e-01 0.000000000000000000e+00
9.929988697928128216e-01 0.000000000000000000e+00
9.907943116125133010e-01 0.000000000000000000e+00
9.880834036143957277e-01 0.000000000000000000e+00
9.846630413346413313e-01 0.000000000000000000e+00
9.802052155267687583e-01 0.000000000000000000e+00
9.741435717939069816e-01 0.000000000000000000e+00
9.654088912563935088e-01 0.000000000000000000e+00
9.517117879654950485e-01 0.000000000000000000e+00
9.271074921498115851e-01 0.000000000000000000e+00
8.698538034675862285e-01 0.000000000000000000e+00
5.860814562969596242e-01 0.000000000000000000e+00
1.449366769838514868e+00 0.000000000000000000e+00
1.157525263306752095e+00 0.000000000000000000e+00
1.099634864009518598e+00 0.000000000000000000e+00
1.074866371344044280e+00 0.000000000000000000e+00
1.061114466208473939e+00 0.000000000000000000e+00
1.052365924232234518e+00 0.000000000000000000e+00
1.046311073653110268e+00 0.000000000000000000e+00
1.041873046546735848e+00 0.000000000000000000e+00
1.038482171752270755e+00 0.000000000000000000e+00
1.035808904050780743e+00 0.000000000000000000e+00
1.033649446579392617e+00 0.000000000000000000e+00
1.031871081509146970e+00 0.000000000000000000e+00
1.030383759855944881e+00 0.000000000000000000e+00
1.029124331253804314e+00 0.000000000000000000e+00
1.028047311968884880e+00 0.000000000000000000e+00
1.027119240719410298e+00 0.000000000000000000e+00
1.026315104135355538e+00 0.000000000000000000e+00
1.025616009748009594e+00 0.000000000000000000e+00
1.025007642640956229e+00 0.000000000000000000e+00
1.024479236133877702e+00 0.000000000000000000e+00
1.024022897995318981e+00 0.000000000000000000e+00
1.023633201820371763e+00 0.000000000000000000e+00
1.023307000032487979e+00 0.000000000000000000e+00
1.023043454202685609e+00 0.000000000000000000e+00
1.022844321959895941e+00 0.000000000000000000e+00
1.022714603608271933e+00 0.000000000000000000e+00
1.022663765183718265e+00 0.000000000000000000e+00
1.022707983636198525e+00 0.000000000000000000e+00
1.022874367188091993e+00 0.000000000000000000e+00
1.023209339129050655e+00 0.000000000000000000e+00
1.023796729878517775e+00 0.000000000000000000e+00
1.024801616111288505e+00 0.000000000000000000e+00
1.026595672267191173e+00 0.000000000000000000e+00
1.030219818705522261e+00 0.000000000000000000e+00
1.040102927869778870e+00 0.000000000000000000e+00
1.137551045874718669e+00 0.000000000000000000e+00
9.812233951728086545e-01 0.000000000000000000e+00
1.001385509132818541e+00 0.000000000000000000e+00
1.006868319150435287e+00 0.000000000000000000e+00
1.009360717358435133e+00 0.000000000000000000e+00
1.010748095768887023e+00 0.000000000000000000e+00
1.011608357267459235e+00 0.000000000000000000e+00
1.012177668695117161e+00 0.000000000000000000e+00
1.012570406776591492e+00 0.000000000000000000e+00
1.012848616232158161e+00 0.000000000000000000e+00
1.013048807305404475e+00 0.000000000000000000e+00
1.013193821662964123e+00 0.000000000000000000e+00
1.013298647560843646e+00 0.000000000000000000e+00
1.013373501310023128e+00 0.000000000000000000e+00
1.013425564857354466e+00 0.000000000000000000e+00
1.013460016457673696e+00 0.000000000000000000e+00
1.013480668233504467e+00 0.000000000000000000e+00
1.013490374681730088e+00 0.000000000000000000e+00
1.013491302282149453e+00 0.000000000000000000e+00
1.013485111884806722e+00 0.000000000000000000e+00
1.013473084576020478e+00 0.000000000000000000e+00
1.013456209812838127e+00 0.000000000000000000e+00
1.013435247595660060e+00 0.000000000000000000e+00
1.013410772153798378e+00 0.000000000000000000e+00
1.013383201875456496e+00 0.000000000000000000e+00
1.013352818353066009e+00 0.000000000000000000e+00
1.013319776025729091e+00 0.000000000000000000e+00
1.013284102691659916e+00 0.000000000000000000e+00
1.013245689872221744e+00 0.000000000000000000e+00
1.013204270311271138e+00 0.000000000000000000e+00
1.013159377271761086e+00 0.000000000000000000e+00
1.013110275779937952e+00 0.000000000000000000e+00
1.013055847583118840e+00 0.000000000000000000e+00
1.012994394952336563e+00 0.000000000000000000e+00
1.012923293190276741e+00 0.000000000000000000e+00
1.012838341068824199e+00 0.000000000000000000e+00
1.012732456557321914e+00 0.000000000000000000e+00
1.012592798779041292e+00 0.000000000000000000e+00
1.012393550715787738e+00 0.000000000000000000e+00
1.012074179039614386e+00 0.000000000000000000e+00
1.011451892779920536e+00 0.000000000000000000e+00
1.009599481476090688e+00 0.000000000000000000e+00
1.217321136996720066e+00 0.000000000000000000e+00
1.016721342411096130e+00 0.000000000000000000e+00
1.014965602274421563e+00 0.000000000000000000e+00
1.014365190804177974e+00 0.000000000000000000e+00
1.014058163530647372e+00 0.000000000000000000e+00
1.013869757541068672e+00 0.000000000000000000e+00
1.013741408051680670e+00 0.000000000000000000e+00
1.013647958075868161e+00 0.000000000000000000e+00
1.013576825559818984e+00 0.000000000000000000e+00
1.013521032465961813e+00 0.000000000000000000e+00
1.013476409424408198e+00 0.000000000000000000e+00
1.013440323019143552e+00 0.000000000000000000e+00
1.013411038827263244e+00 0.000000000000000000e+00
1.013387378376118919e+00 0.000000000000000000e+00
1.013368523281603206e+00 0.000000000000000000e+00
1.013353898007944176e+00 0.000000000000000000e+00
1.013343096941506039e+00 0.000000000000000000e+00
1.013335837610249035e+00 0.000000000000000000e+00
1.013331929960194167e+00 0.000000000000000000e+00
1.013331255858951341e+00 0.000000000000000000e+00
1.013333755343685194e+00 0.000000000000000000e+00
1.013339417477148841e+00 0.000000000000000000e+00
1.013348274476428390e+00 0.000000000000000000e+00
1.013360398273158047e+00 0.000000000000000000e+00
1.013375898980832579e+00 0.000000000000000000e+00
1.013394924957753185e+00 0.000000000000000000e+00
1.013417664306192068e+00 0.000000000000000000e+00
1.013444347766314868e+00 0.000000000000000000e+00
1.013475253064996640e+00 0.000000000000000000e+00
1.013510710878158028e+00 0.000000000000000000e+00
1.013551112672044674e+00 0.000000000000000000e+00
1.013596920815680535e+00 0.000000000000000000e+00
1.013648681517542061e+00 0.000000000000000000e+00
1.013707041352802207e+00 0.000000000000000000e+00
1.013772768439553440e+00 0.000000000000000000e+00
1.013846779731976788e+00 0.000000000000000000e+00
1.013930176484466816e+00 0.000000000000000000e+00
1.014024290795124683e+00 0.000000000000000000e+00
1.014130747406158051e+00 0.000000000000000000e+00
1.014251546861016706e+00 0.000000000000000000e+00
1.014389179091336413e+00 0.000000000000000000e+00
1.014546781212073645e+00 0.000000000000000000e+00
1.014728360940438723e+00 0.000000000000000000e+00
1.014939119805290391e+00 0.000000000000000000e+00
1.015185932289884851e+00 0.000000000000000000e+00
1.015478076317172018e+00 0.000000000000000000e+00
1.015828383606473651e+00 0.000000000000000000e+00
1.016255121269329598e+00 0.000000000000000000e+00
1.016785211187386295e+00 0.000000000000000000e+00
1.017460046010324692e+00 0.000000000000000000e+00
1.018346724657863911e+00 0.000000000000000000e+00
1.019561682365542898e+00 0.000000000000000000e+00
1.021326261129456014e+00 0.000000000000000000e+00
1.024119236718709747e+00 0.000000000000000000e+00
1.029204584317712445e+00 0.000000000000000000e+00
1.041359982672774187e+00 0.000000000000000000e+00
1.108907375362074843e+00 0.000000000000000000e+00
9.357028677058825128e-01 0.000000000000000000e+00
9.843998642265047172e-01 0.000000000000000000e+00
9.950728109561213230e-01 0.000000000000000000e+00
9.997553189205000690e-01 0.000000000000000000e+00
1.002388311323060721e+00 0.000000000000000000e+00
1.004078137555159511e+00 0.000000000000000000e+00
1.005256707776599923e+00 0.000000000000000000e+00
1.006127490360442245e+00 0.000000000000000000e+00
1.006798936165219427e+00 0.000000000000000000e+00
1.007334174484111555e+00 0.000000000000000000e+00
1.007772476674885231e+00 0.000000000000000000e+00
1.008139581704263321e+00 0.000000000000000000e+00
1.008453090812837072e+00 0.000000000000000000e+00
1.008725476796628717e+00 0.000000000000000000e+00
1.008965854952168950e+00 0.000000000000000000e+00
1.009181073115793081e+00 0.000000000000000000e+00
1.009376409058807322e+00 0.000000000000000000e+00
1.009556032311925922e+00 0.000000000000000000e+00
1.009723319958408361e+00 0.000000000000000000e+00
1.009881079531061321e+00 0.000000000000000000e+00
1.010031711756802508e+00 0.000000000000000000e+00
1.010177334119985781e+00 0.000000000000000000e+00
1.010319879289271583e+00 0.000000000000000000e+00
1.010461178385258174e+00 0.000000000000000000e+00
1.010603036797570686e+00 0.000000000000000000e+00
1.010747309246069259e+00 0.000000000000000000e+00
1.010895980797878568e+00 0.000000000000000000e+00
1.011051261624654751e+00 0.000000000000000000e+00
1.011215705698924383e+00 0.000000000000000000e+00
1.011392368040741063e+00 0.000000000000000000e+00
1.011585022823745739e+00 0.000000000000000000e+00
1.011798478110285338e+00 0.000000000000000000e+00
1.012039047077601506e+00 0.000000000000000000e+00
1.012315280266907536e+00 0.000000000000000000e+00
1.012639149977591080e+00 0.000000000000000000e+00
1.013028055041000242e+00 0.000000000000000000e+00
1.013508400629227202e+00 0.000000000000000000e+00
1.014122419704471145e+00 0.000000000000000000e+00
1.014942275519251424e+00 0.000000000000000000e+00
1.016102481232476373e+00 0.000000000000000000e+00
1.017886071371174816e+00 0.000000000000000000e+00
1.021008217136822660e+00 0.000000000000000000e+00
1.027951202179199885e+00 0.000000000000000000e+00
1.057248745286526459e+00 0.000000000000000000e+00
9.330845159454148607e-01 0.000000000000000000e+00
9.887209274369588297e-01 0.000000000000000000e+00
9.976562123892309675e-01 0.000000000000000000e+00
1.001323379524835078e+00 0.000000000000000000e+00
1.003329671885006213e+00 0.000000000000000000e+00
1.004601166626862163e+00 0.000000000000000000e+00
1.005483527084708895e+00 0.000000000000000000e+00
1.006135162226460933e+00 0.000000000000000000e+00
1.006638937164236802e+00 0.000000000000000000e+00
1.007042438910782378e+00 0.000000000000000000e+00
1.007374971230997396e+00 0.000000000000000000e+00
1.007655591150946606e+00 0.000000000000000000e+00
1.007897251971747510e+00 0.000000000000000000e+00
1.008109089691434646e+00 0.000000000000000000e+00
1.008297756709684245e+00 0.000000000000000000e+00
1.008468236632231729e+00 0.000000000000000000e+00
1.008624362200120528e+00 0.000000000000000000e+00
1.008769156261661859e+00 0.000000000000000000e+00
1.008905063618147580e+00 0.000000000000000000e+00
1.009034113709458502e+00 0.000000000000000000e+00
1.009158038592109508e+00 0.000000000000000000e+00
1.009278361742545371e+00 0.000000000000000000e+00
1.009396467973950662e+00 0.000000000000000000e+00
1.009513661653506755e+00 0.000000000000000000e+00
1.009631218628961991e+00 0.000000000000000000e+00
1.009750436386456673e+00 0.000000000000000000e+00
1.009872686765761474e+00 0.000000000000000000e+00
1.009999476019691755e+00 0.000000000000000000e+00
1.010132518242856214e+00 0.000000000000000000e+00
1.010273830533757966e+00 0.000000000000000000e+00
1.010425862339876968e+00 0.000000000000000000e+00
1.010591678501969959e+00 0.000000000000000000e+00
1.010775227943100374e+00 0.000000000000000000e+00
1.010981752487150720e+00 0.000000000000000000e+00
1.011218432832140079e+00 0.000000000000000000e+00
1.011495452996255429e+00 0.000000000000000000e+00
1.011827841593848643e+00 0.000000000000000000e+00
1.012238847169691036e+00 0.000000000000000000e+00
1.012766584232179579e+00 0.000000000000000000e+00
1.013478366467029046e+00 0.000000000000000000e+00
1.014505588137744274e+00 0.000000000000000000e+00
1.016144329939343560e+00 0.000000000000000000e+00
1.019232357862751126e+00 0.000000000000000000e+00
1.027436812878378181e+00 0.000000000000000000e+00
1.124205974771596672e+00 0.000000000000000000e+00
9.840117355171273950e-01 0.000000000000000000e+00
9.982855862804815850e-01 0.000000000000000000e+00
1.002481444789633747e+00 0.000000000000000000e+00
1.004527020224478484e+00 0.000000000000000000e+00
1.005766701828566534e+00 0.000000000000000000e+00
1.006621264270298965e+00 0.000000000000000000e+00
1.007265616049018098e+00 0.000000000000000000e+00
1.007786354831637032e+00 0.000000000000000000e+00
1.008232190570763187e+00 0.000000000000000000e+00
1.008633674538021330e+00 0.000000000000000000e+00
1.009012158308354890e+00 0.000000000000000000e+00
1.009384452245652541e+00 0.000000000000000000e+00
1.009765671979461210e+00 0.000000000000000000e+00
1.010171419211047139e+00 0.000000000000000000e+00
1.010620003645728016e+00 0.000000000000000000e+00
1.011135401566970016e+00 0.000000000000000000e+00
1.011752032527590606e+00 0.000000000000000000e+00
1.012523564678109222e+00 0.000000000000000000e+00
1.013541053863749708e+00 0.000000000000000000e+00
1.014975086875999466e+00 0.000000000000000000e+00
1.017190151542300747e+00 0.000000000000000000e+00
1.021134242266278802e+00 0.000000000000000000e+00
1.030295509799739051e+00 0.000000000000000000e+00
1.076542194805502506e+00 0.000000000000000000e+00
9.410408047401207510e-01 0.000000000000000000e+00
9.852434844271560355e-01 0.000000000000000000e+00
9.942291198977304401e-01 0.000000000000000000e+00
9.981090136546234559e-01 0.000000000000000000e+00
1.000279274369665128e+00 0.000000000000000000e+00
1.001670045033977052e+00 0.000000000000000000e+00
1.002639916210489535e+00 0.000000000000000000e+00
1.003356518607323444e+00 0.000000000000000000e+00
1.003908731196187620e+00 0.000000000000000000e+00
1.004348085574880312e+00 0.000000000000000000e+00
1.004706530820604682e+00 0.000000000000000000e+00
1.005004937334298409e+00 0.000000000000000000e+00
1.005257522195801334e+00 0.000000000000000000e+00
1.005474309376568121e+00 0.000000000000000000e+00
1.005662572871278027e+00 0.000000000000000000e+00
1.005827721768617122e+00 0.000000000000000000e+00
1.005973863850527117e+00 0.000000000000000000e+00
1.006104176213993506e+00 0.000000000000000000e+00
1.006221155875530959e+00 0.000000000000000000e+00
1.006326793403431674e+00 0.000000000000000000e+00
1.006422695834971126e+00 0.000000000000000000e+00
1.006510175371997606e+00 0.000000000000000000e+00
1.006590314488143845e+00 0.000000000000000000e+00
1.006664014463887646e+00 0.000000000000000000e+00
1.006732032076642191e+00 0.000000000000000000e+00
1.006795007691446697e+00 0.000000000000000000e+00
1.006853487019079507e+00 0.000000000000000000e+00
1.006907938149768311e+00 0.000000000000000000e+00
1.006958765019863478e+00 0.000000000000000000e+00
1.007006318155440505e+00 0.000000000000000000e+00
1.007050903315803714e+00 0.000000000000000000e+00
1.007092788501940728e+00 0.000000000000000000e+00
