1.005616252077562445e+00
1.004723164819944614e+00
1.002490446675900371e+00
1.061880749307479332e+00
1.056968769390581819e+00
1.021245279085872593e+00
9.895406814404432705e-01
9.815028961218836834e-01
1.019012560941828349e+00
9.989180976454294925e-01
1.018566017313019545e+00
1.004723164819944614e+00
9.837356142659280378e-01
9.993646412742382967e-01
1.033748500692520889e+00
9.667669563711912550e-01
1.000704272160664932e+00
9.810563524930748791e-01
1.004276621191135810e+00
1.008742057479224519e+00
1.007402426592797884e+00
1.010081688365651154e+00
1.008295513850415492e+00
1.006509339335180053e+00
1.030622695290858815e+00
1.016333299168975079e+00
9.676600436288089746e-01
9.765909162049862813e-01
1.042232829639889280e+00
1.027943433518005545e+00
9.810563524930748791e-01
9.743581980609419269e-01
1.013207493767313006e+00
9.658738691135735355e-01
9.971319231301939423e-01
1.001150815789473736e+00
9.855217887811634769e-01
9.926664868421053445e-01
9.944526613573407836e-01
9.783770907202217204e-01
9.980250103878116619e-01
9.569429965373962288e-01
9.989180976454294925e-01
9.828425270083103182e-01
1.001597359418282540e+00
9.596222583102493875e-01
1.004723164819944614e+00
1.017226386426592910e+00
9.975784667590028576e-01
9.801632652354571595e-01
9.882010505540167467e-01
1.020798735457063788e+00
1.007402426592797884e+00
9.748047416897507311e-01
9.984715540166205772e-01
9.819494397506925987e-01
9.859683324099723922e-01
9.837356142659280378e-01
1.030176151662050010e+00
1.010528231994459958e+00
9.975784667590028576e-01
9.841821578947369531e-01
9.984715540166205772e-01
9.890941378116344662e-01
9.895406814404432705e-01
1.012314406509695397e+00
9.783770907202217204e-01
9.882010505540167467e-01
1.006509339335180053e+00
9.957922922437674185e-01
9.980250103878116619e-01
9.689996745152354984e-01
1.031515782548476645e+00
1.050270614958448867e+00
1.041339742382271449e+00
1.039553567867036010e+00
1.132434642659279955e+00
1.191824945290858917e+00
1.251661791551246683e+00
1.148956756925207934e+00
1.046251722299168962e+00
1.040000111495845037e+00
1.035981218836565132e+00
1.030176151662050010e+00
1.049377527700831036e+00
1.003830077562327006e+00
1.012760950138504201e+00
9.989180976454294925e-01
1.003830077562327006e+00
1.040446655124653841e+00
1.017672930055401714e+00
9.935595740997230640e-01
1.016779842797784106e+00
1.002936990304709175e+00
9.957922922437674185e-01
9.698927617728532180e-01
9.658738691135735355e-01
1.006509339335180053e+00
9.832890706371192335e-01
1.023031453601108032e+00
9.948992049861496989e-01
1.005169708448753640e+00
9.971319231301939423e-01
9.596222583102493875e-01
9.721254799168975724e-01
1.006955882963989080e+00
9.810563524930748791e-01
1.002043903047091566e+00
1.027050346260387936e+00
1.013654037396122032e+00
9.743581980609419269e-01
1.017226386426592910e+00
9.944526613573407836e-01
1.017226386426592910e+00
1.017226386426592910e+00
9.614084328254848266e-01
9.953457486149585032e-01
1.011421319252077566e+00
1.022584909972299227e+00
9.864148760387811965e-01
9.855217887811634769e-01
9.631946073407202658e-01
9.614084328254848266e-01
1.027496889889196741e+00
9.953457486149585032e-01
1.005616252077562445e+00
1.024817628116343471e+00
9.689996745152354984e-01
1.020352191828254984e+00
1.015886755540166275e+00
1.019012560941828349e+00
9.975784667590028576e-01
9.940061177285319793e-01
1.008742057479224519e+00
9.993646412742382967e-01
1.004276621191135810e+00
1.012760950138504201e+00
1.023477997229917058e+00
1.045358635041551354e+00
1.049377527700831036e+00
1.010081688365651154e+00
1.039553567867036010e+00
1.066346185595568041e+00
1.074383970914127406e+00
1.122610682825484929e+00
1.111447092105263268e+00
1.125736488227147003e+00
1.087780279778393533e+00
1.086440648891966898e+00
1.076616689058171872e+00
1.057415313019390624e+00
1.056522225761773015e+00
1.050270614958448867e+00
1.023031453601108032e+00
1.037320849722991767e+00
1.017672930055401714e+00
1.027050346260387936e+00
1.027050346260387936e+00
1.022138366343490423e+00
1.013207493767313006e+00
9.694462181440444137e-01
1.017672930055401714e+00
1.007402426592797884e+00
1.003830077562327006e+00
1.002043903047091566e+00
1.016779842797784106e+00
9.944526613573407836e-01
1.022138366343490423e+00
1.031069238919667619e+00
9.886475941828255509e-01
1.025264171745152497e+00
1.003830077562327006e+00
9.975784667590028576e-01
1.007402426592797884e+00
1.025264171745152497e+00
1.063220380193905967e+00
9.989180976454294925e-01
9.971319231301939423e-01
9.694462181440444137e-01
1.027496889889196741e+00
1.010528231994459958e+00
9.877545069252078314e-01
1.021245279085872593e+00
9.940061177285319793e-01
9.940061177285319793e-01
1.006955882963989080e+00
9.957922922437674185e-01
1.020798735457063788e+00
9.993646412742382967e-01
1.013654037396122032e+00
9.810563524930748791e-01
9.698927617728532180e-01
9.716789362880887682e-01
9.962388358725762227e-01
1.001597359418282540e+00
1.027943433518005545e+00
1.007402426592797884e+00
1.010528231994459958e+00
9.743581980609419269e-01
9.837356142659280378e-01
1.014547124653739640e+00
1.018566017313019545e+00
9.864148760387811965e-01
9.962388358725762227e-01
1.018566017313019545e+00
9.998111849030472120e-01
1.002490446675900371e+00
1.026603802631579132e+00
9.980250103878116619e-01
9.873079632963989161e-01
1.016333299168975079e+00
9.971319231301939423e-01
9.935595740997230640e-01
9.658738691135735355e-01
1.040446655124653841e+00
9.904337686980609901e-01
1.002490446675900371e+00
9.913268559556787096e-01
1.029729608033240984e+00
9.649807818559557049e-01
1.027496889889196741e+00
9.573895401662050331e-01
9.975784667590028576e-01
1.006955882963989080e+00
1.005616252077562445e+00
1.020352191828254984e+00
1.009635144736842127e+00
1.035088131578947523e+00
1.009188601108033323e+00
9.913268559556787096e-01
1.019459104570637153e+00
9.855217887811634769e-01
9.868614196675901118e-01
9.975784667590028576e-01
1.035534675207756328e+00
9.935595740997230640e-01
9.873079632963989161e-01
1.010974775623268762e+00
1.042232829639889280e+00
1.011867862880886593e+00
9.944526613573407836e-01
9.739116544321330116e-01
1.020798735457063788e+00
9.917733995844876249e-01
1.015886755540166275e+00
9.868614196675901118e-01
9.926664868421053445e-01
9.966853795013851380e-01
1.034641587950138497e+00
9.725720235457064877e-01
1.018566017313019545e+00
9.819494397506925987e-01
1.023477997229917058e+00
9.980250103878116619e-01
9.931130304709142598e-01
9.841821578947369531e-01
1.008295513850415492e+00
9.957922922437674185e-01
1.019905648199445958e+00
1.009188601108033323e+00
1.012760950138504201e+00
1.005616252077562445e+00
1.026603802631579132e+00
1.026157259002770106e+00
9.823959833795015140e-01
1.034641587950138497e+00
9.917733995844876249e-01
1.002490446675900371e+00
1.025264171745152497e+00
1.039553567867036010e+00
1.081528668975069385e+00
1.038660480609418402e+00
1.084654474376731459e+00
1.101176588642659437e+00
1.090459541551246581e+00
1.075723601800554041e+00
1.094924977839335289e+00
1.069918534626038920e+00
1.045805178670360158e+00
1.037767393351800571e+00
1.092245716066482020e+00
1.035088131578947523e+00
1.008295513850415492e+00
1.000257728531856127e+00
1.023477997229917058e+00
1.014100581024930836e+00
1.020798735457063788e+00
1.020352191828254984e+00
9.573895401662050331e-01
1.040893198753462645e+00
9.627480637119114615e-01
1.036427762465373936e+00
1.053842963988919745e+00
1.007848970221606688e+00
9.908803123268699053e-01
1.032855413434903058e+00
1.003383533933517979e+00
1.014993668282548667e+00
1.014547124653739640e+00
1.011421319252077566e+00
1.010528231994459958e+00
9.828425270083103182e-01
1.033748500692520889e+00
1.025710715373961301e+00
9.846287015235457574e-01
9.765909162049862813e-01
1.017226386426592910e+00
9.895406814404432705e-01
9.957922922437674185e-01
1.004723164819944614e+00
9.631946073407202658e-01
1.012314406509695397e+00
9.801632652354571595e-01
1.028836520775623375e+00
1.012760950138504201e+00
9.721254799168975724e-01
9.913268559556787096e-01
1.006955882963989080e+00
1.000704272160664932e+00
9.975784667590028576e-01
1.019459104570637153e+00
1.000257728531856127e+00
9.819494397506925987e-01
9.823959833795015140e-01
1.026157259002770106e+00
1.026157259002770106e+00
9.966853795013851380e-01
1.041339742382271449e+00
1.023477997229917058e+00
9.801632652354571595e-01
1.001597359418282540e+00
1.001150815789473736e+00
1.023477997229917058e+00
9.993646412742382967e-01
9.698927617728532180e-01
9.792701779778394400e-01
9.931130304709142598e-01
1.019905648199445958e+00
1.023477997229917058e+00
1.009188601108033323e+00
9.694462181440444137e-01
9.899872250692521858e-01
9.694462181440444137e-01
1.006955882963989080e+00
9.663204127423823397e-01
9.774840034626040008e-01
1.022138366343490423e+00
1.022584909972299227e+00
1.024817628116343471e+00
1.008295513850415492e+00
1.003383533933517979e+00
9.917733995844876249e-01
9.935595740997230640e-01
1.025710715373961301e+00
1.002043903047091566e+00
9.966853795013851380e-01
9.837356142659280378e-01
1.015886755540166275e+00
1.048037896814404624e+00
1.062327292936288137e+00
1.016333299168975079e+00
1.018119473684210519e+00
1.019905648199445958e+00
9.882010505540167467e-01
1.004276621191135810e+00
1.022138366343490423e+00
9.953457486149585032e-01
1.027050346260387936e+00
1.019905648199445958e+00
9.989180976454294925e-01
1.027496889889196741e+00
9.882010505540167467e-01
1.010081688365651154e+00
9.801632652354571595e-01
9.877545069252078314e-01
1.035981218836565132e+00
1.007402426592797884e+00
1.004276621191135810e+00
9.823959833795015140e-01
9.966853795013851380e-01
1.059648031163435089e+00
1.001597359418282540e+00
1.023477997229917058e+00
1.002490446675900371e+00
1.032855413434903058e+00
1.020352191828254984e+00
1.010974775623268762e+00
1.011867862880886593e+00
9.980250103878116619e-01
1.057415313019390624e+00
1.030176151662050010e+00
9.841821578947369531e-01
1.035088131578947523e+00
1.006955882963989080e+00
9.971319231301939423e-01
1.019012560941828349e+00
1.017226386426592910e+00
1.035981218836565132e+00
1.048930984072022232e+00
1.023924540858725862e+00
1.022138366343490423e+00
1.026603802631579132e+00
1.039107024238227206e+00
1.054289507617728550e+00
1.052503333102493110e+00
1.040446655124653841e+00
1.032855413434903058e+00
1.055182594875346380e+00
1.028389977146814571e+00
1.019012560941828349e+00
1.053842963988919745e+00
1.016779842797784106e+00
1.032408869806094254e+00
1.029283064404432180e+00
1.034641587950138497e+00
1.002043903047091566e+00
9.944526613573407836e-01
1.034195044321329693e+00
1.021691822714681619e+00
9.948992049861496989e-01
9.944526613573407836e-01
1.014993668282548667e+00
1.001597359418282540e+00
9.801632652354571595e-01
1.008742057479224519e+00
1.051610245844875502e+00
1.014547124653739640e+00
9.931130304709142598e-01
1.006062795706371249e+00
9.658738691135735355e-01
1.013207493767313006e+00
1.002043903047091566e+00
1.040893198753462645e+00
1.010081688365651154e+00
9.940061177285319793e-01
9.984715540166205772e-01
9.466724930747922873e-01
9.966853795013851380e-01
9.940061177285319793e-01
1.005169708448753640e+00
9.989180976454294925e-01
1.011421319252077566e+00
1.013654037396122032e+00
1.015886755540166275e+00
1.022584909972299227e+00
1.048484440443213428e+00
9.850752451523546727e-01
9.953457486149585032e-01
9.828425270083103182e-01
1.009188601108033323e+00
1.009635144736842127e+00
9.975784667590028576e-01
9.895406814404432705e-01
9.756978289473684507e-01
1.023924540858725862e+00
1.025710715373961301e+00
9.935595740997230640e-01
9.587291710526316679e-01
1.002043903047091566e+00
1.002490446675900371e+00
1.022138366343490423e+00
1.005169708448753640e+00
9.913268559556787096e-01
9.841821578947369531e-01
1.001150815789473736e+00
1.010974775623268762e+00
9.788236343490305247e-01
1.006955882963989080e+00
1.003830077562327006e+00
1.008295513850415492e+00
1.023477997229917058e+00
1.001150815789473736e+00
9.806098088642659638e-01
1.006955882963989080e+00
1.026157259002770106e+00
1.007402426592797884e+00
9.721254799168975724e-01
9.966853795013851380e-01
9.993646412742382967e-01
1.018566017313019545e+00
1.002490446675900371e+00
1.035088131578947523e+00
1.001150815789473736e+00
9.752512853185596464e-01
1.018566017313019545e+00
1.008295513850415492e+00
1.035981218836565132e+00
1.022584909972299227e+00
9.993646412742382967e-01
9.971319231301939423e-01
1.018566017313019545e+00
1.015440211911357471e+00
1.001597359418282540e+00
9.935595740997230640e-01
9.877545069252078314e-01
9.993646412742382967e-01
1.022584909972299227e+00
1.000257728531856127e+00
1.042679373268698084e+00
9.922199432132964292e-01
9.797167216066482442e-01
1.003830077562327006e+00
9.895406814404432705e-01
1.024817628116343471e+00
1.032855413434903058e+00
1.009188601108033323e+00
1.015886755540166275e+00
1.001597359418282540e+00
9.895406814404432705e-01
9.908803123268699053e-01
1.001150815789473736e+00
1.002490446675900371e+00
1.027496889889196741e+00
1.004276621191135810e+00
9.971319231301939423e-01
1.000257728531856127e+00
1.014993668282548667e+00
9.931130304709142598e-01
1.007402426592797884e+00
1.008742057479224519e+00
9.948992049861496989e-01
9.882010505540167467e-01
9.890941378116344662e-01
1.024371084487534667e+00
9.837356142659280378e-01
9.859683324099723922e-01
1.006509339335180053e+00
1.014100581024930836e+00
9.846287015235457574e-01
9.984715540166205772e-01
9.779305470914128051e-01
1.049377527700831036e+00
9.890941378116344662e-01
9.631946073407202658e-01
1.006509339335180053e+00
9.698927617728532180e-01
1.046251722299168962e+00
1.027496889889196741e+00
9.685531308864266942e-01
9.957922922437674185e-01
9.962388358725762227e-01
1.019459104570637153e+00
9.917733995844876249e-01
9.435466876731303243e-01
1.017672930055401714e+00
9.788236343490305247e-01
9.886475941828255509e-01
9.948992049861496989e-01
9.940061177285319793e-01
1.005616252077562445e+00
1.039107024238227206e+00
9.810563524930748791e-01
1.015886755540166275e+00
1.031962326177285449e+00
9.908803123268699053e-01
9.694462181440444137e-01
1.015440211911357471e+00
1.012760950138504201e+00
1.024371084487534667e+00
9.962388358725762227e-01
9.841821578947369531e-01
1.016333299168975079e+00
1.008742057479224519e+00
9.975784667590028576e-01
1.015886755540166275e+00
1.006509339335180053e+00
1.006509339335180053e+00
9.797167216066482442e-01
9.658738691135735355e-01
1.014547124653739640e+00
9.873079632963989161e-01
1.008295513850415492e+00
9.823959833795015140e-01
1.044019004155124719e+00
1.017672930055401714e+00
1.000704272160664932e+00
9.801632652354571595e-01
9.801632652354571595e-01
1.008742057479224519e+00
9.980250103878116619e-01
1.024817628116343471e+00
9.998111849030472120e-01
9.922199432132964292e-01
9.971319231301939423e-01
1.001597359418282540e+00
9.899872250692521858e-01
9.913268559556787096e-01
9.846287015235457574e-01
1.010528231994459958e+00
1.009635144736842127e+00
9.957922922437674185e-01
1.022584909972299227e+00
1.010081688365651154e+00
9.935595740997230640e-01
9.998111849030472120e-01
9.815028961218836834e-01
1.023477997229917058e+00
1.024817628116343471e+00
1.003383533933517979e+00
9.832890706371192335e-01
9.841821578947369531e-01
9.886475941828255509e-01
9.752512853185596464e-01
1.004723164819944614e+00
9.698927617728532180e-01
1.011421319252077566e+00
9.672135000000000593e-01
9.953457486149585032e-01
1.015886755540166275e+00
9.886475941828255509e-01
1.004276621191135810e+00
9.837356142659280378e-01
9.975784667590028576e-01
1.031515782548476645e+00
1.087780279778393533e+00
1.039107024238227206e+00
9.993646412742382967e-01
1.022584909972299227e+00
1.023477997229917058e+00
9.980250103878116619e-01
9.998111849030472120e-01
9.899872250692521858e-01
1.024371084487534667e+00
9.797167216066482442e-01
1.007848970221606688e+00
1.039553567867036010e+00
1.018119473684210519e+00
9.890941378116344662e-01
1.023924540858725862e+00
1.023924540858725862e+00
1.011421319252077566e+00
9.868614196675901118e-01
1.009635144736842127e+00
1.023477997229917058e+00
1.021691822714681619e+00
9.989180976454294925e-01
1.008295513850415492e+00
9.873079632963989161e-01
9.989180976454294925e-01
9.752512853185596464e-01
9.873079632963989161e-01
9.886475941828255509e-01
1.012314406509695397e+00
9.855217887811634769e-01
9.819494397506925987e-01
9.864148760387811965e-01
9.806098088642659638e-01
1.002936990304709175e+00
9.882010505540167467e-01
1.009635144736842127e+00
1.012760950138504201e+00
9.922199432132964292e-01
1.054736051246537576e+00
1.008295513850415492e+00
1.004723164819944614e+00
1.032408869806094254e+00
1.028836520775623375e+00
1.006955882963989080e+00
9.962388358725762227e-01
9.819494397506925987e-01
1.006062795706371249e+00
1.028389977146814571e+00
1.020352191828254984e+00
1.002490446675900371e+00
9.904337686980609901e-01
1.021245279085872593e+00
1.006062795706371249e+00
1.022584909972299227e+00
1.026603802631579132e+00
1.029729608033240984e+00
1.065453098337950211e+00
9.975784667590028576e-01
9.948992049861496989e-01
9.645342382271469006e-01
9.908803123268699053e-01
9.859683324099723922e-01
9.828425270083103182e-01
1.053396420360110941e+00
9.748047416897507311e-01
1.005169708448753640e+00
9.971319231301939423e-01
1.017672930055401714e+00
9.984715540166205772e-01
1.020798735457063788e+00
1.002936990304709175e+00
1.034195044321329693e+00
9.859683324099723922e-01
1.031962326177285449e+00
9.984715540166205772e-01
1.022584909972299227e+00
1.019012560941828349e+00
9.841821578947369531e-01
9.752512853185596464e-01
9.998111849030472120e-01
9.712323926592798529e-01
1.039107024238227206e+00
1.019012560941828349e+00
1.024371084487534667e+00
1.046251722299168962e+00
9.631946073407202658e-01
9.926664868421053445e-01
1.015886755540166275e+00
1.035088131578947523e+00
1.004276621191135810e+00
1.017672930055401714e+00
9.774840034626040008e-01
9.935595740997230640e-01
1.016779842797784106e+00
9.855217887811634769e-01
1.002490446675900371e+00
9.636411509695291810e-01
1.038213936980609597e+00
9.922199432132964292e-01
1.011867862880886593e+00
1.018119473684210519e+00
1.030176151662050010e+00
1.038213936980609597e+00
9.698927617728532180e-01
9.846287015235457574e-01
9.989180976454294925e-01
1.005616252077562445e+00
9.935595740997230640e-01
1.008295513850415492e+00
9.868614196675901118e-01
1.021245279085872593e+00
1.032408869806094254e+00
1.017672930055401714e+00
9.788236343490305247e-01
1.034195044321329693e+00
1.016779842797784106e+00
9.895406814404432705e-01
1.010528231994459958e+00
9.877545069252078314e-01
1.016333299168975079e+00
9.931130304709142598e-01
9.989180976454294925e-01
1.063220380193905967e+00
1.027050346260387936e+00
1.027943433518005545e+00
1.026603802631579132e+00
1.024817628116343471e+00
9.873079632963989161e-01
1.059201487534626063e+00
1.064113467451523576e+00
1.017226386426592910e+00
1.013207493767313006e+00
1.042232829639889280e+00
1.029729608033240984e+00
1.014547124653739640e+00
1.023031453601108032e+00
1.032408869806094254e+00
1.035534675207756328e+00
1.037320849722991767e+00
1.019905648199445958e+00
1.007848970221606688e+00
1.035981218836565132e+00
1.020352191828254984e+00
9.980250103878116619e-01
1.048484440443213428e+00
1.017672930055401714e+00
1.045358635041551354e+00
9.801632652354571595e-01
9.904337686980609901e-01
1.035981218836565132e+00
1.054736051246537576e+00
1.007848970221606688e+00
1.034195044321329693e+00
9.953457486149585032e-01
9.953457486149585032e-01
1.022138366343490423e+00
9.743581980609419269e-01
1.028389977146814571e+00
9.663204127423823397e-01
1.050717158587257671e+00
9.832890706371192335e-01
9.890941378116344662e-01
9.931130304709142598e-01
1.002490446675900371e+00
1.014100581024930836e+00
1.006955882963989080e+00
1.011421319252077566e+00
1.021691822714681619e+00
9.663204127423823397e-01
9.828425270083103182e-01
9.953457486149585032e-01
9.859683324099723922e-01
1.009635144736842127e+00
1.047144809556786793e+00
9.823959833795015140e-01
9.984715540166205772e-01
1.037320849722991767e+00
9.640876945983379853e-01
9.672135000000000593e-01
1.010081688365651154e+00
1.003383533933517979e+00
1.001597359418282540e+00
9.984715540166205772e-01
1.010081688365651154e+00
9.859683324099723922e-01
9.797167216066482442e-01
1.007848970221606688e+00
1.010081688365651154e+00
9.859683324099723922e-01
1.010081688365651154e+00
1.018119473684210519e+00
9.623015200831025462e-01
9.993646412742382967e-01
1.012760950138504201e+00
9.984715540166205772e-01
9.774840034626040008e-01
1.006955882963989080e+00
9.681065872576177789e-01
9.873079632963989161e-01
1.023924540858725862e+00
1.018566017313019545e+00
1.008295513850415492e+00
9.752512853185596464e-01
9.931130304709142598e-01
9.859683324099723922e-01
1.006509339335180053e+00
