8.210395693923663307e-01
-2.065219819108401098e-18
7.077706585639241821e-01
-3.294660193873183185e-17
4.355935994653103438e-01
5.863128238176174986e-17
1.592213155726848461e-01
-4.528486952610239078e-17
-2.272554803141421664e-02
-5.345635311921696012e-17
-6.444377429138509195e-01
-8.780283597650529739e-18
-8.096460553573111563e-01
-3.727538340727841199e-03
-8.096460553573107122e-01
3.727538340727789157e-03
-3.316782726553977878e-01
-1.000999008809652646e-02
-3.316782726553977323e-01
1.000999008809653340e-02
