9.999596499999999777e-01
1.000030900000000056e+00
1.000368479999999893e+00
1.000147270000000033e+00
1.000145899999999921e+00
1.000009710000000052e+00
1.000004090000000012e+00
1.000072429999999901e+00
1.000391290000000044e+00
1.000105760000000066e+00
9.999602300000000055e-01
1.000078500000000092e+00
1.000193789999999971e+00
9.999400999999999984e-01
1.000185169999999957e+00
1.000156980000000084e+00
1.000341799999999948e+00
1.000135089999999893e+00
1.000049119999999903e+00
1.000035840000000009e+00
1.000058930000000013e+00
1.000185080000000060e+00
1.000174969999999997e+00
1.000318400000000052e+00
1.000156409999999996e+00
1.000199910000000081e+00
1.000298450000000061e+00
1.000115160000000003e+00
1.000284100000000009e+00
1.000117520000000093e+00
1.000113019999999908e+00
1.000274689999999911e+00
1.000160189999999893e+00
1.000068799999999980e+00
9.999850700000000314e-01
1.000064669999999989e+00
1.000151840000000014e+00
1.000045489999999981e+00
1.000076579999999993e+00
1.000208320000000040e+00
1.000194589999999994e+00
1.000394479999999975e+00
1.000148269999999950e+00
1.000240030000000058e+00
1.000381760000000009e+00
1.000232280000000085e+00
1.000368039999999903e+00
1.000398069999999917e+00
1.000246460000000059e+00
1.000159449999999950e+00
1.000343030000000022e+00
1.000106740000000105e+00
1.000114629999999893e+00
1.000395139999999961e+00
1.000260530000000037e+00
1.000212930000000000e+00
1.000256510000000043e+00
1.000389530000000082e+00
1.000252780000000064e+00
1.000182480000000096e+00
1.000191440000000043e+00
1.000427979999999994e+00
1.000349380000000066e+00
1.000456819999999913e+00
1.000209649999999950e+00
1.000364880000000012e+00
1.000275150000000002e+00
1.000526210000000082e+00
1.000405619999999995e+00
1.000347969999999975e+00
1.000320279999999951e+00
1.000519439999999927e+00
1.000296220000000069e+00
1.000504520000000008e+00
1.000351540000000039e+00
1.000297299999999945e+00
1.000473729999999950e+00
1.000674389999999914e+00
1.000612030000000097e+00
1.000584689999999943e+00
1.000727479999999892e+00
1.000651670000000104e+00
1.000610540000000048e+00
1.000662909999999961e+00
1.000817150000000044e+00
1.000744620000000085e+00
1.000835609999999987e+00
1.001242420000000077e+00
1.001079000000000052e+00
1.001339210000000035e+00
1.001548880000000086e+00
1.001610850000000053e+00
1.001966150000000111e+00
1.002378929999999890e+00
1.002863410000000011e+00
1.003834099999999951e+00
1.005311190000000021e+00
1.007541369999999992e+00
1.011538899999999908e+00
1.019850039999999902e+00
1.039023819999999931e+00
1.082209030000000016e+00
1.093668319999999916e+00
1.047524710000000026e+00
1.023171290000000067e+00
1.012947150000000018e+00
1.008272209999999891e+00
1.005845150000000077e+00
1.004150129999999974e+00
1.003478660000000078e+00
1.002661110000000022e+00
1.002179729999999935e+00
1.001874490000000062e+00
1.001656789999999964e+00
1.001437740000000076e+00
1.001244110000000020e+00
1.000940020000000041e+00
1.001046609999999948e+00
1.000859359999999976e+00
1.000624179999999974e+00
1.000785019999999914e+00
1.000973300000000066e+00
1.000778790000000029e+00
1.000784230000000052e+00
1.000874330000000034e+00
1.000667919999999933e+00
1.000722850000000053e+00
1.000613690000000000e+00
1.000704529999999925e+00
1.000484549999999917e+00
1.000734119999999949e+00
1.000491819999999921e+00
1.000478229999999913e+00
1.000584230000000074e+00
1.000512779999999990e+00
1.000503340000000074e+00
1.000459310000000102e+00
1.000598199999999993e+00
1.000604840000000051e+00
1.000707680000000099e+00
1.000573680000000021e+00
1.000558290000000072e+00
1.000550760000000095e+00
1.000633160000000021e+00
1.000398740000000064e+00
1.000694500000000042e+00
1.000608869999999984e+00
1.000530410000000092e+00
1.000307199999999952e+00
1.000554149999999920e+00
1.000616519999999898e+00
1.000552930000000007e+00
1.000485180000000085e+00
1.000483189999999967e+00
1.000459669999999912e+00
1.000457659999999915e+00
1.000545669999999943e+00
1.000680680000000100e+00
1.000503230000000077e+00
1.000653779999999937e+00
1.000547580000000103e+00
1.000783870000000020e+00
1.000564070000000028e+00
1.000694720000000038e+00
1.000772199999999890e+00
1.000431950000000070e+00
1.000693419999999945e+00
1.000705799999999979e+00
1.000816879999999909e+00
1.000710949999999988e+00
1.000845439999999975e+00
1.000591769999999991e+00
1.000583779999999923e+00
1.000695619999999897e+00
1.000856210000000024e+00
1.000974580000000058e+00
1.000629610000000058e+00
1.000842390000000082e+00
1.000814969999999970e+00
1.000764800000000010e+00
1.000981750000000003e+00
1.000887789999999944e+00
1.000772170000000072e+00
1.000929540000000006e+00
1.000901180000000057e+00
1.001042549999999975e+00
1.000862520000000089e+00
1.001088839999999980e+00
1.000947800000000054e+00
1.001063800000000059e+00
1.001149520000000015e+00
1.000963739999999991e+00
1.001232260000000096e+00
1.001168099999999894e+00
1.001404050000000101e+00
1.001302219999999910e+00
1.001313450000000049e+00
1.001439160000000106e+00
1.001456789999999986e+00
1.001498739999999943e+00
1.001483939999999961e+00
1.001579430000000048e+00
1.001816999999999958e+00
1.001739209999999991e+00
1.001742729999999915e+00
1.001798790000000050e+00
1.001738599999999924e+00
1.001969000000000110e+00
1.002145010000000003e+00
1.002124149999999991e+00
1.002216819999999897e+00
1.002479160000000036e+00
1.002374740000000042e+00
1.002483180000000029e+00
1.002683489999999900e+00
1.002881909999999932e+00
1.003004479999999976e+00
1.002920009999999973e+00
1.003205130000000000e+00
1.003621670000000021e+00
1.003756679999999957e+00
1.003720490000000076e+00
1.004051459999999896e+00
1.004196169999999944e+00
1.004763099999999909e+00
1.004879950000000077e+00
1.005329920000000099e+00
1.005625680000000077e+00
1.006005870000000080e+00
1.006803429999999944e+00
1.007214210000000110e+00
1.007806849999999921e+00
1.008609599999999995e+00
1.009160779999999979e+00
1.010190970000000021e+00
1.011118289999999975e+00
1.012470179999999997e+00
1.013861860000000004e+00
1.015747210000000011e+00
1.017754969999999926e+00
1.020496169999999925e+00
1.023281979999999924e+00
1.027003639999999995e+00
1.031650769999999939e+00
1.037558669999999905e+00
1.045031320000000097e+00
1.054948900000000078e+00
1.067894569999999987e+00
1.084407770000000104e+00
1.106605499999999909e+00
1.133957749999999987e+00
1.164994089999999982e+00
1.194104599999999961e+00
1.210594390000000020e+00
1.205583869999999891e+00
1.182527759999999928e+00
1.151395780000000091e+00
1.121298169999999983e+00
1.096432180000000089e+00
1.076901909999999907e+00
1.061992349999999918e+00
1.050518800000000086e+00
1.041755140000000024e+00
1.034791049999999935e+00
1.029782060000000055e+00
1.025260599999999966e+00
1.022025460000000052e+00
1.019351239999999992e+00
1.016908839999999925e+00
1.014819149999999892e+00
1.013134509999999988e+00
1.011988789999999971e+00
1.010762919999999898e+00
1.009762999999999966e+00
1.008884660000000100e+00
1.008103259999999946e+00
1.007571350000000088e+00
1.006916970000000022e+00
1.006387649999999967e+00
1.005925689999999983e+00
1.005575019999999986e+00
1.005060349999999936e+00
1.004811019999999999e+00
1.004463399999999895e+00
1.004227540000000030e+00
1.003936130000000038e+00
1.003718000000000110e+00
1.003545130000000007e+00
1.003556619999999899e+00
1.003184730000000080e+00
1.002967979999999981e+00
1.002914920000000043e+00
1.002760209999999930e+00
1.002567900000000067e+00
1.002450580000000091e+00
1.002530209999999977e+00
1.002113000000000032e+00
1.002256969999999914e+00
1.002007599999999998e+00
1.002008699999999974e+00
1.002166050000000030e+00
1.001732319999999898e+00
1.001803559999999926e+00
1.001761590000000091e+00
1.001599810000000090e+00
1.001728530000000061e+00
1.001653979999999944e+00
1.001376910000000064e+00
1.001394530000000005e+00
1.001412650000000015e+00
1.001219190000000037e+00
1.001211779999999996e+00
1.001286469999999929e+00
1.001281370000000059e+00
1.001133220000000046e+00
1.001333309999999921e+00
1.001175219999999921e+00
1.001083100000000004e+00
1.001021809999999901e+00
1.001196739999999918e+00
1.001075949999999937e+00
1.001017789999999907e+00
1.001108260000000083e+00
1.001006639999999948e+00
1.000900700000000088e+00
1.000882150000000026e+00
1.000847360000000075e+00
1.000806040000000063e+00
1.000801899999999911e+00
1.001070759999999948e+00
1.000910640000000074e+00
1.001050070000000014e+00
1.000881450000000061e+00
1.000593819999999967e+00
1.000817319999999899e+00
1.000850770000000001e+00
1.000773789999999996e+00
1.000703050000000038e+00
1.000732280000000030e+00
1.000784399999999907e+00
1.000736550000000058e+00
1.000495069999999931e+00
1.000621289999999997e+00
1.000572350000000110e+00
1.000704870000000080e+00
1.000762589999999896e+00
1.000627359999999966e+00
1.000532269999999890e+00
1.000635940000000002e+00
1.000502830000000065e+00
1.000581029999999982e+00
1.000685880000000028e+00
1.000607419999999914e+00
1.000664760000000042e+00
1.000716179999999955e+00
1.000493049999999995e+00
1.000571270000000013e+00
1.000747480000000023e+00
1.000660050000000023e+00
1.000628180000000089e+00
1.000577480000000019e+00
1.000719850000000077e+00
1.000519710000000062e+00
1.000551540000000017e+00
1.000478119999999915e+00
1.000590679999999955e+00
1.000581039999999922e+00
1.000592930000000047e+00
1.000303509999999951e+00
1.000393279999999940e+00
1.000611729999999922e+00
1.000461030000000084e+00
1.000420359999999897e+00
1.000307169999999912e+00
1.000527699999999909e+00
1.000574550000000063e+00
1.000647499999999912e+00
1.000383199999999917e+00
1.000599089999999913e+00
1.000539440000000058e+00
1.000572840000000019e+00
1.000334920000000016e+00
1.000648779999999904e+00
1.000637750000000104e+00
1.000481179999999970e+00
1.000590700000000055e+00
1.000470259999999945e+00
1.000371509999999908e+00
1.000471600000000016e+00
1.000443439999999962e+00
1.000359989999999977e+00
1.000537350000000103e+00
1.000546410000000108e+00
1.000486540000000035e+00
1.000367419999999896e+00
1.000402760000000058e+00
1.000433370000000100e+00
1.000528389999999934e+00
1.000484130000000027e+00
1.000407899999999906e+00
1.000395080000000103e+00
1.000610570000000088e+00
1.000325219999999904e+00
1.000443519999999920e+00
1.000490969999999979e+00
1.000338530000000059e+00
1.000504920000000020e+00
1.000393110000000085e+00
1.000354900000000047e+00
1.000399709999999942e+00
1.000431379999999981e+00
1.000396419999999953e+00
1.000400930000000077e+00
1.000446380000000079e+00
1.000444380000000022e+00
1.000418709999999933e+00
1.000419050000000087e+00
1.000488480000000013e+00
1.000471080000000068e+00
1.000588999999999951e+00
1.000532360000000009e+00
1.000404290000000085e+00
1.000430469999999961e+00
1.000388470000000085e+00
1.000399910000000059e+00
1.000542169999999897e+00
1.000283349999999905e+00
1.000316870000000025e+00
1.000350169999999927e+00
1.000453089999999934e+00
1.000320239999999972e+00
1.000313180000000024e+00
1.000373979999999996e+00
1.000163080000000093e+00
1.000492390000000009e+00
1.000518699999999983e+00
1.000432879999999969e+00
1.000373189999999912e+00
1.000588770000000016e+00
1.000519219999999931e+00
1.000379880000000110e+00
1.000510790000000094e+00
1.000371550000000109e+00
1.000546720000000001e+00
1.000390590000000079e+00
1.000449530000000031e+00
1.000591549999999996e+00
1.000499000000000027e+00
1.000493840000000079e+00
1.000443559999999898e+00
1.000419050000000087e+00
1.000568560000000051e+00
1.000266450000000029e+00
1.000396190000000018e+00
1.000508890000000095e+00
1.000433359999999938e+00
1.000411530000000049e+00
1.000663979999999897e+00
1.000602800000000014e+00
1.000452480000000088e+00
1.000657860000000010e+00
1.000435359999999996e+00
1.000604180000000065e+00
1.000511270000000064e+00
1.000404010000000010e+00
1.000537110000000007e+00
1.000515999999999961e+00
1.000338670000000096e+00
1.000578900000000049e+00
1.000507360000000068e+00
1.000448610000000071e+00
1.000530410000000092e+00
1.000572550000000005e+00
1.000372269999999952e+00
1.000533820000000018e+00
1.000501700000000049e+00
1.000438209999999994e+00
1.000450199999999956e+00
1.000445400000000040e+00
1.000733740000000038e+00
1.000545280000000092e+00
1.000518739999999962e+00
1.000380409999999998e+00
1.000426210000000093e+00
1.000536789999999954e+00
1.000589439999999941e+00
1.000437119999999958e+00
1.000494210000000050e+00
1.000583290000000014e+00
1.000482890000000014e+00
1.000419490000000078e+00
1.000577309999999942e+00
1.000513809999999948e+00
1.000424140000000017e+00
1.000504140000000097e+00
1.000697759999999992e+00
1.000444609999999956e+00
1.000575070000000011e+00
1.000429100000000071e+00
1.000576410000000083e+00
1.000594119999999920e+00
1.000555469999999891e+00
1.000540640000000092e+00
1.000620229999999999e+00
1.000671799999999889e+00
1.000537950000000009e+00
1.000560740000000060e+00
1.000706620000000102e+00
1.000593559999999993e+00
1.000539819999999969e+00
1.000437119999999958e+00
1.000692600000000043e+00
1.000628080000000031e+00
1.000511039999999907e+00
1.000653870000000056e+00
1.000583599999999906e+00
1.000712110000000044e+00
1.000744269999999991e+00
1.000848449999999890e+00
1.000630469999999939e+00
1.000746609999999981e+00
1.000869369999999980e+00
1.000662299999999894e+00
1.000778729999999950e+00
1.000613959999999913e+00
1.000769060000000099e+00
1.000672589999999973e+00
1.001003230000000022e+00
1.000560319999999948e+00
1.000570420000000071e+00
1.000851069999999954e+00
1.000888409999999951e+00
1.000862209999999974e+00
1.000773310000000027e+00
1.000828620000000058e+00
1.000894979999999990e+00
1.000930960000000036e+00
1.000909100000000107e+00
1.000804349999999898e+00
1.001015489999999897e+00
1.000997200000000031e+00
1.000901959999999979e+00
1.001065890000000014e+00
1.000876740000000042e+00
1.000949850000000030e+00
1.000978039999999902e+00
1.001005249999999958e+00
1.000834049999999920e+00
1.000966379999999933e+00
1.001236800000000038e+00
1.000993959999999960e+00
1.000871590000000033e+00
1.001131079999999951e+00
1.001227059999999947e+00
1.001146340000000023e+00
1.001035499999999967e+00
1.001110050000000085e+00
1.001198030000000072e+00
1.001040509999999939e+00
1.001176950000000065e+00
1.001319740000000014e+00
1.001271299999999975e+00
1.001389550000000073e+00
1.001484430000000092e+00
1.001357150000000029e+00
1.001133529999999938e+00
1.001367829999999959e+00
1.001382580000000022e+00
1.001550029999999980e+00
1.001511089999999937e+00
1.001510710000000026e+00
1.001832920000000016e+00
1.001391249999999955e+00
1.001466860000000070e+00
1.001671680000000064e+00
1.001605239999999952e+00
1.001704949999999927e+00
1.001745260000000082e+00
1.001861389999999963e+00
1.001746449999999955e+00
1.001798890000000108e+00
1.001851679999999911e+00
1.001902419999999960e+00
1.002024009999999965e+00
1.001862419999999920e+00
1.002162030000000037e+00
1.002247810000000072e+00
1.002294669999999943e+00
1.002232149999999988e+00
1.002382429999999935e+00
1.002511190000000108e+00
1.002328920000000068e+00
1.002339740000000035e+00
1.002603899999999992e+00
1.002821650000000009e+00
1.002659310000000081e+00
1.002800549999999902e+00
1.003060300000000016e+00
1.002959039999999913e+00
1.003203449999999997e+00
1.003344070000000032e+00
1.003383970000000014e+00
1.003679580000000016e+00
1.003507020000000027e+00
1.003933329999999957e+00
1.003997280000000103e+00
1.004192600000000102e+00
1.004407419999999940e+00
1.004537089999999910e+00
1.004684029999999950e+00
1.004998520000000006e+00
1.005174369999999984e+00
1.005538849999999984e+00
1.005712319999999993e+00
1.006002779999999985e+00
1.006446460000000043e+00
1.006888870000000047e+00
1.007382889999999920e+00
1.007540639999999987e+00
1.008154350000000088e+00
1.008688140000000066e+00
1.009329710000000047e+00
1.009725809999999946e+00
1.010868300000000053e+00
1.011400700000000041e+00
1.012413529999999895e+00
1.013586990000000077e+00
1.014974279999999895e+00
1.016595960000000076e+00
1.018284509999999976e+00
1.020261929999999984e+00
1.022884549999999892e+00
1.025633019999999895e+00
1.029050000000000020e+00
1.033396839999999983e+00
1.037998149999999953e+00
1.044143309999999936e+00
1.050885309999999961e+00
1.058308330000000019e+00
1.066156770000000087e+00
1.072704209999999936e+00
1.077290749999999964e+00
1.079039950000000081e+00
1.077649819999999981e+00
1.074451389999999895e+00
1.070520700000000103e+00
1.067115590000000003e+00
1.064588089999999987e+00
1.063884819999999953e+00
1.064772199999999946e+00
1.067497860000000021e+00
1.071704729999999994e+00
1.078092140000000088e+00
1.086059440000000098e+00
1.096383909999999906e+00
1.107939449999999937e+00
1.120905309999999933e+00
1.133235109999999990e+00
1.143457230000000102e+00
1.149270089999999911e+00
1.149253000000000080e+00
1.143244520000000097e+00
1.132518759999999958e+00
1.119557209999999969e+00
1.104984329999999959e+00
1.091430190000000078e+00
1.079050379999999976e+00
1.068274539999999995e+00
1.059417779999999976e+00
1.051773590000000036e+00
1.045228590000000013e+00
1.039727599999999974e+00
1.035191179999999989e+00
1.031384730000000083e+00
1.028146830000000067e+00
1.025147679999999895e+00
1.022669220000000045e+00
1.020576659999999913e+00
1.018807320000000072e+00
1.017290449999999957e+00
1.015837279999999954e+00
1.014664170000000087e+00
1.013491829999999982e+00
1.012581959999999892e+00
1.011702869999999921e+00
1.010916310000000040e+00
1.010245319999999891e+00
1.009527559999999990e+00
1.008738949999999912e+00
1.008602250000000033e+00
1.007964469999999890e+00
1.007647689999999985e+00
1.007222709999999966e+00
1.006841520000000045e+00
1.006462860000000070e+00
1.006114249999999988e+00
1.005613960000000029e+00
1.005732960000000009e+00
1.005313080000000081e+00
1.005217239999999901e+00
1.005008370000000095e+00
1.004737180000000007e+00
1.004561309999999930e+00
1.004330120000000104e+00
1.004368390000000000e+00
1.003875829999999914e+00
1.004031869999999937e+00
1.003931310000000021e+00
1.003894099999999900e+00
1.003596490000000063e+00
1.003599179999999924e+00
1.003385699999999936e+00
1.003166580000000030e+00
1.003098980000000084e+00
1.003044290000000061e+00
1.002948790000000034e+00
1.002868810000000055e+00
1.002763520000000019e+00
1.002802519999999920e+00
1.002732659999999942e+00
1.002684850000000072e+00
1.002530949999999921e+00
1.002554219999999940e+00
1.002258300000000046e+00
1.002522879999999894e+00
1.002217609999999981e+00
1.002326920000000010e+00
1.002332510000000010e+00
1.002219270000000106e+00
1.002169759999999910e+00
1.002093050000000041e+00
1.002042110000000097e+00
1.002045379999999986e+00
1.002238909999999983e+00
1.002031560000000043e+00
1.002095380000000091e+00
1.002004139999999932e+00
1.001964829999999917e+00
1.001854159999999938e+00
1.001825320000000019e+00
1.001840379999999975e+00
1.001956489999999977e+00
1.001906839999999965e+00
1.001838329999999999e+00
1.001897309999999930e+00
1.001804700000000103e+00
1.001727129999999910e+00
1.001566720000000021e+00
1.001633339999999928e+00
1.001619409999999988e+00
1.001617449999999909e+00
1.001718490000000017e+00
1.001521349999999977e+00
1.001605939999999917e+00
1.001590460000000071e+00
1.001545979999999947e+00
1.001408510000000085e+00
1.001485420000000071e+00
1.001538049999999958e+00
1.001513869999999917e+00
1.001686660000000062e+00
1.001520320000000019e+00
1.001616639999999947e+00
1.001551789999999942e+00
1.001518150000000107e+00
1.001510160000000038e+00
1.001696300000000095e+00
1.001735080000000000e+00
1.001565030000000078e+00
1.001672129999999994e+00
1.001552420000000110e+00
1.001599970000000006e+00
1.001383869999999954e+00
1.001501519999999923e+00
1.001457320000000095e+00
1.001505180000000106e+00
1.001472429999999969e+00
1.001518219999999904e+00
1.001533720000000072e+00
1.001787070000000002e+00
1.001526429999999968e+00
1.001688399999999923e+00
1.001706889999999905e+00
1.001593670000000103e+00
1.001684959999999958e+00
1.001816800000000063e+00
1.001639919999999906e+00
1.001620759999999999e+00
1.001732110000000064e+00
1.001615060000000001e+00
1.001477670000000098e+00
1.001661700000000099e+00
1.001986110000000041e+00
1.001675529999999981e+00
1.001815289999999914e+00
1.001833219999999969e+00
1.001898530000000065e+00
1.001906430000000015e+00
1.002057119999999912e+00
1.001997290000000040e+00
1.001935140000000057e+00
1.002187649999999985e+00
1.002013250000000077e+00
1.002202700000000002e+00
1.002145120000000000e+00
1.002160310000000054e+00
1.002218169999999908e+00
1.002352350000000003e+00
1.002317660000000110e+00
1.002468579999999942e+00
1.002295729999999940e+00
1.002635340000000097e+00
1.002537769999999995e+00
1.002663630000000028e+00
1.002747199999999950e+00
1.002879910000000097e+00
1.002883549999999957e+00
1.003019820000000006e+00
1.003303370000000028e+00
1.003270619999999891e+00
1.003458280000000036e+00
1.003659730000000083e+00
1.003740410000000027e+00
1.003876049999999909e+00
1.004145159999999981e+00
1.004352499999999981e+00
1.004522249999999950e+00
1.004683540000000042e+00
1.005079810000000018e+00
1.005469670000000093e+00
1.005988579999999910e+00
1.006069139999999917e+00
1.006562549999999945e+00
1.006899320000000042e+00
1.007802960000000025e+00
1.008362570000000069e+00
1.008957969999999982e+00
1.009824349999999926e+00
1.010751090000000074e+00
1.011838620000000022e+00
1.013201349999999890e+00
1.014480639999999934e+00
1.016236939999999978e+00
1.018455859999999991e+00
1.020956430000000026e+00
1.023532289999999900e+00
1.026739929999999967e+00
1.030405460000000106e+00
1.034240419999999938e+00
1.038264220000000071e+00
1.042367019999999922e+00
1.045914290000000024e+00
1.048368879999999947e+00
1.049520650000000055e+00
1.049009110000000078e+00
1.046833389999999975e+00
1.043621260000000106e+00
1.039997910000000081e+00
1.035698709999999911e+00
1.031877869999999975e+00
1.027957110000000007e+00
1.024772320000000070e+00
1.021829410000000049e+00
1.019211939999999927e+00
1.017151619999999923e+00
1.015303569999999933e+00
1.013830280000000084e+00
1.012430010000000102e+00
1.011364850000000093e+00
1.010342209999999907e+00
1.009432600000000013e+00
1.008648109999999987e+00
1.008220689999999919e+00
1.007424969999999975e+00
1.007056039999999930e+00
1.006430890000000078e+00
1.006065940000000047e+00
1.005745590000000078e+00
1.005606809999999962e+00
1.005145530000000065e+00
1.004779990000000067e+00
1.004603979999999952e+00
1.004680800000000040e+00
1.004326489999999961e+00
1.004007050000000012e+00
1.003921899999999923e+00
1.003802400000000095e+00
1.003784559999999937e+00
1.003612689999999974e+00
1.003486820000000002e+00
1.003497550000000071e+00
1.003285900000000064e+00
1.003100099999999939e+00
1.003221799999999941e+00
1.002946069999999912e+00
1.003028800000000054e+00
1.002926619999999991e+00
1.002863730000000064e+00
1.002934439999999983e+00
1.002710460000000081e+00
1.002851909999999958e+00
1.002817030000000109e+00
1.002656640000000099e+00
1.002413800000000021e+00
1.002600289999999950e+00
1.002674030000000105e+00
1.002651240000000055e+00
1.002575219999999989e+00
1.002460300000000082e+00
1.002601539999999902e+00
1.002551650000000016e+00
1.002504650000000108e+00
1.002663249999999895e+00
1.002689020000000042e+00
1.002565289999999942e+00
1.002417289999999905e+00
1.002537060000000091e+00
1.002425990000000100e+00
1.002321510000000027e+00
1.002465589999999906e+00
1.002397619999999989e+00
1.002522120000000072e+00
1.002511420000000042e+00
1.002507849999999978e+00
1.002528800000000109e+00
1.002595789999999987e+00
1.002447260000000062e+00
1.002441050000000056e+00
1.002534789999999898e+00
1.002576109999999909e+00
1.002779639999999972e+00
1.002442889999999975e+00
1.002420550000000077e+00
1.002674099999999902e+00
1.002726800000000029e+00
1.002648930000000105e+00
1.002710369999999962e+00
1.002798300000000031e+00
1.002588269999999948e+00
1.002843680000000015e+00
1.002890070000000078e+00
1.002903499999999948e+00
1.003092529999999982e+00
1.002703660000000108e+00
1.003094909999999951e+00
1.002882669999999976e+00
1.002862249999999955e+00
1.003023730000000002e+00
1.003039259999999988e+00
1.002995180000000097e+00
1.003068639999999956e+00
1.003002240000000045e+00
1.003328769999999981e+00
1.003216579999999913e+00
1.003246169999999937e+00
1.003398070000000031e+00
1.003384499999999901e+00
1.003351050000000022e+00
1.003441390000000100e+00
1.003768070000000012e+00
1.003594260000000071e+00
1.003591710000000026e+00
1.003916189999999986e+00
1.003644540000000029e+00
1.003868640000000090e+00
1.003920369999999895e+00
1.004103659999999953e+00
1.004149079999999916e+00
1.004235140000000026e+00
1.004360429999999971e+00
1.004330640000000052e+00
1.004352260000000108e+00
1.004528960000000026e+00
1.004451970000000083e+00
1.004682000000000075e+00
1.004961259999999967e+00
1.004857630000000057e+00
1.005028639999999918e+00
1.005213769999999895e+00
1.005136500000000099e+00
1.005543239999999949e+00
1.005692040000000009e+00
1.005680769999999891e+00
1.005544750000000098e+00
1.005673339999999971e+00
1.006018850000000020e+00
1.006343280000000062e+00
1.006598960000000043e+00
1.006473670000000098e+00
1.006770780000000087e+00
1.007004709999999914e+00
1.007049580000000111e+00
1.007345050000000075e+00
1.007422590000000007e+00
1.007766750000000044e+00
1.008012050000000048e+00
1.008399370000000017e+00
1.008656839999999999e+00
1.008825499999999931e+00
1.009073490000000017e+00
1.009600459999999922e+00
1.009783340000000029e+00
1.010130729999999977e+00
1.010545330000000019e+00
1.010942280000000082e+00
1.011580359999999956e+00
1.012038860000000096e+00
1.012199730000000075e+00
1.012916530000000037e+00
1.013390369999999985e+00
1.013821499999999931e+00
1.014439630000000037e+00
1.015232310000000027e+00
1.015829909999999892e+00
1.016672540000000069e+00
1.017431069999999993e+00
1.018073659999999991e+00
1.019153580000000003e+00
1.020245480000000038e+00
1.021167839999999938e+00
1.022266380000000030e+00
1.023536739999999945e+00
1.024816380000000082e+00
1.025862950000000051e+00
1.027562169999999941e+00
1.029104550000000007e+00
1.030967820000000090e+00
1.032408130000000090e+00
1.034291559999999999e+00
1.036124569999999911e+00
1.038354610000000067e+00
1.040454210000000046e+00
1.042813999999999908e+00
1.045100090000000037e+00
1.047593760000000040e+00
1.050040880000000065e+00
1.052264529999999976e+00
1.054564129999999933e+00
1.057042100000000096e+00
1.059119099999999980e+00
1.060993960000000014e+00
1.062671329999999914e+00
1.063786109999999896e+00
1.064851629999999938e+00
1.065489240000000004e+00
1.065418229999999911e+00
1.065140559999999903e+00
1.064456049999999987e+00
1.063343890000000069e+00
1.061982020000000082e+00
1.060250340000000069e+00
1.058253899999999970e+00
1.056111580000000050e+00
1.053724749999999988e+00
1.051248479999999930e+00
1.048933469999999923e+00
1.046743269999999892e+00
1.044518410000000008e+00
1.042142279999999976e+00
1.040034439999999893e+00
1.038085149999999901e+00
1.036339670000000046e+00
1.034249320000000028e+00
1.032674939999999930e+00
1.030920129999999935e+00
1.029449760000000103e+00
1.028257250000000012e+00
1.026798789999999961e+00
1.025533470000000058e+00
1.024280639999999964e+00
1.023258339999999933e+00
1.022208280000000080e+00
1.021335359999999914e+00
1.020623569999999924e+00
1.019751979999999891e+00
1.019246359999999907e+00
1.018425279999999988e+00
1.017851709999999965e+00
1.017182119999999967e+00
1.016506949999999909e+00
1.016264089999999953e+00
1.015804280000000004e+00
1.015209550000000016e+00
1.014879840000000089e+00
1.014769370000000004e+00
1.014324000000000003e+00
1.013954000000000022e+00
1.013502729999999907e+00
1.013511529999999938e+00
1.013331210000000038e+00
1.013109910000000058e+00
1.012654270000000079e+00
1.012760499999999952e+00
1.012579019999999996e+00
1.012358279999999944e+00
1.012507030000000086e+00
1.012297419999999892e+00
1.012193200000000015e+00
1.012258950000000102e+00
1.012335980000000024e+00
1.012058689999999928e+00
1.012089610000000084e+00
1.012142139999999912e+00
1.012274099999999954e+00
1.012210749999999937e+00
1.012300409999999928e+00
1.012463459999999982e+00
1.012763700000000044e+00
1.012586470000000016e+00
1.012787679999999968e+00
1.012794959999999911e+00
1.013146010000000041e+00
1.013206590000000018e+00
1.013511190000000006e+00
1.013684330000000022e+00
1.013997320000000091e+00
1.014146310000000106e+00
1.014545339999999962e+00
1.014756929999999890e+00
1.015063609999999894e+00
1.015426390000000012e+00
1.015778440000000060e+00
1.015999490000000005e+00
1.016525080000000081e+00
1.017155929999999930e+00
1.017709009999999914e+00
1.017934040000000095e+00
1.018447909999999901e+00
1.019171540000000098e+00
1.019797939999999903e+00
1.020264510000000069e+00
1.021053699999999953e+00
1.021826349999999994e+00
1.022482869999999933e+00
1.023178960000000082e+00
1.024143730000000030e+00
1.024967100000000020e+00
1.025819569999999903e+00
1.026622060000000003e+00
1.027616209999999919e+00
1.028694580000000025e+00
1.029888780000000059e+00
1.030925300000000044e+00
1.032132910000000070e+00
1.033252030000000099e+00
1.034348950000000045e+00
1.035245680000000057e+00
1.036640149999999982e+00
1.037663409999999953e+00
1.038748430000000056e+00
1.039788610000000002e+00
1.040672859999999922e+00
1.041869289999999948e+00
1.042637070000000055e+00
1.043366589999999983e+00
1.044210730000000087e+00
1.044683840000000030e+00
1.045235549999999902e+00
1.045279599999999975e+00
1.045595290000000066e+00
1.045598929999999926e+00
1.045388949999999983e+00
1.045032439999999951e+00
1.044685239999999959e+00
1.043822369999999999e+00
1.043367369999999905e+00
1.042541530000000050e+00
1.041585250000000018e+00
1.040730919999999893e+00
1.039790049999999910e+00
1.038608989999999954e+00
1.037374529999999906e+00
1.036455059999999984e+00
1.034942280000000103e+00
1.033821719999999944e+00
1.032822230000000063e+00
1.031598079999999973e+00
1.030721489999999907e+00
1.029511489999999974e+00
1.028292379999999895e+00
1.027417250000000060e+00
1.026295919999999917e+00
1.025303649999999900e+00
1.024536359999999924e+00
1.023748380000000013e+00
1.022979029999999900e+00
1.021981250000000063e+00
1.021018760000000025e+00
1.020595350000000012e+00
1.019637300000000080e+00
1.019151499999999988e+00
1.018538830000000006e+00
1.017821859999999967e+00
1.017328650000000057e+00
1.016688400000000048e+00
1.016221880000000022e+00
1.015818010000000049e+00
1.015322899999999917e+00
1.014780819999999917e+00
1.014494749999999890e+00
1.013908070000000050e+00
1.013862049999999959e+00
1.013462180000000101e+00
1.013106239999999936e+00
1.012755770000000055e+00
1.012530699999999895e+00
1.012072529999999970e+00
1.012132760000000076e+00
1.011640290000000109e+00
1.011487470000000055e+00
1.011317239999999895e+00
1.011172870000000001e+00
1.011092759999999924e+00
1.010827970000000020e+00
1.010700780000000076e+00
1.010478999999999905e+00
1.010461520000000002e+00
1.010210150000000029e+00
1.009952769999999944e+00
1.009849269999999910e+00
1.009892650000000058e+00
1.009897129999999921e+00
1.009769970000000017e+00
1.009941729999999982e+00
1.009738840000000026e+00
1.009839699999999896e+00
1.009600529999999941e+00
1.009558849999999897e+00
1.009674589999999927e+00
1.009600580000000081e+00
1.009810710000000000e+00
1.009634279999999995e+00
1.009919460000000102e+00
1.009752809999999945e+00
1.009638919999999995e+00
1.010038830000000054e+00
1.009874670000000085e+00
1.010125060000000019e+00
1.010108339999999938e+00
1.010406010000000077e+00
1.010673900000000014e+00
1.010786170000000039e+00
1.010759600000000091e+00
1.011049590000000054e+00
1.011197439999999892e+00
1.011380350000000039e+00
1.011585860000000059e+00
1.011843920000000008e+00
1.012043290000000040e+00
1.012485840000000081e+00
1.012789940000000000e+00
1.013031259999999989e+00
1.013227319999999931e+00
1.013696429999999982e+00
1.014140540000000090e+00
1.014314079999999896e+00
1.014791360000000031e+00
1.015226119999999899e+00
1.015512659999999956e+00
1.015937180000000106e+00
1.016316229999999932e+00
1.016813769999999950e+00
1.017271070000000055e+00
1.017812249999999974e+00
1.018097950000000029e+00
1.018584380000000067e+00
1.019045720000000044e+00
1.019321570000000010e+00
1.019798060000000062e+00
1.020320829999999956e+00
1.020628419999999981e+00
1.020803820000000028e+00
1.021027670000000054e+00
1.021319810000000050e+00
1.021625049999999924e+00
1.021709879999999959e+00
1.021875709999999993e+00
1.021820909999999971e+00
1.021780160000000048e+00
1.021658869999999997e+00
1.021482860000000104e+00
1.021319359999999898e+00
1.021007009999999937e+00
1.020964820000000106e+00
1.020564070000000045e+00
1.019940070000000087e+00
1.019629069999999915e+00
1.019221869999999974e+00
1.018704080000000012e+00
1.018422429999999990e+00
1.017755509999999974e+00
1.017176480000000049e+00
1.016688899999999895e+00
1.016381269999999892e+00
1.015955069999999960e+00
1.015356439999999916e+00
1.014852510000000096e+00
1.014196359999999908e+00
1.013547729999999980e+00
1.013406969999999907e+00
1.012778750000000061e+00
1.012283770000000027e+00
1.012143910000000036e+00
1.011659579999999892e+00
1.011275549999999912e+00
1.010783079999999945e+00
1.010341149999999910e+00
1.010025120000000109e+00
1.009732230000000008e+00
1.009383590000000108e+00
1.009015339999999927e+00
1.008941230000000022e+00
