1.014367990193905777e+00
9.464772191966759340e-01
1.014367990193905777e+00
1.006380840664820031e+00
1.066284462132963906e+00
9.664450930193906331e-01
1.094239485484764574e+00
1.102226635013850320e+00
9.983936911357340627e-01
9.864129668421052211e-01
9.983936911357340627e-01
1.086252335955678605e+00
9.424836444321329498e-01
1.062290887368421144e+00
1.082258761191135843e+00
9.464772191966759340e-01
9.864129668421052211e-01
1.034335864016620476e+00
1.054303737839335176e+00
1.134175233130193972e+00
