9.795396623119148050e-01 -7.499317723613332573e-16
9.791714194867401355e-01 -7.620748366931709070e-16
9.787907181503711085e-01 -7.750852627629969602e-16
9.783968599639351060e-01 -7.885293697018172152e-16
9.779890919656811787e-01 -8.028408383786258737e-16
9.775666010782361193e-01 -8.167186261864403304e-16
9.771285079377436400e-01 -8.314637757322431907e-16
9.766738599451050273e-01 -8.470762870160344546e-16
9.762016234224022426e-01 -8.635561600378141220e-16
9.757106747370687394e-01 -8.800360330595937894e-16
9.751997902317065536e-01 -8.982506295573502639e-16
9.746676347677076802e-01 -9.164652260551067384e-16
9.741127486548005754e-01 -9.359808651598458182e-16
9.735335326948255652e-01 -9.554965042645848980e-16
9.729282310145123125e-01 -9.771805477142949867e-16
9.722949112963529261e-01 -9.988645911640050754e-16
9.716314419356869569e-01 -1.021849677220697769e-15
9.709354655517795640e-01 -1.047003167622361472e-15
9.702043681557175336e-01 -1.073024019762013579e-15
9.694352431214534604e-01 -1.099912233639654089e-15
9.686248489092370573e-01 -1.128101490124277204e-15
9.677695592409254477e-01 -1.159760193560853933e-15
9.668653041081929356e-01 -1.191852577866424865e-15
9.659074995858237811e-01 -1.225679685647972603e-15
9.648909638936894462e-01 -1.262542559512479754e-15
9.638098164625019670e-01 -1.301573837721957913e-15
9.626573558544571085e-01 -1.343207201145401284e-15
9.614259111930020252e-01 -1.387442649782809865e-15
9.601066601570549253e-01 -1.436882268848148867e-15
9.586894044386398139e-01 -1.487189249651476272e-15
9.571622906250814022e-01 -1.544435124358710907e-15
9.555114604208703177e-01 -1.604283084279910751e-15
9.537206084870311074e-01 -1.672804661580994632e-15
9.517704182232032961e-01 -1.745663047572020530e-15
9.496378344477404143e-01 -1.824592965728965252e-15
9.472951154397171170e-01 -1.910461777789817203e-15
9.447085825120955516e-01 -2.010208377658483611e-15
9.418369488882427643e-01 -2.118628594907034055e-15
9.386290541229507234e-01 -2.238324514749433744e-15
9.350207438934403648e-01 -2.377102392827578312e-15
9.309304975904623136e-01 -2.534962229141467757e-15
9.262531825432074317e-01 -2.711904023691102081e-15
9.208509405569837991e-01 -2.920070840808318932e-15
9.145395726667444602e-01 -3.159462680493118311e-15
9.070676595613564874e-01 -3.445692054029291482e-15
8.980836071673194976e-01 -3.799575643128560129e-15
8.870819940864683728e-01 -4.215909277362993832e-15
8.733133997701352236e-01 -4.739795767107989574e-15
8.556286341672835194e-01 -5.416337922738944341e-15
8.322079396256862882e-01 -6.294108001583208731e-15
8.001288921048683722e-01 -7.411269920112272500e-15
7.550832171860972775e-01 -8.826804276509347089e-15
6.955184102459718298e-01 -9.826004998671987975e-15
6.777253695002594114e-01 -5.218579446477588333e-15
1.117429258944841575e+00 1.265601124998743197e-14
1.497202499749094251e+00 1.240621106944677175e-14
1.383809264133937234e+00 1.162905495220916217e-14
1.279205398765256074e+00 9.516161758469411127e-15
1.213407894683262267e+00 7.727661854737323013e-15
1.170550695159255916e+00 6.419056937601631299e-15
1.140907782329302345e+00 5.455174101207705719e-15
1.119322064346424561e+00 4.730059688249400354e-15
1.102943942276805478e+00 4.165407196818949645e-15
1.090102410789067555e+00 3.723052710444863836e-15
1.079762441310876175e+00 3.359628142227722749e-15
1.071252143320917449e+00 3.063857789573677140e-15
1.064117714418254979e+00 2.814924970771005322e-15
1.058042167983710868e+00 2.604156068439823260e-15
1.052797621767632030e+00 2.424612188676223725e-15
1.048216123106725295e+00 2.269354437576299491e-15
1.044171162433695565e+00 2.134913368188096941e-15
1.040565587696197891e+00 2.019554257035639269e-15
1.037323482052314949e+00 1.916338210215019247e-15
1.034384568626984802e+00 1.825265227726236874e-15
1.031700268722378411e+00 1.745467947831303748e-15
1.029230866586012372e+00 1.675645327923237262e-15
1.026943429226436555e+00 1.614062644526060611e-15
1.024810249674988683e+00 1.562020940246756398e-15
1.022807657315839336e+00 1.514749725526388404e-15
1.020915086904247371e+00 1.475284766447916043e-15
1.019114328790712065e+00 1.441891339535362506e-15
1.017388902620289581e+00 1.414569444788727795e-15
1.015723508859108781e+00 1.392885401339017706e-15
1.014103518820543393e+00 1.378140251793214846e-15
1.012514465200503144e+00 1.369032953544336609e-15
1.010941491260918701e+00 1.367298230068359801e-15
1.009368706320145526e+00 1.372936081365284424e-15
1.007778374952521760e+00 1.386380188304104679e-15
1.006149831026724728e+00 1.409798955229791575e-15
1.004457943328358471e+00 1.444059743880333515e-15
1.002670843057668737e+00 1.490897277731707307e-15
1.000746405623866853e+00 1.554648365473854968e-15
9.986265530002911284e-01 1.640517177534706919e-15
9.962275624912964034e-01 1.753274203473199380e-15
9.934226242733493750e-01 1.906363550228152606e-15
9.900082376804324458e-01 2.114096686476375256e-15
9.856337122998527489e-01 2.410300719999415067e-15
9.796358379778328240e-01 2.850053121159535665e-15
9.705867736650748423e-01 3.558253980227067162e-15
9.547385840079557484e-01 4.858429225471684079e-15
9.180687161432905530e-01 7.957512715304249953e-15
7.242186217781024782e-01 2.427518909208008589e-14
1.243978406803714076e+00 -2.128060095098134232e-14
1.088627112187525059e+00 -7.251024839018914945e-15
1.055064138637566096e+00 -4.332352590687937008e-15
1.040132286036416165e+00 -3.078581198425699681e-15
1.031529709147000373e+00 -2.387293893248942054e-15
1.025833591133079592e+00 -1.952745662516751876e-15
1.021713547363471086e+00 -1.656758469428209166e-15
1.018544384074934195e+00 -1.443604322317558994e-15
1.015993318445550520e+00 -1.284660283831184044e-15
1.013866763469001953e+00 -1.162795959643813346e-15
1.012044316841701486e+00 -1.067386168465088956e-15
1.010447064465187506e+00 -9.908414950876123425e-16
1.009021046190181181e+00 -9.290419712559385898e-16
1.007728046129521271e+00 -8.793855117561024867e-16
1.006540181722944238e+00 -8.375353078981620156e-16
1.005436580630719945e+00 -8.041418809856084790e-16
1.004401261973363324e+00 -7.768199862389737673e-16
1.003421741343281104e+00 -7.536180597477839724e-16
1.002488086353220398e+00 -7.354034632500274979e-16
1.001592261334390388e+00 -7.208751541387217385e-16
1.000727662640670257e+00 -7.082984089378898870e-16
9.998887826030302683e-01 -6.998416319925029525e-16
9.990709621577477106e-01 -6.926858976540986232e-16
9.982702057483718860e-01 -6.874817272261682019e-16
9.974830406985164544e-01 -6.842291207087116886e-16
9.967064088197741256e-01 -6.829280781017290833e-16
9.959375816977508178e-01 -6.829280781017290833e-16
9.951740935749285866e-01 -6.840122802742145877e-16
9.944136874430936635e-01 -6.861806846191855966e-16
9.936542711347983170e-01 -6.903006528746305134e-16
9.928938810319115627e-01 -6.952879828680638338e-16
9.921306515998734588e-01 -7.009258341649884569e-16
9.913627893816452374e-01 -7.069973663309072817e-16
9.905885503944628079e-01 -7.148036219728029136e-16
9.898062200986210701e-01 -7.241277606561782518e-16
9.890140952735406721e-01 -7.338855802085477917e-16
9.882104672582390226e-01 -7.432097188919231298e-16
9.873936061021715282e-01 -7.544854214857723759e-16
9.865617452361047368e-01 -7.664116453831129247e-16
9.857130663167310569e-01 -7.798557523219331797e-16
9.848456839269864593e-01 -7.922156570882679302e-16
9.839576298291028422e-01 -8.067439661995736897e-16
9.830468364709862295e-01 -8.232238392213533571e-16
9.821111194395037991e-01 -8.388363505051446209e-16
9.811481585369928871e-01 -8.548825426579300865e-16
9.801554771295444279e-01 -8.743981817626691663e-16
9.791304193765749675e-01 -8.923959378259285399e-16
9.780701248995632424e-01 -9.116947364961705189e-16
9.769715003816286103e-01 -9.333787799458806075e-16
9.758311875062202212e-01 -9.569059670888160538e-16
9.746455265390003841e-01 -9.803247340145029495e-16
9.734105147274545455e-01 -1.004610862678178249e-15
9.721217585318200349e-01 -1.030631714817830355e-15
9.707744185008536641e-01 -1.057736769129967966e-15
9.693631453567154166e-01 -1.085817605397342531e-15
9.678820055417841628e-01 -1.117367888616670710e-15
9.663243940895939188e-01 -1.151845517701709751e-15
9.646829321901176924e-01 -1.184371582876274884e-15
9.629493461972447044e-01 -1.224053382389244346e-15
9.611143240352004735e-01 -1.262000458426237001e-15
9.591673439501641196e-01 -1.302441199459946317e-15
9.570964692561978460e-01 -1.348411371573331705e-15
9.548881010512499934e-01 -1.396983628900682304e-15
9.525266787099788690e-01 -1.448916912962737966e-15
9.499943151360660254e-01 -1.503560702456007389e-15
9.472703500653700814e-01 -1.564276024115195638e-15
9.443307998721117702e-01 -1.630303936419562858e-15
9.411476759771534306e-01 -1.701644439369109049e-15
9.376881356248440991e-01 -1.779923836222562470e-15
9.339134179202163155e-01 -1.864925286545426017e-15
9.297775039918022566e-01 -1.958925614899919252e-15
9.252254224839928654e-01 -2.063225863893024778e-15
9.201911004064067257e-01 -2.181403900693944762e-15
9.145946365970095693e-01 -2.316929172254632816e-15
9.083388573305197777e-01 -2.461236481412453456e-15
9.013050193272253985e-01 -2.638503536613833431e-15
8.933476018635950755e-01 -2.832900986140484376e-15
8.842883951941931109e-01 -3.065896033007619279e-15
8.739108429145601153e-01 -3.343777049815654065e-15
8.619575805949339919e-01 -3.673482930468495964e-15
8.481392723503027309e-01 -4.083419771885265190e-15
8.321763397193810974e-01 -4.590175867304989963e-15
8.139310560662907923e-01 -5.236035101454604954e-15
7.937843428534357981e-01 -6.076074944696373789e-15
7.736706285112675552e-01 -7.144881446332584060e-15
7.598089820363976843e-01 -8.422071605520508284e-15
7.690106130567914144e-01 -9.560375466413039389e-15
8.366134084488596745e-01 -8.867028177108559303e-15
9.954829015186149599e-01 -3.538282919559553561e-15
1.189809655414368894e+00 4.676825361580362086e-15
1.305052825540716555e+00 8.784433712258944185e-15
1.329205075654322332e+00 8.728272039724195055e-15
1.310394901573458837e+00 7.451081880536270832e-15
1.280071540648415551e+00 6.153075039636624924e-15
1.250102205684988643e+00 5.118854587302702244e-15
1.223768901183367008e+00 4.337903762461393400e-15
1.201443732518148177e+00 3.723161130662112386e-15
1.182669035129561896e+00 3.243835350206270876e-15
1.166838570089114624e+00 2.853197307459743628e-15
1.153398736657405887e+00 2.531839783535040114e-15
1.141892775440321417e+00 2.265884990624345876e-15
1.131956924991285529e+00 2.038961475923129798e-15
1.123304624121222783e+00 1.844238765744733202e-15
1.115710175648456648e+00 1.672934822492023501e-15
1.108994969497473448e+00 1.522989662037278238e-15
1.103016652130541786e+00 1.387681230911087285e-15
1.097660843991471680e+00 1.266467428027207889e-15
1.092834866019840812e+00 1.157721950126911794e-15
1.088462992291450382e+00 1.057107988520256983e-15
1.084482844803055235e+00 9.657097453797289591e-16
1.080842639478048817e+00 8.798409333188770079e-16
1.077499067469888105e+00 8.017783768999206886e-16
1.074415652718442082e+00 7.272936876501665340e-16
1.071561468705656939e+00 6.564952857868630945e-16
1.068910128009110228e+00 5.899252723962531222e-16
1.066438980555176608e+00 5.263910250886025624e-16
1.064128472722232432e+00 4.660009640811599654e-16
1.061961631327714928e+00 4.083214085049311295e-16
1.059923645270153481e+00 3.524849966219276512e-16
1.058001524061205512e+00 2.982748879976524295e-16
1.056183817296466598e+00 2.451489815458627122e-16
1.054460382723023004e+00 1.931072772665584994e-16
1.052822193286131691e+00 1.428002964632310937e-16
1.051261175607560050e+00 9.216805500815803658e-17
1.049770073931159287e+00 4.316211681181323617e-17
1.048342334788977537e+00 -5.952241601780114695e-18
1.046972008583118230e+00 -5.474133936362781423e-17
1.045653665010500388e+00 -1.041809584289668164e-16
1.044382319828688122e+00 -1.532953168425601673e-16
1.043153370907441424e+00 -2.026265156906506190e-16
1.041962541859931868e+00 -2.526082358422323734e-16
1.040805831820059479e+00 -3.039994188180452836e-16
1.039679470143303863e+00 -3.551737613593610929e-16
1.038579874969346672e+00 -4.086249284628964615e-16
1.037503614703579213e+00 -4.627266168699231327e-16
1.036447371557301489e+00 -5.183461883184295102e-16
1.035407906336623718e+00 -5.761341641119068965e-16
1.034382023689622843e+00 -6.354400229468639891e-16
1.033366537010267594e+00 -6.973479669957862923e-16
1.032358232154258371e+00 -7.615327356069281548e-16
1.031353829042481296e+00 -8.281027489975381270e-16
1.030349940106069395e+00 -9.002021934678241719e-16
1.029343024353920555e+00 -9.739279411968384734e-16
1.028329335605779882e+00 -1.052424178484788994e-15
1.027304863113225553e+00 -1.136233006417918487e-15
1.026265262361389929e+00 -1.224812323909984199e-15
1.025205773270185805e+00 -1.319463173567968736e-15
1.024121122245175375e+00 -1.421595018216103254e-15
1.023005403494730459e+00 -1.530774176985393551e-15
1.021851933632438758e+00 -1.649819575524301938e-15
1.020653071680360569e+00 -1.779381735136319717e-15
1.019399993976799701e+00 -1.920870118645678046e-15
1.018082409878530159e+00 -2.075043667573116777e-15
1.016688199105564738e+00 -2.247486023106936257e-15
1.015202944483489134e+00 -2.437384033617772358e-15
1.013609323781435645e+00 -2.650158709968052604e-15
1.011886309989368460e+00 -2.890417911390840386e-15
1.010008108799431481e+00 -3.163257388096817577e-15
1.007942732544929276e+00 -3.474423411600157350e-15
1.005650067843843809e+00 -3.834812213734339023e-15
1.003079235747545095e+00 -4.254777925246599166e-15
1.000164966373238595e+00 -4.752426722417445701e-15
9.968226233046862950e-01 -5.346244252287756480e-15
9.929414623681487306e-01 -6.066100284709507149e-15
9.883758615910483991e-01 -6.955146066147620784e-15
9.829351612763701507e-01 -8.068242226529863912e-15
9.763761454239474613e-01 -9.495377546172533398e-15
9.684135827957059961e-01 -1.134855010949338185e-14
9.588008540714999528e-01 -1.380177436517633273e-14
9.476450249080811128e-01 -1.705980189349527356e-14
9.364180600507441277e-01 -2.125067697102074240e-14
9.304989467737669884e-01 -2.604024848819270679e-14
9.418412268969209578e-01 -2.963264396650617718e-14
9.791559235883003920e-01 -2.845769407218363602e-14
1.025229986364858403e+00 -2.137075236162351201e-14
1.055985249577150009e+00 -1.282680556156874287e-14
1.069380967136767557e+00 -6.495769605665512556e-15
1.072952430848582051e+00 -2.593780196998806373e-15
1.072208739781759901e+00 -3.498611707141821212e-16
1.069829462694991795e+00 9.294973928187131110e-16
1.066969849206335530e+00 1.668055912715838731e-15
1.064102424155125126e+00 2.090515289224815534e-15
1.061407310216188726e+00 2.322588764245337758e-15
1.058940765148269625e+00 2.443802567129217154e-15
1.056707499569797593e+00 2.500723181184706137e-15
1.054691989265469809e+00 2.508800487369723145e-15
1.052872087813203850e+00 2.494760069236035862e-15
1.051224853418875282e+00 2.460174019933748271e-15
1.049728901337554587e+00 2.420112749660408882e-15
1.048365201890704812e+00 2.371811542876179660e-15
1.047117195971891013e+00 2.320691410443488125e-15
1.045970628473403607e+00 2.268541285946935362e-15
1.044913283271441173e+00 2.216879052428001076e-15
1.043934702126842362e+00 2.164945768365945414e-15
1.043025922201131328e+00 2.113337744955635402e-15
1.042179244580413222e+00 2.065090748280030455e-15
1.041388036019533780e+00 2.018524264971778040e-15
1.040646561760625310e+00 1.970548318839294469e-15
1.039949845693344255e+00 1.927668122917492768e-15
1.039293553820534788e+00 1.884842137104315343e-15
1.038673897246293665e+00 1.843100353463623422e-15
1.038087551362786298e+00 1.805044857209382217e-15
1.037531588413262096e+00 1.767206201389638112e-15
1.037003421079429444e+00 1.731102269045870814e-15
1.036500755154539766e+00 1.696895690503953149e-15
1.036021549713472822e+00 1.663122792831029686e-15
1.035563983481508910e+00 1.630596727656464553e-15
1.035126426341608230e+00 1.600076436500997603e-15
1.034707415114024975e+00 1.569339304911033553e-15
1.034305632899586769e+00 1.541095838317786162e-15
1.033919891405697511e+00 1.513123422267660148e-15
1.033549115777724348e+00 1.486180998281395363e-15
1.033192331542600151e+00 1.459889095598621880e-15
1.032848653339992984e+00 1.434789815305582452e-15
1.032517275172362581e+00 1.411371048379895557e-15
1.032197461951112061e+00 1.387247550042093083e-15
1.031888542153837518e+00 1.364696144854394591e-15
1.031589901439006640e+00 1.342253159883944649e-15
1.031300977090563009e+00 1.320406486108361735e-15
1.031021253187032638e+00 1.298939283093148747e-15
1.030750256408609955e+00 1.278718912576294089e-15
1.030487552412204133e+00 1.258444331950815156e-15
1.030232742719235262e+00 1.239091323171948902e-15
1.029985462074749725e+00 1.219087793089591345e-15
1.029745376249896482e+00 1.199897414636597917e-15
1.029512180273730149e+00 1.180923876618101589e-15
1.029285597095664917e+00 1.162004548708229537e-15
1.029065376697972489e+00 1.143410481450103136e-15
1.028851295700246471e+00 1.125141674843722386e-15
1.028643157527345364e+00 1.106764448020093086e-15
1.028440793252849650e+00 1.087899330218845309e-15
1.028244063287531818e+00 1.069196842743470357e-15
1.028052860166297933e+00 1.050006464290476929e-15
1.027867112813057426e+00 1.030761875728859225e-15
1.027686792856952858e+00 1.010704135537877393e-15
1.027511923879844247e+00 9.904295549123984602e-16
1.027342594972417089e+00 9.685828811368155458e-16
1.027178980808021169e+00 9.457062152973714023e-16
1.027021371880004308e+00 9.213116664164475525e-16
1.026870221122827775e+00 8.948571334078012443e-16
1.026726217948604303e+00 8.654210444248197989e-16
1.026590410170150180e+00 8.315397265346477854e-16
1.026464413888727112e+00 7.931047595200366532e-16
1.026350795023983409e+00 7.466466964290327882e-16
1.026253811509765246e+00 6.888045105269311266e-16
1.026180987583621196e+00 6.128561483443215410e-16
1.026146857640623189e+00 5.061706545717479047e-16
1.026183406512253038e+00 3.406671929418356529e-16
1.026377112170501649e+00 4.045161138059947508e-17
1.027070039803244628e+00 -6.990826904717630994e-16
1.032461561138853012e+00 -5.870781263336243525e-15
1.020715721922595742e+00 4.340668478001231436e-15
1.023086704325553153e+00 2.330882910864851867e-15
1.023566725019942059e+00 1.817784232736086894e-15
1.023713837279309313e+00 1.580723427722131349e-15
1.023744391295260847e+00 1.442108179969859607e-15
1.023721395469720630e+00 1.349246263896476153e-15
1.023669896266630630e+00 1.282676250505866180e-15
1.023601807055847468e+00 1.232315059593914499e-15
1.023523504974627407e+00 1.191549057908459533e-15
1.023438701926028926e+00 1.158480891647651647e-15
1.023349697322839313e+00 1.130291635163028532e-15
1.023257985324182773e+00 1.106005506499353233e-15
1.023164573901720997e+00 1.084646723701388795e-15
1.023070163570085622e+00 1.065998446334638119e-15
1.022975252860644835e+00 1.048868052009367149e-15
1.022880203317343195e+00 1.033526591268697261e-15
1.022785281039095162e+00 1.019377752917761429e-15
1.022690684074496925e+00 1.006258906630686825e-15
1.022596560981718250e+00 9.942242625160977257e-16
1.022503023702805214e+00 9.828943498136242043e-16
1.022410156681213822e+00 9.723233786318905361e-16
1.022318023438421930e+00 9.623487186450238953e-16
1.022226671395873421e+00 9.526451092012786306e-16
1.022136135462428985e+00 9.438088614955217695e-16
1.022046440738588968e+00 9.352436643328862845e-16
1.021957604579137868e+00 9.269495177133721755e-16
1.021869638183251272e+00 9.193058923973493693e-16
1.021782547832167154e+00 9.117706872985751135e-16
1.021696335860935001e+00 9.046691630687950594e-16
1.021611001427388032e+00 8.979471095993849319e-16
1.021526541124970544e+00 8.911166359127262540e-16
1.021442949474237860e+00 8.849366835295588787e-16
1.021360219319296991e+00 8.788109412550157787e-16
1.021278342149184448e+00 8.727394090890969538e-16
1.021197308359546918e+00 8.672641881180451565e-16
1.021117107466525731e+00 8.615721267124962582e-16
1.021037728282128576e+00 8.561511158500687360e-16
1.020959159058389298e+00 8.511095757480111404e-16
1.020881387606092483e+00 8.460138255373292695e-16
1.020804401392659155e+00 8.412433359783930500e-16
1.020728187622875760e+00 8.361475857677111792e-16
1.020652733305431825e+00 8.316481467518963358e-16
1.020578025307662173e+00 8.274197582792028685e-16
1.020504050400446561e+00 8.229203192633880251e-16
1.020430795294852144e+00 8.187461408993188330e-16
1.020358246671826841e+00 8.148430130783710171e-16
1.020286391206010057e+00 8.108314650401746507e-16
1.020215215584547197e+00 8.068199170019782843e-16
1.020144706521633360e+00 8.030252093982790187e-16
1.020074850769392194e+00 7.996099725549496798e-16
1.020005635125586618e+00 7.960863154943717904e-16
1.019937046438575079e+00 7.925084483251696257e-16
1.019869071609856848e+00 7.894184721335859381e-16
1.019801697594483691e+00 7.859490251816323239e-16
1.019734911399571287e+00 7.826422085555515354e-16
1.019668700081097334e+00 7.796606525812163982e-16
1.019603050739133820e+00 7.768417269327540867e-16
1.019537950511635760e+00 7.740770113929160504e-16
1.019473386566871476e+00 7.710412453099566379e-16
1.019409346094562352e+00 7.686560005304885282e-16
1.019345816295773366e+00 7.659454950992747671e-16
1.019282784371575268e+00 7.636144604284309326e-16
1.019220237510482407e+00 7.610123752144657219e-16
1.019158162874647333e+00 7.586271304349976122e-16
1.019096547584782853e+00 7.566755665245237042e-16
1.019035378703754491e+00 7.542903217450555944e-16
1.018974643218780285e+00 7.521761275087088608e-16
1.018914328022145321e+00 7.501703534896106776e-16
1.018854419890327323e+00 7.484356300136338705e-16
1.018794905461402722e+00 7.464840661031599625e-16
1.018735771210588892e+00 7.449119729530559811e-16
1.018677003423742011e+00 7.433398798029519996e-16
1.018618588168613392e+00 7.419304169787208439e-16
1.018560511263632673e+00 7.404667440458654129e-16
1.018502758243951201e+00 7.391657014388828076e-16
1.018445314324444073e+00 7.379730790491487527e-16
1.018388164359319781e+00 7.367804566594146978e-16
1.018331292797944210e+00 7.356962544869291934e-16
1.018274683636420486e+00 7.347746826403165146e-16
1.018218320364402851e+00 7.337989006850795606e-16
1.018162185906547501e+00 7.332025894902125332e-16
1.018106262557907149e+00 7.324978580780969553e-16
1.018050531912479295e+00 7.320641772091027535e-16
1.017994974783986262e+00 7.318473367746056526e-16
1.017939571117830067e+00 7.317389165573571022e-16
1.017884299892984012e+00 7.314136559056114509e-16
1.017829139012389028e+00 7.315762862314842765e-16
1.017774065180180321e+00 7.316304963401085518e-16
1.017719053763780579e+00 7.320099671004784783e-16
1.017664078638558012e+00 7.325520681867212305e-16
1.017609112012332728e+00 7.332025894902125332e-16
1.017554124226520473e+00 7.339073209023281111e-16
1.017499083530098103e+00 7.347204725316922394e-16
1.017443955821849100e+00 7.360215151386748447e-16
1.017388704355448370e+00 7.373225577456574500e-16
1.017333289400850660e+00 7.388946508957614315e-16
1.017277667854091128e+00 7.406293743717382386e-16
1.017221792785929502e+00 7.427435686080849722e-16
1.017165612917673601e+00 7.451288133875530820e-16
1.017109072009891424e+00 7.477308986015182926e-16
1.017052108146410339e+00 7.505498242499806041e-16
1.016994652891791473e+00 7.538024307674371174e-16
1.016936630295103061e+00 7.574345080452635573e-16
1.016877955705883130e+00 7.613376358662113733e-16
1.016818534359233528e+00 7.658370748820262167e-16
1.016758259675249354e+00 7.705533543323381609e-16
1.016697011202559953e+00 7.758388399232049951e-16
1.016634652115219195e+00 7.818019518718752694e-16
1.016571026144628576e+00 7.881987446895397456e-16
1.016505953790822536e+00 7.954628992451926253e-16
1.016439227606242390e+00 8.034859953215853581e-16
1.016370606274131339e+00 8.122680329187179440e-16
1.016299807104009467e+00 8.222155878512724472e-16
1.016226496424837755e+00 8.331118196847517668e-16
1.016150277151620651e+00 8.452819890709015541e-16
1.016070672500636984e+00 8.588616212812824971e-16
1.015987104379739492e+00 8.741488719133281096e-16
1.015898864297358095e+00 8.915232117274083182e-16
1.015805073572892292e+00 9.111472710493959484e-16
1.015704627944079563e+00 9.336715711827823030e-16
1.015596118914121826e+00 9.595297929965615838e-16
1.015477719558208758e+00 9.893453527399129557e-16
1.015347014488092059e+00 1.024581923345691850e-15
1.015200739232502647e+00 1.065971341280325982e-15
1.015034367163295759e+00 1.115953061431907736e-15
1.014841428556541025e+00 1.176831013416968810e-15
1.014612334382632763e+00 1.252725165490954120e-15
1.014332226266552395e+00 1.349652839711158217e-15
1.013976760850098024e+00 1.477615801118759878e-15
1.013503070979887788e+00 1.654096809745087862e-15
1.012827946985880079e+00 1.912326662176822880e-15
1.011765653681774957e+00 2.326356366794724886e-15
1.009799417530090393e+00 3.095462282901629594e-15
1.004749935390025994e+00 5.012223303638752883e-15
9.585750997258646322e-01 1.647457130148137858e-14
1.034261663304836265e+00 -8.280420591685277129e-15
1.023727320337378899e+00 -3.048955374062533272e-15
1.020792152470940684e+00 -1.714465130058750139e-15
1.019386144248349391e+00 -1.105522979882266574e-15
1.018543082186314397e+00 -7.569248763738647609e-16
1.017967750078608402e+00 -5.310584587908220497e-16
1.017539325776692261e+00 -3.727920466622505399e-16
1.017198876810221586e+00 -2.554813715993189602e-16
1.016913910325943693e+00 -1.649504901967793399e-16
1.016664683166298877e+00 -9.257999518337191897e-17
1.016438094131811631e+00 -3.340966161997551449e-17
1.016224618063600094e+00 1.608416755398776293e-17
1.016016573049413729e+00 5.866620787835594957e-17
1.015806979605892391e+00 9.571881712304806360e-17
1.015588626788305859e+00 1.289225086554166369e-16
1.015353071257410145e+00 1.591175391591379354e-16
1.015089260179540487e+00 1.874152158610096011e-16
1.014781257148674731e+00 2.146829004990200376e-16
1.014403961927756281e+00 2.418421649197819237e-16
1.013914075826705119e+00 2.704922073277113784e-16
1.013228429367137418e+00 3.017714400039181813e-16
1.012162423105316345e+00 3.379295824563097542e-16
1.010204558808498243e+00 3.778824325124005926e-16
1.005210621861946985e+00 3.630288627493491818e-16
9.610142754410309074e-01 -6.293484585334029566e-15
1.034864938918386601e+00 -1.665594717133966027e-15
1.024161567684728880e+00 -3.202353463510157125e-16
1.021215720985125586e+00 -6.636940766353484928e-17
1.019819123791654514e+00 3.817478681837991577e-17
1.018993676637597989e+00 9.582723734029661405e-17
1.018441864847555500e+00 1.329882668022372785e-16
1.018042478078805324e+00 1.594156947565714491e-16
1.017736842528600194e+00 1.794192248389290059e-16
1.017493082555528394e+00 1.952485765572173706e-16
1.017292378985573231e+00 2.082047925184191486e-16
1.017122898083080207e+00 2.191281294062106058e-16
1.016976820731043452e+00 2.284793731438980815e-16
1.016848769544508091e+00 2.366379944918515024e-16
1.016734922190064117e+00 2.436853086130072812e-16
1.016632485249440832e+00 2.500278913220474822e-16
1.016539368394966614e+00 2.558825830534692061e-16
1.016453975177390445e+00 2.609241231555268017e-16
1.016375064450548260e+00 2.655319823885901956e-16
1.016301656072661208e+00 2.697603708612836629e-16
1.016232965200373650e+00 2.736092885736072036e-16
1.016168355537261814e+00 2.770516304712486802e-16
1.016107305442609077e+00 2.804126572059537439e-16
1.016049382948392976e+00 2.832315828544160555e-16
1.015994227062922306e+00 2.861047186115026422e-16
1.015941533586357304e+00 2.885983836082193024e-16
1.015891044214252803e+00 2.909294182790631369e-16
1.015842538070895529e+00 2.932062428412826963e-16
1.015795825061311719e+00 2.953746471862537051e-16
1.015750740600624757e+00 2.973262110967276131e-16
1.015707141397902635e+00 2.991422497356408330e-16
1.015664902055476215e+00 3.008769732116176401e-16
1.015623912304782550e+00 3.023135410901609335e-16
1.015584074743399956e+00 3.037501089687042269e-16
1.015545302969916186e+00 3.051053616843111074e-16
1.015507520036998512e+00 3.065148245085422632e-16
1.015470657160781887e+00 3.076532367896520428e-16
1.015434652638115498e+00 3.088187541250739601e-16
1.015399450933430092e+00 3.097674310259987765e-16
1.015365001904845466e+00 3.109058433071085561e-16
1.015331260145224013e+00 3.116376797735362716e-16
1.015298184418611971e+00 3.125050415115246752e-16
1.015265737176245686e+00 3.134537184124494916e-16
1.015233884139230769e+00 3.140500296073165190e-16
1.015202593937353459e+00 3.148631812366806473e-16
1.015171837795349585e+00 3.155408075944840876e-16
1.015141589259457966e+00 3.160286985721025646e-16
1.015111823958313453e+00 3.166250097669695920e-16
1.015082519393208704e+00 3.170044805273395186e-16
1.015053654753573120e+00 3.176007917222065460e-16
1.015025210754174179e+00 3.180886826998250230e-16
1.014997169491087758e+00 3.185494686231313624e-16
1.014969514313947219e+00 3.188747292748770137e-16
1.014942229712339827e+00 3.192270949809348027e-16
1.014915301214545096e+00 3.195252505783683164e-16
1.014888715297064481e+00 3.197149859585532797e-16
1.014862459303611297e+00 3.201215617732353438e-16
1.014836521372417755e+00 3.203655072620445823e-16
