-8.104783817686498359e-01
0.000000000000000000e+00
-7.282958673995870713e-01
0.000000000000000000e+00
-5.263993923901358896e-01
0.000000000000000000e+00
-3.325630320656964845e-01
0.000000000000000000e+00
9.344106518555903573e-01
0.000000000000000000e+00
7.292334802454898401e-01
0.000000000000000000e+00
4.892794050342480494e-01
0.000000000000000000e+00
-1.372385698035754054e-01
0.000000000000000000e+00
9.753146775467493035e-02
0.000000000000000000e+00
3.144278978526897084e-01
0.000000000000000000e+00
