1.010257578083521013e+00 3.686925073824314322e-136
1.010202086721367021e+00 3.699474793475237781e-136
1.010145078420316533e+00 3.712021903723748527e-136
1.010086486757455049e+00 3.724559442459786265e-136
1.010026241279921244e+00 3.737079846612180151e-136
1.009964267191071574e+00 3.749574899172174761e-136
1.009900485006683724e+00 3.762035670869366345e-136
1.009834810177805187e+00 3.774452455873780516e-136
1.009767152676392499e+00 3.786814700813368068e-136
1.009697416539380832e+00 3.799110926298630889e-136
1.009625499366218593e+00 3.811328640033326101e-136
1.009551291764218650e+00 3.823454240459399463e-136
1.009474676735274690e+00 3.835472909732382462e-136
1.009395528996565261e+00 3.847368494646422593e-136
1.009313714226784287e+00 3.859123373921278856e-136
1.009229088228174032e+00 3.870718310021427502e-136
1.009141495993155946e+00 3.882132283392847383e-136
1.009050770662617058e+00 3.893342306667875749e-136
1.008956732360859476e+00 3.904323215992492610e-136
1.008859186889800030e+00 3.915047436160942729e-136
1.008757924262138728e+00 3.925484715684356696e-136
1.008652717049800973e+00 3.935601827253986930e-136
1.008543318519880883e+00 3.945362228262073312e-136
1.008429460525442245e+00 3.954725675084858499e-136
1.008310851112657947e+00 3.963647783675918412e-136
1.008187171798700099e+00 3.972079527617392049e-136
1.008058074466205545e+00 3.979966663073191935e-136
1.007923177809712856e+00 3.987249068007428044e-136
1.007782063256708716e+00 3.993859980477754468e-136
1.007634270270257204e+00 3.999725117665026908e-136
1.007479290920871406e+00 4.004761653399480902e-136
1.007316563591320824e+00 4.008877027084350476e-136
1.007145465648216387e+00 4.011967550831738516e-136
1.006965304876772382e+00 4.013916773958917001e-136
1.006775309427957898e+00 4.014593554276690886e-136
1.006574615967378739e+00 4.013849773207837692e-136
1.006362255638778347e+00 4.011517615858190829e-136
1.006137137356775568e+00 4.007406316578293068e-136
1.005898027816163998e+00 4.001298243727524880e-136
1.005643527439005647e+00 3.992944162111298730e-136
1.005372041262205807e+00 3.982057464868376638e-136
1.005081743478200895e+00 3.968307104153932660e-136
1.004770533952855871e+00 3.951308865676934376e-136
1.004435984519019387e+00 3.930614517171598811e-136
1.004075272125502849e+00 3.905698202284349412e-136
1.003685094927357913e+00 3.875939229965618512e-136
1.003261566012007444e+00 3.840600096408984700e-136
1.002800077482158381e+00 3.798798127741677406e-136
1.002295124776561241e+00 3.749468478372669598e-136
1.001740076959433567e+00 3.691315253305238328e-136
1.001126872540636592e+00 3.622746066760801659e-136
1.000445611048355943e+00 3.541783112960493644e-136
9.996839961424975884e-01 3.445940314413810378e-136
9.988265632453712239e-01 3.332050469514472784e-136
9.978535877004087729e-01 3.196017003807861356e-136
9.967395078689164079e-01 3.032449080630993700e-136
9.954505916389033704e-01 2.834110946035004315e-136
9.939413860128968325e-01 2.591065420725482194e-136
9.921491388751079166e-01 2.289294111170105675e-136
9.899846995267367333e-01 1.908381239633327669e-136
9.873169998222695032e-01 1.417430273802619818e-136
9.839451283732968401e-01 7.674242765338569091e-137
9.795446465467474439e-01 -1.241591258982381838e-137
9.735553921764008578e-01 -1.407376967365611837e-136
9.649198505404996684e-01 -3.385025939280448215e-136
9.513736434939903397e-01 -6.766256036026272700e-136
9.270365120129604453e-01 -1.364737816932353744e-135
8.703984928071177851e-01 -3.352926077211407650e-135
5.895343595389517244e-01 -2.107379920795614300e-134
1.443061090778443800e+00 -7.614159167850487195e-135
1.154785803566647617e+00 1.322378596955623778e-135
1.097550579865429699e+00 1.466615215529997914e-135
1.073043325766069422e+00 1.366528125085595362e-135
1.059420767608739489e+00 1.270994861463135428e-135
1.050739708163646702e+00 1.196681799098329952e-135
1.044717000164030241e+00 1.140051740073578516e-135
1.040287919213473078e+00 1.096589477282029347e-135
1.036889028269257995e+00 1.062866978445107208e-135
1.034194202254391959e+00 1.036461533834811582e-135
1.032001565442600466e+00 1.015667005930293876e-135
1.030179442586395711e+00 9.992652267917880022e-136
1.028638263109066031e+00 9.863705311724784233e-136
1.027314956271661250e+00 9.763270909113992625e-136
1.026163805074472135e+00 9.686408954483696716e-136
1.025150841033563465e+00 9.629340506471253766e-136
1.024250277094993722e+00 9.589135335648929883e-136
1.023442163087881385e+00 9.563494432995630336e-136
1.022710800880197057e+00 9.550595971697619668e-136
1.022043646304806819e+00 9.548984428654754565e-136
1.021430531429090127e+00 9.557489580197331584e-136
1.020863102646464737e+00 9.575166527254222784e-136
1.020334407197439397e+00 9.601250764590532469e-136
1.019838583624203654e+00 9.635124180913384590e-136
1.019370626133870861e+00 9.676289123163574890e-136
1.018926202192375285e+00 9.724348502177847225e-136
1.018501508822974300e+00 9.778990497830336436e-136
1.018093157196244158e+00 9.839976828725257219e-136
1.017698077879898966e+00 9.907133842202884574e-136
1.017313441007472452e+00 9.980345892989364886e-136
1.016936586902679851e+00 1.005955063913433399e-135
1.016564963536299215e+00 1.014473601009945322e-135
1.016196067702751948e+00 1.023593870744051467e-135
1.015827387045578956e+00 1.033324419431069511e-135
1.015456340060277851e+00 1.043678822587216280e-135
1.015080210953296147e+00 1.054676007904725032e-135
1.014696075697399280e+00 1.066340776953416419e-135
1.014300714713808560e+00 1.078704571390739061e-135
1.013890506187898444e+00 1.091806553030609932e-135
1.013461291852955526e+00 1.105695101203343902e-135
1.013008203771646354e+00 1.120429881765528898e-135
1.012525435574396671e+00 1.136084720395322016e-135
1.012005933715394157e+00 1.152751636377422095e-135
1.011440971755249940e+00 1.170546593501667669e-135
1.010819550252324950e+00 1.189617859254938018e-135
1.010127530672938923e+00 1.210158439829387539e-135
1.009346352736465890e+00 1.232425086890081089e-135
1.008451079027445463e+00 1.256768281715742646e-135
1.007407313743648114e+00 1.283681314096795454e-135
1.006166156907538189e+00 1.313884180766631886e-135
1.004655556778047965e+00 1.348474624597458383e-135
1.002764653456542421e+00 1.389217654992825576e-135
1.000313448575788300e+00 1.439145410266287705e-135
9.969887821874807710e-01 1.503929684328190424e-135
9.921930253096334917e-01 1.595464003718810055e-135
9.846258323388453748e-01 1.743105165977919444e-135
9.708206698128815093e-01 2.040441672256477757e-135
9.374133657431559241e-01 2.968775952560606699e-135
7.376997023007991761e-01 1.549092539367243720e-134
1.204474648797583924e+00 5.295597845471328758e-135
1.087371759791641468e+00 1.651360240769743538e-135
1.060332395372500791e+00 1.426442274855202562e-135
1.048286538973475457e+00 1.415808401576167537e-135
1.041455198916415803e+00 1.444499421294037332e-135
1.037045472438953508e+00 1.483951178046210547e-135
1.033957338279297700e+00 1.527387470971348130e-135
1.031669793243983779e+00 1.572992548228332628e-135
1.029904184627657093e+00 1.620370205514571031e-135
1.028497980084917662e+00 1.669592465360331587e-135
1.027349995148603590e+00 1.720904044301092122e-135
1.026393954208508985e+00 1.774623786467028963e-135
1.025584643193594214e+00 1.831112799549099198e-135
1.024890172713786463e+00 1.890767417506657540e-135
1.024287422055603525e+00 1.954022373470684837e-135
1.023759236940185557e+00 2.021358903445050929e-135
1.023292641827792337e+00 2.093316001031057484e-135
1.022877663684181204e+00 2.170504495202235742e-135
1.022506537641541202e+00 2.253624334260016063e-135
1.022173158875570698e+00 2.343485925072954222e-135
1.021872697959248955e+00 2.441036813052431938e-135
1.021601327934125392e+00 2.547395517027864502e-135
1.021356030125685876e+00 2.663895058268784267e-135
1.021134457559635944e+00 2.792139771800910115e-135
1.020934842648816065e+00 2.934080549248823445e-135
1.020755941359753116e+00 3.092116036999268310e-135
1.020597010470709609e+00 3.269231003359135995e-135
1.020457818681429041e+00 3.469188955585114661e-135
1.020338697124577365e+00 3.696805658162420964e-135
1.020240641476625409e+00 3.958346268309303599e-135
1.020165488408472765e+00 4.262116656118200564e-135
1.020116207412755216e+00 4.619369573343389725e-135
1.020097383014518577e+00 5.045740334565523124e-135
1.020116029384606771e+00 5.563611925963174368e-135
1.020183020245716277e+00 6.206196250156873407e-135
1.020315735460329831e+00 7.024983557582733083e-135
1.020543311896170868e+00 8.104318257816342870e-135
1.020918052671663245e+00 9.592555693116139379e-135
1.021543441549540354e+00 1.177691845925795872e-134
1.022655949483809446e+00 1.529515272659855507e-134
1.024937787073632034e+00 2.190109310048783966e-134
1.031496971011405028e+00 3.871740519877333909e-134
1.144520727393233850e+00 -1.671236190925879099e-134
9.987923993744850515e-01 -6.402012577384853135e-134
1.008426720168867474e+00 -2.761355092384629331e-134
1.011280532789182063e+00 -1.748134785992467542e-134
1.012605138551675443e+00 -1.273590548124489497e-134
1.013342476371104306e+00 -9.984397713823074816e-135
1.013792978142203705e+00 -8.187988121091478715e-135
1.014082157907682413e+00 -6.922498005625708601e-135
1.014271681442850515e+00 -5.982466859704124813e-135
1.014395341582490229e+00 -5.256298248018233853e-135
1.014473173348789503e+00 -4.678157916286193711e-135
1.014517780480276077e+00 -4.206699265550706291e-135
1.014537464746638751e+00 -3.814646459171148831e-135
1.014537896417952556e+00 -3.483277611488795076e-135
1.014523061911279056e+00 -3.199314582730123978e-135
1.014495828773366304e+00 -2.953077649658446482e-135
1.014458296727810627e+00 -2.737343029721884730e-135
1.014412023516695571e+00 -2.546609585143876331e-135
1.014358174548048996e+00 -2.376613362061224751e-135
1.014297624580506652e+00 -2.223997447299738576e-135
1.014231028306038951e+00 -2.086082095015803132e-135
1.014158870222658493e+00 -1.960701295882933862e-135
1.014081500380737300e+00 -1.846084402200856707e-135
1.013999160275490974e+00 -1.740768941854318721e-135
1.013912001717009348e+00 -1.643535424225590775e-135
1.013820100587841777e+00 -1.553357913086803495e-135
1.013723466795381167e+00 -1.469366074601226330e-135
1.013622051323096240e+00 -1.390815691133088116e-135
1.013515751008955412e+00 -1.317065497980548663e-135
1.013404411486361623e+00 -1.247558795105093405e-135
1.013287828584136241e+00 -1.181808700621299467e-135
1.013165748379037279e+00 -1.119386205788052673e-135
1.013037866014592003e+00 -1.059910400756465668e-135
1.012903823335093101e+00 -1.003040391760004219e-135
1.012763205327274596e+00 -9.484685408560279492e-136
1.012615535309648651e+00 -8.959147403769005161e-136
1.012460268756748993e+00 -8.451214939243938033e-136
1.012296785588841841e+00 -7.958496195811211765e-136
1.012124380693189440e+00 -7.478744228511588126e-136
1.011942252366274442e+00 -7.009822093025073228e-136
1.011749488272167374e+00 -6.549670216995550352e-136
1.011545048393555746e+00 -6.096274946239450662e-136
1.011327744299701736e+00 -5.647637216408482632e-136
1.011096213857278769e+00 -5.201740258755909987e-136
1.010848890248395859e+00 -4.756515137306927004e-136
1.010583963810763208e+00 -4.309802719891653410e-136
1.010299334743163246e+00 -3.859310383621804159e-136
1.009992554074822024e+00 -3.402561309544834240e-136
1.009660749406092295e+00 -2.936833574646427147e-136
1.009300530680130592e+00 -2.459085315115699447e-136
1.008907869474743979e+00 -1.965860878527058032e-136
1.008477942754820500e+00 -1.453170894253899980e-136
1.008004928299004677e+00 -9.163362369518150606e-137
1.007481733471849106e+00 -3.497813957675193805e-137
1.006899630615720298e+00 2.532441052652597408e-137
1.006247759353049886e+00 9.010483856607170529e-137
1.005512435556491946e+00 1.604033516132086037e-136
1.004676173449750909e+00 2.375463725393918440e-136
1.003716271781655012e+00 3.232592747544893988e-136
1.002602719470558901e+00 4.198363878201812578e-136
1.001295005702305341e+00 5.304054478000516759e-136
9.997371027990915593e-01 6.593539617810467151e-136
9.978492731282379014e-01 8.130460527510727014e-136
9.955140800558548442e-01 1.001089269731301270e-135
9.925511839926426383e-01 1.238712492149309320e-135
9.886688240295422592e-01 1.551575407419715344e-135
9.833622535443133916e-01 1.986465799644620543e-135
9.756764254375277501e-01 2.638277197941141810e-135
9.635606592938468218e-01 3.731067261872894599e-135
9.416684132844332922e-01 5.935636395041278892e-135
8.902994582193981543e-01 1.235836897230906123e-134
6.290691213828660810e-01 7.309540550254500398e-134
1.393724171525996036e+00 2.874675635843397286e-134
1.145495307745932445e+00 -1.132232770691156110e-135
1.095277363255599656e+00 -1.921982646410144989e-135
1.073857830168437832e+00 -1.663361471326777147e-135
1.062139530889548711e+00 -1.317879976298063769e-135
1.054922623862106557e+00 -9.738333013995665822e-136
1.050256640441498135e+00 -6.185253503083876039e-136
1.047333418101335178e+00 -2.102721695809980995e-136
1.045960299888910372e+00 3.346342190670916211e-136
1.046724786461763257e+00 1.230249268207555109e-135
1.053352324401820361e+00 3.310375100781777940e-135
1.167838303491661955e+00 5.070043479792361289e-135
1.006515598589892369e+00 -9.526194822009647796e-135
1.019195531637395069e+00 -4.655601939492605189e-135
1.022300997997275029e+00 -3.308965444030538675e-135
1.023401854039953873e+00 -2.663260773543650457e-135
1.023795500847811901e+00 -2.276194692851600045e-135
1.023880428572568446e+00 -2.013789995190623906e-135
1.023815627796081040e+00 -1.821490820019666785e-135
1.023674765501392914e+00 -1.672825043139427093e-135
1.023495351138314691e+00 -1.553342948772002554e-135
1.023297697906757842e+00 -1.454456881590909780e-135
1.023093246947356816e+00 -1.370722749727217004e-135
1.022888581694328280e+00 -1.298509702571489687e-135
1.022687506002746272e+00 -1.235295026300838257e-135
1.022492180689549723e+00 -1.179265836242530346e-135
1.022303772633519348e+00 -1.129082033758877440e-135
1.022122838494474051e+00 -1.083728961012724658e-135
1.021949557867243064e+00 -1.042422368327820118e-135
1.021783878048015515e+00 -1.004545146691511397e-135
1.021625605419286931e+00 -9.696040314336805727e-136
1.021474463822314771e+00 -9.371992486387871867e-136
1.021330132107425737e+00 -9.070027761284934658e-136
1.021192268336289510e+00 -8.787424754654833268e-136
1.021060525314995360e+00 -8.521903105803407352e-136
1.020934560439811678e+00 -8.271534654268862349e-136
1.020814041785393034e+00 -8.034675537155890311e-136
1.020698651700703730e+00 -7.809913620303971381e-136
1.020588088751324563e+00 -7.596027328565161324e-136
1.020482068568981049e+00 -7.391953060538766726e-136
1.020380323985907500e+00 -7.196759145346175242e-136
1.020282604709483953e+00 -7.009624839763830143e-136
1.020188676710357845e+00 -6.829823248110051909e-136
1.020098321441470279e+00 -6.656707323713355377e-136
1.020011334967314554e+00 -6.489698312195165903e-136
1.019927527056609051e+00 -6.328276145220533341e-136
1.019846720273571483e+00 -6.171971403910492129e-136
1.019768749090559590e+00 -6.020358554255173442e-136
1.019693459036287164e+00 -5.873050219988385973e-136
1.019620705887942513e+00 -5.729692306721056043e-136
1.019550354911507251e+00 -5.589959828447690186e-136
1.019482280151863041e+00 -5.453553316569672992e-136
1.019416363772450707e+00 -5.320195714324341514e-136
1.019352495443081708e+00 -5.189629677449726841e-136
1.019290571773760146e+00 -5.061615216155665371e-136
1.019230495791949354e+00 -4.935927624842601343e-136
1.019172176460508839e+00 -4.812355655137660479e-136
1.019115528233448087e+00 -4.690699895183017009e-136
1.019060470646675265e+00 -4.570771324082072170e-136
1.019006927941005669e+00 -4.452390015268373190e-136
1.018954828714818683e+00 -4.335383966531954097e-136
1.018904105603905430e+00 -4.219588037689973272e-136
1.018854694986198295e+00 -4.104842979558928891e-136
1.018806536709248034e+00 -3.990994540081110671e-136
1.018759573838458721e+00 -3.877892635262960093e-136
1.018713752424255548e+00 -3.765390574064649306e-136
1.018669021286491505e+00 -3.653344327591933236e-136
1.018625331814546398e+00 -3.541611833925632954e-136
1.018582637781686229e+00 -3.430052330714463216e-136
1.018540895172367122e+00 -3.318525708280154592e-136
1.018500062021275854e+00 -3.206891876460338030e-136
1.018460098262985447e+00 -3.095010138760774793e-136
1.018420965591193106e+00 -2.982738567615642358e-136
1.018382627326581691e+00 -2.869933374671251092e-136
1.018345048292408572e+00 -2.756448270019793361e-136
1.018308194696987190e+00 -2.642133804217740358e-136
1.018272034022270844e+00 -2.526836686727664059e-136
1.018236534917793534e+00 -2.410399074119632468e-136
1.018201667099252417e+00 -2.292657820952326492e-136
1.018167401251044213e+00 -2.173443685716288429e-136
1.018133708932081660e+00 -2.052580483549383643e-136
1.018100562484233196e+00 -1.929884176612351731e-136
1.018067934942717745e+00 -1.805161892019435628e-136
1.018035799947794695e+00 -1.678210856031380808e-136
1.018004131657056943e+00 -1.548817231803922409e-136
1.017972904657617139e+00 -1.416754846306998999e-136
1.017942093877434617e+00 -1.281783790041788275e-136
1.017911674494977659e+00 -1.143648870827811159e-136
1.017881621846347118e+00 -1.002077900141113464e-136
1.017851911328907288e+00 -8.567797871726819736e-137
1.017822518300355972e+00 -7.074424118383597733e-137
1.017793417972042924e+00 -5.537302432797375881e-137
1.017764585295179769e+00 -3.952816647901353099e-137
1.017735994838394831e+00 -2.317059593834304780e-137
1.017707620654845213e+00 -6.257990215000356646e-138
1.017679436136808446e+00 1.125561041949828056e-137
1.017651413855326981e+00 2.942024259567811450e-137
1.017623525382040928e+00 4.829052170190274258e-137
1.017595741089816874e+00 6.792621665289729146e-137
1.017568029928132667e+00 8.839291043749638032e-137
1.017540359168362940e+00 1.097627619542141670e-136
1.017512694113126726e+00 1.321153879136517206e-136
1.017484997762599264e+00 1.555388876556376290e-136
1.017457230429150261e+00 1.801310388189849730e-136
1.017429349289696860e+00 2.060006982053450210e-136
1.017401307862693560e+00 2.332694502835990079e-136
1.017373055393508308e+00 2.620735561048491343e-136
1.017344536127899435e+00 2.925662686362197690e-136
1.017315688448061639e+00 3.249205976179306603e-136
1.017286443838920196e+00 3.593326292936423721e-136
1.017256725643421289e+00 3.960255355414181819e-136
1.017226447553779112e+00 4.352544455278793794e-136
1.017195511769899863e+00 4.773124045242934154e-136
1.017163806735007503e+00 5.225377139523291471e-136
1.017131204329649874e+00 5.713230412674102237e-136
1.017097556365568645e+00 6.241268184528731758e-136
1.017062690165658312e+00 6.814876292559031900e-136
1.017026402938291163e+00 7.440425412388286436e-136
1.016988454542868903e+00 8.125507049602135343e-136
1.016948558081716580e+00 8.879240746088897967e-136
1.016906367514864851e+00 9.712678899709415818e-136
1.016861461136001399e+00 1.063934740483939145e-135
1.016813319199256993e+00 1.167597842454060261e-135
1.016761293128150001e+00 1.284351996540230006e-135
1.016704562362577002e+00 1.416855243444428840e-135
1.016642072636327887e+00 1.568531736407767494e-135
1.016572445639965849e+00 1.743869088952296518e-135
1.016493843293657440e+00 1.948865843524598260e-135
1.016403757587631462e+00 2.191725604102910203e-135
1.016298673574478117e+00 2.483972508223977509e-135
1.016173506194354426e+00 2.842319986260308241e-135
1.016020611547988173e+00 3.291961525829209860e-135
1.015827943402137334e+00 3.872729095428372538e-135
1.015575347669354977e+00 4.651529755440902512e-135
1.015226356501239824e+00 5.750054721085550915e-135
1.014707486904855349e+00 7.415267183311336666e-135
1.013845295339317998e+00 1.023638044237474984e-134
1.012108781538514135e+00 1.605131866483723837e-134
1.006708009352310640e+00 3.495998834862863852e-134
1.181645727919641953e+00 -2.244716149797772506e-134
1.026406862174236823e+00 -2.898776168141641308e-134
1.021890991578267904e+00 -1.568339327135491063e-134
1.020318168105047496e+00 -1.090045305164869853e-134
1.019513630404004223e+00 -8.440854789454038598e-135
1.019021877928747433e+00 -6.943761729589958580e-135
1.018688078819903753e+00 -5.937469008505992032e-135
1.018445123872967262e+00 -5.215248016920567246e-135
1.018259206146395313e+00 -4.672209552902946115e-135
1.018111441567169040e+00 -4.249473912418380842e-135
1.017990451665133023e+00 -3.911439004363104943e-135
1.017888970217845523e+00 -3.635313605177508615e-135
1.017802138151763458e+00 -3.405832258209857786e-135
1.017726581795771024e+00 -3.212387248038184795e-135
1.017659884473614440e+00 -3.047379366561168774e-135
1.017600268603575886e+00 -2.905223199389440861e-135
1.017546396549255716e+00 -2.781722701474275299e-135
1.017497241493238391e+00 -2.673665653373174496e-135
1.017452001190495947e+00 -2.578552439533373475e-135
1.017410038850973697e+00 -2.494409972123800923e-135
1.017370841681940030e+00 -2.419661138607355130e-135
1.017333991217503897e+00 -2.353031372688014518e-135
1.017299141692015407e+00 -2.293480603896680945e-135
1.017266004012273628e+00 -2.240152905811690437e-135
1.017234333695974824e+00 -2.192338710971957490e-135
1.017203921664460609e+00 -2.149446095746073715e-135
1.017174587118548468e+00 -2.110978710291921660e-135
1.017146171953515310e+00 -2.076518645032108048e-135
1.017118536323562417e+00 -2.045713012268025035e-135
1.017091555072425990e+00 -2.018263358370904221e-135
1.017065114821103844e+00 -1.993917258395037687e-135
1.017039111556247599e+00 -1.972461613274540248e-135
1.017013448600324610e+00 -1.953717291253318835e-135
1.016988034871685764e+00 -1.937534844074309981e-135
1.016962783362206357e+00 -1.923791094371016582e-135
1.016937609774235085e+00 -1.912386440315521575e-135
1.016912431268620631e+00 -1.903242761541042533e-135
1.016887165282515992e+00 -1.896301839991588735e-135
1.016861728380161534e+00 -1.891524233067941939e-135
1.016836035102296698e+00 -1.888888556037685507e-135
1.016809996780525971e+00 -1.888391147549837344e-135
1.016783520281905551e+00 -1.890046107375129261e-135
1.016756506646227187e+00 -1.893885710168466833e-135
1.016728849573741877e+00 -1.899961214056640752e-135
1.016700433714055274e+00 -1.908344099164674468e-135
1.016671132697142710e+00 -1.919127789911569888e-135
1.016640806834062660e+00 -1.932429937375806621e-135
1.016609300396931204e+00 -1.948395365985405705e-135
1.016576438363461010e+00 -1.967199824547980341e-135
1.016542022478624574e+00 -1.989054728403417447e-135
1.016505826441586713e+00 -2.014213141765936603e-135
1.016467589965265095e+00 -2.042977333595732858e-135
1.016427011371952904e+00 -2.075708356045170210e-135
1.016383738271209980e+00 -2.112838255653042562e-135
1.016337355700519973e+00 -2.154885755085011659e-135
1.016287370871706175e+00 -2.202476569606972825e-135
1.016233193320621009e+00 -2.256369997932974264e-135
1.016174108746778160e+00 -2.317494131544393313e-135
1.016109244060583450e+00 -2.386993089730905295e-135
1.016037519975099945e+00 -2.466291324754840992e-135
1.015957585626509951e+00 -2.557182619156663202e-135
1.015867726728991505e+00 -2.661955556621895130e-135
1.015765733850648056e+00 -2.783574146511397581e-135
1.015648709023032836e+00 -2.925944082715313724e-135
1.015512774142992569e+00 -3.094316021205625050e-135
1.015352617592479190e+00 -3.295915800188898095e-135
1.015160763677183109e+00 -3.540965940223116233e-135
1.014926344739782493e+00 -3.844414421137810539e-135
1.014632930410684253e+00 -4.229016316364139127e-135
1.014254445351757017e+00 -4.731187952823622305e-135
1.013746873935324144e+00 -5.413054916113181981e-135
1.013029625286966828e+00 -6.389967905952931761e-135
1.011937580402803905e+00 -7.902921552041176582e-135
1.010070883347052417e+00 -1.055302567838465232e-134
1.006147817967959934e+00 -1.636912613795773768e-134
9.925859638240723815e-01 -3.897812043552108912e-134
1.124601424885209644e+00 1.723538978120516540e-134
1.034049127758202902e+00 1.804732141460060090e-134
1.026332443046828580e+00 1.017114405622967071e-134
1.023459359038176419e+00 6.922202511482122212e-135
1.021959019335474173e+00 5.158333963802084361e-135
1.021037511807419973e+00 4.052519365731980827e-135
1.020414262685339635e+00 3.295074317099592612e-135
1.019964872347803198e+00 2.744131238121981664e-135
1.019625728081517302e+00 2.325585283560779661e-135
1.019360918684361295e+00 1.996967337548155907e-135
1.019148637249396527e+00 1.732195379616283353e-135
1.018974877103020704e+00 1.514367981874066166e-135
1.018830231598175873e+00 1.332052536512176761e-135
1.018708150070255281e+00 1.177239237662508399e-135
1.018603931437176202e+00 1.044149503939823247e-135
1.018514115433952982e+00 9.285096911504914051e-136
1.018436099520329430e+00 8.270911021727797525e-136
1.018367889545972682e+00 7.374089524874319291e-136
1.018307932690724948e+00 6.575197019989050957e-136
1.018255002663912778e+00 5.858811926212684438e-136
1.018208119042475879e+00 5.212540003756135802e-136
1.018166489470098357e+00 4.626304958693050476e-136
1.018129467506313501e+00 4.091829386164524533e-136
1.018096521402790389e+00 3.602249010949663556e-136
1.018067210646385945e+00 3.151821915632656856e-136
1.018041168112658212e+00 2.735706530927995002e-136
1.018018086332571848e+00 2.349790121347271797e-136
1.017997706816042625e+00 1.990554840069250087e-136
1.017979811676136048e+00 1.654972072631886865e-136
1.017964217005396188e+00 1.340418317147786091e-136
1.017950767601585760e+00 1.044607627262188013e-136
1.017939332743921899e+00 7.655369120222047243e-137
1.017929802795730865e+00 5.014413019619376741e-137
1.017922086464095210e+00 2.507574587649892838e-137
1.017916108587418877e+00 1.209319872260291431e-138
1.017911808351987357e+00 -2.157978326243680477e-137
1.017909137861396918e+00 -4.340374212633160689e-137
1.017908061000156517e+00 -6.436407583135575874e-137
1.017908552546282985e+00 -8.455317441175822075e-137
1.017910597498342007e+00 -1.040556117698778072e-136
1.017914190590893941e+00 -1.229492811570144679e-136
1.017919335979269979e+00 -1.413063858235562326e-136
1.017926047080442764e+00 -1.591943117441110998e-136
1.017934346561825576e+00 -1.766764048690392439e-136
1.017944266474401394e+00 -1.938126719049533522e-136
1.017955848530877061e+00 -2.106604209847581830e-136
1.017969144533799275e+00 -2.272748566069903142e-136
1.017984216962955379e+00 -2.437096418001251801e-136
1.018001139736106397e+00 -2.600174395289303112e-136
1.018019999162417033e+00 -2.762504448635408178e-136
1.018040895114098454e+00 -2.924609193593773500e-136
1.018063942449082715e+00 -3.087017394530950629e-136
1.018089272726433903e+00 -3.250269714971617416e-136
1.018117036267129016e+00 -3.414924873925655624e-136
1.018147404626539965e+00 -3.581566367282721728e-136
1.018180573562255775e+00 -3.750809940331222642e-136
1.018216766603014412e+00 -3.923312033824047482e-136
1.018256239353084069e+00 -4.099779474443051383e-136
1.018299284703644281e+00 -4.280980744711926129e-136
1.018346239171640022e+00 -4.467759252520510874e-136
1.018397490651539616e+00 -4.661049133645943377e-136
1.018453487952464931e+00 -4.861894272112792794e-136
1.018514752611067831e+00 -5.071471427311942125e-136
1.018581893631916646e+00 -5.291118634151722258e-136
1.018655626030725569e+00 -5.522370423148916961e-136
1.018736794369265120e+00 -5.767001935419071147e-136
1.018826402916426233e+00 -6.027084748830046821e-136
1.018925654712527162e+00 -6.305058285795199716e-136
1.019036002755399073e+00 -6.603822193603439221e-136
1.019159217929831884e+00 -6.926857314745003829e-136
1.019297480432645564e+00 -7.278386180023432015e-136
1.019453504748879968e+00 -7.663588984058246562e-136
1.019630713474082961e+00 -8.088898777118263150e-136
1.019833483802362606e+00 -8.562411894651930915e-136
1.020067504769892164e+00 -9.094469534821068503e-136
1.020340308009605401e+00 -9.698499442950205048e-136
1.020662078991332988e+00 -1.039226318596254463e-135
1.021046938377034863e+00 -1.119975429021760532e-135
1.021515045305506852e+00 -1.215417488449906369e-135
1.022096211336749771e+00 -1.330276427513195523e-135
1.022836463040839750e+00 -1.471493323548519372e-135
1.023810801777448098e+00 -1.649653785208974962e-135
1.025150263436489517e+00 -1.881592824139352670e-135
1.027106269675980510e+00 -2.195235723249544460e-135
1.030230105742044211e+00 -2.637673723283051547e-135
1.036009906798239566e+00 -3.273103948743408399e-135
1.050330824278881137e+00 -3.842027657310605263e-135
1.145621300606304516e+00 2.857946057544048814e-134
9.460006794748652137e-01 3.277247965889739256e-134
9.888972829782132212e-01 8.580553855491610880e-135
9.993731983303936195e-01 4.604666209579147183e-135
1.004103330163321761e+00 3.055389915777190708e-135
1.006797851786655595e+00 2.239625172476082110e-135
1.008538522974883334e+00 1.737295861324386527e-135
1.009756060603792971e+00 1.396622690301844851e-135
1.010655867094705895e+00 1.149878980368161514e-135
1.011348327424222315e+00 9.624020144093601779e-136
1.011898060911398778e+00 8.146474346124578846e-136
1.012345415781818359e+00 6.947694564983987259e-136
1.012716890066836628e+00 5.951739092872183127e-136
1.013030608390813159e+00 5.107684337214403116e-136
1.013299390797884447e+00 4.380098805998470187e-136
1.013532564486327114e+00 3.743554719285695187e-136
1.013737080875585006e+00 3.179313968891785967e-136
1.013918230137572207e+00 2.673246273440088214e-136
1.014080112886823093e+00 2.214476356081573881e-136
1.014225960210962230e+00 1.794478648669967237e-136
1.014358356096386915e+00 1.406455624522795066e-136
1.014479395362036795e+00 1.044900955547949675e-136
1.014590797979958214e+00 7.052860795636353501e-137
1.014693993290009644e+00 3.838309508680571478e-137
1.014790183051228700e+00 7.733329730135904442e-138
1.014880389375546255e+00 -2.169608035565536282e-137
1.014965491710600354e+00 -5.014567758550384748e-137
1.015046255795688523e+00 -7.782900146579254484e-137
1.015123356678687694e+00 -1.049388797652732285e-136
1.015197397310702909e+00 -1.316525869557202006e-136
1.015268923840502380e+00 -1.581361844312993469e-136
1.015338438455784198e+00 -1.845482830077480902e-136
1.015406410426282102e+00 -2.110434182120387967e-136
1.015473285870709841e+00 -2.377751962155279277e-136
1.015539496679926268e+00 -2.648993487549031457e-136
1.015605468972530678e+00 -2.925768265737463074e-136
1.015671631430400401e+00 -3.209770616479895752e-136
1.015738423857660111e+00 -3.502815386659907089e-136
1.015806306327070585e+00 -3.806878369168777418e-136
1.015875769325439659e+00 -4.124143371058074722e-136
1.015947345390131096e+00 -4.457058374211961522e-136
1.016021622851959183e+00 -4.808403953596491117e-136
1.016099262481468202e+00 -5.181378155114669329e-136
1.016181018100404287e+00 -5.579703527815473458e-136
1.016267762606342107e+00 -6.007764171593074404e-136
1.016360521426038055e+00 -6.470783844056671012e-136
1.016460516257992497e+00 -6.975060916645498845e-136
1.016569223242515196e+00 -7.528283174017392859e-136
1.016688451666722282e+00 -8.139956604095243885e-136
1.016820452411764553e+00 -8.821999983079952804e-136
1.016968070348594821e+00 -9.589585718244112296e-136
1.017134963171762330e+00 -1.046235524600718554e-135
1.017325923312296654e+00 -1.146621968460030943e-135
1.017547364603153204e+00 -1.263610356903665225e-135
1.017808081446152979e+00 -1.402026320717506571e-135
1.018120477026138948e+00 -1.568734519626046973e-135
1.018502637702247471e+00 -1.773845220889650774e-135
1.018982022175810132e+00 -2.032891159136309001e-135
1.019602450821592843e+00 -2.371024530371109983e-135
1.020438443175263776e+00 -2.831816891393943661e-135
1.021627831720497870e+00 -3.497850663829166894e-135
1.023457164789652651e+00 -4.546746054805763817e-135
1.026636412324418046e+00 -6.441717085357056994e-135
1.033539323008055177e+00 -1.087562598493092829e-134
1.059972197550179240e+00 -3.193069899698910075e-134
9.060569439442005546e-01 -3.235662487760815942e-136
9.901887541555283168e-01 9.613309651255607306e-135
1.000941444629876553e+00 6.149465977278332814e-135
1.005161745200831902e+00 4.494213250973053621e-135
1.007413977138332584e+00 3.540963384773751949e-135
1.008813217984780630e+00 2.923015862365404258e-135
1.009765779871814484e+00 2.490094243579460570e-135
1.010455120366397841e+00 2.169822392886084708e-135
1.010976201696246690e+00 1.923153296738326532e-135
1.011383102480722274e+00 1.727194483307196007e-135
1.011708875859884893e+00 1.567646027897793671e-135
1.011974856944322765e+00 1.435118063415763817e-135
1.012195427366538558e+00 1.323190975174989914e-135
1.012380629143010857e+00 1.227327211923712591e-135
1.012537681110827537e+00 1.144228532440250845e-135
1.012671900225040611e+00 1.071439656986380716e-135
1.012787283373187686e+00 1.007094779319930456e-135
1.012886887088020327e+00 9.497502840538796427e-136
1.012973082452848228e+00 8.982713046310129750e-136
1.013047730435373550e+00 8.517529311779660567e-136
1.013112305043470718e+00 8.094643123013748959e-136
1.013167981393181316e+00 7.708082394227118166e-136
1.013215699632789013e+00 7.352914202394615326e-136
1.013256211891892855e+00 7.025022691902797724e-136
1.013290117043768479e+00 6.720940716609461028e-136
1.013317886530468614e+00 6.437720460112883695e-136
1.013339883481308101e+00 6.172832689093296671e-136
1.013356376663928415e+00 5.924087265265488483e-136
1.013367550324539623e+00 5.689569570875308614e-136
1.013373510625108942e+00 5.467588905831126543e-136
1.013374289120955174e+00 5.256635892405932165e-136
1.013369843508375778e+00 5.055346605600410473e-136
1.013360055683250938e+00 4.862471617591719506e-136
1.013344726966766141e+00 4.676848456643871367e-136
1.013323570152844910e+00 4.497376166453508404e-136
1.013296197790031439e+00 4.322990726631617663e-136
1.013262105797919865e+00 4.152640059536941590e-136
1.013220651091448765e+00 3.985257187608709562e-136
1.013171021280243611e+00 3.819729782546616720e-136
1.013112193622409229e+00 3.654863796199013631e-136
1.013042879077353353e+00 3.489337966132999798e-136
1.012961445245230907e+00 3.321644544871313534e-136
1.012865808730966544e+00 3.150009257716508460e-136
1.012753282199923666e+00 2.972279617623835424e-136
1.012620352593115003e+00 2.785764149193477265e-136
1.012462351801634686e+00 2.586993563003643473e-136
1.012272953987312984e+00 2.371354018452983352e-136
1.012043383221724380e+00 2.132502989609588634e-136
1.011761116369338964e+00 1.861399270578140685e-136
1.011407661917923750e+00 1.544611619022926113e-136
1.010954543714386089e+00 1.161191219247315007e-136
1.010355534080751294e+00 6.764535347851280858e-137
1.009530297341217242e+00 2.841923963780384992e-138
1.008325857441011442e+00 -9.056011609974607843e-137
1.006410573912108308e+00 -2.406749616780892977e-136
1.002905848807225775e+00 -5.285975130445319587e-136
9.944677185882930814e-01 -1.313850813531684725e-135
9.463197517409849269e-01 -8.509803789236220692e-135
1.065838384712326059e+00 7.357352897610863406e-136
1.033547318594478126e+00 1.068821664535538778e-135
1.026349295830900177e+00 8.523426324549042978e-136
1.023183732811226321e+00 7.211304463629399097e-136
1.021405879687069307e+00 6.363816840926686045e-136
1.020268760521913398e+00 5.771094380727340490e-136
1.019479878844669951e+00 5.330567504445909308e-136
1.018901209103344474e+00 4.987799162232741243e-136
1.018459120028440301e+00 4.711512073068689770e-136
1.018110746133237932e+00 4.482529749814575798e-136
1.017829440223612547e+00 4.288461096366316711e-136
1.017597767099814643e+00 4.120948506805315550e-136
1.017403840385995517e+00 3.974150701347271160e-136
1.017239278520200019e+00 3.843860973133549485e-136
1.017098002233036036e+00 3.726971377749965970e-136
1.016975495303538590e+00 3.621134534550071869e-136
1.016868332932369778e+00 3.524543060786003652e-136
1.016773871138167085e+00 3.435781574066968591e-136
1.016690036492933658e+00 3.353724879873544210e-136
1.016615180313784839e+00 3.277466370276434644e-136
1.016547975380734714e+00 3.206266671247757903e-136
1.016487341382217302e+00 3.139516158994232923e-136
1.016432390179949463e+00 3.076707162597164161e-136
1.016382385007847722e+00 3.017413051740259309e-136
1.016336709635641933e+00 2.961272297131672531e-136
1.016294844769512595e+00 2.907976175037718556e-136
1.016256349783245971e+00 2.857259178107137190e-136
1.016220848426536483e+00 2.808891460757648974e-136
1.016188017535986088e+00 2.762672831482487801e-136
1.016157578037959475e+00 2.718427933655309077e-136
1.016129287718454455e+00 2.676002348348312622e-136
1.016102935368144555e+00 2.635259418908910615e-136
1.016078336006982719e+00 2.596077645308684704e-136
1.016055326963210215e+00 2.558348531838301558e-136
1.016033764633710978e+00 2.521974798184929168e-136
1.016013521791578889e+00 2.486868883808972181e-136
1.015994485336111142e+00 2.452951690604881281e-136
1.015976554402751475e+00 2.420151520347021907e-136
1.015959638767620410e+00 2.388403172292609904e-136
1.015943657494483565e+00 2.357647173198025448e-136
1.015928537782294638e+00 2.327829117384954698e-136
1.015914213979510761e+00 2.298899098725242741e-136
1.015900626737727741e+00 2.270811219764243060e-136
1.015887722282228456e+00 2.243523165870969628e-136
1.015875451781060645e+00 2.216995834440824940e-136
1.015863770797487353e+00 2.191193010898028140e-136
1.015852638813261155e+00 2.166081084638162783e-136
1.015842018812281200e+00 2.141628799184739875e-136
1.015831876915917587e+00 2.117807031760078976e-136
1.015822182062690926e+00 2.094588598231349558e-136
1.015812905726154902e+00 2.071948080019769566e-136
1.015804021665785317e+00 2.049861670080219403e-136
1.015795505706469148e+00 2.028307035490151219e-136
