-8.102747399203900081e-01
0.000000000000000000e+00
-7.726432782488830142e-01
0.000000000000000000e+00
-5.513964751568017908e-01
0.000000000000000000e+00
-3.318603234054394169e-01
0.000000000000000000e+00
9.281728887219490298e-01
0.000000000000000000e+00
-1.255569152398759158e-01
0.000000000000000000e+00
1.064707417726404731e-01
0.000000000000000000e+00
7.332212645708804377e-01
0.000000000000000000e+00
5.233348315448029808e-01
0.000000000000000000e+00
3.179135392937664228e-01
0.000000000000000000e+00
