1.009010965963862416e+00 0.000000000000000000e+00
1.008871227609406729e+00 0.000000000000000000e+00
1.008724139942204001e+00 0.000000000000000000e+00
1.008569098638225192e+00 0.000000000000000000e+00
1.008405430947002523e+00 0.000000000000000000e+00
1.008232385718946134e+00 0.000000000000000000e+00
1.008049121637684564e+00 0.000000000000000000e+00
1.007854693269344626e+00 0.000000000000000000e+00
1.007648034441880558e+00 0.000000000000000000e+00
1.007427938339539031e+00 0.000000000000000000e+00
1.007193033530423776e+00 0.000000000000000000e+00
1.006941754925163801e+00 0.000000000000000000e+00
1.006672308372678293e+00 0.000000000000000000e+00
1.006382627207792035e+00 0.000000000000000000e+00
1.006070318536060215e+00 0.000000000000000000e+00
1.005732596317286953e+00 0.000000000000000000e+00
1.005366197308137366e+00 0.000000000000000000e+00
1.004967274522905241e+00 0.000000000000000000e+00
1.004531260883958277e+00 0.000000000000000000e+00
1.004052692874177755e+00 0.000000000000000000e+00
1.003524979826653674e+00 0.000000000000000000e+00
1.002940098281246639e+00 0.000000000000000000e+00
1.002288181447159365e+00 0.000000000000000000e+00
1.001556959310816231e+00 0.000000000000000000e+00
1.000730982033709804e+00 0.000000000000000000e+00
9.997905222275004222e-01 0.000000000000000000e+00
9.987099900265942187e-01 0.000000000000000000e+00
9.974555890061989061e-01 0.000000000000000000e+00
9.959817526790670783e-01 0.000000000000000000e+00
9.942255524924975552e-01 0.000000000000000000e+00
9.920975911154039650e-01 0.000000000000000000e+00
9.894665059994580680e-01 0.000000000000000000e+00
9.861311669912785627e-01 0.000000000000000000e+00
9.817674414393987581e-01 0.000000000000000000e+00
9.758175304940234218e-01 0.000000000000000000e+00
9.672338173809589268e-01 0.000000000000000000e+00
9.537916247594936392e-01 0.000000000000000000e+00
9.297949877207962732e-01 0.000000000000000000e+00
8.749942383466894347e-01 0.000000000000000000e+00
6.261225810469418507e-01 0.000000000000000000e+00
1.526493059843491373e+00 0.000000000000000000e+00
1.171099515648061029e+00 0.000000000000000000e+00
1.108135093364219781e+00 0.000000000000000000e+00
1.082194939709975490e+00 0.000000000000000000e+00
1.068355247170810207e+00 0.000000000000000000e+00
1.060116114405358134e+00 0.000000000000000000e+00
1.055151679000717824e+00 0.000000000000000000e+00
1.052660152090878931e+00 0.000000000000000000e+00
1.052913813260472731e+00 0.000000000000000000e+00
1.058570029021395520e+00 0.000000000000000000e+00
1.090926132641902857e+00 0.000000000000000000e+00
9.256203925761881113e-01 0.000000000000000000e+00
1.002606306171811124e+00 0.000000000000000000e+00
1.012903421033745088e+00 0.000000000000000000e+00
1.016380913427613386e+00 0.000000000000000000e+00
1.017825110744885242e+00 0.000000000000000000e+00
1.018424639294541745e+00 0.000000000000000000e+00
1.018607219333715452e+00 0.000000000000000000e+00
1.018559451539735816e+00 0.000000000000000000e+00
1.018372306265547866e+00 0.000000000000000000e+00
1.018092693371568380e+00 0.000000000000000000e+00
1.017744680184945238e+00 0.000000000000000000e+00
1.017339041569389702e+00 0.000000000000000000e+00
1.016877636337333302e+00 0.000000000000000000e+00
1.016355089800634603e+00 0.000000000000000000e+00
1.015758676333411437e+00 0.000000000000000000e+00
1.015066456215305113e+00 0.000000000000000000e+00
1.014242948197568994e+00 0.000000000000000000e+00
1.013230328793038204e+00 0.000000000000000000e+00
1.011930138732263229e+00 0.000000000000000000e+00
1.010162039420734459e+00 0.000000000000000000e+00
1.007558130498690030e+00 0.000000000000000000e+00
1.003235059786931505e+00 0.000000000000000000e+00
9.944062630996866048e-01 0.000000000000000000e+00
9.652735322082864888e-01 0.000000000000000000e+00
1.340744289785066101e+00 0.000000000000000000e+00
1.059240744281267466e+00 0.000000000000000000e+00
1.040305116329289570e+00 0.000000000000000000e+00
1.033350807191441900e+00 0.000000000000000000e+00
1.029705648494859238e+00 0.000000000000000000e+00
1.027441630077526646e+00 0.000000000000000000e+00
1.025885949436552425e+00 0.000000000000000000e+00
1.024742437408241447e+00 0.000000000000000000e+00
1.023860312481651436e+00 0.000000000000000000e+00
1.023154681318562798e+00 0.000000000000000000e+00
1.022574064562757457e+00 0.000000000000000000e+00
1.022085407732971518e+00 0.000000000000000000e+00
1.021666497955350916e+00 0.000000000000000000e+00
1.021301842254237480e+00 0.000000000000000000e+00
1.020980294156366819e+00 0.000000000000000000e+00
1.020693620449128591e+00 0.000000000000000000e+00
1.020435600427877398e+00 0.000000000000000000e+00
1.020201440206852661e+00 0.000000000000000000e+00
1.019987380538594390e+00 0.000000000000000000e+00
1.019790427384109188e+00 0.000000000000000000e+00
1.019608162576695509e+00 0.000000000000000000e+00
1.019438608061009610e+00 0.000000000000000000e+00
1.019280126767792671e+00 0.000000000000000000e+00
1.019131349038062018e+00 0.000000000000000000e+00
1.018991117181574646e+00 0.000000000000000000e+00
1.018858443110864265e+00 0.000000000000000000e+00
1.018732475536888948e+00 0.000000000000000000e+00
1.018612474244224630e+00 0.000000000000000000e+00
1.018497789664874364e+00 0.000000000000000000e+00
1.018387846453427503e+00 0.000000000000000000e+00
1.018282130104379624e+00 0.000000000000000000e+00
1.018180175891338468e+00 0.000000000000000000e+00
1.018081559578011053e+00 0.000000000000000000e+00
1.017985889472484029e+00 0.000000000000000000e+00
1.017892799482890798e+00 0.000000000000000000e+00
1.017801942893103773e+00 0.000000000000000000e+00
1.017712986617576920e+00 0.000000000000000000e+00
1.017625605718578408e+00 0.000000000000000000e+00
1.017539477978825380e+00 0.000000000000000000e+00
1.017454278318473015e+00 0.000000000000000000e+00
1.017369672826612392e+00 0.000000000000000000e+00
1.017285312141360532e+00 0.000000000000000000e+00
1.017200823854648384e+00 0.000000000000000000e+00
1.017115803530405094e+00 0.000000000000000000e+00
1.017029803796178244e+00 0.000000000000000000e+00
1.016942320779876008e+00 0.000000000000000000e+00
1.016852776886358445e+00 0.000000000000000000e+00
1.016760498497103260e+00 0.000000000000000000e+00
1.016664686555825980e+00 0.000000000000000000e+00
1.016564377051121015e+00 0.000000000000000000e+00
1.016458386916551326e+00 0.000000000000000000e+00
1.016345238479192892e+00 0.000000000000000000e+00
1.016223051655589016e+00 0.000000000000000000e+00
1.016089386428718599e+00 0.000000000000000000e+00
1.015941006454418316e+00 0.000000000000000000e+00
1.015773513357884905e+00 0.000000000000000000e+00
1.015580760742523125e+00 0.000000000000000000e+00
1.015353875642773795e+00 0.000000000000000000e+00
1.015079541868148638e+00 0.000000000000000000e+00
1.014736802098832325e+00 0.000000000000000000e+00
1.014290636912603683e+00 0.000000000000000000e+00
1.013677765543885334e+00 0.000000000000000000e+00
1.012770894367743812e+00 0.000000000000000000e+00
1.011270323324610532e+00 0.000000000000000000e+00
1.008262539257954504e+00 0.000000000000000000e+00
9.989996417490395464e-01 0.000000000000000000e+00
1.382482734072003838e+00 0.000000000000000000e+00
1.033408914187994965e+00 0.000000000000000000e+00
1.025365277280783749e+00 0.000000000000000000e+00
1.022587230276850168e+00 0.000000000000000000e+00
1.021172254054421913e+00 0.000000000000000000e+00
1.020310772343100636e+00 0.000000000000000000e+00
1.019728754749446908e+00 0.000000000000000000e+00
1.019307743466749017e+00 0.000000000000000000e+00
1.018988195035912980e+00 0.000000000000000000e+00
1.018736926897110262e+00 0.000000000000000000e+00
1.018534005689812227e+00 0.000000000000000000e+00
1.018366758218671952e+00 0.000000000000000000e+00
1.018226766725557120e+00 0.000000000000000000e+00
1.018108247693456647e+00 0.000000000000000000e+00
1.018007125178404415e+00 0.000000000000000000e+00
1.017920476119627216e+00 0.000000000000000000e+00
1.017846186053590118e+00 0.000000000000000000e+00
1.017782729710340783e+00 0.000000000000000000e+00
1.017729029184733180e+00 0.000000000000000000e+00
1.017684362656953834e+00 0.000000000000000000e+00
1.017648307990973944e+00 0.000000000000000000e+00
1.017620712297788055e+00 0.000000000000000000e+00
1.017601682935928231e+00 0.000000000000000000e+00
1.017591598683642129e+00 0.000000000000000000e+00
1.017591142778968560e+00 0.000000000000000000e+00
1.017601362901203732e+00 0.000000000000000000e+00
1.017623767828568448e+00 0.000000000000000000e+00
1.017660477815781839e+00 0.000000000000000000e+00
1.017714458167338520e+00 0.000000000000000000e+00
1.017789887926085601e+00 0.000000000000000000e+00
1.017892758339484338e+00 0.000000000000000000e+00
1.018031881849975173e+00 0.000000000000000000e+00
1.018220677118117923e+00 0.000000000000000000e+00
1.018480523323221920e+00 0.000000000000000000e+00
1.018847563725379324e+00 0.000000000000000000e+00
1.019387945591592848e+00 0.000000000000000000e+00
1.020236871393271016e+00 0.000000000000000000e+00
1.021720133497141969e+00 0.000000000000000000e+00
1.024871787572598114e+00 0.000000000000000000e+00
1.035645892031803905e+00 0.000000000000000000e+00
9.103721045849960669e-01 0.000000000000000000e+00
1.001145879115609594e+00 0.000000000000000000e+00
1.007785418780506204e+00 0.000000000000000000e+00
1.010184530530852998e+00 0.000000000000000000e+00
1.011400657389140978e+00 0.000000000000000000e+00
1.012120565545642670e+00 0.000000000000000000e+00
1.012584831256795992e+00 0.000000000000000000e+00
1.012899439729520124e+00 0.000000000000000000e+00
1.013118239468618453e+00 0.000000000000000000e+00
1.013271377246381943e+00 0.000000000000000000e+00
1.013376933574775762e+00 0.000000000000000000e+00
1.013446295315670209e+00 0.000000000000000000e+00
1.013486869143132019e+00 0.000000000000000000e+00
1.013503548140961996e+00 0.000000000000000000e+00
1.013499545103060617e+00 0.000000000000000000e+00
1.013476881275604757e+00 0.000000000000000000e+00
1.013436674929512504e+00 0.000000000000000000e+00
1.013379304880982934e+00 0.000000000000000000e+00
1.013304488206055343e+00 0.000000000000000000e+00
1.013211290963519362e+00 0.000000000000000000e+00
1.013098077241576966e+00 0.000000000000000000e+00
1.012962390591969131e+00 0.000000000000000000e+00
1.012800749479006557e+00 0.000000000000000000e+00
1.012608320960537656e+00 0.000000000000000000e+00
1.012378408526303231e+00 0.000000000000000000e+00
1.012101639732196245e+00 0.000000000000000000e+00
1.011764643881641224e+00 0.000000000000000000e+00
1.011347817836565133e+00 0.000000000000000000e+00
1.010821364734835415e+00 0.000000000000000000e+00
1.010137830609755039e+00 0.000000000000000000e+00
1.009216915556406802e+00 0.000000000000000000e+00
1.007911298917819387e+00 0.000000000000000000e+00
1.005918521238656549e+00 0.000000000000000000e+00
1.002504145834736127e+00 0.000000000000000000e+00
9.953029586530203199e-01 0.000000000000000000e+00
9.701475731667517088e-01 0.000000000000000000e+00
1.198565479120321520e+00 0.000000000000000000e+00
1.045752214319649598e+00 0.000000000000000000e+00
1.031955590046340632e+00 0.000000000000000000e+00
1.026779738159855127e+00 0.000000000000000000e+00
1.024063922376490021e+00 0.000000000000000000e+00
1.022387932571026781e+00 0.000000000000000000e+00
1.021248061438993382e+00 0.000000000000000000e+00
1.020420494402676237e+00 0.000000000000000000e+00
1.019790605049745835e+00 0.000000000000000000e+00
1.019293599385551641e+00 0.000000000000000000e+00
1.018890080662114617e+00 0.000000000000000000e+00
1.018554706145893718e+00 0.000000000000000000e+00
1.018270422966826905e+00 0.000000000000000000e+00
1.018025323994589337e+00 0.000000000000000000e+00
1.017810831940831884e+00 0.000000000000000000e+00
1.017620599839324846e+00 0.000000000000000000e+00
1.017449818214547719e+00 0.000000000000000000e+00
1.017294763281110903e+00 0.000000000000000000e+00
1.017152493310642170e+00 0.000000000000000000e+00
1.017020638963507917e+00 0.000000000000000000e+00
1.016897254806549356e+00 0.000000000000000000e+00
1.016780711552735861e+00 0.000000000000000000e+00
1.016669615863196485e+00 0.000000000000000000e+00
1.016562749000054389e+00 0.000000000000000000e+00
1.016459018381917767e+00 0.000000000000000000e+00
1.016357417829615750e+00 0.000000000000000000e+00
1.016256993373667816e+00 0.000000000000000000e+00
1.016156812143266475e+00 0.000000000000000000e+00
1.016055932189720901e+00 0.000000000000000000e+00
1.015953371173092812e+00 0.000000000000000000e+00
1.015848071668955077e+00 0.000000000000000000e+00
1.015738860396460108e+00 0.000000000000000000e+00
1.015624397836125681e+00 0.000000000000000000e+00
1.015503113318662276e+00 0.000000000000000000e+00
1.015373118408306796e+00 0.000000000000000000e+00
1.015232087712831355e+00 0.000000000000000000e+00
1.015077090109165914e+00 0.000000000000000000e+00
1.014904342880331711e+00 0.000000000000000000e+00
1.014708842747562123e+00 0.000000000000000000e+00
1.014483793850674775e+00 0.000000000000000000e+00
1.014219687689432936e+00 0.000000000000000000e+00
1.013902758633746126e+00 0.000000000000000000e+00
1.013512256010018708e+00 0.000000000000000000e+00
1.013015318372578077e+00 0.000000000000000000e+00
1.012356567129203855e+00 0.000000000000000000e+00
1.011434754649948253e+00 0.000000000000000000e+00
1.010042761360832042e+00 0.000000000000000000e+00
1.007680051477564787e+00 0.000000000000000000e+00
1.002747774743348863e+00 0.000000000000000000e+00
9.858738260431274547e-01 0.000000000000000000e+00
1.159146486094697837e+00 0.000000000000000000e+00
1.038027589161553577e+00 0.000000000000000000e+00
1.028149393654972377e+00 0.000000000000000000e+00
1.024478457514131469e+00 0.000000000000000000e+00
1.022557158087461504e+00 0.000000000000000000e+00
1.021371829479157611e+00 0.000000000000000000e+00
1.020565164276358683e+00 0.000000000000000000e+00
1.019978966297497402e+00 0.000000000000000000e+00
1.019532403724372260e+00 0.000000000000000000e+00
1.019179858671631189e+00 0.000000000000000000e+00
1.018893626237125094e+00 0.000000000000000000e+00
1.018655900519379376e+00 0.000000000000000000e+00
1.018454709047137641e+00 0.000000000000000000e+00
1.018281698124893886e+00 0.000000000000000000e+00
1.018130855172036053e+00 0.000000000000000000e+00
1.017997735856142283e+00 0.000000000000000000e+00
1.017878977542244545e+00 0.000000000000000000e+00
1.017771982319949142e+00 0.000000000000000000e+00
1.017674704233510807e+00 0.000000000000000000e+00
1.017585502594449576e+00 0.000000000000000000e+00
1.017503038349433453e+00 0.000000000000000000e+00
1.017426199149124022e+00 0.000000000000000000e+00
1.017354043909587835e+00 0.000000000000000000e+00
1.017285760796015737e+00 0.000000000000000000e+00
1.017220634516089239e+00 0.000000000000000000e+00
1.017158020051850187e+00 0.000000000000000000e+00
1.017097320751983336e+00 0.000000000000000000e+00
1.017037969207742254e+00 0.000000000000000000e+00
1.016979409637337239e+00 0.000000000000000000e+00
1.016921080657519960e+00 0.000000000000000000e+00
1.016862397352650271e+00 0.000000000000000000e+00
1.016802731465379361e+00 0.000000000000000000e+00
1.016741388314297279e+00 0.000000000000000000e+00
1.016677578654272773e+00 0.000000000000000000e+00
1.016610383063770495e+00 0.000000000000000000e+00
1.016538705447540769e+00 0.000000000000000000e+00
1.016461210673585080e+00 0.000000000000000000e+00
1.016376238859399539e+00 0.000000000000000000e+00
1.016281684748053360e+00 0.000000000000000000e+00
1.016174823815276795e+00 0.000000000000000000e+00
1.016052055057597769e+00 0.000000000000000000e+00
1.015908509599305010e+00 0.000000000000000000e+00
1.015737435688999213e+00 0.000000000000000000e+00
1.015529195773627880e+00 0.000000000000000000e+00
1.015269557748827989e+00 0.000000000000000000e+00
1.014936626194218539e+00 0.000000000000000000e+00
1.014494962293321700e+00 0.000000000000000000e+00
1.013883355857576385e+00 0.000000000000000000e+00
1.012986520758855313e+00 0.000000000000000000e+00
1.011559183442742871e+00 0.000000000000000000e+00
1.008972895230555666e+00 0.000000000000000000e+00
1.002995332079919200e+00 0.000000000000000000e+00
9.757293059259400936e-01 0.000000000000000000e+00
1.075954393231455253e+00 0.000000000000000000e+00
1.036163529172453357e+00 0.000000000000000000e+00
1.029277158826964023e+00 0.000000000000000000e+00
1.026540077820324859e+00 0.000000000000000000e+00
1.025171308747472532e+00 0.000000000000000000e+00
1.024447847158916458e+00 0.000000000000000000e+00
1.024108472336945352e+00 0.000000000000000000e+00
1.024049268286321812e+00 0.000000000000000000e+00
1.024240463492891218e+00 0.000000000000000000e+00
1.024704901983752192e+00 0.000000000000000000e+00
1.025527303994286488e+00 0.000000000000000000e+00
1.026903170131060472e+00 0.000000000000000000e+00
1.029293356514965563e+00 0.000000000000000000e+00
1.034002766066112855e+00 0.000000000000000000e+00
1.046563696373689512e+00 0.000000000000000000e+00
1.163921209928255429e+00 0.000000000000000000e+00
9.712024596771630103e-01 0.000000000000000000e+00
9.976645986701172530e-01 0.000000000000000000e+00
1.004877920018889315e+00 0.000000000000000000e+00
1.008216234932503674e+00 0.000000000000000000e+00
1.010126965814930777e+00 0.000000000000000000e+00
1.011356665800671850e+00 0.000000000000000000e+00
1.012209601564557637e+00 0.000000000000000000e+00
1.012832889528893832e+00 0.000000000000000000e+00
1.013306265928513250e+00 0.000000000000000000e+00
1.013676647058416869e+00 0.000000000000000000e+00
1.013973407067531474e+00 0.000000000000000000e+00
1.014215854806664652e+00 0.000000000000000000e+00
1.014417191081365965e+00 0.000000000000000000e+00
1.014586737818700124e+00 0.000000000000000000e+00
1.014731259323110590e+00 0.000000000000000000e+00
1.014855779286880866e+00 0.000000000000000000e+00
1.014964104435186254e+00 0.000000000000000000e+00
1.015059170628560992e+00 0.000000000000000000e+00
1.015143277810860445e+00 0.000000000000000000e+00
1.015218253283876937e+00 0.000000000000000000e+00
1.015285567555577417e+00 0.000000000000000000e+00
1.015346418080973701e+00 0.000000000000000000e+00
1.015401790820865235e+00 0.000000000000000000e+00
1.015452506195771543e+00 0.000000000000000000e+00
1.015499253883528130e+00 0.000000000000000000e+00
1.015542619525651613e+00 0.000000000000000000e+00
1.015583105490954763e+00 0.000000000000000000e+00
1.015621147226799970e+00 0.000000000000000000e+00
1.015657126305044899e+00 0.000000000000000000e+00
1.015691380975845215e+00 0.000000000000000000e+00
1.015724214836139394e+00 0.000000000000000000e+00
1.015755904073615934e+00 0.000000000000000000e+00
1.015786703643247746e+00 0.000000000000000000e+00
1.015816852660139880e+00 0.000000000000000000e+00
1.015846579241509895e+00 0.000000000000000000e+00
1.015876104996899842e+00 0.000000000000000000e+00
1.015905649345938189e+00 0.000000000000000000e+00
1.015935433835385870e+00 0.000000000000000000e+00
1.015965686631316700e+00 0.000000000000000000e+00
1.015996647378844431e+00 0.000000000000000000e+00
1.016028572652940776e+00 0.000000000000000000e+00
1.016061742273465462e+00 0.000000000000000000e+00
1.016096466831823086e+00 0.000000000000000000e+00
1.016133096885575293e+00 0.000000000000000000e+00
1.016172034436167548e+00 0.000000000000000000e+00
1.016213747537691781e+00 0.000000000000000000e+00
1.016258789229271597e+00 0.000000000000000000e+00
1.016307822501393732e+00 0.000000000000000000e+00
1.016361653797936082e+00 0.000000000000000000e+00
1.016421278790034854e+00 0.000000000000000000e+00
1.016487946127767383e+00 0.000000000000000000e+00
1.016563248101069350e+00 0.000000000000000000e+00
1.016649252578363916e+00 0.000000000000000000e+00
1.016748700062969135e+00 0.000000000000000000e+00
1.016865306837851701e+00 0.000000000000000000e+00
1.017004247518391358e+00 0.000000000000000000e+00
1.017172954567166387e+00 0.000000000000000000e+00
1.017382507658206148e+00 0.000000000000000000e+00
1.017650191913504809e+00 0.000000000000000000e+00
1.018004559554853028e+00 0.000000000000000000e+00
1.018496410226238380e+00 0.000000000000000000e+00
1.019225718993425511e+00 0.000000000000000000e+00
1.020420165309630534e+00 0.000000000000000000e+00
1.022734756541108014e+00 0.000000000000000000e+00
1.029140833431583024e+00 0.000000000000000000e+00
1.133272211969373666e+00 0.000000000000000000e+00
9.977202999635772507e-01 0.000000000000000000e+00
1.007228700129516374e+00 0.000000000000000000e+00
1.010108482421760323e+00 0.000000000000000000e+00
1.011499490128712431e+00 0.000000000000000000e+00
1.012318985210062028e+00 0.000000000000000000e+00
1.012859065887641741e+00 0.000000000000000000e+00
1.013241734329203725e+00 0.000000000000000000e+00
1.013526977592378087e+00 0.000000000000000000e+00
1.013747729567339384e+00 0.000000000000000000e+00
1.013923577114417052e+00 0.000000000000000000e+00
1.014066899964590318e+00 0.000000000000000000e+00
1.014185906769765166e+00 0.000000000000000000e+00
1.014286255631486666e+00 0.000000000000000000e+00
1.014371973558303441e+00 0.000000000000000000e+00
1.014446004902438414e+00 0.000000000000000000e+00
1.014510552437853264e+00 0.000000000000000000e+00
1.014567297125850587e+00 0.000000000000000000e+00
1.014617544091095613e+00 0.000000000000000000e+00
