-8.101041013763921050e-01
0.000000000000000000e+00
-7.502112879611000373e-01
0.000000000000000000e+00
9.163438182274509236e-01
0.000000000000000000e+00
-5.447547806989180286e-01
0.000000000000000000e+00
-3.243127490929433310e-01
0.000000000000000000e+00
-1.154156093950193529e-01
0.000000000000000000e+00
7.044974839166244784e-01
0.000000000000000000e+00
5.186443548971994000e-01
0.000000000000000000e+00
3.043624124145658527e-01
0.000000000000000000e+00
9.603864524617251874e-02
0.000000000000000000e+00
