9.762999999999999456e-01
1.004399999999999959e+00
9.928000000000000158e-01
9.671999999999999487e-01
9.558999999999999719e-01
9.654000000000000359e-01
9.617999999999999883e-01
9.609999999999999654e-01
9.474000000000000199e-01
9.363000000000000211e-01
9.476999999999999869e-01
9.508999999999999675e-01
9.331000000000000405e-01
9.233999999999999986e-01
9.252000000000000224e-01
9.157999999999999474e-01
8.943999999999999728e-01
9.100000000000000311e-01
9.095999999999999641e-01
8.810000000000000053e-01
8.612999999999999545e-01
8.239999999999999547e-01
7.592999999999999750e-01
6.758999999999999453e-01
1.479500000000000037e+00
1.263600000000000056e+00
1.128500000000000059e+00
1.075099999999999945e+00
1.050200000000000022e+00
1.020199999999999996e+00
1.027600000000000069e+00
9.929999999999999938e-01
9.828999999999999959e-01
9.808999999999999941e-01
9.463000000000000300e-01
9.657000000000000028e-01
9.464000000000000190e-01
9.431000000000000494e-01
9.129000000000000448e-01
9.145999999999999686e-01
9.142000000000000126e-01
8.642999999999999572e-01
8.399999999999999689e-01
8.249999999999999556e-01
9.791999999999999593e-01
1.285300000000000109e+00
1.242199999999999971e+00
1.161299999999999999e+00
1.138500000000000068e+00
1.086500000000000021e+00
1.074899999999999967e+00
1.055600000000000094e+00
1.060599999999999987e+00
1.035800000000000054e+00
1.034000000000000030e+00
1.021600000000000064e+00
1.019700000000000051e+00
9.942999999999999616e-01
1.030100000000000016e+00
1.010999999999999899e+00
1.014299999999999979e+00
9.846000000000000307e-01
1.000599999999999934e+00
9.946000000000000396e-01
1.005600000000000049e+00
9.757000000000000117e-01
9.899000000000000021e-01
9.848999999999999977e-01
9.631999999999999451e-01
9.686000000000000165e-01
9.628999999999999782e-01
9.664000000000000368e-01
9.599999999999999645e-01
9.638999999999999790e-01
9.465999999999999970e-01
9.317999999999999616e-01
9.173000000000000043e-01
9.002000000000000002e-01
8.788000000000000256e-01
8.605000000000000426e-01
8.362000000000000544e-01
7.994999999999999885e-01
7.822000000000000064e-01
9.312000000000000277e-01
1.280699999999999950e+00
1.340000000000000080e+00
1.256099999999999994e+00
1.182199999999999918e+00
1.146400000000000086e+00
1.134300000000000086e+00
1.120300000000000074e+00
1.124600000000000044e+00
1.089299999999999935e+00
1.081099999999999950e+00
1.090799999999999992e+00
1.074699999999999989e+00
1.077399999999999913e+00
1.063700000000000090e+00
1.037800000000000056e+00
1.042000000000000037e+00
1.028699999999999948e+00
1.049600000000000088e+00
1.039500000000000091e+00
1.017900000000000027e+00
1.026599999999999957e+00
1.007700000000000040e+00
1.021600000000000064e+00
1.025099999999999900e+00
1.007800000000000029e+00
1.002999999999999892e+00
1.006699999999999928e+00
1.006499999999999950e+00
9.999000000000000110e-01
1.005600000000000049e+00
9.989000000000000101e-01
9.857000000000000206e-01
9.990999999999999881e-01
9.939000000000000057e-01
9.743000000000000549e-01
9.953999999999999515e-01
9.879000000000000004e-01
1.009100000000000108e+00
1.025099999999999900e+00
1.060100000000000042e+00
1.104999999999999982e+00
1.103399999999999936e+00
1.100899999999999990e+00
1.095299999999999940e+00
1.080400000000000027e+00
1.069099999999999939e+00
1.052000000000000046e+00
1.062999999999999945e+00
1.059299999999999908e+00
1.052300000000000013e+00
1.035199999999999898e+00
1.041400000000000103e+00
1.035900000000000043e+00
1.039900000000000047e+00
1.042499999999999982e+00
1.027199999999999891e+00
1.038300000000000001e+00
1.026899999999999924e+00
1.029500000000000082e+00
1.025700000000000056e+00
1.037500000000000089e+00
1.034100000000000019e+00
1.025500000000000078e+00
1.031700000000000061e+00
1.027900000000000036e+00
1.034999999999999920e+00
1.028200000000000003e+00
1.044699999999999962e+00
1.024599999999999955e+00
1.020999999999999908e+00
1.035700000000000065e+00
1.048200000000000021e+00
1.022899999999999920e+00
1.019200000000000106e+00
1.023900000000000032e+00
1.019200000000000106e+00
1.038300000000000001e+00
1.000899999999999901e+00
1.020599999999999952e+00
1.023200000000000109e+00
1.031700000000000061e+00
1.020799999999999930e+00
1.011500000000000066e+00
1.029400000000000093e+00
1.009300000000000086e+00
1.012599999999999945e+00
1.010499999999999954e+00
1.007100000000000106e+00
1.020000000000000018e+00
1.015099999999999891e+00
1.012199999999999989e+00
1.025500000000000078e+00
1.003700000000000037e+00
1.009200000000000097e+00
1.018399999999999972e+00
1.014699999999999935e+00
1.023800000000000043e+00
1.008599999999999941e+00
1.025900000000000034e+00
1.009800000000000031e+00
1.023300000000000098e+00
1.013600000000000056e+00
1.007700000000000040e+00
1.018199999999999994e+00
1.020799999999999930e+00
1.011600000000000055e+00
1.018699999999999939e+00
1.012699999999999934e+00
1.025199999999999889e+00
1.018899999999999917e+00
1.017800000000000038e+00
9.936000000000000387e-01
1.023900000000000032e+00
1.011900000000000022e+00
1.016799999999999926e+00
1.006599999999999939e+00
1.014899999999999913e+00
1.003300000000000081e+00
1.000599999999999934e+00
1.008599999999999941e+00
1.004399999999999959e+00
1.020899999999999919e+00
9.995000000000000551e-01
9.976000000000000423e-01
1.000199999999999978e+00
9.888000000000000123e-01
1.000599999999999934e+00
1.014399999999999968e+00
9.942999999999999616e-01
9.936000000000000387e-01
9.960999999999999854e-01
1.016799999999999926e+00
9.844000000000000528e-01
9.942999999999999616e-01
9.898000000000000131e-01
9.957000000000000295e-01
9.979000000000000092e-01
9.770999999999999686e-01
9.920999999999999819e-01
9.939000000000000057e-01
1.006799999999999917e+00
1.020799999999999930e+00
1.030799999999999939e+00
1.040200000000000014e+00
1.054999999999999938e+00
1.055900000000000061e+00
1.092300000000000049e+00
1.077199999999999935e+00
1.062500000000000000e+00
1.052999999999999936e+00
1.045700000000000074e+00
1.068699999999999983e+00
1.063700000000000090e+00
1.061700000000000088e+00
1.056899999999999951e+00
1.048499999999999988e+00
1.040899999999999936e+00
1.040100000000000025e+00
1.054100000000000037e+00
1.039299999999999891e+00
1.044399999999999995e+00
1.028100000000000014e+00
1.033800000000000052e+00
1.065600000000000103e+00
1.023900000000000032e+00
1.033600000000000074e+00
