8.145738271499383121e-01
3.224015845074501563e-02
8.145738271499377570e-01
-3.224015845074559850e-02
2.878071195952174866e-01
-1.492620507166612089e-16
-2.139573435343323365e-02
1.989940449484722124e-02
-2.139573435343330304e-02
-1.989940449484755777e-02
-8.104583532471646423e-01
-8.874560499988753304e-16
-6.442950853122324517e-01
8.350928140021496651e-03
-6.442950853122320076e-01
-8.350928140021720431e-03
-3.299748668677302543e-01
1.061248119414356927e-02
-3.299748668677295327e-01
-1.061248119414379479e-02
