9.724637532717018695e-01 5.026361271642798556e-16
9.716553770810973933e-01 4.673995565585009615e-16
9.707928696110261768e-01 4.288019592180170036e-16
9.698695351217399008e-01 3.873854362290707343e-16
9.688774163184233901e-01 3.410900034639396949e-16
9.678069680105714223e-01 2.899156609226238857e-16
9.666466215171387599e-01 2.341876692568689577e-16
9.653821941276097274e-01 1.711955230354611501e-16
9.639960745839459832e-01 1.009392222584004628e-16
9.624660778339387823e-01 2.114194236346733646e-17
9.607637996628698440e-01 -7.068998164605488910e-17
9.588521944596570812e-01 -1.770502147668828741e-16
9.566819087833989821e-01 -3.009745230819760309e-16
9.541855510454484435e-01 -4.507028431022241932e-16
9.512683950071836314e-01 -6.321982867762976355e-16
9.477926178447608763e-01 -8.613986260397332728e-16
9.435491221598099054e-01 -1.156626877607536130e-15
9.382037781592486025e-01 -1.553228032302733652e-15
9.311861130006854337e-01 -2.117663683298687261e-15
9.214328491948267086e-01 -2.983290697811114001e-15
9.067039286193645520e-01 -4.469298195419746378e-15
8.813191743727530891e-01 -7.528916726173839891e-15
8.253970994045330967e-01 -1.649028136263552824e-14
5.861123917112048831e-01 -8.918386862344362953e-14
1.530938894455149413e+00 -1.258815100768639894e-13
1.125999177859596356e+00 -3.933051800908415885e-15
1.056886761924641371e+00 9.857566152238206314e-16
1.027322775892368423e+00 1.689620665601410110e-15
1.010221611637356798e+00 1.728001422507396967e-15
9.985269087237084173e-01 1.607871821796003076e-15
9.895613550331692210e-01 1.442856251143709301e-15
9.820595810570499351e-01 1.267432339635554683e-15
9.753162359578998464e-01 1.081383246837042122e-15
9.688725985191378731e-01 8.907805049140904430e-16
9.623764774728427174e-01 6.862999751833243067e-16
9.555044828702692339e-01 4.620869659133219898e-16
9.479039340085838594e-01 2.103352214621878602e-16
9.391311345575372727e-01 -8.890457814381136359e-17
9.285646254067303484e-01 -4.549312315749176605e-16
9.152638357678449799e-01 -9.098624631498353210e-16
8.977348592594127652e-01 -1.511160988010296080e-15
8.736556137090651930e-01 -2.324746298243418607e-15
8.408343899826532519e-01 -3.180832333637972908e-15
8.148577515303793151e-01 -2.643284896519659810e-15
9.865752116248797110e-01 6.136584296267955096e-16
1.289647426737234648e+00 -4.901244340937971344e-15
1.228201858500709953e+00 2.079933447696191706e-15
1.159515125075630149e+00 3.762832059828191689e-15
1.117337170035205940e+00 3.868433351428279821e-15
1.090321737173751915e+00 3.658098129966091960e-15
1.071717068012209229e+00 3.410900034639396949e-15
1.058093736192581069e+00 3.181482854941464211e-15
1.047615405572197345e+00 2.975484442169218369e-15
1.039228538584052064e+00 2.797675285881595642e-15
1.032289917447511085e+00 2.641983853912677205e-15
1.026385322434358871e+00 2.501471252358555830e-15
1.021235430145725376e+00 2.373969076874260509e-15
1.016644023095127247e+00 2.258176284852808635e-15
1.012467963735507182e+00 2.149322386735263990e-15
1.008598957440651311e+00 2.045238978176655564e-15
1.004951987158009485e+00 1.947660782652960165e-15
1.001457659293018221e+00 1.850516267998258968e-15
9.980568997086527450e-01 1.753805434212551972e-15
9.946970735671010200e-01 1.657528281295839179e-15
9.913289479484764799e-01 1.559516404903149578e-15
9.879041043732886829e-01 1.456300358082529556e-15
9.843725049794228577e-01 1.352216949523921130e-15
9.806799526429101910e-01 1.239459923585428669e-15
9.767651740159790652e-01 1.120631365481017383e-15
9.725561939332434402e-01 9.896597430447684474e-16
9.679655451224303819e-01 8.448103328007050550e-16
9.628836355647836243e-01 6.834810495348619952e-16
9.571692140987210218e-01 5.013350845572972503e-16
9.506352169092875393e-01 2.966377143920340131e-16
9.430271331367464649e-01 5.898059818321144121e-17
9.339890300816247048e-01 -2.203098814490545010e-16
9.230089717620706402e-01 -5.481726184086710418e-16
9.093304053019889421e-01 -9.228728892196613742e-16
8.918123748990909316e-01 -1.349614864309955919e-15
8.687476782733034586e-01 -1.762479051592436008e-15
8.379040900244083545e-01 -1.949829186997931174e-15
7.989943138481940821e-01 -8.465450562766818621e-16
7.754738603741404557e-01 5.245803791353864654e-15
9.310088103787307334e-01 1.776356839400250465e-14
1.289307282994266890e+00 8.715250743307478842e-15
1.319997089753159436e+00 9.811595980124820926e-15
1.253572693219701328e+00 1.050548537051554376e-14
1.200360771173060392e+00 9.749145934989655871e-15
1.163500477010254386e+00 8.857498068337577024e-15
1.137431541187731376e+00 8.113301697143526781e-15
1.118240203007078826e+00 7.518725225752476149e-15
1.103567205628581460e+00 7.057180360925396911e-15
1.091978905856132220e+00 6.694108158414313614e-15
1.082572413391376553e+00 6.408719041561816709e-15
1.074756535749953779e+00 6.184506032291814392e-15
1.068129827821775901e+00 6.009082120783659775e-15
1.062410583572800826e+00 5.873773689657468822e-15
1.057395163772506086e+00 5.772075525878328506e-15
1.052932288768772873e+00 5.698783459018308406e-15
1.048906636237456613e+00 5.651512244297940413e-15
1.045228036797554605e+00 5.627659796503259315e-15
1.041824132057581842e+00 5.627226115634265113e-15
1.038635222487851895e+00 5.646958595173501294e-15
1.035610520075713969e+00 5.689242479900435967e-15
1.032705302828432536e+00 5.753427248511577830e-15
1.029878633710372693e+00 5.841030784048406588e-15
1.027091403247995194e+00 5.954004650421396150e-15
1.024304509035244948e+00 6.094734092410014625e-15
1.021477011752331521e+00 6.268640120876689537e-15
1.018564116236160944e+00 6.477240618862900590e-15
1.015514829062104551e+00 6.728341842010543417e-15
1.012269164856549386e+00 7.029533205527016548e-15
1.008754876444444948e+00 7.393608295047648937e-15
1.004884052934526872e+00 7.828590206648833316e-15
1.000551104170136041e+00 8.353127217697320361e-15
9.956372526939911705e-01 8.983265520345895538e-15
9.900377259695586352e-01 9.730714498057402295e-15
9.837624100415274242e-01 1.058723421432095080e-14
9.772687360336062001e-01 1.145980012273728477e-14
9.724931961430033356e-01 1.202141684808477606e-14
9.755137100535733463e-01 1.125575327387551283e-14
9.989680793330104613e-01 7.039291025079386088e-15
1.045903246627745364e+00 -1.492079029774551202e-15
1.084529438568184956e+00 -8.953992061688786919e-15
1.096152559113604763e+00 -1.143941712189455728e-14
1.092942946021272732e+00 -1.096800601729785996e-14
1.085690095153890367e+00 -9.694068464627392245e-15
1.078344627194647964e+00 -8.399531070679699951e-15
1.071905059085275669e+00 -7.292994333440994126e-15
1.066466050801199605e+00 -6.382264508553170401e-15
1.061895470080163273e+00 -5.643055467352553478e-15
1.058031246768285527e+00 -5.042841144664578223e-15
1.054731824775219984e+00 -4.555600688349592531e-15
1.051884126531795527e+00 -4.155204826050695743e-15
1.049400301191333096e+00 -3.825824206049599496e-15
1.047212474692929884e+00 -3.556183125752454544e-15
1.045268010753163557e+00 -3.334572201696417437e-15
1.043525772532898355e+00 -3.155136742150066453e-15
1.041953309013528228e+00 -3.010721012774997263e-15
1.040524771456398767e+00 -2.899265029443487407e-15
1.039219375297890879e+00 -2.816648823900091969e-15
1.038020261502785813e+00 -2.761137672668834142e-15
1.036913649317216191e+00 -2.731213692708234220e-15
1.035888202656491730e+00 -2.727202144670037853e-15
1.034934554977429144e+00 -2.749103028554245043e-15
1.034044954068157329e+00 -2.799193168923075348e-15
1.033213000548424132e+00 -2.879315709469754125e-15
1.032433463640614724e+00 -2.992831676928986440e-15
1.031702166499315787e+00 -3.145487342814945464e-15
1.031015942901850169e+00 -3.345305803204023931e-15
1.030372680224949988e+00 -3.603020659603828335e-15
1.029771485789812591e+00 -3.935328625470635444e-15
1.029213056891178590e+00 -4.366732669902617658e-15
1.028700428822347357e+00 -4.934854608285021982e-15
1.028240500893657483e+00 -5.703553948577244626e-15
1.027847345427140402e+00 -6.781793009114078785e-15
1.027550165121992487e+00 -8.382509096571677532e-15
1.027415648334662590e+00 -1.097147546424981357e-14
1.027627922963107787e+00 -1.581525709004605318e-14
1.028928782392304120e+00 -2.797762022055394482e-14
1.041014512558607885e+00 -1.130249322953136293e-13
1.015513494169352660e+00 5.770004699728881192e-14
1.020049546101532645e+00 2.342234479285609794e-14
1.020860438252565894e+00 1.488685476974671573e-14
1.021000924375263574e+00 1.102254138657388083e-14
1.020907421432405648e+00 8.824863582945763341e-15
1.020707803352354226e+00 7.410955529807417008e-15
1.020452794151073261e+00 6.427042058276821734e-15
1.020166297871609062e+00 5.704746570966978680e-15
1.019860886419234891e+00 5.152996085389105474e-15
1.019543672600084605e+00 4.718556274874163847e-15
1.019218877515879473e+00 4.368358973161345915e-15
1.018889075640749819e+00 4.080394876149195937e-15
1.018555848371911932e+00 3.839918834291911054e-15
1.018220149073856051e+00 3.636522506733630422e-15
1.017882517338502879e+00 3.461640696311718557e-15
1.017543209837852292e+00 3.311045014553481991e-15
1.017202282784094969e+00 3.179314450596493202e-15
1.016859645135369306e+00 3.063630078792289879e-15
1.016515093462240227e+00 2.960630872406166958e-15
1.016168334928507777e+00 2.869124209048390384e-15
1.015819002319528819e+00 2.787158524808486249e-15
1.015466663575387285e+00 2.713324356862223397e-15
1.015110827393517656e+00 2.646429082819867773e-15
1.014750945908648783e+00 2.585280080291685323e-15
1.014386415100149597e+00 2.529443668408681845e-15
1.014016573339579841e+00 2.478486166301863136e-15
1.013640698328190037e+00 2.431431792015992244e-15
1.013258002557205328e+00 2.388172125333820617e-15
1.012867627335391818e+00 2.347948224734608402e-15
1.012468635357328672e+00 2.310434829566609949e-15
1.012060001724374825e+00 2.275415099395328156e-15
1.011640603273209482e+00 2.243431135307005775e-15
1.011209206010089900e+00 2.212639793608417449e-15
1.010764450389542546e+00 2.183800015820303031e-15
1.010304834111605210e+00 2.156369700856419769e-15
1.009828692039954179e+00 2.130348848716767662e-15
1.009334172762891280e+00 2.106171140270340914e-15
1.008819211229714075e+00 2.082752373344654018e-15
1.008281496797603038e+00 2.060634649025949727e-15
1.007718435922969169e+00 2.039113235902112464e-15
1.007127108635792023e+00 2.018025503647269403e-15
1.006504217865240358e+00 1.999051965628773075e-15
1.005846030676690095e+00 1.979753166958531096e-15
1.005148310602394401e+00 1.960671208722786218e-15
1.004406240624680757e+00 1.941589250487041340e-15
1.003614337226418129e+00 1.923754124749654792e-15
1.002766357665328956e+00 1.905160057491528391e-15
1.001855205995848985e+00 1.888788604686997274e-15
1.000872849708766887e+00 1.869544016125379571e-15
9.998102706906153436e-01 1.852522042017357151e-15
9.986574962159002755e-01 1.833494293890236548e-15
9.974037967908552238e-01 1.814087075002746019e-15
9.960382150458528816e-01 1.796794050351602223e-15
9.945507370971653494e-01 1.777278411246863143e-15
9.929347012755312951e-01 1.757274881164505587e-15
9.911915910944575359e-01 1.738463973471882085e-15
9.893404418135923750e-01 1.721821470124229592e-15
9.874362058079164672e-01 1.710545767530380346e-15
9.856054443588935232e-01 1.699649535696901026e-15
9.841147025281093974e-01 1.718677283824021629e-15
9.834958670514043488e-01 1.770718988103325842e-15
9.847491830531306389e-01 1.906352679881262446e-15
9.895608224928532648e-01 2.201906192100810955e-15
1.000128722500270406e+00 2.729966860209875890e-15
1.017599797707963383e+00 3.424886242664459957e-15
1.039072476324057970e+00 4.015830636777684148e-15
1.057641081959096230e+00 4.114384614256616501e-15
1.068334868839340368e+00 3.803814901948143756e-15
1.071554507215219498e+00 3.357990968622104333e-15
1.070231478215562859e+00 2.974833920865727066e-15
1.066872319102813327e+00 2.695977122102455326e-15
1.062902035686504210e+00 2.500441260294694601e-15
1.058982178045255074e+00 2.363181265258029740e-15
1.055371776485363400e+00 2.264139396801478910e-15
1.052143512354738464e+00 2.191389431027701562e-15
1.049291344197372133e+00 2.135498809036073808e-15
1.046779998287032720e+00 2.093323344526387686e-15
1.044566594906704227e+00 2.057978353703360241e-15
1.042609521768818492e+00 2.029246996132494374e-15
1.040871627583288772e+00 2.005231918011940451e-15
1.039320965875906833e+00 1.984306816082970215e-15
1.037930545814933270e+00 1.966634320671456493e-15
1.036677737161398216e+00 1.950750758844543853e-15
1.035543607953206324e+00 1.936981391253977947e-15
1.034512306640656298e+00 1.924404646053146095e-15
1.033570525924162764e+00 1.913508414219666776e-15
1.032707053510862671e+00 1.902991653146557383e-15
1.031912402351129243e+00 1.893504884137309219e-15
1.031178508946981820e+00 1.884722846540176633e-15
