9.379741655955681212e-01
9.213237366204988232e-01
1.037876739445983576e+00
1.007350952991689974e+00
9.684999520498617231e-01
8.436217347368423214e-01
9.657248805540168402e-01
8.852478071745154553e-01
9.962506670083104421e-01
1.043426882437673342e+00
1.040651810941828570e+00
9.324240226038783552e-01
9.296489511080334722e-01
8.547220207202218534e-01
9.962506670083104421e-01
9.796002380332412551e-01
9.490744515789475422e-01
8.325214487534627894e-01
8.824727356786705723e-01
8.463968062326872044e-01
8.880228786703603383e-01
8.852478071745154553e-01
8.547220207202218534e-01
9.518495230747924252e-01
8.963480931578949873e-01
8.158710197783934914e-01
9.046733076454295253e-01
8.325214487534627894e-01
7.825701618282550065e-01
7.464942323822716386e-01
8.907979501662052213e-01
1.326484175013850741e+00
1.135004241800554370e+00
1.076727740387811938e+00
1.079502811883656710e+00
1.076727740387811938e+00
1.051752096925208102e+00
8.602721637119115083e-01
9.462993800831026592e-01
1.018451238975069506e+00
1.012901095983379740e+00
9.074483791412744083e-01
9.629498090581719572e-01
9.712750235457066061e-01
1.015676167479224512e+00
9.351990940997232382e-01
1.073952668891966944e+00
9.157735936288090572e-01
9.046733076454295253e-01
9.490744515789475422e-01
1.007350952991689974e+00
8.130959482825486084e-01
9.657248805540168402e-01
8.241962342659281404e-01
8.297463772576179064e-01
7.770200188365652405e-01
8.519469492243769704e-01
1.143329456288088908e+00
1.187730600221606814e+00
1.268207673601108310e+00
1.148879599279778674e+00
1.232131744155124942e+00
1.110028598337950312e+00
1.065627454404432406e+00
1.012901095983379740e+00
1.012901095983379740e+00
1.051752096925208102e+00
1.079502811883656710e+00
9.934755955124655591e-01
9.351990940997232382e-01
9.768251665373963721e-01
1.024001381966759272e+00
1.021226310470914278e+00
9.934755955124655591e-01
1.012901095983379740e+00
9.934755955124655591e-01
1.015676167479224512e+00
9.324240226038783552e-01
8.907979501662052213e-01
1.040651810941828570e+00
1.073952668891966944e+00
1.115578741329640078e+00
8.269713057617730234e-01
1.060077311412742640e+00
9.962506670083104421e-01
1.079502811883656710e+00
1.085052954875346476e+00
9.601747375623270742e-01
1.051752096925208102e+00
9.684999520498617231e-01
9.435243085872578872e-01
8.491718777285320874e-01
9.018982361495846423e-01
9.518495230747924252e-01
9.684999520498617231e-01
9.296489511080334722e-01
8.241962342659281404e-01
9.018982361495846423e-01
9.462993800831026592e-01
8.574970922160666253e-01
8.963480931578949873e-01
8.491718777285320874e-01
8.380715917451525554e-01
7.353939463988921066e-01
7.825701618282550065e-01
8.408466632409974384e-01
8.685973781994461573e-01
1.073952668891966944e+00
1.340359532493075045e+00
1.304283603047091677e+00
1.162754956759002978e+00
1.273757816592798076e+00
1.090603097867036242e+00
1.159979885263158206e+00
1.154429742271468440e+00
1.112803669833795306e+00
1.079502811883656710e+00
1.018451238975069506e+00
9.740500950415514891e-01
1.010126024487534746e+00
1.126679027313019610e+00
1.135004241800554370e+00
1.087828026371191470e+00
1.012901095983379740e+00
9.490744515789475422e-01
9.601747375623270742e-01
1.135004241800554370e+00
1.062852382908587412e+00
9.823753095290861381e-01
1.146104527783933680e+00
1.087828026371191470e+00
1.037876739445983576e+00
9.962506670083104421e-01
1.010126024487534746e+00
1.129454098808864604e+00
1.012901095983379740e+00
1.018451238975069506e+00
1.096153240858726008e+00
9.823753095290861381e-01
9.768251665373963721e-01
1.048977025429363108e+00
1.068402525900277178e+00
1.001800810000000208e+00
9.823753095290861381e-01
1.018451238975069506e+00
9.157735936288090572e-01
9.046733076454295253e-01
1.029551524958449038e+00
9.934755955124655591e-01
1.001800810000000208e+00
8.547220207202218534e-01
1.029551524958449038e+00
9.296489511080334722e-01
9.435243085872578872e-01
9.684999520498617231e-01
1.082277883379501704e+00
9.823753095290861381e-01
9.879254525207757931e-01
9.629498090581719572e-01
1.143329456288088908e+00
1.079502811883656710e+00
1.071177597396122172e+00
1.065627454404432406e+00
1.085052954875346476e+00
1.021226310470914278e+00
9.990257385041553251e-01
1.093378169362881236e+00
1.121128884321329844e+00
1.090603097867036242e+00
9.962506670083104421e-01
1.118353812825485072e+00
1.021226310470914278e+00
9.684999520498617231e-01
9.740500950415514891e-01
9.907005240166206761e-01
1.085052954875346476e+00
1.104478455346260546e+00
1.135004241800554370e+00
1.026776453462604044e+00
9.601747375623270742e-01
9.573996660664821912e-01
1.060077311412742640e+00
9.796002380332412551e-01
1.068402525900277178e+00
1.012901095983379740e+00
9.879254525207757931e-01
9.407492370914130042e-01
1.015676167479224512e+00
1.043426882437673342e+00
1.051752096925208102e+00
1.018451238975069506e+00
1.112803669833795306e+00
1.015676167479224512e+00
9.879254525207757931e-01
1.076727740387811938e+00
1.098928312354570780e+00
1.043426882437673342e+00
1.101703383850415774e+00
9.657248805540168402e-01
1.021226310470914278e+00
1.012901095983379740e+00
1.093378169362881236e+00
1.035101667950138804e+00
1.098928312354570780e+00
1.010126024487534746e+00
9.823753095290861381e-01
1.037876739445983576e+00
9.796002380332412551e-01
1.018451238975069506e+00
9.268738796121885892e-01
1.073952668891966944e+00
1.010126024487534746e+00
1.015676167479224512e+00
1.040651810941828570e+00
9.379741655955681212e-01
1.001800810000000208e+00
1.037876739445983576e+00
1.098928312354570780e+00
1.068402525900277178e+00
1.060077311412742640e+00
9.074483791412744083e-01
9.934755955124655591e-01
1.037876739445983576e+00
9.962506670083104421e-01
9.934755955124655591e-01
1.012901095983379740e+00
9.851503810249310211e-01
9.657248805540168402e-01
1.046201953933518336e+00
9.962506670083104421e-01
1.093378169362881236e+00
9.740500950415514891e-01
1.004575881495845202e+00
9.046733076454295253e-01
1.007350952991689974e+00
1.035101667950138804e+00
8.935730216620501043e-01
1.062852382908587412e+00
9.907005240166206761e-01
1.054527168421052874e+00
9.907005240166206761e-01
9.296489511080334722e-01
9.851503810249310211e-01
1.093378169362881236e+00
9.740500950415514891e-01
9.851503810249310211e-01
9.934755955124655591e-01
9.407492370914130042e-01
9.823753095290861381e-01
1.101703383850415774e+00
1.037876739445983576e+00
1.051752096925208102e+00
9.851503810249310211e-01
1.032326596454293810e+00
1.032326596454293810e+00
9.879254525207757931e-01
9.657248805540168402e-01
1.024001381966759272e+00
1.062852382908587412e+00
1.029551524958449038e+00
1.029551524958449038e+00
9.934755955124655591e-01
9.768251665373963721e-01
9.768251665373963721e-01
9.740500950415514891e-01
1.068402525900277178e+00
9.934755955124655591e-01
1.021226310470914278e+00
1.015676167479224512e+00
1.012901095983379740e+00
1.012901095983379740e+00
9.962506670083104421e-01
1.076727740387811938e+00
9.157735936288090572e-01
1.026776453462604044e+00
1.040651810941828570e+00
9.796002380332412551e-01
9.879254525207757931e-01
9.129985221329641742e-01
1.035101667950138804e+00
1.043426882437673342e+00
1.057302239916897646e+00
9.740500950415514891e-01
9.379741655955681212e-01
9.934755955124655591e-01
1.010126024487534746e+00
9.296489511080334722e-01
9.962506670083104421e-01
1.073952668891966944e+00
9.907005240166206761e-01
1.048977025429363108e+00
1.087828026371191470e+00
1.012901095983379740e+00
1.126679027313019610e+00
1.062852382908587412e+00
9.768251665373963721e-01
1.137779313296399142e+00
1.101703383850415774e+00
1.010126024487534746e+00
1.098928312354570780e+00
1.110028598337950312e+00
9.823753095290861381e-01
9.573996660664821912e-01
1.068402525900277178e+00
1.162754956759002978e+00
1.121128884321329844e+00
1.040651810941828570e+00
9.907005240166206761e-01
1.079502811883656710e+00
1.143329456288088908e+00
1.054527168421052874e+00
9.934755955124655591e-01
9.962506670083104421e-01
9.962506670083104421e-01
1.073952668891966944e+00
1.085052954875346476e+00
1.032326596454293810e+00
1.048977025429363108e+00
1.010126024487534746e+00
1.065627454404432406e+00
