-1.000000000000000000e+00
-9.937304075235109391e-01
-9.874608150470219892e-01
-9.811912225705329282e-01
-9.749216300940438673e-01
-9.686520376175549174e-01
-9.623824451410658565e-01
-9.561128526645767955e-01
-9.498432601880877346e-01
-9.435736677115987847e-01
-9.373040752351097238e-01
-9.310344827586206629e-01
-9.247648902821317130e-01
-9.184952978056426520e-01
-9.122257053291535911e-01
-9.059561128526645302e-01
-8.996865203761755803e-01
-8.934169278996865193e-01
-8.871473354231974584e-01
-8.808777429467085085e-01
-8.746081504702194476e-01
-8.683385579937303866e-01
-8.620689655172413257e-01
-8.557993730407523758e-01
-8.495297805642633149e-01
-8.432601880877743650e-01
-8.369905956112853040e-01
-8.307210031347962431e-01
-8.244514106583071822e-01
-8.181818181818181213e-01
-8.119122257053291714e-01
-8.056426332288401104e-01
-7.993730407523511605e-01
-7.931034482758620996e-01
-7.868338557993730387e-01
-7.805642633228839777e-01
-7.742946708463950278e-01
-7.680250783699059669e-01
-7.617554858934169060e-01
-7.554858934169279561e-01
-7.492163009404388951e-01
-7.429467084639498342e-01
-7.366771159874607733e-01
-7.304075235109718234e-01
-7.241379310344827624e-01
-7.178683385579938125e-01
-7.115987460815047516e-01
-7.053291536050156907e-01
-6.990595611285266298e-01
-6.927899686520375688e-01
-6.865203761755486189e-01
-6.802507836990595580e-01
-6.739811912225706081e-01
-6.677115987460815472e-01
-6.614420062695924862e-01
-6.551724137931034253e-01
-6.489028213166143644e-01
-6.426332288401254145e-01
-6.363636363636363535e-01
-6.300940438871474036e-01
-6.238244514106583427e-01
-6.175548589341692818e-01
-6.112852664576802209e-01
-6.050156739811911599e-01
-5.987460815047022100e-01
-5.924764890282132601e-01
-5.862068965517241992e-01
-5.799373040752351383e-01
-5.736677115987460773e-01
-5.673981191222570164e-01
-5.611285266457680665e-01
-5.548589341692790056e-01
-5.485893416927900557e-01
-5.423197492163009947e-01
-5.360501567398119338e-01
-5.297805642633228729e-01
-5.235109717868338119e-01
-5.172413793103448620e-01
-5.109717868338558011e-01
-5.047021943573668512e-01
-4.984326018808777903e-01
-4.921630094043887294e-01
-4.858934169278996684e-01
-4.796238244514107185e-01
-4.733542319749216576e-01
-4.670846394984325967e-01
-4.608150470219436468e-01
-4.545454545454545858e-01
-4.482758620689655249e-01
-4.420062695924764640e-01
-4.357366771159875141e-01
-4.294670846394984531e-01
-4.231974921630093922e-01
-4.169278996865204423e-01
-4.106583072100313814e-01
-4.043887147335423204e-01
-3.981191222570532595e-01
-3.918495297805643096e-01
-3.855799373040752487e-01
-3.793103448275861878e-01
-3.730407523510972378e-01
-3.667711598746081769e-01
-3.605015673981191160e-01
-3.542319749216301661e-01
-3.479623824451411052e-01
-3.416927899686520442e-01
-3.354231974921629833e-01
-3.291536050156740334e-01
-3.228840125391849725e-01
-3.166144200626959115e-01
-3.103448275862069616e-01
-3.040752351097179007e-01
-2.978056426332288398e-01
-2.915360501567398899e-01
-2.852664576802508289e-01
-2.789968652037617680e-01
-2.727272727272727071e-01
-2.664576802507837572e-01
-2.601880877742946963e-01
-2.539184952978056353e-01
-2.476489028213166854e-01
-2.413793103448276245e-01
-2.351097178683385636e-01
-2.288401253918496137e-01
-2.225705329153605527e-01
-2.163009404388714918e-01
-2.100313479623824309e-01
-2.037617554858934810e-01
-1.974921630094044200e-01
-1.912225705329153591e-01
-1.849529780564264092e-01
-1.786833855799373483e-01
-1.724137931034482873e-01
-1.661442006269592264e-01
-1.598746081504702765e-01
-1.536050156739812156e-01
-1.473354231974921547e-01
-1.410658307210032048e-01
-1.347962382445141438e-01
-1.285266457680250829e-01
-1.222570532915361330e-01
-1.159874608150470721e-01
-1.097178683385580111e-01
-1.034482758620689502e-01
-9.717868338558000030e-02
-9.090909090909093937e-02
-8.463949843260187844e-02
-7.836990595611292854e-02
-7.210031347962386761e-02
-6.583072100313480668e-02
-5.956112852664585677e-02
-5.329153605015679585e-02
-4.702194357366773492e-02
-4.075235109717867399e-02
-3.448275862068972408e-02
-2.821316614420066315e-02
-2.194357366771160223e-02
-1.567398119122265232e-02
-9.404388714733591392e-03
-3.134796238244530464e-03
3.134796238244419442e-03
9.404388714733480370e-03
1.567398119122254130e-02
2.194357366771160223e-02
2.821316614420066315e-02
3.448275862068972408e-02
4.075235109717856297e-02
4.702194357366762389e-02
5.329153605015668482e-02
5.956112852664574575e-02
6.583072100313480668e-02
7.210031347962386761e-02
7.836990595611270649e-02
8.463949843260176742e-02
9.090909090909082835e-02
9.717868338557988928e-02
1.034482758620689502e-01
1.097178683385580111e-01
1.159874608150470721e-01
1.222570532915359109e-01
1.285266457680249719e-01
1.347962382445140328e-01
1.410658307210030937e-01
1.473354231974921547e-01
1.536050156739812156e-01
1.598746081504702765e-01
1.661442006269591154e-01
1.724137931034481763e-01
1.786833855799372373e-01
1.849529780564262982e-01
1.912225705329153591e-01
1.974921630094044200e-01
2.037617554858934810e-01
2.100313479623823198e-01
2.163009404388713808e-01
2.225705329153604417e-01
2.288401253918495026e-01
2.351097178683385636e-01
2.413793103448276245e-01
2.476489028213164634e-01
2.539184952978055243e-01
2.601880877742945852e-01
2.664576802507836462e-01
2.727272727272727071e-01
2.789968652037617680e-01
2.852664576802508289e-01
2.915360501567396678e-01
2.978056426332287288e-01
3.040752351097177897e-01
3.103448275862068506e-01
3.166144200626959115e-01
3.228840125391849725e-01
3.291536050156740334e-01
3.354231974921628723e-01
3.416927899686519332e-01
3.479623824451409941e-01
3.542319749216300551e-01
3.605015673981191160e-01
3.667711598746081769e-01
3.730407523510970158e-01
3.793103448275860767e-01
3.855799373040751377e-01
3.918495297805641986e-01
3.981191222570532595e-01
4.043887147335423204e-01
4.106583072100313814e-01
4.169278996865202203e-01
4.231974921630092812e-01
4.294670846394983421e-01
4.357366771159874030e-01
4.420062695924764640e-01
4.482758620689655249e-01
4.545454545454545858e-01
4.608150470219434247e-01
4.670846394984324856e-01
4.733542319749215466e-01
4.796238244514106075e-01
4.858934169278996684e-01
4.921630094043887294e-01
4.984326018808777903e-01
5.047021943573666292e-01
5.109717868338556901e-01
5.172413793103447510e-01
5.235109717868338119e-01
5.297805642633228729e-01
5.360501567398119338e-01
5.423197492163007727e-01
5.485893416927898336e-01
5.548589341692788945e-01
5.611285266457679555e-01
5.673981191222570164e-01
5.736677115987460773e-01
5.799373040752351383e-01
5.862068965517239771e-01
5.924764890282130381e-01
5.987460815047020990e-01
6.050156739811911599e-01
6.112852664576802209e-01
6.175548589341692818e-01
6.238244514106583427e-01
6.300940438871471816e-01
6.363636363636362425e-01
6.426332288401253034e-01
6.489028213166143644e-01
6.551724137931034253e-01
6.614420062695924862e-01
6.677115987460815472e-01
6.739811912225703860e-01
6.802507836990594470e-01
6.865203761755485079e-01
6.927899686520375688e-01
6.990595611285266298e-01
7.053291536050156907e-01
7.115987460815045296e-01
7.178683385579935905e-01
7.241379310344826514e-01
7.304075235109717124e-01
7.366771159874607733e-01
7.429467084639498342e-01
7.492163009404388951e-01
7.554858934169277340e-01
7.617554858934167950e-01
7.680250783699058559e-01
7.742946708463949168e-01
7.805642633228839777e-01
7.868338557993730387e-01
7.931034482758620996e-01
7.993730407523509385e-01
8.056426332288399994e-01
8.119122257053290603e-01
8.181818181818181213e-01
8.244514106583071822e-01
8.307210031347962431e-01
8.369905956112853040e-01
8.432601880877741429e-01
8.495297805642632039e-01
8.557993730407522648e-01
8.620689655172413257e-01
8.683385579937303866e-01
8.746081504702194476e-01
8.808777429467082865e-01
8.871473354231973474e-01
8.934169278996864083e-01
8.996865203761754692e-01
9.059561128526645302e-01
9.122257053291535911e-01
9.184952978056426520e-01
9.247648902821314909e-01
9.310344827586205518e-01
9.373040752351096128e-01
9.435736677115986737e-01
9.498432601880877346e-01
9.561128526645767955e-01
9.623824451410658565e-01
9.686520376175546954e-01
9.749216300940437563e-01
9.811912225705328172e-01
9.874608150470218781e-01
9.937304075235109391e-01
1.000000000000000000e+00
