-1.000000000000000000e+00
-9.925650557620817604e-01
-9.851301115241635209e-01
-9.776951672862453924e-01
-9.702602230483271528e-01
-9.628252788104089133e-01
-9.553903345724906737e-01
-9.479553903345725452e-01
-9.405204460966543056e-01
-9.330855018587360661e-01
-9.256505576208178265e-01
-9.182156133828995870e-01
-9.107806691449814585e-01
-9.033457249070632189e-01
-8.959107806691449793e-01
-8.884758364312267398e-01
-8.810408921933086113e-01
-8.736059479553903717e-01
-8.661710037174721322e-01
-8.587360594795538926e-01
-8.513011152416356531e-01
-8.438661710037174135e-01
-8.364312267657992850e-01
-8.289962825278810454e-01
-8.215613382899628059e-01
-8.141263940520446774e-01
-8.066914498141264378e-01
-7.992565055762081982e-01
-7.918215613382899587e-01
-7.843866171003717191e-01
-7.769516728624534796e-01
-7.695167286245353511e-01
-7.620817843866171115e-01
-7.546468401486988720e-01
-7.472118959107807434e-01
-7.397769516728625039e-01
-7.323420074349442643e-01
-7.249070631970260248e-01
-7.174721189591077852e-01
-7.100371747211895457e-01
-7.026022304832714171e-01
-6.951672862453531776e-01
-6.877323420074349380e-01
-6.802973977695168095e-01
-6.728624535315985700e-01
-6.654275092936803304e-01
-6.579925650557620909e-01
-6.505576208178438513e-01
-6.431226765799256118e-01
-6.356877323420073722e-01
-6.282527881040892437e-01
-6.208178438661710041e-01
-6.133828996282528756e-01
-6.059479553903346360e-01
-5.985130111524163965e-01
-5.910780669144981569e-01
-5.836431226765799174e-01
-5.762081784386616778e-01
-5.687732342007434383e-01
-5.613382899628253098e-01
-5.539033457249070702e-01
-5.464684014869889417e-01
-5.390334572490707021e-01
-5.315985130111524626e-01
-5.241635687732342230e-01
-5.167286245353159835e-01
-5.092936802973977439e-01
-5.018587360594795044e-01
-4.944237918215613758e-01
-4.869888475836431363e-01
-4.795539033457248967e-01
-4.721189591078067682e-01
-4.646840148698885287e-01
-4.572490706319702891e-01
-4.498141263940520496e-01
-4.423791821561338100e-01
-4.349442379182156815e-01
-4.275092936802974419e-01
-4.200743494423792024e-01
-4.126394052044609628e-01
-4.052044609665428343e-01
-3.977695167286245947e-01
-3.903345724907063552e-01
-3.828996282527881156e-01
-3.754646840148698761e-01
-3.680297397769517476e-01
-3.605947955390335080e-01
-3.531598513011152685e-01
-3.457249070631970289e-01
-3.382899628252787894e-01
-3.308550185873606608e-01
-3.234200743494424213e-01
-3.159851301115241817e-01
-3.085501858736059422e-01
-3.011152416356878136e-01
-2.936802973977695741e-01
-2.862453531598513345e-01
-2.788104089219330950e-01
-2.713754646840148554e-01
-2.639405204460967269e-01
-2.565055762081784874e-01
-2.490706319702602478e-01
-2.416356877323420083e-01
-2.342007434944238797e-01
-2.267657992565056402e-01
-2.193308550185874006e-01
-2.118959107806691611e-01
-2.044609665427509215e-01
-1.970260223048327930e-01
-1.895910780669145534e-01
-1.821561338289963139e-01
-1.747211895910780743e-01
-1.672862453531598348e-01
-1.598513011152417063e-01
-1.524163568773234667e-01
-1.449814126394052272e-01
-1.375464684014869876e-01
-1.301115241635688591e-01
-1.226765799256506195e-01
-1.152416356877323800e-01
-1.078066914498141404e-01
-1.003717472118959009e-01
-9.293680297397777235e-02
-8.550185873605953280e-02
-7.806691449814129324e-02
-7.063197026022305369e-02
-6.319702602230492516e-02
-5.576208178438668561e-02
-4.832713754646844606e-02
-4.089219330855020651e-02
-3.345724907063196696e-02
-2.602230483271383843e-02
-1.858736059479559888e-02
-1.115241635687735933e-02
-3.717472118959119776e-03
3.717472118959008753e-03
1.115241635687724830e-02
1.858736059479548786e-02
2.602230483271372741e-02
3.345724907063196696e-02
4.089219330855020651e-02
4.832713754646844606e-02
5.576208178438646357e-02
6.319702602230470312e-02
7.063197026022294267e-02
7.806691449814118222e-02
8.550185873605942177e-02
9.293680297397766132e-02
1.003717472118959009e-01
1.078066914498141404e-01
1.152416356877323800e-01
1.226765799256503975e-01
1.301115241635686370e-01
1.375464684014868766e-01
1.449814126394051161e-01
1.524163568773233557e-01
1.598513011152415952e-01
1.672862453531598348e-01
1.747211895910780743e-01
1.821561338289963139e-01
1.895910780669143314e-01
1.970260223048325710e-01
2.044609665427508105e-01
2.118959107806690501e-01
2.193308550185872896e-01
2.267657992565055292e-01
2.342007434944237687e-01
2.416356877323420083e-01
2.490706319702602478e-01
2.565055762081784874e-01
2.639405204460965049e-01
2.713754646840147444e-01
2.788104089219329840e-01
2.862453531598512235e-01
2.936802973977694631e-01
3.011152416356877026e-01
3.085501858736059422e-01
3.159851301115241817e-01
3.234200743494424213e-01
3.308550185873604388e-01
3.382899628252786783e-01
3.457249070631969179e-01
3.531598513011151574e-01
3.605947955390333970e-01
3.680297397769516365e-01
3.754646840148698761e-01
3.828996282527881156e-01
3.903345724907063552e-01
3.977695167286243727e-01
4.052044609665426123e-01
4.126394052044608518e-01
4.200743494423790914e-01
4.275092936802973309e-01
4.349442379182155705e-01
4.423791821561338100e-01
4.498141263940520496e-01
4.572490706319702891e-01
4.646840148698883066e-01
4.721189591078065462e-01
4.795539033457247857e-01
4.869888475836430253e-01
4.944237918215612648e-01
5.018587360594795044e-01
5.092936802973977439e-01
5.167286245353159835e-01
5.241635687732342230e-01
5.315985130111522405e-01
5.390334572490704801e-01
5.464684014869887196e-01
5.539033457249069592e-01
5.613382899628251987e-01
5.687732342007434383e-01
5.762081784386616778e-01
5.836431226765799174e-01
5.910780669144981569e-01
5.985130111524161745e-01
6.059479553903344140e-01
6.133828996282526536e-01
6.208178438661708931e-01
6.282527881040891327e-01
6.356877323420073722e-01
6.431226765799256118e-01
6.505576208178438513e-01
6.579925650557620909e-01
6.654275092936803304e-01
6.728624535315983479e-01
6.802973977695165875e-01
6.877323420074348270e-01
6.951672862453530666e-01
7.026022304832713061e-01
7.100371747211895457e-01
7.174721189591077852e-01
7.249070631970260248e-01
7.323420074349442643e-01
7.397769516728622818e-01
7.472118959107805214e-01
7.546468401486987609e-01
7.620817843866170005e-01
7.695167286245352400e-01
7.769516728624534796e-01
7.843866171003717191e-01
7.918215613382899587e-01
7.992565055762081982e-01
8.066914498141262158e-01
8.141263940520444553e-01
8.215613382899626949e-01
8.289962825278809344e-01
8.364312267657991740e-01
8.438661710037174135e-01
8.513011152416356531e-01
8.587360594795538926e-01
8.661710037174721322e-01
8.736059479553901497e-01
8.810408921933083892e-01
8.884758364312266288e-01
8.959107806691448683e-01
9.033457249070631079e-01
9.107806691449813474e-01
9.182156133828995870e-01
9.256505576208178265e-01
9.330855018587360661e-01
9.405204460966540836e-01
9.479553903345723231e-01
9.553903345724905627e-01
9.628252788104088022e-01
9.702602230483270418e-01
9.776951672862452813e-01
9.851301115241635209e-01
9.925650557620817604e-01
1.000000000000000000e+00
