-8.129108593448529652e-01
0.000000000000000000e+00
-6.382375564763071996e-01
0.000000000000000000e+00
9.497201962535457564e-01
0.000000000000000000e+00
-5.288797105346543237e-01
0.000000000000000000e+00
7.176550852411708314e-01
0.000000000000000000e+00
5.105227933742679802e-01
0.000000000000000000e+00
-3.191137410280758258e-01
0.000000000000000000e+00
1.109063082201326017e-01
0.000000000000000000e+00
-1.035335672437737026e-01
0.000000000000000000e+00
3.003896520551148086e-01
0.000000000000000000e+00
