1.002734705909279933e+00 0.000000000000000000e+00
1.002518981801877374e+00 0.000000000000000000e+00
1.002291406804493246e+00 0.000000000000000000e+00
1.002050903713545660e+00 0.000000000000000000e+00
1.001796256916767547e+00 0.000000000000000000e+00
1.001526089157171562e+00 0.000000000000000000e+00
1.001238833428337527e+00 0.000000000000000000e+00
1.000932698764880335e+00 0.000000000000000000e+00
1.000605628319350959e+00 0.000000000000000000e+00
1.000255247612870990e+00 0.000000000000000000e+00
9.998788001579028695e-01 0.000000000000000000e+00
9.994730666991294976e-01 0.000000000000000000e+00
9.990342629853883327e-01 0.000000000000000000e+00
9.985579090951779424e-01 0.000000000000000000e+00
9.980386606187363618e-01 0.000000000000000000e+00
9.974700880263621672e-01 0.000000000000000000e+00
9.968443846484514870e-01 0.000000000000000000e+00
9.961519747554967719e-01 0.000000000000000000e+00
9.953809794198821281e-01 0.000000000000000000e+00
9.945164760280393867e-01 0.000000000000000000e+00
9.935394519763581789e-01 0.000000000000000000e+00
9.924252942243833031e-01 0.000000000000000000e+00
9.911415552017395214e-01 0.000000000000000000e+00
9.896445553308801379e-01 0.000000000000000000e+00
9.878740479723993051e-01 0.000000000000000000e+00
9.857445218919881347e-01 0.000000000000000000e+00
9.831303781112350482e-01 0.000000000000000000e+00
9.798392777221364147e-01 0.000000000000000000e+00
9.755609570198930935e-01 0.000000000000000000e+00
9.697603884363802385e-01 0.000000000000000000e+00
9.614290584790934346e-01 0.000000000000000000e+00
9.484120450949549141e-01 0.000000000000000000e+00
9.251315999008314916e-01 0.000000000000000000e+00
8.713127309305996882e-01 0.000000000000000000e+00
6.101036372553465537e-01 0.000000000000000000e+00
1.432135542993298039e+00 0.000000000000000000e+00
1.144679043191988210e+00 0.000000000000000000e+00
1.088737998370251869e+00 0.000000000000000000e+00
1.064840741369531107e+00 0.000000000000000000e+00
1.051532963845280388e+00 0.000000000000000000e+00
1.043013851390886870e+00 0.000000000000000000e+00
1.037061481433809718e+00 0.000000000000000000e+00
1.032641048525981819e+00 0.000000000000000000e+00
1.029204945965920937e+00 0.000000000000000000e+00
1.026435705794338293e+00 0.000000000000000000e+00
1.024136043478422131e+00 0.000000000000000000e+00
1.022176313603851527e+00 0.000000000000000000e+00
1.020467165013384747e+00 0.000000000000000000e+00
1.018944291585096806e+00 0.000000000000000000e+00
1.017559405089582869e+00 0.000000000000000000e+00
1.016274579516844190e+00 0.000000000000000000e+00
1.015058482054629119e+00 0.000000000000000000e+00
1.013883658307505486e+00 0.000000000000000000e+00
1.012724357300428979e+00 0.000000000000000000e+00
1.011554524512515929e+00 0.000000000000000000e+00
1.010345621227294099e+00 0.000000000000000000e+00
1.009063853983622083e+00 0.000000000000000000e+00
1.007666175206459069e+00 0.000000000000000000e+00
1.006093913404087825e+00 0.000000000000000000e+00
1.004261770572520529e+00 0.000000000000000000e+00
1.002037284654464955e+00 0.000000000000000000e+00
9.991990625219218103e-01 0.000000000000000000e+00
9.953424004450834861e-01 0.000000000000000000e+00
9.896338963160334901e-01 0.000000000000000000e+00
9.800299354633001947e-01 0.000000000000000000e+00
9.598085466256900400e-01 0.000000000000000000e+00
8.861768116795127881e-01 0.000000000000000000e+00
1.388021315764618180e+00 0.000000000000000000e+00
1.089530211459186493e+00 0.000000000000000000e+00
1.055537634649278411e+00 0.000000000000000000e+00
1.042254684928529018e+00 0.000000000000000000e+00
1.035078405095674059e+00 0.000000000000000000e+00
1.030519811380068429e+00 0.000000000000000000e+00
1.027319258579063810e+00 0.000000000000000000e+00
1.024909554530938349e+00 0.000000000000000000e+00
1.022995941302389022e+00 0.000000000000000000e+00
1.021408069521807072e+00 0.000000000000000000e+00
1.020038108588426695e+00 0.000000000000000000e+00
1.018811085449743858e+00 0.000000000000000000e+00
1.017668424734268440e+00 0.000000000000000000e+00
1.016556486096509282e+00 0.000000000000000000e+00
1.015414950547463002e+00 0.000000000000000000e+00
1.014158514866642324e+00 0.000000000000000000e+00
1.012635917471624847e+00 0.000000000000000000e+00
1.010509082131944014e+00 0.000000000000000000e+00
1.006758920234887000e+00 0.000000000000000000e+00
9.959793490965030971e-01 0.000000000000000000e+00
1.248589505543297395e+00 0.000000000000000000e+00
1.031864677516870277e+00 0.000000000000000000e+00
1.023306434976284374e+00 0.000000000000000000e+00
1.020055758730325390e+00 0.000000000000000000e+00
1.018214764957671381e+00 0.000000000000000000e+00
1.016953785718201164e+00 0.000000000000000000e+00
1.015987612456692668e+00 0.000000000000000000e+00
1.015190975111645022e+00 0.000000000000000000e+00
1.014499576716713092e+00 0.000000000000000000e+00
1.013876503658032169e+00 0.000000000000000000e+00
1.013298604994008700e+00 0.000000000000000000e+00
1.012750222122398069e+00 0.000000000000000000e+00
1.012220006457208665e+00 0.000000000000000000e+00
1.011699168439666119e+00 0.000000000000000000e+00
1.011180440801105584e+00 0.000000000000000000e+00
1.010657417276488834e+00 0.000000000000000000e+00
1.010124093803218770e+00 0.000000000000000000e+00
1.009574516691624346e+00 0.000000000000000000e+00
1.009002479735396252e+00 0.000000000000000000e+00
1.008401229995866011e+00 0.000000000000000000e+00
1.007763148813961562e+00 0.000000000000000000e+00
1.007079374050658283e+00 0.000000000000000000e+00
1.006339322402185710e+00 0.000000000000000000e+00
1.005530055555643232e+00 0.000000000000000000e+00
1.004635407208607223e+00 0.000000000000000000e+00
1.003634742028951088e+00 0.000000000000000000e+00
1.002501137899269423e+00 0.000000000000000000e+00
1.001198640618170321e+00 0.000000000000000000e+00
9.996779771159753913e-01 0.000000000000000000e+00
9.978696036987939610e-01 0.000000000000000000e+00
9.956719242320993812e-01 0.000000000000000000e+00
9.929302416918478480e-01 0.000000000000000000e+00
9.893966483828359193e-01 0.000000000000000000e+00
9.846471265902799752e-01 0.000000000000000000e+00
9.778910751671088253e-01 0.000000000000000000e+00
9.674654466174990031e-01 0.000000000000000000e+00
9.491719787703374323e-01 0.000000000000000000e+00
9.084693681289460754e-01 0.000000000000000000e+00
7.375317881699384737e-01 0.000000000000000000e+00
1.474135861002224601e+00 0.000000000000000000e+00
1.140328478231466658e+00 0.000000000000000000e+00
1.087363650492851441e+00 0.000000000000000000e+00
1.065713321462582241e+00 0.000000000000000000e+00
1.053911724175787157e+00 0.000000000000000000e+00
1.046463008816059359e+00 0.000000000000000000e+00
1.041318722841014344e+00 0.000000000000000000e+00
1.037541049564231210e+00 0.000000000000000000e+00
1.034639844476018755e+00 0.000000000000000000e+00
1.032333897737015782e+00 0.000000000000000000e+00
1.030450238280657960e+00 0.000000000000000000e+00
1.028876541168184833e+00 0.000000000000000000e+00
1.027536602681435429e+00 0.000000000000000000e+00
1.026376810547975360e+00 0.000000000000000000e+00
1.025358254335123398e+00 0.000000000000000000e+00
1.024451906679614499e+00 0.000000000000000000e+00
1.023635560603147088e+00 0.000000000000000000e+00
1.022891812739415096e+00 0.000000000000000000e+00
1.022206690490962133e+00 0.000000000000000000e+00
1.021568685770329665e+00 0.000000000000000000e+00
1.020968049311934411e+00 0.000000000000000000e+00
1.020396251556847655e+00 0.000000000000000000e+00
1.019845545908399709e+00 0.000000000000000000e+00
1.019308586479332979e+00 0.000000000000000000e+00
1.018778059581576967e+00 0.000000000000000000e+00
1.018246287657792681e+00 0.000000000000000000e+00
1.017704755331595434e+00 0.000000000000000000e+00
1.017143486126057095e+00 0.000000000000000000e+00
1.016550156677007655e+00 0.000000000000000000e+00
1.015908754601783315e+00 0.000000000000000000e+00
1.015197426168926054e+00 0.000000000000000000e+00
1.014384826813697682e+00 0.000000000000000000e+00
1.013423547958699489e+00 0.000000000000000000e+00
1.012237412638045564e+00 0.000000000000000000e+00
1.010694681271234741e+00 0.000000000000000000e+00
1.008544734468241666e+00 0.000000000000000000e+00
1.005242987907234875e+00 0.000000000000000000e+00
9.993377768770598246e-01 0.000000000000000000e+00
9.852260032406812140e-01 0.000000000000000000e+00
9.010060735174125757e-01 0.000000000000000000e+00
1.096117993030269133e+00 0.000000000000000000e+00
1.047460258089119467e+00 0.000000000000000000e+00
1.036101253243562725e+00 0.000000000000000000e+00
1.030979216507560192e+00 0.000000000000000000e+00
1.028030912661021867e+00 0.000000000000000000e+00
1.026094189229661335e+00 0.000000000000000000e+00
1.024710848933413576e+00 0.000000000000000000e+00
1.023663650820589188e+00 0.000000000000000000e+00
1.022836259026202343e+00 0.000000000000000000e+00
1.022160704272741638e+00 0.000000000000000000e+00
1.021594577321156549e+00 0.000000000000000000e+00
1.021110015683696082e+00 0.000000000000000000e+00
1.020687932752484040e+00 0.000000000000000000e+00
1.020314791337439964e+00 0.000000000000000000e+00
1.019980701714248816e+00 0.000000000000000000e+00
1.019678249727347774e+00 0.000000000000000000e+00
1.019401746859617042e+00 0.000000000000000000e+00
1.019146734096401552e+00 0.000000000000000000e+00
1.018909643591661807e+00 0.000000000000000000e+00
1.018687561123873708e+00 0.000000000000000000e+00
1.018478054193678428e+00 0.000000000000000000e+00
1.018279043240841730e+00 0.000000000000000000e+00
1.018088700859267615e+00 0.000000000000000000e+00
1.017905368160827884e+00 0.000000000000000000e+00
1.017727479656635570e+00 0.000000000000000000e+00
1.017553488652156224e+00 0.000000000000000000e+00
1.017381784186159432e+00 0.000000000000000000e+00
1.017210587447215042e+00 0.000000000000000000e+00
1.017037808967465651e+00 0.000000000000000000e+00
1.016860834540782799e+00 0.000000000000000000e+00
1.016676180508095717e+00 0.000000000000000000e+00
1.016478900467704616e+00 0.000000000000000000e+00
1.016261490820313362e+00 0.000000000000000000e+00
1.016011704387296710e+00 0.000000000000000000e+00
1.015707729595249242e+00 0.000000000000000000e+00
1.015306078917987076e+00 0.000000000000000000e+00
1.014704955700535871e+00 0.000000000000000000e+00
1.013595618493132067e+00 0.000000000000000000e+00
1.010386933283140998e+00 0.000000000000000000e+00
1.171898041269803681e+00 0.000000000000000000e+00
1.021966396783393183e+00 0.000000000000000000e+00
1.019095398740176073e+00 0.000000000000000000e+00
1.018054548976737417e+00 0.000000000000000000e+00
1.017484547185644628e+00 0.000000000000000000e+00
1.017105201912529955e+00 0.000000000000000000e+00
1.016821795195091083e+00 0.000000000000000000e+00
1.016593304909282569e+00 0.000000000000000000e+00
1.016398992760745967e+00 0.000000000000000000e+00
1.016227170656089474e+00 0.000000000000000000e+00
1.016070678385261772e+00 0.000000000000000000e+00
1.015924815598423514e+00 0.000000000000000000e+00
1.015786299890318656e+00 0.000000000000000000e+00
1.015652698789545338e+00 0.000000000000000000e+00
1.015522097678928759e+00 0.000000000000000000e+00
1.015392891643791540e+00 0.000000000000000000e+00
1.015263644244749797e+00 0.000000000000000000e+00
1.015132981748725127e+00 0.000000000000000000e+00
1.014999503531226477e+00 0.000000000000000000e+00
1.014861694834357397e+00 0.000000000000000000e+00
1.014717829571032848e+00 0.000000000000000000e+00
1.014565849259750463e+00 0.000000000000000000e+00
1.014403199044966453e+00 0.000000000000000000e+00
1.014226591281786938e+00 0.000000000000000000e+00
1.014031647114397527e+00 0.000000000000000000e+00
1.013812327620574383e+00 0.000000000000000000e+00
1.013559987614840452e+00 0.000000000000000000e+00
1.013261717261147998e+00 0.000000000000000000e+00
1.012897250121050696e+00 0.000000000000000000e+00
1.012432742134482977e+00 0.000000000000000000e+00
1.011806970508092318e+00 0.000000000000000000e+00
1.010896422446798004e+00 0.000000000000000000e+00
1.009408699291097999e+00 0.000000000000000000e+00
1.006443142483542719e+00 0.000000000000000000e+00
9.971918660444881732e-01 0.000000000000000000e+00
1.223052615836122348e+00 0.000000000000000000e+00
1.029788779463316484e+00 0.000000000000000000e+00
1.022455486269982172e+00 0.000000000000000000e+00
1.019839047860568559e+00 0.000000000000000000e+00
1.018468421391065304e+00 0.000000000000000000e+00
1.017606503269465001e+00 0.000000000000000000e+00
1.017001105702924901e+00 0.000000000000000000e+00
1.016542390955957442e+00 0.000000000000000000e+00
1.016174741930269576e+00 0.000000000000000000e+00
1.015866876125651741e+00 0.000000000000000000e+00
1.015599747745500547e+00 0.000000000000000000e+00
1.015360997022654477e+00 0.000000000000000000e+00
1.015142151045754337e+00 0.000000000000000000e+00
1.014937101892656512e+00 0.000000000000000000e+00
1.014741225156113869e+00 0.000000000000000000e+00
1.014550839303846708e+00 0.000000000000000000e+00
1.014362854618476417e+00 0.000000000000000000e+00
1.014174530319775336e+00 0.000000000000000000e+00
1.013983293141983655e+00 0.000000000000000000e+00
1.013786588369121500e+00 0.000000000000000000e+00
1.013581743261164458e+00 0.000000000000000000e+00
1.013365826649585522e+00 0.000000000000000000e+00
1.013135488817712426e+00 0.000000000000000000e+00
1.012886762946539898e+00 0.000000000000000000e+00
1.012614802733788677e+00 0.000000000000000000e+00
1.012313518379000410e+00 0.000000000000000000e+00
1.011975051006671844e+00 0.000000000000000000e+00
1.011588985832791332e+00 0.000000000000000000e+00
1.011141130703332447e+00 0.000000000000000000e+00
1.010611544221527325e+00 0.000000000000000000e+00
1.009971207567222695e+00 0.000000000000000000e+00
1.009176104347916159e+00 0.000000000000000000e+00
1.008155995883449396e+00 0.000000000000000000e+00
1.006791366763776230e+00 0.000000000000000000e+00
1.004860888907431082e+00 0.000000000000000000e+00
1.001903498266152548e+00 0.000000000000000000e+00
9.967730057190908877e-01 0.000000000000000000e+00
9.856128095682412660e-01 0.000000000000000000e+00
9.422564878033078406e-01 0.000000000000000000e+00
1.179761083707357994e+00 0.000000000000000000e+00
1.054221060852773784e+00 0.000000000000000000e+00
1.037421739832368406e+00 0.000000000000000000e+00
1.030764339664326679e+00 0.000000000000000000e+00
1.027187997356096449e+00 0.000000000000000000e+00
1.024952250906135731e+00 0.000000000000000000e+00
1.023420227444127750e+00 0.000000000000000000e+00
1.022303653105714139e+00 0.000000000000000000e+00
1.021453078807878834e+00 0.000000000000000000e+00
1.020783321385651199e+00 0.000000000000000000e+00
1.020242302689361225e+00 0.000000000000000000e+00
1.019796423687414633e+00 0.000000000000000000e+00
1.019423070446521029e+00 0.000000000000000000e+00
1.019106501392923692e+00 0.000000000000000000e+00
1.018835462428816951e+00 0.000000000000000000e+00
1.018601740777185460e+00 0.000000000000000000e+00
1.018399255852157737e+00 0.000000000000000000e+00
1.018223471557744730e+00 0.000000000000000000e+00
1.018071009226902968e+00 0.000000000000000000e+00
1.017939391302540075e+00 0.000000000000000000e+00
1.017826874603078746e+00 0.000000000000000000e+00
1.017732349229412803e+00 0.000000000000000000e+00
1.017655290392203149e+00 0.000000000000000000e+00
1.017595758850937893e+00 0.000000000000000000e+00
1.017554453465255193e+00 0.000000000000000000e+00
1.017532828671846135e+00 0.000000000000000000e+00
1.017533303403705958e+00 0.000000000000000000e+00
1.017559611146696019e+00 0.000000000000000000e+00
1.017617383757422500e+00 0.000000000000000000e+00
1.017715147015124888e+00 0.000000000000000000e+00
1.017866087649843987e+00 0.000000000000000000e+00
1.018091369635001131e+00 0.000000000000000000e+00
1.018426832027451434e+00 0.000000000000000000e+00
1.018937888673115966e+00 0.000000000000000000e+00
1.019757320264217837e+00 0.000000000000000000e+00
1.021201073055056696e+00 0.000000000000000000e+00
1.024248344066248650e+00 0.000000000000000000e+00
1.034196293801166178e+00 0.000000000000000000e+00
8.276020516794843074e-01 0.000000000000000000e+00
9.990168535539488692e-01 0.000000000000000000e+00
1.006528129977728669e+00 0.000000000000000000e+00
1.009129834401523818e+00 0.000000000000000000e+00
1.010420550100341375e+00 0.000000000000000000e+00
1.011172162484035297e+00 0.000000000000000000e+00
1.011649618415363605e+00 0.000000000000000000e+00
1.011968287605950145e+00 0.000000000000000000e+00
1.012186368334599740e+00 0.000000000000000000e+00
1.012336314293443396e+00 0.000000000000000000e+00
1.012437575612192830e+00 0.000000000000000000e+00
1.012502445292549513e+00 0.000000000000000000e+00
1.012539001558813156e+00 0.000000000000000000e+00
1.012552698164658649e+00 0.000000000000000000e+00
1.012547273470936871e+00 0.000000000000000000e+00
1.012525293322767306e+00 0.000000000000000000e+00
1.012488485879169842e+00 0.000000000000000000e+00
1.012437952187835055e+00 0.000000000000000000e+00
1.012374298811293150e+00 0.000000000000000000e+00
1.012297718839013649e+00 0.000000000000000000e+00
1.012208036380562781e+00 0.000000000000000000e+00
1.012104722894169750e+00 0.000000000000000000e+00
1.011986889289657299e+00 0.000000000000000000e+00
1.011853254443620287e+00 0.000000000000000000e+00
1.011702087804894790e+00 0.000000000000000000e+00
1.011531120530559713e+00 0.000000000000000000e+00
1.011337415413089857e+00 0.000000000000000000e+00
1.011117179824509327e+00 0.000000000000000000e+00
1.010865496549194109e+00 0.000000000000000000e+00
1.010575932148261469e+00 0.000000000000000000e+00
1.010239956684902296e+00 0.000000000000000000e+00
1.009846063147308737e+00 0.000000000000000000e+00
1.009378391335411962e+00 0.000000000000000000e+00
1.008814500133876857e+00 0.000000000000000000e+00
1.008121605368667018e+00 0.000000000000000000e+00
1.007249893039448230e+00 0.000000000000000000e+00
1.006119863415478433e+00 0.000000000000000000e+00
1.004596405822751670e+00 0.000000000000000000e+00
1.002429939517105462e+00 0.000000000000000000e+00
9.991027048092065987e-01 0.000000000000000000e+00
9.933364088641964962e-01 0.000000000000000000e+00
9.808857189991523340e-01 0.000000000000000000e+00
9.340300151458316158e-01 0.000000000000000000e+00
1.225891264287203297e+00 0.000000000000000000e+00
1.060501700313126738e+00 0.000000000000000000e+00
1.040399170656218786e+00 0.000000000000000000e+00
1.032562158275850406e+00 0.000000000000000000e+00
1.028386481080193704e+00 0.000000000000000000e+00
1.025790458454922671e+00 0.000000000000000000e+00
1.024019042310549743e+00 0.000000000000000000e+00
1.022732244743678853e+00 0.000000000000000000e+00
1.021754394918918729e+00 0.000000000000000000e+00
1.020985573424475046e+00 0.000000000000000000e+00
