-8.057011783424687934e-01
0.000000000000000000e+00
8.977072791312500355e-01
0.000000000000000000e+00
6.980816284548095885e-01
0.000000000000000000e+00
5.150312959895428921e-01
0.000000000000000000e+00
2.799292174123675925e-01
0.000000000000000000e+00
3.871619170413906352e-02
0.000000000000000000e+00
-1.421684064467608477e-01
0.000000000000000000e+00
-6.356720906517075997e-01
0.000000000000000000e+00
-5.202749372447865728e-01
0.000000000000000000e+00
-3.360822402832299716e-01
0.000000000000000000e+00
