1.020136838116343592e+00
1.016050842770083174e+00
9.765528877562328347e-01
9.956208660387813048e-01
1.009240850526315958e+00
1.025584831911357409e+00
1.040566814847645682e+00
1.020136838116343592e+00
9.506749172299170381e-01
1.028308828808864428e+00
9.956208660387813048e-01
1.184938650415512607e+00
9.847248784487536710e-01
9.942588675900279060e-01
9.397789296398892933e-01
9.425029265373963128e-01
9.983448629362882132e-01
9.697428955124655081e-01
1.007878852077562559e+00
1.016050842770083174e+00
1.033756822603878245e+00
1.010602848975069357e+00
1.056910796232687133e+00
1.016050842770083174e+00
1.035118821052631644e+00
9.683808970637121094e-01
9.942588675900279060e-01
1.018774839667590193e+00
1.055548797783933734e+00
9.792768846537397431e-01
1.025584831911357409e+00
9.983448629362882132e-01
9.561229110249308549e-01
9.751908893074793250e-01
1.032394824155124846e+00
1.005154855180055540e+00
9.425029265373963128e-01
9.506749172299170381e-01
1.020136838116343592e+00
1.066444785373961368e+00
1.122286721772853380e+00
1.090960757451523655e+00
1.051462802437673316e+00
1.006516853628808938e+00
9.588469079224378744e-01
1.067806783822714767e+00
1.040566814847645682e+00
9.956208660387813048e-01
1.029670827257617827e+00
9.997068613850417229e-01
9.779148862049863444e-01
1.060996791578947551e+00
1.066444785373961368e+00
1.029670827257617827e+00
9.765528877562328347e-01
9.697428955124655081e-01
9.588469079224378744e-01
1.052824800886426715e+00
1.067806783822714767e+00
1.021498836565097212e+00
1.010602848975069357e+00
9.493129187811636394e-01
9.493129187811636394e-01
9.765528877562328347e-01
1.011964847423822977e+00
9.847248784487536710e-01
9.561229110249308549e-01
9.888108737950139782e-01
9.983448629362882132e-01
1.080064769861496021e+00
1.005154855180055540e+00
9.942588675900279060e-01
9.792768846537397431e-01
1.058272794681440532e+00
9.874488753462605795e-01
1.021498836565097212e+00
1.051462802437673316e+00
9.847248784487536710e-01
9.847248784487536710e-01
1.011964847423822977e+00
1.001068859833795122e+00
1.009240850526315958e+00
1.052824800886426715e+00
1.020136838116343592e+00
9.901728722437674879e-01
1.055548797783933734e+00
1.090960757451523655e+00
9.860868768975070697e-01
1.016050842770083174e+00
9.901728722437674879e-01
9.683808970637121094e-01
1.035118821052631644e+00
1.032394824155124846e+00
9.765528877562328347e-01
9.997068613850417229e-01
1.013326845872576376e+00
1.011964847423822977e+00
1.035118821052631644e+00
1.014688844321329775e+00
9.520369156786705478e-01
9.792768846537397431e-01
9.860868768975070697e-01
9.874488753462605795e-01
9.697428955124655081e-01
9.452269234349032212e-01
9.901728722437674879e-01
1.013326845872576376e+00
1.047376807091412898e+00
9.588469079224378744e-01
9.711048939612190178e-01
9.969828644875348145e-01
1.063720788476454571e+00
1.066444785373961368e+00
1.088236760554016858e+00
9.874488753462605795e-01
9.874488753462605795e-01
9.629329032686981815e-01
1.017412841218836794e+00
1.044652810193905879e+00
1.007878852077562559e+00
