9.792860985786265848e-01 -4.353211411392572243e-17
9.773776625213439484e-01 -3.827209324322502732e-17
9.751446084568022865e-01 -3.280966981662846406e-17
9.724845194666542625e-01 -2.671200681577513624e-17
9.692430732142061078e-01 -2.171473864875034035e-17
9.651747798087052521e-01 -1.651780752459238920e-17
9.598608200053245776e-01 -1.285700326675024162e-17
9.525164423682452863e-01 -1.160084410988756684e-17
9.414628979511152629e-01 -1.556951208305184672e-17
9.222974114651991684e-01 -2.736645968904003933e-17
8.783739047344436557e-01 -3.007962375200307204e-17
6.372392117584683158e-01 1.400497341111063711e-15
1.227373191745867675e+00 2.985437769887940198e-15
1.063408246120806977e+00 9.803390847392525176e-16
1.023174392558530155e+00 7.593724652852476674e-16
1.001600851770442890e+00 7.474066276816845925e-16
9.847928913570810350e-01 8.212735902164993020e-16
9.675846000787606815e-01 9.722968401755383337e-16
9.453667795910634108e-01 1.210881504023035795e-15
9.093091866959323033e-01 1.532687194405611624e-15
8.339238196031474315e-01 8.066702089195862732e-16
1.010011479156165848e+00 6.253022223260034335e-16
1.263887692224850756e+00 1.880226070592377055e-15
1.142422448533829904e+00 -1.477490470745464668e-15
1.096434458618009256e+00 -1.371143951106056067e-15
1.072641985397354114e+00 -1.157268966854567573e-15
1.057852926790715298e+00 -9.924868551530169820e-16
1.047517097265497021e+00 -8.707356392810043842e-16
1.039650971900100362e+00 -7.777148608576853533e-16
1.033233561443744453e+00 -7.043299748840040713e-16
1.027659308508275693e+00 -6.458253474682095307e-16
1.022510304289814709e+00 -5.965805377550666611e-16
1.017438251305406327e+00 -5.535803194328592556e-16
1.012077878132912945e+00 -5.127291304833941525e-16
1.005942449952782702e+00 -4.729719975720415460e-16
9.982268240622484967e-01 -4.282726951027106398e-16
9.873055005832312991e-01 -3.702174998643793144e-16
9.690543478530397881e-01 -2.737059752926441238e-16
9.285130970190215161e-01 -2.929984563706910940e-17
7.328307233107058671e-01 1.924385310257374305e-15
1.325799186726111412e+00 9.944467778795845397e-17
1.123397058258162939e+00 -6.446503749330307032e-16
1.082632414516753405e+00 -6.244555704055048796e-16
1.064729998221394913e+00 -6.000319179863455273e-16
1.054431861347317811e+00 -5.843079286572003762e-16
1.047570891791845593e+00 -5.764890186481718672e-16
1.042521582429003280e+00 -5.755981266315059205e-16
1.038486023230617450e+00 -5.815232189571357863e-16
1.034967718740303022e+00 -5.955983350418394654e-16
1.031515543453674910e+00 -6.207710205828695435e-16
1.027398626394901315e+00 -6.642636512751459309e-16
1.020356683586318480e+00 -7.434961113994966969e-16
9.926208184546232438e-01 -8.840615548112481945e-16
1.100917651298930489e+00 7.180094275306207310e-19
1.066879231787976723e+00 -1.413975752845826887e-15
9.503461695541713938e-01 2.014253239059716209e-15
1.020616194477292460e+00 3.724421991391654883e-16
1.024400546340778151e+00 5.920847520768364042e-17
1.024938415831728511e+00 -6.739647865671082652e-17
1.024756062812431479e+00 -1.364952080073653816e-16
1.024356935315231087e+00 -1.805036274012389900e-16
1.023892225382330823e+00 -2.118741487552728911e-16
1.023417448371523486e+00 -2.357851541192738917e-16
1.022955439659462007e+00 -2.551193650304997371e-16
1.022516302341899497e+00 -2.719688149359544303e-16
1.022104886007366709e+00 -2.874645184287410466e-16
1.021723999185287557e+00 -3.020549261752323037e-16
1.021376014758974549e+00 -3.168422786023307814e-16
1.021063881915852845e+00 -3.324694263917422922e-16
1.020792023616127864e+00 -3.495999135401173111e-16
1.020567456664950745e+00 -3.692716051010192498e-16
1.020401542968576658e+00 -3.924810250045220292e-16
1.020313105832923561e+00 -4.212793836113367188e-16
1.020334521392655125e+00 -4.584552998217112399e-16
1.020524823406438353e+00 -5.090582071279041323e-16
1.021001480768874758e+00 -5.827875032626162974e-16
1.022031377405584252e+00 -7.010426787220898637e-16
1.024366858153742399e+00 -9.229462325134116481e-16
1.031220078047808686e+00 -1.493447225574845453e-15
1.101374993569788296e+00 -6.144718056358196553e-15
9.875167365500479022e-01 2.052225429423746826e-15
1.001739178632853999e+00 7.546703009221569405e-16
1.005148494445323726e+00 4.067218435717232470e-16
1.006243493567643421e+00 2.450894811517197636e-16
1.006334033177080922e+00 1.513677472072643368e-16
1.005723028240746553e+00 8.884719518308928270e-17
1.004342058965617346e+00 4.125675595087160771e-17
1.001691483488150958e+00 -3.824734632164998268e-18
9.958957108415200654e-01 -7.171960642811734186e-17
9.738711932843902019e-01 -3.440372139079749914e-16
1.075355115568253472e+00 9.490691962156289402e-16
1.019008524078309108e+00 6.182519632133189733e-16
9.666776862479241617e-01 2.735120047676816615e-15
1.038509957085170798e+00 -7.487422233152498887e-16
1.025938092163047433e+00 -3.654882928941493821e-16
1.021785107094237866e+00 -2.686452901884272636e-16
1.019479711571324332e+00 -2.288527910835199794e-16
1.017896790719567957e+00 -2.093044381573444890e-16
1.016659135536379877e+00 -1.988892537797212465e-16
1.015592358042967103e+00 -1.934349662777148902e-16
1.014593425139613370e+00 -1.910459612156194012e-16
1.013583657677114225e+00 -1.908022567522943153e-16
1.012483297505413660e+00 -1.922716283616851117e-16
1.011186674978802769e+00 -1.956180428087405295e-16
1.009519604116160041e+00 -2.014932500253212053e-16
1.007135538947053766e+00 -2.116873150719365806e-16
1.003184018074825934e+00 -2.312428217922395881e-16
9.947905503635408042e-01 -2.809774162484408696e-16
9.618587278457937373e-01 -5.711730021622367019e-16
1.125258266037791000e+00 -5.794617998100648990e-16
1.043343020146329181e+00 -1.207170557140252013e-16
1.031505002473047439e+00 -1.296843861089180382e-16
1.026687132410917469e+00 -1.386938475823550955e-16
1.024035049440980671e+00 -1.450897631916875647e-16
1.022334336829004320e+00 -1.495774412217791905e-16
1.021137093083456460e+00 -1.529705720930649131e-16
1.020239400155600329e+00 -1.556491303670518110e-16
1.019534989407185011e+00 -1.578846381933769021e-16
1.018962966924599645e+00 -1.597317476240787387e-16
1.018485884214826775e+00 -1.611908732357953197e-16
