9.763086314015386735e-01 0.000000000000000000e+00
9.733897796588342199e-01 0.000000000000000000e+00
9.693261035942898340e-01 0.000000000000000000e+00
9.632080598529036974e-01 0.000000000000000000e+00
9.527459578085630820e-01 0.000000000000000000e+00
9.299253578613188020e-01 0.000000000000000000e+00
8.314706931112264554e-01 0.000000000000000000e+00
1.189528124292544176e+00 0.000000000000000000e+00
1.041076311378531516e+00 0.000000000000000000e+00
1.011055546135996908e+00 0.000000000000000000e+00
9.922951122226756349e-01 0.000000000000000000e+00
9.673905854077710087e-01 0.000000000000000000e+00
8.656875564587614980e-01 0.000000000000000000e+00
1.143909794904519828e+00 0.000000000000000000e+00
1.052883633238633321e+00 0.000000000000000000e+00
1.033396302397223243e+00 0.000000000000000000e+00
1.025111738443700737e+00 0.000000000000000000e+00
1.021997280423538212e+00 0.000000000000000000e+00
1.027976830119194940e+00 0.000000000000000000e+00
8.719576954270982228e-01 0.000000000000000000e+00
9.810216978711610025e-01 0.000000000000000000e+00
9.803923776335131679e-01 0.000000000000000000e+00
9.676074185317120602e-01 0.000000000000000000e+00
9.131714448250980443e-01 0.000000000000000000e+00
1.241413667142239108e+00 0.000000000000000000e+00
1.060423518504560514e+00 0.000000000000000000e+00
1.038090227883799121e+00 0.000000000000000000e+00
1.029929343677793208e+00 0.000000000000000000e+00
1.026528233143422675e+00 0.000000000000000000e+00
1.026251336171011275e+00 0.000000000000000000e+00
1.030823522821308069e+00 0.000000000000000000e+00
1.060149078038333137e+00 0.000000000000000000e+00
9.326154653513120119e-01 0.000000000000000000e+00
9.815411612239047789e-01 0.000000000000000000e+00
9.797340610627545132e-01 0.000000000000000000e+00
1.130130316530650214e+00 0.000000000000000000e+00
1.017871305019201644e+00 0.000000000000000000e+00
1.012069297817560054e+00 0.000000000000000000e+00
1.010371246834461223e+00 0.000000000000000000e+00
1.009769485494580232e+00 0.000000000000000000e+00
1.009671108954313334e+00 0.000000000000000000e+00
1.009925375694124217e+00 0.000000000000000000e+00
1.010541887651261739e+00 0.000000000000000000e+00
1.011674575673717325e+00 0.000000000000000000e+00
1.013819743175147003e+00 0.000000000000000000e+00
1.019208637711255694e+00 0.000000000000000000e+00
1.116170804864777377e+00 0.000000000000000000e+00
1.001228829744605919e+00 0.000000000000000000e+00
1.011094228939853013e+00 0.000000000000000000e+00
1.021310059521019609e+00 0.000000000000000000e+00
1.058796136000826227e+00 0.000000000000000000e+00
9.273365022420165804e-01 0.000000000000000000e+00
9.817462129552255723e-01 0.000000000000000000e+00
9.928632505158585531e-01 0.000000000000000000e+00
9.994695035731671062e-01 0.000000000000000000e+00
1.006527265377402669e+00 0.000000000000000000e+00
1.019573029628201510e+00 0.000000000000000000e+00
1.079438099312101107e+00 0.000000000000000000e+00
8.974363981074268137e-01 0.000000000000000000e+00
9.593078242070516293e-01 0.000000000000000000e+00
9.710012394012010883e-01 0.000000000000000000e+00
9.752040164934693278e-01 0.000000000000000000e+00
9.763065513132102025e-01 0.000000000000000000e+00
9.748137095592317447e-01 0.000000000000000000e+00
9.686239716103449693e-01 0.000000000000000000e+00
9.409695901594029577e-01 0.000000000000000000e+00
1.119815469865421687e+00 0.000000000000000000e+00
1.019840320263304623e+00 0.000000000000000000e+00
1.008096197906794389e+00 0.000000000000000000e+00
1.003748254708493493e+00 0.000000000000000000e+00
