-1.000000000000000000e+00
-9.831932773109243184e-01
-9.663865546218487479e-01
-9.495798319327730663e-01
-9.327731092436974958e-01
-9.159663865546218142e-01
-8.991596638655462437e-01
-8.823529411764705621e-01
-8.655462184873949916e-01
-8.487394957983193100e-01
-8.319327731092437395e-01
-8.151260504201680579e-01
-7.983193277310924874e-01
-7.815126050420168058e-01
-7.647058823529411242e-01
-7.478991596638655537e-01
-7.310924369747899831e-01
-7.142857142857143016e-01
-6.974789915966386200e-01
-6.806722689075630495e-01
-6.638655462184874789e-01
-6.470588235294117974e-01
-6.302521008403361158e-01
-6.134453781512605453e-01
-5.966386554621848637e-01
-5.798319327731091821e-01
-5.630252100840336116e-01
-5.462184873949580410e-01
-5.294117647058823595e-01
-5.126050420168066779e-01
-4.957983193277311074e-01
-4.789915966386555368e-01
-4.621848739495798553e-01
-4.453781512605041737e-01
-4.285714285714286031e-01
-4.117647058823529216e-01
-3.949579831932773510e-01
-3.781512605042016695e-01
-3.613445378151260989e-01
-3.445378151260504174e-01
-3.277310924369748468e-01
-3.109243697478991653e-01
-2.941176470588235947e-01
-2.773109243697479132e-01
-2.605042016806723426e-01
-2.436974789915966610e-01
-2.268907563025210905e-01
-2.100840336134454089e-01
-1.932773109243697274e-01
-1.764705882352941568e-01
-1.596638655462184753e-01
-1.428571428571429047e-01
-1.260504201680672232e-01
-1.092436974789916526e-01
-9.243697478991597105e-02
-7.563025210084040051e-02
-5.882352941176471894e-02
-4.201680672268914840e-02
-2.521008403361346684e-02
-8.403361344537896294e-03
8.403361344537785271e-03
2.521008403361335581e-02
4.201680672268892636e-02
5.882352941176471894e-02
7.563025210084028949e-02
9.243697478991586003e-02
1.092436974789916526e-01
1.260504201680672232e-01
1.428571428571427937e-01
1.596638655462183642e-01
1.764705882352941568e-01
1.932773109243697274e-01
2.100840336134452979e-01
2.268907563025208685e-01
2.436974789915966610e-01
2.605042016806722316e-01
2.773109243697478021e-01
2.941176470588233727e-01
3.109243697478991653e-01
3.277310924369747358e-01
3.445378151260503063e-01
3.613445378151260989e-01
3.781512605042016695e-01
3.949579831932772400e-01
4.117647058823528106e-01
4.285714285714286031e-01
4.453781512605041737e-01
4.621848739495797442e-01
4.789915966386553148e-01
4.957983193277311074e-01
5.126050420168066779e-01
5.294117647058822484e-01
5.462184873949578190e-01
5.630252100840336116e-01
5.798319327731091821e-01
5.966386554621847527e-01
6.134453781512605453e-01
6.302521008403361158e-01
6.470588235294116863e-01
6.638655462184872569e-01
6.806722689075630495e-01
6.974789915966386200e-01
7.142857142857141906e-01
7.310924369747897611e-01
7.478991596638655537e-01
7.647058823529411242e-01
7.815126050420166948e-01
7.983193277310922653e-01
8.151260504201680579e-01
8.319327731092436284e-01
8.487394957983191990e-01
8.655462184873947695e-01
8.823529411764705621e-01
8.991596638655461327e-01
9.159663865546217032e-01
9.327731092436974958e-01
9.495798319327730663e-01
9.663865546218486369e-01
9.831932773109242074e-01
1.000000000000000000e+00
