-7.369561168901820736e+01
6.759405904205962656e+01
-6.849538749994781028e+01
-7.285864321569536628e+01
6.037954849628437870e+00
-9.981754906444983533e+01
4.411449031634308682e+00
-9.990264820034198578e+01
3.891396172536411768e+01
9.211787873608953703e+01
2.837533425600775061e+01
-9.588973045044934906e+01
-8.649384908897458502e+01
-5.018778805420389943e+01
9.999562284547694446e+01
9.356344078383769247e-01
-7.595990335998762077e+01
-6.503916575065628081e+01
-4.157140457594775995e+01
9.094953722577629662e+01
