9.365130708033241325e-01
9.902199135734073288e-01
9.633664921883656751e-01
8.794495503601108544e-01
9.969332689196677144e-01
1.030500045650969643e+00
8.962329387257618185e-01
8.995896163988920113e-01
9.835065582271469431e-01
7.753925424930748767e-01
8.425260959556787332e-01
9.465831038227147110e-01
8.626661619944598902e-01
8.358127406094183476e-01
8.290993852631579619e-01
7.821058978393352623e-01
1.050640111689750800e+00
1.198333929307479284e+00
1.121130342825484849e+00
1.107703632132964078e+00
1.047283434016620607e+00
1.060710144709141378e+00
1.017073334958448871e+00
9.700798475346260608e-01
8.962329387257618185e-01
9.801498805540167503e-01
8.559528066481995046e-01
9.700798475346260608e-01
8.828062280332410472e-01
8.458827736288089261e-01
1.077493533074792342e+00
1.134557053518005620e+00
1.188263896288088706e+00
1.114416987479224463e+00
1.084206888421052728e+00
1.074136855401662149e+00
1.053996789362880993e+00
1.104346954459833885e+00
1.030500045650969643e+00
1.064066822382271571e+00
9.801498805540167503e-01
9.767932028808865574e-01
9.902199135734073288e-01
9.297997154570637468e-01
9.935765912465375216e-01
9.532964591689750966e-01
1.017073334958448871e+00
9.600098145152354823e-01
1.030500045650969643e+00
9.633664921883656751e-01
9.566531368421052894e-01
9.935765912465375216e-01
1.000289946592797907e+00
8.861629057063712400e-01
8.290993852631579619e-01
7.619658318005541053e-01
7.485391211080333340e-01
1.265467482770083141e+00
1.262110805096952948e+00
1.221830673019390634e+00
1.201690606980609477e+00
1.084206888421052728e+00
1.235257383711911405e+00
1.184907218614958513e+00
9.767932028808865574e-01
1.114416987479224463e+00
1.064066822382271571e+00
1.084206888421052728e+00
1.161410474903047163e+00
9.835065582271469431e-01
1.080850210747922535e+00
1.013716657285318679e+00
9.700798475346260608e-01
1.007003301939058293e+00
9.801498805540167503e-01
9.835065582271469431e-01
9.767932028808865574e-01
1.000289946592797907e+00
9.532964591689750966e-01
9.163730047645429755e-01
9.935765912465375216e-01
1.087563566094182921e+00
9.868632359002771359e-01
9.969332689196677144e-01
1.124487020498615042e+00
1.188263896288088706e+00
1.067423500055401764e+00
1.144627086537396199e+00
1.033856723324099836e+00
1.117773665152354656e+00
1.047283434016620607e+00
1.154697119556786777e+00
1.158053797229916970e+00
1.037213400997230028e+00
9.902199135734073288e-01
1.047283434016620607e+00
1.097633599113573499e+00
1.040570078670360221e+00
1.037213400997230028e+00
9.734365252077563646e-01
8.928762610526316257e-01
1.033856723324099836e+00
1.064066822382271571e+00
1.003646624265928100e+00
1.047283434016620607e+00
1.040570078670360221e+00
1.043926756343490414e+00
1.141270408864266006e+00
1.043926756343490414e+00
9.398697484764543253e-01
9.600098145152354823e-01
9.532964591689750966e-01
1.047283434016620607e+00
1.074136855401662149e+00
1.057353467036011185e+00
1.094276921440443306e+00
1.053996789362880993e+00
1.030500045650969643e+00
1.000289946592797907e+00
1.010359979612188486e+00
8.861629057063712400e-01
9.767932028808865574e-01
9.835065582271469431e-01
1.033856723324099836e+00
1.043926756343490414e+00
1.060710144709141378e+00
9.331563931301939396e-01
9.801498805540167503e-01
9.633664921883656751e-01
9.969332689196677144e-01
8.861629057063712400e-01
1.080850210747922535e+00
9.767932028808865574e-01
1.134557053518005620e+00
9.365130708033241325e-01
1.104346954459833885e+00
1.100990276786703692e+00
1.030500045650969643e+00
9.029462940720222042e-01
1.010359979612188486e+00
9.532964591689750966e-01
1.013716657285318679e+00
9.029462940720222042e-01
1.087563566094182921e+00
9.633664921883656751e-01
1.010359979612188486e+00
9.197296824376731683e-01
9.633664921883656751e-01
9.801498805540167503e-01
8.895195833795014329e-01
1.064066822382271571e+00
1.013716657285318679e+00
1.017073334958448871e+00
9.969332689196677144e-01
1.043926756343490414e+00
1.050640111689750800e+00
1.030500045650969643e+00
1.027143367977839450e+00
1.007003301939058293e+00
1.144627086537396199e+00
1.050640111689750800e+00
1.010359979612188486e+00
1.003646624265928100e+00
1.104346954459833885e+00
9.532964591689750966e-01
1.017073334958448871e+00
1.087563566094182921e+00
1.040570078670360221e+00
1.043926756343490414e+00
1.013716657285318679e+00
