1.048972535290858765e+00
8.888240566204985704e-01
1.081002231024930760e+00
8.728092087534625731e-01
9.448760241551246164e-01
8.648017848199446300e-01
7.526978497506925381e-01
1.081002231024930760e+00
1.105024502825484811e+00
1.072994807091412817e+00
1.105024502825484811e+00
1.016942839556786771e+00
6.566087625484764434e-01
1.032957687423822657e+00
1.056979959224376708e+00
1.121039350692520697e+00
1.040965111357340600e+00
1.016942839556786771e+00
9.288611762880886191e-01
9.128463284210526218e-01
9.368686002216066733e-01
7.927349694182825868e-01
8.487869369529085217e-01
1.121039350692520697e+00
1.305210101163434944e+00
1.089009654958448703e+00
1.024950263490304714e+00
9.849131438227146651e-01
1.048972535290858765e+00
9.208537523545705650e-01
8.888240566204985704e-01
9.929205677562327192e-01
9.688982959556786678e-01
9.929205677562327192e-01
1.000927991689750662e+00
1.008935415623268606e+00
1.000927991689750662e+00
8.808166326869806273e-01
1.008935415623268606e+00
1.032957687423822657e+00
1.129046774626038863e+00
1.040965111357340600e+00
1.097017078891966646e+00
1.233143285761772789e+00
1.024950263490304714e+00
9.048389044875345677e-01
1.048972535290858765e+00
9.769057198891966109e-01
9.448760241551246164e-01
1.024950263490304714e+00
1.024950263490304714e+00
9.849131438227146651e-01
1.072994807091412817e+00
9.608908720221606137e-01
9.208537523545705650e-01
1.008935415623268606e+00
1.121039350692520697e+00
1.024950263490304714e+00
1.129046774626038863e+00
1.048972535290858765e+00
9.128463284210526218e-01
1.048972535290858765e+00
9.849131438227146651e-01
9.769057198891966109e-01
1.081002231024930760e+00
1.145061622493074749e+00
1.064987383157894651e+00
9.128463284210526218e-01
1.000927991689750662e+00
1.032957687423822657e+00
