8.240863680931861390e-01
3.468039445693649192e-02
8.240863680931851398e-01
-3.468039445693697070e-02
-1.500650267205907822e-02
-2.318729188090288759e-02
-1.500650267206005140e-02
2.318729188090294657e-02
-3.300899488318655428e-01
-1.061174748084507506e-02
-3.300899488318652097e-01
1.061174748084520690e-02
-8.100661442771232013e-01
-4.148530255616346765e-03
-8.100661442771226461e-01
4.148530255615983341e-03
-6.442927341757488380e-01
-8.770665330565221435e-03
-6.442927341757488380e-01
8.770665330565030615e-03
