9.607219603685377418e-01 -4.104789425030119787e-16
9.595940659902693071e-01 -4.358492733391727825e-16
9.583837594028998819e-01 -4.672911363412524111e-16
9.570803874500429798e-01 -5.006845632538059476e-16
9.556712591528937484e-01 -5.390653201597928046e-16
9.541411193186837281e-01 -5.833007687972013855e-16
9.524714478271323337e-01 -6.320898665590490850e-16
9.506395129056044446e-01 -6.897694221352779209e-16
9.486170708396506335e-01 -7.543878716154139852e-16
9.463685471734567534e-01 -8.335346302068558089e-16
9.438484401699858140e-01 -9.233065700886555760e-16
9.409975277975083374e-01 -1.030425744730223414e-15
9.377371806204808369e-01 -1.162698409773454955e-15
9.339605767491633292e-01 -1.323594012170303813e-15
9.295186559851940089e-01 -1.526122977990596041e-15
9.241967416236174238e-01 -1.787632541994099711e-15
9.176737349839680924e-01 -2.132842513713484323e-15
9.094467134099988304e-01 -2.611626193083083081e-15
8.986815862243007214e-01 -3.302046136521852304e-15
8.838908474775719615e-01 -4.397524011601205984e-15
8.621606411900519795e-01 -6.283168429987995296e-15
8.270574583980552230e-01 -1.018933201701877067e-14
7.627887322350515031e-01 -2.094678597241994567e-14
6.751518818834145730e-01 -6.663463184009010831e-14
1.478691480697942540e+00 -6.851724049239393821e-15
1.245556025251931098e+00 -2.491496592371689189e-15
1.129385227089288568e+00 1.008741701280513325e-15
1.076735211971671768e+00 1.813653394133751817e-15
1.046723031344792387e+00 1.971513230447641263e-15
1.026878858344154155e+00 1.951563910473907981e-15
1.012312111682469373e+00 1.876970801006905276e-15
1.000714169203397175e+00 1.796306159373983746e-15
9.908285538475153365e-01 1.720845688168992638e-15
9.818782412843042318e-01 1.647987302177966740e-15
9.733131548212772266e-01 1.583802533566824877e-15
9.646784008384347020e-01 1.530026105811543857e-15
9.555277680844284083e-01 1.486658018912123680e-15
9.453457807062615181e-01 1.448494102440633924e-15
9.334511764029496117e-01 1.425942697252935432e-15
9.188509953181985823e-01 1.425942697252935432e-15
9.000136034881558444e-01 1.460637166772471573e-15
8.746520832526692990e-01 1.609823385706476984e-15
8.410020729476322954e-01 2.171873791922962482e-15
8.168372230003106971e-01 4.669875597329564698e-15
9.871083607053304787e-01 1.423167139691372540e-14
1.284344902926089604e+00 9.235667786100520971e-15
1.235235175770829530e+00 3.934352843515398490e-15
1.168051818878838910e+00 2.720046410331633524e-15
1.125187448204523433e+00 2.301978052621223014e-15
1.097270371697149693e+00 2.110020057982664454e-15
1.077857152360399917e+00 2.010544508657119422e-15
1.063547052155418227e+00 1.956334400032844201e-15
1.052486229842854115e+00 1.929879867024197893e-15
1.043600062831689490e+00 1.922940973120290664e-15
1.036228014729603242e+00 1.929446186155203691e-15
1.029942671719191516e+00 1.945492378307989156e-15
1.024454786090094549e+00 1.972814273054623868e-15
1.019560626384976354e+00 2.008809785181142615e-15
1.015111291092513524e+00 2.051310510342574389e-15
1.010993997556953072e+00 2.104219576359867006e-15
1.007120181755504662e+00 2.164501217150061052e-15
1.003417607014267077e+00 2.233456475320139134e-15
9.998248902374451408e-01 2.312386393477083857e-15
9.962874984181302462e-01 2.403025695096872028e-15
9.927546200491690342e-01 2.503205975834532637e-15
9.891765086915959015e-01 2.619432448724978713e-15
9.855019954533558169e-01 2.750837752030221850e-15
9.816759054179048372e-01 2.898722928357244655e-15
9.776361026303537205e-01 3.070026871609954355e-15
9.733098278129452829e-01 3.263448539181368346e-15
9.686088675985525809e-01 3.488528910189359067e-15
9.634228701475631151e-01 3.751122676365348241e-15
9.576097352970528442e-01 4.058168731613243096e-15
9.509813392797277221e-01 4.426580629823817503e-15
9.432816885984804944e-01 4.870236158804885918e-15
9.341525549598350686e-01 5.414722489827106244e-15
9.230781369832683492e-01 6.088228879375101599e-15
9.092949078727278200e-01 6.945182276507644303e-15
8.916485727629235303e-01 8.056272662870789247e-15
8.684052578836799485e-01 9.528619213106104269e-15
8.372796716756906177e-01 1.145156018622639493e-14
7.979062195364048371e-01 1.367352411851818772e-14
7.739557616244988614e-01 1.407034211364788234e-14
9.307638033840355263e-01 4.933987246547033578e-15
1.285101702783556288e+00 -7.394909337654631543e-15
1.314290481311415348e+00 -1.293670032209703891e-14
1.249253295500483585e+00 -1.225408663430016531e-14
1.197053810524334017e+00 -1.045452786840872506e-14
1.160791901267865800e+00 -8.867906409193437867e-15
1.135084803152320632e+00 -7.622158113007593272e-15
1.116122864094252209e+00 -6.664157073399401554e-15
1.101601861181585651e+00 -5.907167116570022358e-15
1.090118277050307727e+00 -5.303700187364590590e-15
1.080786670827841967e+00 -4.812339762794159981e-15
1.073026560641539007e+00 -4.404462905505113213e-15
1.066443461300538686e+00 -4.063372902041173518e-15
1.060760459902720498e+00 -3.770421475035590220e-15
1.055777430924482285e+00 -3.519537092322444494e-15
1.051345856237993148e+00 -3.300961934349366800e-15
1.047352758091254721e+00 -3.109274990253929616e-15
1.043710126872534172e+00 -2.937971047001219915e-15
1.040347758716494653e+00 -2.784014338508278286e-15
1.037208262057085717e+00 -2.644260678474896764e-15
1.034243471252690894e+00 -2.517409024294092745e-15
1.031411785031137285e+00 -2.397496264017195955e-15
1.028676114976974754e+00 -2.285606599816691897e-15
1.026002232192875452e+00 -2.177294802785390004e-15
1.023357365864604240e+00 -2.071801931402550423e-15
1.020708953021587595e+00 -1.964249075891988383e-15
1.018023478233828882e+00 -1.852793092560478527e-15
1.015265392230900732e+00 -1.731904550328344783e-15
1.012396189405995850e+00 -1.597029800071148031e-15
1.009373920254127199e+00 -1.436459458326044825e-15
1.006153866226435767e+00 -1.240760966192411274e-15
1.002692177429763465e+00 -9.889008015240285943e-16
9.989568893493152579e-01 -6.504128832740541100e-16
9.949572652365363812e-01 -1.742312891184205625e-16
9.908189748850625422e-01 5.217180854000247336e-16
9.869740680593288573e-01 1.579248884442385759e-15
9.846273126497639971e-01 3.207286866646619217e-15
9.867698041033242662e-01 5.638284977793617259e-15
9.994436671712727538e-01 8.764581942155569294e-15
1.028838175015321932e+00 1.123710499650876216e-14
1.067037886666376112e+00 1.118918326048490286e-14
1.091889343547191027e+00 9.224608923941168825e-15
1.097431394821096529e+00 7.026389019226808585e-15
1.092807157984232447e+00 5.236588072887737866e-15
1.085299829391779269e+00 3.899658373995862348e-15
1.077847184371389933e+00 2.929405849838584430e-15
1.071277564264186744e+00 2.219903948164070329e-15
1.065684812244451329e+00 1.693415373205109375e-15
1.060954132733459065e+00 1.299199463289379963e-15
1.056934931492384155e+00 9.963817965141785749e-16
1.053491010091000657e+00 7.590499409571016542e-16
1.050510993256580150e+00 5.708324438136180845e-16
1.047906880826838139e+00 4.190441396656474637e-16
1.045609819956246245e+00 2.959871930885427105e-16
1.043565892826279651e+00 1.941806090921538441e-16
1.041732632311863416e+00 1.097212598555330487e-16
1.040076320198102922e+00 3.805549625424120563e-17
1.038569943552897223e+00 -2.200930410145574001e-17
1.037191661008163512e+00 -7.274996577377734752e-17
1.035923651326893902e+00 -1.167685739766888275e-16
1.034751245046460877e+00 -1.543903893619358314e-16
1.033662265206911623e+00 -1.873501354054951662e-16
1.032646522916712328e+00 -2.159730727591124833e-16
1.031695428200376519e+00 -2.414518238125218375e-16
1.030801687266753808e+00 -2.632442874794804766e-16
1.029959065055323642e+00 -2.824346659324739051e-16
1.029162197480925967e+00 -2.996734804749934256e-16
1.028406441817202088e+00 -3.148523108897904876e-16
1.027687756577812639e+00 -3.280795773941136417e-16
1.027002604386847873e+00 -3.397889608569570896e-16
1.026347872898351721e+00 -3.508478230163092348e-16
1.025720809986975013e+00 -3.600635414824360225e-16
1.025118970299076837e+00 -3.688455790795686084e-16
1.024540170905646752e+00 -3.770855155904584421e-16
1.023982454292170718e+00 -3.839159892771171201e-16
1.023444057297074883e+00 -3.900959416602844954e-16
1.022923384899452115e+00 -3.955169525227120175e-16
1.022418987980172389e+00 -4.010463836023880901e-16
1.021929544354205799e+00 -4.057084529440757592e-16
1.021453842507894283e+00 -4.101536818512663274e-16
1.020990767581863912e+00 -4.137857591290927672e-16
1.020539289224855484e+00 -4.169841555379250053e-16
1.020098451011013152e+00 -4.204536024898786195e-16
1.019667361166896713e+00 -4.234351584642137567e-16
1.019245184397562953e+00 -4.267419750902945452e-16
1.018831134635747038e+00 -4.289645895438898293e-16
1.018424468566176966e+00 -4.315124646492307647e-16
1.018024479799692017e+00 -4.342229700804445258e-16
1.017630493590184315e+00 -4.360119036650456081e-16
1.017241862002206343e+00 -4.380718877927680666e-16
1.016857959449059212e+00 -4.398608213773691489e-16
1.016478178530767273e+00 -4.419750156137158825e-16
1.016101926108952114e+00 -4.438723694155655153e-16
1.015728619561544477e+00 -4.458239333260394233e-16
1.015357683164733071e+00 -4.469081354985249277e-16
1.014988544552746230e+00 -4.488054893003745605e-16
1.014620631208085211e+00 -4.502691622332299914e-16
1.014253366935795819e+00 -4.523833564695767251e-16
1.013886168275308641e+00 -4.536301889679350552e-16
1.013518440802321230e+00 -4.556359629870332384e-16
1.013149575271131919e+00 -4.571538460285129446e-16
1.012778943544718757e+00 -4.592138301562354030e-16
1.012405894255632877e+00 -4.605690828718422836e-16
1.012029748135342855e+00 -4.625206467823161915e-16
1.011649792942913129e+00 -4.640385298237958978e-16
1.011265277915691430e+00 -4.664779847118882827e-16
1.010875407654846292e+00 -4.684295486223621907e-16
1.010479335346976981e+00 -4.698932215552176217e-16
1.010076155209435722e+00 -4.723326764433100067e-16
1.009664894031317761e+00 -4.746637111141538412e-16
1.009244501664222415e+00 -4.777536873057375288e-16
1.008813840296903575e+00 -4.799763017593328129e-16
1.008371672326170865e+00 -4.823615465388009227e-16
1.007916646613600031e+00 -4.860478339252516378e-16
1.007447282895294949e+00 -4.885957090305925732e-16
1.006961954092906009e+00 -4.920651559825461874e-16
1.006458866263187257e+00 -4.950467119568813246e-16
1.005936035928901573e+00 -5.000882520589389202e-16
1.005391264569784671e+00 -5.040455899885110114e-16
1.004822110141861291e+00 -5.078945077008345521e-16
1.004225855675351164e+00 -5.127192073683950468e-16
1.003599475340135161e+00 -5.171102261669613398e-16
1.002939598970778112e+00 -5.223143965948917611e-16
1.002242477090891537e+00 -5.284401388694348611e-16
1.001503950274369670e+00 -5.335358890801167320e-16
1.000719429749560740e+00 -5.413421447220123639e-16
9.998839013897823369e-01 -5.485520891690409684e-16
9.989919742063274599e-01 -5.561415043764394994e-16
9.980380099352258449e-01 -5.640561802355836818e-16
9.970163972377322770e-01 -5.709950741394909102e-16
9.959220813922253779e-01 -5.805902633659876244e-16
9.947515446102256353e-01 -5.866617955319064492e-16
9.935045837726977913e-01 -5.997806418189810529e-16
9.921875082438815774e-01 -6.040632404002987954e-16
9.908188855715878152e-01 -6.100263523489690698e-16
9.894398865256317510e-01 -6.093758310454777671e-16
9.881329377412575443e-01 -6.049848122469114742e-16
9.870551901028377095e-01 -5.763076647846698819e-16
9.864972851073758875e-01 -5.200375720326722018e-16
9.869803503401755052e-01 -4.082021179407924194e-16
9.893910292925391925e-01 -1.749360205305361404e-16
9.950781583638255157e-01 2.490954491285446437e-16
1.005604477917665163e+00 9.646688829689775702e-16
1.021559839463751729e+00 1.943866075049260900e-15
1.040573215281394237e+00 2.909077059104481222e-15
1.057316951102788005e+00 3.381680786090912605e-15
1.067498685340175335e+00 3.222953588039034756e-15
1.070880306800787274e+00 2.720642721526500551e-15
1.069740895264926772e+00 2.160977560089483163e-15
1.066391627402574427e+00 1.674441835186613048e-15
1.062290829643045775e+00 1.299687354266998440e-15
1.058170265072970517e+00 1.016602167031033233e-15
1.054338661641717856e+00 8.024722379651461068e-16
1.050895296250448085e+00 6.426608377407827533e-16
1.047845835696396222e+00 5.155381330168573584e-16
1.045158713372951409e+00 4.166046847775550788e-16
1.042790904619658843e+00 3.378916070551074569e-16
1.040699012922705391e+00 2.732731575749713926e-16
1.038843564444555723e+00 2.197135702541874736e-16
1.037190265500623099e+00 1.749360205305361404e-16
1.035709970622376463e+00 1.366636838417978339e-16
1.034378160619542797e+00 1.054386612742153062e-16
1.033174286626024507e+00 7.708677446371936526e-17
1.032081130290978699e+00 5.269222558279551549e-17
1.031084235972312468e+00 3.122502256758252770e-17
1.030171428777085341e+00 1.241411487495902577e-17
1.029332414688244102e+00 -4.119968255444916849e-18
