9.315315070360111749e-01
9.848634635457065301e-01
9.688638765927979346e-01
1.013307173684210749e+00
9.777525360110804753e-01
9.244205795013851201e-01
9.830857316620500441e-01
9.404201664542937156e-01
9.510865577562328532e-01
9.813079997783934472e-01
1.007973978033241069e+00
9.741970722437673924e-01
8.728663548753463619e-01
9.101987244321331216e-01
9.066432606648200387e-01
9.084209925484765247e-01
9.795302678947369612e-01
9.670861447091414487e-01
9.137541881994460935e-01
9.173096519667591764e-01
9.084209925484765247e-01
9.190873838504156623e-01
9.777525360110804753e-01
9.368647026869807437e-01
9.226428476177286342e-01
8.977546012465374980e-01
8.373117172022161991e-01
8.941991374792245262e-01
8.977546012465374980e-01
8.693108911080333900e-01
8.408671809695291710e-01
8.835327461772853885e-01
8.924214055955679292e-01
8.746440867590028478e-01
8.159789345983380349e-01
8.657554273407203071e-01
7.964238838781164675e-01
7.377587317174516546e-01
6.933154346260388401e-01
7.182036809972299762e-01
1.329743448975069464e+00
1.361742622880886655e+00
1.279966956232687192e+00
1.166192115678670538e+00
1.032862224404432316e+00
1.073750057728531937e+00
1.050639543240997398e+00
1.061305934542936535e+00
1.045306347590027940e+00
1.054195007008310370e+00
9.119764563157896076e-01
1.050639543240997398e+00
9.795302678947369612e-01
1.039973151939058260e+00
1.041750883822714746e+00
1.032862224404432316e+00
9.475310939889197703e-01
9.759748041274239894e-01
1.047084079473684426e+00
9.421978983379503125e-01
8.995323331301939840e-01
9.635306809418283658e-01
9.386424345706372296e-01
9.013100650138505809e-01
9.670861447091414487e-01
8.995323331301939840e-01
9.564197534072023110e-01
9.333092389196676608e-01
8.337562534349031163e-01
8.959768693628810121e-01
8.284230577839336584e-01
7.590915143213297078e-01
7.999793476454294394e-01
8.444226447368422539e-01
9.741970722437673924e-01
1.159081188144044372e+00
1.244412318559557029e+00
1.230190463490304920e+00
1.212413144653739838e+00
1.199969021468144215e+00
1.123526550470914209e+00
1.112860159168975294e+00
1.100416035983379670e+00
1.059528202659279827e+00
1.150192528725761942e+00
1.048861811357340912e+00
1.128859746121883889e+00
1.043528615706371232e+00
1.112860159168975294e+00
1.002640782382271611e+00
1.063083666426593021e+00
9.919743910803325848e-01
1.118193354819944751e+00
1.063083666426593021e+00
1.059528202659279827e+00
1.031084492520775830e+00
1.041750883822714746e+00
1.015084905567867235e+00
9.795302678947369612e-01
1.054195007008310370e+00
1.027529028753462637e+00
1.093305108448753504e+00
1.047084079473684426e+00
1.050639543240997398e+00
1.047084079473684426e+00
1.054195007008310370e+00
1.063083666426593021e+00
9.688638765927979346e-01
1.015084905567867235e+00
9.386424345706372296e-01
1.007973978033241069e+00
9.546420215235458251e-01
9.653084128254848517e-01
8.639776954570638212e-01
9.599752171745153939e-01
9.190873838504156623e-01
9.297537751523546889e-01
9.457533621052632844e-01
9.350869708033242578e-01
9.795302678947369612e-01
9.173096519667591764e-01
9.244205795013851201e-01
9.724193403601109065e-01
9.048655287811635528e-01
9.084209925484765247e-01
9.013100650138505809e-01
9.528642896398893392e-01
8.835327461772853885e-01
9.119764563157896076e-01
9.315315070360111749e-01
9.226428476177286342e-01
9.368647026869807437e-01
9.261983113850417171e-01
8.586444998060942524e-01
8.035348114127425223e-01
8.213121302493076037e-01
8.053125432963990082e-01
7.537583186703602500e-01
7.857574925761774409e-01
8.568667679224377665e-01
1.015084905567867235e+00
1.327965717091412978e+00
1.253300977977839459e+00
1.399074992437673304e+00
1.265745101163435082e+00
1.228412731606648434e+00
1.263967369279778596e+00
1.137748405540166319e+00
1.151970260609418428e+00
1.103971499750692642e+00
1.038195420055401774e+00
1.064861398310249507e+00
1.143081601191135777e+00
1.082638717146814589e+00
1.109304695401662100e+00
1.061305934542936535e+00
1.057750470775623342e+00
1.100416035983379670e+00
1.066639130193905993e+00
1.096860572216066698e+00
1.075527789612188423e+00
1.071972325844875451e+00
1.079083253379501617e+00
1.171525311329639996e+00
1.063083666426593021e+00
1.070194593961218965e+00
1.127082014238227403e+00
1.077305521495844909e+00
1.029306760637119345e+00
1.038195420055401774e+00
1.009751709916897555e+00
9.777525360110804753e-01
1.045306347590027940e+00
1.023973564986149665e+00
1.025751296869806151e+00
1.087971912797784046e+00
1.025751296869806151e+00
1.016862637451523721e+00
9.457533621052632844e-01
1.031084492520775830e+00
1.002640782382271611e+00
9.706416084764544205e-01
1.011529441800554041e+00
9.866411954293630160e-01
9.439756302216067985e-01
1.022195833102493179e+00
1.006196246149584583e+00
9.848634635457065301e-01
1.006196246149584583e+00
1.006196246149584583e+00
9.173096519667591764e-01
9.901966591966759879e-01
1.011529441800554041e+00
1.048861811357340912e+00
9.884189273130195019e-01
9.564197534072023110e-01
9.813079997783934472e-01
1.034639956288088802e+00
9.688638765927979346e-01
1.004418514265928097e+00
9.901966591966759879e-01
9.741970722437673924e-01
9.901966591966759879e-01
1.055972738891966856e+00
9.546420215235458251e-01
1.052417275124653884e+00
1.023973564986149665e+00
1.070194593961218965e+00
1.093305108448753504e+00
1.032862224404432316e+00
1.199969021468144215e+00
1.139526137423822805e+00
1.139526137423822805e+00
1.105749231634349128e+00
1.164414383795014052e+00
1.023973564986149665e+00
1.089749644681440532e+00
1.041750883822714746e+00
1.098638304099723184e+00
1.100416035983379670e+00
1.073750057728531937e+00
1.077305521495844909e+00
1.095082840332410212e+00
1.054195007008310370e+00
1.038195420055401774e+00
9.866411954293630160e-01
1.119971086703601237e+00
9.848634635457065301e-01
1.031084492520775830e+00
1.039973151939058260e+00
1.016862637451523721e+00
1.057750470775623342e+00
1.079083253379501617e+00
1.043528615706371232e+00
1.041750883822714746e+00
1.018640369335180207e+00
1.018640369335180207e+00
9.884189273130195019e-01
1.027529028753462637e+00
1.048861811357340912e+00
9.599752171745153939e-01
1.027529028753462637e+00
1.098638304099723184e+00
1.089749644681440532e+00
1.025751296869806151e+00
1.039973151939058260e+00
1.020418101218836693e+00
1.027529028753462637e+00
9.457533621052632844e-01
1.084416449030471075e+00
1.050639543240997398e+00
1.020418101218836693e+00
1.015084905567867235e+00
1.050639543240997398e+00
9.830857316620500441e-01
1.137748405540166319e+00
9.777525360110804753e-01
1.061305934542936535e+00
1.006196246149584583e+00
1.064861398310249507e+00
1.089749644681440532e+00
9.421978983379503125e-01
9.990853186149585285e-01
1.009751709916897555e+00
1.018640369335180207e+00
1.061305934542936535e+00
1.013307173684210749e+00
1.068416862077562479e+00
9.599752171745153939e-01
1.077305521495844909e+00
1.022195833102493179e+00
1.095082840332410212e+00
9.706416084764544205e-01
1.093305108448753504e+00
1.077305521495844909e+00
1.089749644681440532e+00
1.054195007008310370e+00
9.813079997783934472e-01
1.041750883822714746e+00
1.039973151939058260e+00
1.050639543240997398e+00
9.368647026869807437e-01
1.027529028753462637e+00
1.011529441800554041e+00
1.032862224404432316e+00
1.004418514265928097e+00
1.034639956288088802e+00
1.121748818587257723e+00
9.813079997783934472e-01
1.007973978033241069e+00
9.937521229639890707e-01
1.007973978033241069e+00
9.973075867313020426e-01
1.034639956288088802e+00
1.121748818587257723e+00
9.848634635457065301e-01
9.653084128254848517e-01
1.057750470775623342e+00
1.039973151939058260e+00
9.155319200831025794e-01
9.421978983379503125e-01
9.261983113850417171e-01
1.075527789612188423e+00
9.564197534072023110e-01
9.901966591966759879e-01
1.027529028753462637e+00
1.031084492520775830e+00
9.084209925484765247e-01
1.050639543240997398e+00
1.018640369335180207e+00
9.670861447091414487e-01
9.333092389196676608e-01
9.493088258725762563e-01
9.919743910803325848e-01
1.048861811357340912e+00
9.813079997783934472e-01
1.045306347590027940e+00
9.617529490581718798e-01
9.884189273130195019e-01
1.038195420055401774e+00
9.937521229639890707e-01
1.011529441800554041e+00
1.073750057728531937e+00
1.027529028753462637e+00
9.866411954293630160e-01
8.604222316897508493e-01
9.546420215235458251e-01
1.015084905567867235e+00
9.795302678947369612e-01
9.777525360110804753e-01
1.022195833102493179e+00
1.002640782382271611e+00
1.070194593961218965e+00
1.036417688171745288e+00
9.884189273130195019e-01
9.670861447091414487e-01
1.093305108448753504e+00
1.048861811357340912e+00
1.000863050498615126e+00
1.048861811357340912e+00
9.581974852908587970e-01
9.884189273130195019e-01
1.027529028753462637e+00
9.937521229639890707e-01
1.032862224404432316e+00
9.955298548476455567e-01
9.937521229639890707e-01
1.089749644681440532e+00
1.059528202659279827e+00
1.000863050498615126e+00
9.795302678947369612e-01
1.036417688171745288e+00
1.054195007008310370e+00
9.670861447091414487e-01
1.023973564986149665e+00
1.009751709916897555e+00
1.038195420055401774e+00
9.884189273130195019e-01
1.002640782382271611e+00
9.581974852908587970e-01
1.006196246149584583e+00
9.635306809418283658e-01
9.350869708033242578e-01
1.020418101218836693e+00
1.015084905567867235e+00
9.599752171745153939e-01
9.421978983379503125e-01
9.528642896398893392e-01
9.333092389196676608e-01
9.866411954293630160e-01
1.025751296869806151e+00
9.919743910803325848e-01
9.848634635457065301e-01
9.937521229639890707e-01
9.190873838504156623e-01
9.599752171745153939e-01
9.884189273130195019e-01
9.759748041274239894e-01
9.564197534072023110e-01
9.439756302216067985e-01
1.041750883822714746e+00
1.006196246149584583e+00
1.052417275124653884e+00
1.182191702631579133e+00
1.109304695401662100e+00
1.061305934542936535e+00
1.100416035983379670e+00
1.079083253379501617e+00
1.096860572216066698e+00
1.114637891052631780e+00
1.086194180914127561e+00
1.045306347590027940e+00
1.103971499750692642e+00
1.059528202659279827e+00
1.063083666426593021e+00
1.025751296869806151e+00
1.103971499750692642e+00
1.011529441800554041e+00
1.180413970747922647e+00
1.048861811357340912e+00
1.048861811357340912e+00
1.052417275124653884e+00
1.096860572216066698e+00
1.047084079473684426e+00
1.064861398310249507e+00
1.068416862077562479e+00
9.493088258725762563e-01
1.096860572216066698e+00
1.071972325844875451e+00
1.009751709916897555e+00
9.546420215235458251e-01
1.095082840332410212e+00
9.866411954293630160e-01
1.032862224404432316e+00
1.034639956288088802e+00
1.091527376565097018e+00
1.029306760637119345e+00
9.990853186149585285e-01
1.057750470775623342e+00
9.297537751523546889e-01
