-8.113271615133981207e-01
0.000000000000000000e+00
9.254371105081363735e-01
0.000000000000000000e+00
-7.469063680379187664e-01
0.000000000000000000e+00
7.020994565203390048e-01
0.000000000000000000e+00
-5.354678279900395577e-01
0.000000000000000000e+00
-3.286859460573895997e-01
0.000000000000000000e+00
5.301402899264713309e-01
0.000000000000000000e+00
3.162556553207363508e-01
0.000000000000000000e+00
9.249748515828264128e-02
0.000000000000000000e+00
-1.302692505908895348e-01
0.000000000000000000e+00
