1.014705655290858655e+00
1.003323461689750618e+00
1.005239276454293673e+00
1.012339060581717298e+00
1.007155091218836507e+00
9.973506274238226332e-01
9.700784407756232186e-01
1.011662890664819958e+00
9.882223335457063218e-01
9.936316928808863747e-01
1.031722598199446006e+00
1.073645133047091305e+00
1.026764018808864254e+00
1.000506087036010960e+00
1.011324805706371066e+00
9.944205577839334564e-01
9.881096385595566911e-01
1.016057995124653779e+00
9.847287889750692136e-01
9.970125424653738522e-01
1.034314582880886402e+00
1.106890153961218815e+00
1.014029485373961093e+00
9.861938237950137465e-01
1.006929701246537245e+00
1.010761330775623135e+00
9.768401399445982847e-01
9.854049588919666647e-01
1.004675801523545742e+00
9.882223335457063218e-01
1.023946644155124597e+00
1.004337716565096850e+00
9.926174380055401425e-01
9.895746733795013350e-01
1.033638412963988840e+00
1.007380481191135768e+00
9.963363725484764011e-01
1.002647291772853055e+00
1.026876713795013885e+00
1.028003663656509525e+00
1.063840669252077431e+00
1.013353315457063752e+00
1.022143524376731172e+00
1.019100759750692475e+00
1.014142180360110723e+00
1.012226365595567890e+00
1.011099415734072027e+00
1.001633036897506823e+00
9.912650981717451293e-01
1.000168002077562290e+00
1.020002319639889077e+00
1.006817006260387837e+00
9.811225494182824747e-01
9.774036148753462161e-01
1.008732821024930670e+00
1.016508775069252080e+00
1.007267786204986137e+00
1.020678489556786639e+00
1.025186289002770090e+00
1.043330181772853082e+00
1.003098071717451356e+00
9.898000633518004854e-01
1.016959555013850380e+00
9.780797847922436672e-01
1.013466010443213161e+00
1.024172034127423858e+00
1.002872681745152317e+00
1.012564450554016560e+00
9.931809129362880739e-01
1.013916790387811684e+00
1.008282041080332370e+00
1.029581393462603911e+00
9.997172221329638786e-01
1.010310550831024834e+00
1.012113670609418259e+00
1.014480265318559393e+00
1.017184944986149420e+00
9.838272290858725011e-01
1.016734165041551119e+00
9.953221176731301689e-01
1.009296295955678602e+00
1.001633036897506823e+00
9.899127583379501161e-01
9.947586427423822375e-01
9.851795689196675143e-01
1.009070905983379340e+00
1.013578705429362792e+00
1.005690056398891974e+00
1.011662890664819958e+00
1.009747075900276903e+00
9.958855926038781003e-01
1.010986720747922396e+00
9.893492834072021846e-01
9.989283572299167968e-01
9.984775772853184961e-01
1.002534596786703647e+00
1.005013886481994412e+00
9.971252374515234829e-01
9.893492834072021846e-01
1.001858426869806085e+00
1.015269130221606586e+00
9.896873683656509657e-01
1.008394736066482000e+00
1.003661546648199288e+00
1.010874025761772765e+00
1.025524373961218760e+00
1.009070905983379340e+00
1.026313238864265953e+00
1.016283385096952818e+00
1.022143524376731172e+00
1.024397424099722897e+00
1.025073594016620460e+00
1.031159123268698075e+00
1.006591616288088575e+00
1.016621470055401710e+00
1.000280697063711921e+00
1.016057995124653779e+00
1.010761330775623135e+00
1.005802751385041383e+00
1.008507431052631631e+00
