1.154697119556786777e+00
8.895195833795014329e-01
9.499397814958449038e-01
1.003646624265928100e+00
8.660228396675900830e-01
1.047283434016620607e+00
1.027143367977839450e+00
9.566531368421052894e-01
8.794495503601108544e-01
8.794495503601108544e-01
9.499397814958449038e-01
9.398697484764543253e-01
8.928762610526316257e-01
1.013716657285318679e+00
9.902199135734073288e-01
1.094276921440443306e+00
9.230863601108033611e-01
9.633664921883656751e-01
8.828062280332410472e-01
9.230863601108033611e-01
1.107703632132964078e+00
8.358127406094183476e-01
8.190293522437673834e-01
9.331563931301939396e-01
9.197296824376731683e-01
9.398697484764543253e-01
8.022459638781164193e-01
8.525961289750693117e-01
7.988892862049862265e-01
9.063029717451523970e-01
8.391694182825485404e-01
9.801498805540167503e-01
8.995896163988920113e-01
8.458827736288089261e-01
8.358127406094183476e-01
7.518957987811635268e-01
7.317557327423823699e-01
1.339314391578947383e+00
1.299034259501385069e+00
1.198333929307479284e+00
1.221830673019390634e+00
1.050640111689750800e+00
1.094276921440443306e+00
1.114416987479224463e+00
1.023786690304709257e+00
1.080850210747922535e+00
1.070780177728531957e+00
1.074136855401662149e+00
9.130163270914127827e-01
9.465831038227147110e-01
1.033856723324099836e+00
9.029462940720222042e-01
1.154697119556786777e+00
9.633664921883656751e-01
9.532964591689750966e-01
9.499397814958449038e-01
1.023786690304709257e+00
9.331563931301939396e-01
1.023786690304709257e+00
9.297997154570637468e-01
1.043926756343490414e+00
1.057353467036011185e+00
1.017073334958448871e+00
1.013716657285318679e+00
9.096596494182825898e-01
1.050640111689750800e+00
1.030500045650969643e+00
9.230863601108033611e-01
9.029462940720222042e-01
9.633664921883656751e-01
1.033856723324099836e+00
9.230863601108033611e-01
8.660228396675900830e-01
9.432264261495845181e-01
9.365130708033241325e-01
9.767932028808865574e-01
7.821058978393352623e-01
9.465831038227147110e-01
1.003646624265928100e+00
9.868632359002771359e-01
8.458827736288089261e-01
9.969332689196677144e-01
9.297997154570637468e-01
9.096596494182825898e-01
8.828062280332410472e-01
9.465831038227147110e-01
7.955326085318560336e-01
8.559528066481995046e-01
7.921759308587258408e-01
9.499397814958449038e-01
8.760928726869806615e-01
8.525961289750693117e-01
7.888192531855956480e-01
8.525961289750693117e-01
9.029462940720222042e-01
7.518957987811635268e-01
1.067423500055401764e+00
1.456798110138504354e+00
1.191620573961218899e+00
1.127843698171745235e+00
1.188263896288088706e+00
1.107703632132964078e+00
1.033856723324099836e+00
1.033856723324099836e+00
1.137913731191135813e+00
1.010359979612188486e+00
1.033856723324099836e+00
1.053996789362880993e+00
9.734365252077563646e-01
9.432264261495845181e-01
1.017073334958448871e+00
1.097633599113573499e+00
9.264430377839335540e-01
9.029462940720222042e-01
9.465831038227147110e-01
8.962329387257618185e-01
9.767932028808865574e-01
9.700798475346260608e-01
1.000289946592797907e+00
1.017073334958448871e+00
8.593094843213296974e-01
9.700798475346260608e-01
1.087563566094182921e+00
9.331563931301939396e-01
9.197296824376731683e-01
1.057353467036011185e+00
1.070780177728531957e+00
9.398697484764543253e-01
9.767932028808865574e-01
8.995896163988920113e-01
1.017073334958448871e+00
9.700798475346260608e-01
8.928762610526316257e-01
9.365130708033241325e-01
9.264430377839335540e-01
8.895195833795014329e-01
1.003646624265928100e+00
8.693795173407202759e-01
8.660228396675900830e-01
1.033856723324099836e+00
8.223860299168975763e-01
9.297997154570637468e-01
9.331563931301939396e-01
7.686791871468144910e-01
9.499397814958449038e-01
9.096596494182825898e-01
8.123159968975069978e-01
7.518957987811635268e-01
7.082589890304710201e-01
7.250423773961219842e-01
8.022459638781164193e-01
9.197296824376731683e-01
9.499397814958449038e-01
1.245327416731301984e+00
1.255397449750692562e+00
1.178193863268698127e+00
1.211760640000000055e+00
1.070780177728531957e+00
1.201690606980609477e+00
1.107703632132964078e+00
1.033856723324099836e+00
1.084206888421052728e+00
1.084206888421052728e+00
9.969332689196677144e-01
1.043926756343490414e+00
9.935765912465375216e-01
1.017073334958448871e+00
1.017073334958448871e+00
1.094276921440443306e+00
1.171480507922437742e+00
1.124487020498615042e+00
1.171480507922437742e+00
1.188263896288088706e+00
1.188263896288088706e+00
1.238614061385041598e+00
1.107703632132964078e+00
1.221830673019390634e+00
1.168123830249307549e+00
1.090920243767313114e+00
1.164767152576177356e+00
1.037213400997230028e+00
1.131200375844875428e+00
1.104346954459833885e+00
1.013716657285318679e+00
1.074136855401662149e+00
1.094276921440443306e+00
1.053996789362880993e+00
1.104346954459833885e+00
1.084206888421052728e+00
1.178193863268698127e+00
1.191620573961218899e+00
1.117773665152354656e+00
