9.801503839535167240e-01 -2.008266931861174722e-16
9.798428972392212444e-01 -2.046214007898167377e-16
9.795259037460330998e-01 -2.081992679590189023e-16
9.791988681526943017e-01 -2.120481856713424431e-16
9.788612091596836651e-01 -2.159513134922902590e-16
9.785122940921686663e-01 -2.203423322908565520e-16
9.781514326950158100e-01 -2.242454601118043433e-16
9.777778699722637912e-01 -2.289617395621162876e-16
9.773907778915132960e-01 -2.331359179261854796e-16
9.769892457336735170e-01 -2.373100962902546717e-16
9.765722688181439626e-01 -2.420805858491908912e-16
9.761387352696956343e-01 -2.471763360598727621e-16
9.756874104119462876e-01 -2.517841952929361559e-16
9.752169182678442905e-01 -2.573678364812365037e-16
9.747257195124438001e-01 -2.626262170177912003e-16
9.742120850471263083e-01 -2.678303874457216215e-16
9.736740641329717505e-01 -2.735766589598947950e-16
9.731094457141880039e-01 -2.795397709085650694e-16
9.725157111520450481e-01 -2.856655131831081695e-16
9.718899760351629169e-01 -2.915202049145298934e-16
9.712289179746995682e-01 -2.979712078408186448e-16
9.705286862470822173e-01 -3.051811522878472493e-16
9.697847876847670578e-01 -3.120658360831302024e-16
9.689919411443691510e-01 -3.192215704215345317e-16
9.681438899057521752e-01 -3.270820361720544389e-16
9.672331570137180368e-01 -3.348882918139500708e-16
9.662507221311601446e-01 -3.433992788679612806e-16
9.651855887350063723e-01 -3.516392153788511143e-16
9.640241954686797898e-01 -3.616680854743420303e-16
9.627496017813803597e-01 -3.716969555698329463e-16
9.613403396976269999e-01 -3.821595065343180641e-16
9.597687599279840498e-01 -3.928388979333002828e-16
9.579985914290127802e-01 -4.056866936772535103e-16
9.559812397289494390e-01 -4.188597500729523892e-16
9.536499909158512311e-01 -4.331712187497610477e-16
9.509105935426965805e-01 -4.495968816629164399e-16
9.476252686100744560e-01 -4.682451590296671162e-16
9.435840903107232114e-01 -4.893871013931344526e-16
9.384503314192256251e-01 -5.155705838586593847e-16
9.316471951305399513e-01 -5.488013804453400956e-16
9.220966232794350903e-01 -5.943920817983555571e-16
9.075220713954703644e-01 -6.638894410546763913e-16
8.821385897698217349e-01 -7.939937017529369234e-16
8.256479877490469077e-01 -1.138390521842957407e-15
5.810684654755160494e-01 -3.685398265445904226e-15
1.537901008448351536e+00 -3.909611274715906543e-15
1.132665473815321455e+00 -5.104206235393532386e-16
1.063635641874109972e+00 -4.294307212546860574e-16
1.034650403440073196e+00 -4.468863762317026788e-16
1.018414587575618757e+00 -4.738830103265917392e-16
1.007826389170124459e+00 -5.030480487664518085e-16
1.000215810720798126e+00 -5.313457254683234742e-16
9.943522847084755867e-01 -5.583423595632125346e-16
9.895881160876721649e-01 -5.862063553960899986e-16
9.855482482190270899e-01 -6.145040320979616643e-16
9.819988337913315712e-01 -6.446448524930586876e-16
9.787848600940930455e-01 -6.757614548433926648e-16
9.757978461840632889e-01 -7.069864774109751925e-16
9.729578868770460964e-01 -7.405967447580258300e-16
9.702030444257434549e-01 -7.774596186225329807e-16
9.674827149216950195e-01 -8.136719711835488288e-16
9.647532305198028846e-01 -8.561726963449806026e-16
9.619747438938044404e-01 -8.999744641133949818e-16
9.591088374466881783e-01 -9.474625192682600760e-16
9.561165050695923373e-01 -1.002865250282269353e-15
9.529562590582347781e-01 -1.058484821730775730e-15
9.495821615934596505e-01 -1.126572718162865408e-15
9.459415883837308803e-01 -1.199431104153891306e-15
9.419725087862442781e-01 -1.276517878617610672e-15
9.376000114868475732e-01 -1.367265600454647393e-15
9.327317117021602932e-01 -1.472216370751244222e-15
9.272515357947912484e-01 -1.585840758427725087e-15
9.210111870335536688e-01 -1.728847024978563122e-15
9.138183763724923026e-01 -1.884104776078487554e-15
9.054207971287678847e-01 -2.079261167125878352e-15
8.954853969973128880e-01 -2.305534160523603127e-15
8.835758057337410598e-01 -2.577126804731221988e-15
8.691442380591337669e-01 -2.918108387977913132e-15
8.516056646921247308e-01 -3.349187171758149695e-15
8.307615919550984662e-01 -3.877518890410335612e-15
8.086394407009648289e-01 -4.495947809596067341e-15
7.968907219990886137e-01 -5.052251944298379666e-15
8.404874638850731161e-01 -5.511194723911493693e-15
1.019590080025125634e+00 -5.262370325326070425e-15
1.222464712832217248e+00 -1.932785453623086703e-15
1.267936240312560470e+00 1.757296640431327836e-15
1.237046446577460435e+00 3.130330271666970454e-15
1.197714029019407711e+00 3.267807107138132416e-15
1.164949926511319900e+00 3.044678300040615603e-15
1.139439667346027862e+00 2.753678436945506213e-15
1.119590877297295783e+00 2.485229979038095315e-15
1.103898520528612703e+00 2.242043431749596671e-15
1.091249171865930290e+00 2.036912380715339232e-15
1.080858140489016517e+00 1.858669543558722303e-15
1.072173312120981992e+00 1.706664398976254778e-15
1.064801107533217772e+00 1.576343297843497145e-15
1.058455972789565935e+00 1.460116824953051070e-15
1.052926868019087747e+00 1.360587065518881763e-15
1.048055008270211808e+00 1.272766689547555904e-15
1.043718901682155753e+00 1.192752569218125677e-15
1.039824131932871154e+00 1.122496268441064989e-15
1.036296260877701547e+00 1.057877818960928925e-15
1.033075814440584494e+00 1.000631944253694291e-15
1.030114682155385264e+00 9.479397186708987755e-16
1.027373491637818326e+00 8.995843017780452778e-16
1.024819666009230579e+00 8.559993744441279995e-16
1.022425966865313063e+00 8.150165323241759319e-16
1.020169387251637971e+00 7.777199775906745794e-16
1.018030300197869664e+00 7.423749867676471349e-16
1.015991796057210683e+00 7.094152407240878001e-16
1.014039160829147468e+00 6.786238990254994741e-16
1.012159460758333962e+00 6.497841212373850562e-16
1.010341207701255906e+00 6.226790669252474453e-16
1.008574086278384296e+00 5.964413743510982380e-16
1.006848728506725354e+00 5.721552456874229387e-16
1.005156524988948696e+00 5.493870000652273456e-16
1.003489464195802761e+00 5.268355948775288534e-16
1.001839993175588361e+00 5.053683918623158656e-16
1.000200894335675050e+00 4.849853910195883822e-16
9.985651738897169949e-01 4.656865923493464033e-16
9.969259582356484461e-01 4.461709532446073235e-16
9.952763949820723210e-01 4.270889950088624454e-16
9.936095556127391148e-01 4.093080793801001727e-16
9.919183368936139722e-01 3.923945254893263036e-16
9.901953580951512457e-01 3.750472907295582326e-16
9.884328509231702364e-01 3.585674177077785652e-16
9.866225387133060742e-01 3.420875446859988978e-16
9.847555009222963562e-01 3.256076716642192304e-16
9.828220182055592558e-01 3.095614795114337648e-16
9.808113923471465379e-01 2.930816064896540974e-16
9.787117339228110779e-01 2.792038186818396406e-16
9.765097087131169307e-01 2.627239456600599732e-16
9.741902313770089972e-01 2.471114343762687094e-16
9.717360915151899148e-01 2.319326039614716473e-16
9.691274926681995305e-01 2.154527309396919553e-16
9.663414785372869131e-01 2.007075813938890950e-16
9.633512121141756257e-01 1.859624318480862347e-16
9.601250614882300694e-01 1.686151970883181637e-16
9.566254294614682241e-01 1.530026858045268999e-16
9.528072407083401085e-01 1.382575362587240396e-16
9.486159671353978640e-01 1.235123867129211793e-16
9.439850251651803470e-01 1.087672371671183190e-16
9.388323122026546175e-01 9.488944935930386221e-17
9.330555564322762230e-01 8.274638502746621255e-17
9.265260274947496599e-01 7.060332069562856289e-17
9.190799958101196765e-01 5.672553288781410613e-17
9.105071657604252300e-01 6.192970331574452742e-17
9.005352753205227989e-01 6.713387374367494870e-17
8.888106122711644241e-01 8.795055545539663383e-17
8.748768489659674019e-01 1.295839188788400041e-16
8.581642500413170227e-01 2.197895396296339730e-16
8.380343723969403413e-01 3.932618872273147071e-16
8.140387383818201705e-01 7.193899007109544409e-16
7.869451126726754175e-01 1.288379200831347168e-15
7.624311267036383288e-01 2.232068771762730030e-15
7.628750433751385618e-01 3.397802947619144397e-15
8.487028644721194004e-01 2.759424708459679387e-15
1.063857092781325564e+00 -2.458623507278556353e-15
1.255827639807942209e+00 -4.651313980913240126e-15
1.309095801821265725e+00 -2.347601204816040699e-15
1.291081116067303691e+00 -4.740998507610888401e-16
1.257471073821586627e+00 4.695897201702942193e-16
1.225654516670189764e+00 8.165344153656556381e-16
1.198996415837696894e+00 9.553122934438002057e-16
1.177253415438865192e+00 9.691900812516146624e-16
1.159507745956668501e+00 9.535775699678233986e-16
1.144885594040806920e+00 9.206178239242640638e-16
1.132690362839782194e+00 8.755150135488670793e-16
1.122392984418283834e+00 8.347490118634121126e-16
1.113595813584593364e+00 7.948503719159455495e-16
1.105998877067231323e+00 7.566864554444557934e-16
1.099373756096625687e+00 7.228593476629080550e-16
1.093544507216428263e+00 6.912006442263313256e-16
1.088373963312657233e+00 6.621440260037198067e-16
1.083753908935899624e+00 6.343884503880908932e-16
1.079597991507007304e+00 6.088012791174329886e-16
1.075836558622945915e+00 5.855993526262431937e-16
1.072412857545450571e+00 5.649995113490186094e-16
1.069280205974301623e+00 5.454838722442795296e-16
1.066399862250475783e+00 5.268355948775288534e-16
1.063739404556020229e+00 5.100304612040035346e-16
1.061271484484247463e+00 4.935505881822238672e-16
1.058972858842498033e+00 4.781549173329297043e-16
1.056823630316496621e+00 4.641687093078666971e-16
1.054806646415020088e+00 4.505077619345493412e-16
1.052907019432584246e+00 4.367926044526077101e-16
1.051111739701314329e+00 4.245411199035215100e-16
1.049409361291874454e+00 4.127775263320537869e-16
1.047789744345999807e+00 4.009597226519617886e-16
1.046243841915772244e+00 3.899550706012339186e-16
1.044763521919622518e+00 3.791130488763788742e-16
1.043341416862723747e+00 3.689418772457492358e-16
1.041970795493823765e+00 3.589502765999375090e-16
1.040645451712043368e+00 3.487384473878396641e-16
1.039359606888467402e+00 3.393092766190047927e-16
1.038107822394241042e+00 3.294565893765427712e-16
1.036884919575374875e+00 3.202679759647281211e-16
1.035685904715650363e+00 3.109980473899770582e-16
1.034505896702196504e+00 3.022702199014687475e-16
1.033340055162688786e+00 2.929731862724055470e-16
1.032183506778601156e+00 2.837845728605908969e-16
1.031031267285610564e+00 2.745417493401519716e-16
1.029878156329071981e+00 2.657055016343951104e-16
1.028718701814232750e+00 2.565439932768925980e-16
1.027547029623505637e+00 2.470030141590201590e-16
1.026356733486312178e+00 2.376246653670205456e-16
1.025140718262486983e+00 2.275415851629053544e-16
1.023891007764337724e+00 2.179463959364086155e-16
1.022598505238819566e+00 2.077006854064205986e-16
1.021252690378980699e+00 1.970212940074383799e-16
1.019841230662236642e+00 1.859624318480862347e-16
1.018349476060412151e+00 1.740904180593699611e-16
1.016759793422887359e+00 1.615678829671623849e-16
1.015050678100832160e+00 1.480695659197178547e-16
1.013195552614516659e+00 1.335954669170363705e-16
1.011161120799678681e+00 1.174950646556266297e-16
1.008905084313632017e+00 1.006899309821013109e-16
1.006372938080889456e+00 8.090324133424085501e-17
1.003493434483244240e+00 5.813499571204526190e-17
1.000172149229525020e+00 3.200572335514460504e-17
9.962824661236949764e-01 1.864902960047581773e-18
9.916535434735110899e-01 -3.754584600980050440e-17
9.860566690228645959e-01 -8.563021235953262605e-17
9.791995050769182196e-01 -1.506281326000386169e-16
9.707697897326004188e-01 -2.392074500921043045e-16
9.606944576410446635e-01 -3.612886147139721037e-16
9.502439613512736472e-01 -5.078185383253880280e-16
9.459246907276095406e-01 -4.789787605372736101e-16
9.666840195302061067e-01 5.525311863654353085e-16
1.024958703940068938e+00 2.937288074855926389e-15
1.076537118821886629e+00 3.705282683736033849e-15
1.093467109424711259e+00 2.884162168404136672e-15
1.092322326976754798e+00 2.056373809711454036e-15
1.086224491980701146e+00 1.533734152464816821e-15
1.079672158648065539e+00 1.202185128118749565e-15
1.073821879037722749e+00 9.902778135064577237e-16
1.068841134957940087e+00 8.425010573966834693e-16
1.064640501400377248e+00 7.398813217709304747e-16
1.061084874034362580e+00 6.661555740419161731e-16
1.058050207757195382e+00 6.060907736862192275e-16
1.055435029301772021e+00 5.590906095089726103e-16
1.053159333445413459e+00 5.191377594528817719e-16
1.051160659550042009e+00 4.879127368852992442e-16
1.049390181741488126e+00 4.610245230076587342e-16
1.047809495511604627e+00 4.376057560819718385e-16
1.046388140859642935e+00 4.172227552392443551e-16
1.045101737464429803e+00 3.986828980897422293e-16
1.043930589864043412e+00 3.822572351765868371e-16
1.042858642752272358e+00 3.681626069342752795e-16
1.041872694334142313e+00 3.549895505385764006e-16
1.040961799664295029e+00 3.423585952291202739e-16
1.040116814359033803e+00 3.306492117662768260e-16
1.039330042666107623e+00 3.199156102586703321e-16
1.038594963695713691e+00 3.104288412494221683e-16
1.037906016664320141e+00 3.011589126746711054e-16
1.037258431062427766e+00 2.921600346430414186e-16
1.036648091302699193e+00 2.837032576976544840e-16
1.036071428046204668e+00 2.756259515126374760e-16
1.035525330331394711e+00 2.680907464138632202e-16
1.035007074046425002e+00 2.601218604460947626e-16
1.034514263334003203e+00 2.529119159990661581e-16
1.034044782300320486e+00 2.457561816606618289e-16
1.033596754987857080e+00 2.394678090602459031e-16
1.033168512017401675e+00 2.324204949390901243e-16
1.032758562644517264e+00 2.260779122300499234e-16
1.032365571236820267e+00 2.196269093037611473e-16
1.031988337380397525e+00 2.134469569205937721e-16
1.031625778980894470e+00 2.074296348632992225e-16
1.031276917847953278e+00 2.015749431318774985e-16
1.030940867348716150e+00 1.955576210745829489e-16
1.030616821793004068e+00 1.894318788000398489e-16
1.030304047274066992e+00 1.835771870686181249e-16
1.030001873737892204e+00 1.778038105001328138e-16
1.029709688093582765e+00 1.720033288773353651e-16
1.029426928209304037e+00 1.660673219829772283e-16
1.029153077664293425e+00 1.603481555231161924e-16
1.028887661148655930e+00 1.546560941175672941e-16
1.028630240420085329e+00 1.487742973318334326e-16
1.028380410740984852e+00 1.431093409805966719e-16
1.028137797731326630e+00 1.368480734344928838e-16
1.027902054582429114e+00 1.311289069746318479e-16
1.027672859585043508e+00 1.250844798630251607e-16
1.027449913931999470e+00 1.191484729686670239e-16
1.027232939761430597e+00 1.129143104768753734e-16
1.027021678411457639e+00 1.068698833652686862e-16
1.026815888861317916e+00 1.004459854932920724e-16
1.026615346337424350e+00 9.421182300150042194e-17
1.026419841065810967e+00 8.767950491227525773e-17
1.026229177154977634e+00 8.144534242048360723e-17
1.026043171595339309e+00 7.450644851657637885e-17
1.025861653363378867e+00 6.767597482991770092e-17
1.025684462620263027e+00 6.076418598032261015e-17
1.025511449996121760e+00 5.339161120742118000e-17
1.025342475952470744e+00 4.604614148883188746e-17
1.025177410216400631e+00 3.870067177024259492e-17
1.025016131281183851e+00 3.092152118265910060e-17
1.024858525968895373e+00 2.276289983470567974e-17
1.024704489051519563e+00 1.482111892124935976e-17
1.024553922927855742e+00 6.418552084486700396e-18
1.024406737354342845e+00 -2.282170349709472687e-18
1.024262849228734673e+00 -1.133525848996343471e-17
1.024122182426383310e+00 -2.055097695609022240e-17
1.023984667689761707e+00 -3.028169145414762469e-17
1.023850242572792668e+00 -4.006661606082930221e-17
1.023718851442590783e+00 -5.071890240549938328e-17
1.023590445542401195e+00 -6.131697864154518912e-17
1.023464983120877747e+00 -7.261978628970657284e-17
1.023342429634439110e+00 -8.427495964392574551e-17
1.023222758031348212e+00 -9.663486441026049606e-17
1.023105949128469305e+00 -1.095639753171501364e-16
1.022991992094480773e+00 -1.229809772016582538e-16
1.022880885056810518e+00 -1.370213953353455362e-16
1.022772635853925305e+00 -1.521189105872061855e-16
1.022667262960098133e+00 -1.678398420882459998e-16
1.022564796616750593e+00 -1.843468201643378048e-16
1.022465280213405103e+00 -2.019380004129151142e-16
1.022368771972823831e+00 -2.207489081055386161e-16
1.022275347009943269e+00 -2.406982280792718731e-16
1.022185099853952561e+00 -2.618401704427392095e-16
1.022098147549056257e+00 -2.846084160649348027e-16
1.022014633484491064e+00 -3.086505992398008635e-16
1.021934732151740244e+00 -3.349153968682622084e-16
1.021858655091620882e+00 -3.631588634615095989e-16
1.021786658383387447e+00 -3.935707343997279983e-16
1.021719052153184037e+00 -4.267744259320965716e-16
1.021656212756677284e+00 -4.630409886017366949e-16
1.021598598545991221e+00 -5.027227881147061572e-16
1.021546770503958701e+00 -5.461721901770627474e-16
1.021501419582686587e+00 -5.944462919069798323e-16
1.021463403421745353e+00 -6.482769297708851274e-16
1.021433796415972095e+00 -7.084230452895184859e-16
1.021413959147660311e+00 -7.761043659069261002e-16
1.021405636508984527e+00 -8.531640353163333278e-16
1.021411099353532359e+00 -9.416349325911504897e-16
1.021433353987723613e+00 -1.043902302510845695e-15
1.021476460676234099e+00 -1.164004798167927449e-15
1.021546033607656279e+00 -1.306631593958395557e-15
1.021650055561802661e+00 -1.479372105089648551e-15
1.021800265436242139e+00 -1.692499147145986585e-15
1.022014650944875758e+00 -1.962167332497443873e-15
1.022322230627798589e+00 -2.314261988012111438e-15
1.022773021365618762e+00 -2.793641978576577223e-15
1.023461198684923801e+00 -3.484522707938652786e-15
1.024587587593763116e+00 -4.566420950807625129e-15
1.026670166650384353e+00 -6.502806030866736048e-15
1.031578361909285535e+00 -1.096684584574992773e-14
1.055206319903458478e+00 -3.220446905093910996e-14
9.772548250012034199e-01 3.737119670728948982e-14
1.005480851372404505e+00 1.213961664415251849e-14
1.010757974998800490e+00 7.357390596699143398e-15
1.012945521806019045e+00 5.333537506374764408e-15
1.014118899965985365e+00 4.215887696868082163e-15
1.014834945472457006e+00 3.507226051877243932e-15
1.015306049013232403e+00 3.017871401325911506e-15
1.015630806302153744e+00 2.659786528808261529e-15
1.015861218131213883e+00 2.386404951016041586e-15
1.016027299399124173e+00 2.170919769234547580e-15
1.016147581151829904e+00 1.996715585170439155e-15
1.016234117337469156e+00 1.853356952913543331e-15
1.016295081814331924e+00 1.732956301659028261e-15
1.016336208174535072e+00 1.630607616576396642e-15
1.016361632288945493e+00 1.542597505224885820e-15
1.016374407872181473e+00 1.466323882390530583e-15
1.016376834044817823e+00 1.399428608348174959e-15
1.016370670212638494e+00 1.340448010164963518e-15
1.016357280948618991e+00 1.288026835125289379e-15
1.016337736015616722e+00 1.241351931599788413e-15
1.016312880835029686e+00 1.199501727741847942e-15
1.016283386994639715e+00 1.161635966867791699e-15
1.016249788962897194e+00 1.127592018651746860e-15
1.016212511062224877e+00 1.096610941572973571e-15
1.016171887413773955e+00 1.068746945740096107e-15
1.016128176695270113e+00 1.043132669415126065e-15
1.016081572973418723e+00 1.019984953032560545e-15
1.016032213475127843e+00 9.990056409949660344e-16
1.015980183880790699e+00 9.798965777049090187e-16
1.015925521515186114e+00 9.623867126192681221e-16
1.015868216648394551e+00 9.466386760639161702e-16
1.015808211979713827e+00 9.324898377129803374e-16
1.015745400245106289e+00 9.199401975664606235e-16
1.015679619747506646e+00 9.086102848639871022e-16
1.015610647441869574e+00 8.986898349857447366e-16
1.015538188990626534e+00 8.904227934205427653e-16
1.015461864908167922e+00 8.833754792993869865e-16
1.015381191486038226e+00 8.779002583283351891e-16
1.015295554555594171e+00 8.739971305073873731e-16
1.015204173172849833e+00 8.716660958365435386e-16
1.015106048781400316e+00 8.710426795873643736e-16
1.014999892938049042e+00 8.726147727374683550e-16
1.014884022572971389e+00 8.764907955041040333e-16
1.014756204688415542e+00 8.831586388648898856e-16
1.014613419808569672e+00 8.928893533629472879e-16
1.014451490121389909e+00 9.069026664423224327e-16
1.014264472763125813e+00 9.263098853298129621e-16
1.014043625093214107e+00 9.524662627410257566e-16
1.013775543016319114e+00 9.882991445416716781e-16
1.013438583069172116e+00 1.038091129313068469e-15
1.012995387579898043e+00 1.109350317099678248e-15
1.012375463092521466e+00 1.216469491741246086e-15
1.011427969289076856e+00 1.390538150533793823e-15
1.009761604653824918e+00 1.713874343423283383e-15
1.005947823475918712e+00 2.499161976954534047e-15
9.873303264242137001e-01 6.893758642690029564e-15
1.044342980153189826e+00 -3.998082171990723705e-15
1.024819197003556059e+00 -1.166932144033638311e-15
1.020931082675226920e+00 -5.057314491433534320e-16
1.019241845943019253e+00 -2.155718427319203325e-16
1.018282185328174050e+00 -5.418834935745299746e-17
1.017653062366350447e+00 4.786218012774510739e-17
1.017201281872649687e+00 1.174950646556266297e-16
1.016855392317858486e+00 1.676394151330812097e-16
1.016577541427631903e+00 2.050986001924553879e-16
1.016345765615706442e+00 2.338841678719455553e-16
1.016146406347929299e+00 2.565439932768925980e-16
1.015970483927632451e+00 2.746772746117126596e-16
1.015811810350804700e+00 2.893140039402669695e-16
1.015665938137198632e+00 3.012944379462317935e-16
1.015529540361228555e+00 3.112962029874105719e-16
1.015400025815651253e+00 3.194819293896761304e-16
1.015275287913358193e+00 3.263666131849590835e-16
1.015153531701269207e+00 3.322213049163808075e-16
1.015033146576413303e+00 3.371273197468777150e-16
1.014912604380748817e+00 3.411659728393862190e-16
1.014790368706571355e+00 3.446625248456519708e-16
1.014664803850695574e+00 3.475898707113628328e-16
1.014534071860454523e+00 3.500293255994552178e-16
1.014396003537821223e+00 3.521164147814898138e-16
1.014247923218513758e+00 3.537427180402180705e-16
1.014086395360215498e+00 3.551521808644492262e-16
1.013906838559086365e+00 3.563176981998711435e-16
1.013702908925687707e+00 3.572121649921716847e-16
1.013465465599268756e+00 3.580253166215358130e-16
1.013180737819519894e+00 3.586216278164028404e-16
1.012826860453973188e+00 3.590824137397091798e-16
1.012366780239490449e+00 3.594076743914548312e-16
1.011732149738818975e+00 3.597329350432004825e-16
1.010781251607084208e+00 3.601395108578825466e-16
1.009164130726164954e+00 3.608713473243102621e-16
1.005717402039418618e+00 3.627415960718477573e-16
9.928193629649214591e-01 3.753454463269917463e-16
1.071927157880717241e+00 4.190387938781575750e-16
1.027318122055423721e+00 3.577271610241022993e-16
1.021814801549314700e+00 3.561821729283104555e-16
1.019644808876913444e+00 3.557484920593162537e-16
1.018471837005895830e+00 3.552877061360099143e-16
1.017729655964399793e+00 3.547320525226110933e-16
1.017212703768688886e+00 3.542577140721486851e-16
1.016828359173994167e+00 3.536478503501255888e-16
1.016528737771311475e+00 3.531193017910389054e-16
1.016286587713303824e+00 3.524552279603915340e-16
1.016085254671370119e+00 3.517098389668077497e-16
1.015913984738394671e+00 3.511677378805649975e-16
1.015765522359124429e+00 3.503952438326690755e-16
1.015634793521913437e+00 3.496634073662413600e-16
1.015518142208689634e+00 3.489315708998136446e-16
1.015412866643998990e+00 3.481455243247616538e-16
1.015316926437080047e+00 3.474543454398021448e-16
1.015228751390818474e+00 3.467360615005304981e-16
1.015147113047715877e+00 3.459229098711663698e-16
1.015071036196544041e+00 3.451233107689583102e-16
1.014999736548019893e+00 3.443372641939063195e-16
1.014932575972566253e+00 3.435783226731664664e-16
1.014869029783559862e+00 3.427922760981144757e-16
1.014808662445087384e+00 3.420197820502185538e-16
1.014751109276206043e+00 3.412472880023226319e-16
1.014696062491964312e+00 3.404747939544267100e-16
1.014643260426616900e+00 3.395938796892822376e-16
1.014592479122977897e+00 3.388891482771666597e-16
1.014543525702655158e+00 3.380353390663343250e-16
1.014496233091766619e+00 3.372628450184384031e-16
