9.989236838593685830e-01 0.000000000000000000e+00
9.988197773257493361e-01 0.000000000000000000e+00
9.987105175643231636e-01 0.000000000000000000e+00
9.985954667111316407e-01 0.000000000000000000e+00
9.984741374480919918e-01 0.000000000000000000e+00
9.983459858195184999e-01 0.000000000000000000e+00
9.982104027614396857e-01 0.000000000000000000e+00
9.980667040668221857e-01 0.000000000000000000e+00
9.979141184396682629e-01 0.000000000000000000e+00
9.977517732001985884e-01 0.000000000000000000e+00
9.975786770849803808e-01 0.000000000000000000e+00
9.973936994302983194e-01 0.000000000000000000e+00
9.971955448208058570e-01 0.000000000000000000e+00
9.969827220095117681e-01 0.000000000000000000e+00
9.967535055422499513e-01 0.000000000000000000e+00
9.965058880106001382e-01 0.000000000000000000e+00
9.962375201541350256e-01 0.000000000000000000e+00
9.959456350501983968e-01 0.000000000000000000e+00
9.956269512379805064e-01 0.000000000000000000e+00
9.952775476254250853e-01 0.000000000000000000e+00
9.948927001135376980e-01 0.000000000000000000e+00
9.944666655518039633e-01 0.000000000000000000e+00
9.939923921132507445e-01 0.000000000000000000e+00
9.934611251238744112e-01 0.000000000000000000e+00
9.928618615432308614e-01 0.000000000000000000e+00
9.921805807214908457e-01 0.000000000000000000e+00
9.913991366200697319e-01 0.000000000000000000e+00
9.904936240403060532e-01 0.000000000000000000e+00
9.894319026221162217e-01 0.000000000000000000e+00
9.881697247194377587e-01 0.000000000000000000e+00
9.866444538660855690e-01 0.000000000000000000e+00
9.847644229596562715e-01 0.000000000000000000e+00
9.823899401231900308e-01 0.000000000000000000e+00
9.792971450208742823e-01 0.000000000000000000e+00
9.751034539900869103e-01 0.000000000000000000e+00
9.690967243710452150e-01 0.000000000000000000e+00
9.597833042941061876e-01 0.000000000000000000e+00
9.434113800735618449e-01 0.000000000000000000e+00
9.071128161126134071e-01 0.000000000000000000e+00
7.583836281861027206e-01 0.000000000000000000e+00
1.451074109464277395e+00 0.000000000000000000e+00
1.120384965389862097e+00 0.000000000000000000e+00
1.070754522655852581e+00 0.000000000000000000e+00
1.050768395377224440e+00 0.000000000000000000e+00
1.040006672433416712e+00 0.000000000000000000e+00
1.033307787208092465e+00 0.000000000000000000e+00
1.028761306910865647e+00 0.000000000000000000e+00
1.025497818054929899e+00 0.000000000000000000e+00
1.023066391346245663e+00 0.000000000000000000e+00
1.021211598842785895e+00 0.000000000000000000e+00
1.019780058646543974e+00 0.000000000000000000e+00
1.018676815410535230e+00 0.000000000000000000e+00
1.017843586929227273e+00 0.000000000000000000e+00
1.017247868275237499e+00 0.000000000000000000e+00
1.016878407864067579e+00 0.000000000000000000e+00
1.016745691278853059e+00 0.000000000000000000e+00
1.016888458419247687e+00 0.000000000000000000e+00
1.017390983955295036e+00 0.000000000000000000e+00
1.018425270515064485e+00 0.000000000000000000e+00
1.020363687184499213e+00 0.000000000000000000e+00
1.024142246837140391e+00 0.000000000000000000e+00
1.032893642636215636e+00 0.000000000000000000e+00
1.067198610114258317e+00 0.000000000000000000e+00
8.538815031803811406e-01 0.000000000000000000e+00
9.732179675970121790e-01 0.000000000000000000e+00
9.875901049856999903e-01 0.000000000000000000e+00
9.930056813335459420e-01 0.000000000000000000e+00
9.957497465079320209e-01 0.000000000000000000e+00
9.973445003682467336e-01 0.000000000000000000e+00
9.983413097695770233e-01 0.000000000000000000e+00
9.989875282803730716e-01 0.000000000000000000e+00
9.994100972180486320e-01 0.000000000000000000e+00
9.996804137597843365e-01 0.000000000000000000e+00
9.998413122445122259e-01 0.000000000000000000e+00
9.999196669829062412e-01 0.000000000000000000e+00
9.999328085762441143e-01 0.000000000000000000e+00
9.998920087674723067e-01 0.000000000000000000e+00
9.998044626538095114e-01 0.000000000000000000e+00
9.996744454933318424e-01 0.000000000000000000e+00
9.995039837320931486e-01 0.000000000000000000e+00
9.992932158621361527e-01 0.000000000000000000e+00
9.990405320411913648e-01 0.000000000000000000e+00
9.987425298660566053e-01 0.000000000000000000e+00
9.983937864984467891e-01 0.000000000000000000e+00
9.979864117843545435e-01 0.000000000000000000e+00
9.975093016877084606e-01 0.000000000000000000e+00
9.969469406132960287e-01 0.000000000000000000e+00
9.962774767570061751e-01 0.000000000000000000e+00
9.954695580341462735e-01 0.000000000000000000e+00
9.944769357009076716e-01 0.000000000000000000e+00
9.932287977615692487e-01 0.000000000000000000e+00
9.916113323672175461e-01 0.000000000000000000e+00
9.894296258317683002e-01 0.000000000000000000e+00
9.863201757547853665e-01 0.000000000000000000e+00
9.815188169872953727e-01 0.000000000000000000e+00
9.730993700260650581e-01 0.000000000000000000e+00
9.544113455450007333e-01 0.000000000000000000e+00
8.766410339944696872e-01 0.000000000000000000e+00
1.220021227698517396e+00 0.000000000000000000e+00
1.061691767467999314e+00 0.000000000000000000e+00
1.036974174676331684e+00 0.000000000000000000e+00
1.026890657194328593e+00 0.000000000000000000e+00
1.021390626078539032e+00 0.000000000000000000e+00
1.017911105282610640e+00 0.000000000000000000e+00
1.015498597121687219e+00 0.000000000000000000e+00
1.013717004948483824e+00 0.000000000000000000e+00
1.012338490818248227e+00 0.000000000000000000e+00
1.011232305807299836e+00 0.000000000000000000e+00
1.010317943779205807e+00 0.000000000000000000e+00
1.009543013282269808e+00 0.000000000000000000e+00
1.008871837742172595e+00 0.000000000000000000e+00
1.008279165289904133e+00 0.000000000000000000e+00
1.007746497402364216e+00 0.000000000000000000e+00
1.007259841616963802e+00 0.000000000000000000e+00
1.006808276902231070e+00 0.000000000000000000e+00
1.006383001127911569e+00 0.000000000000000000e+00
1.005976673054352677e+00 0.000000000000000000e+00
1.005582937422930812e+00 0.000000000000000000e+00
1.005196063709253629e+00 0.000000000000000000e+00
1.004810652645409474e+00 0.000000000000000000e+00
1.004421377593597731e+00 0.000000000000000000e+00
1.004022734208850354e+00 0.000000000000000000e+00
1.003608773377547170e+00 0.000000000000000000e+00
1.003172789601624704e+00 0.000000000000000000e+00
1.002706929063377661e+00 0.000000000000000000e+00
1.002201666311103967e+00 0.000000000000000000e+00
1.001645071185376379e+00 0.000000000000000000e+00
1.001021739041549008e+00 0.000000000000000000e+00
1.000311169045099202e+00 0.000000000000000000e+00
9.994852088611270169e-01 0.000000000000000000e+00
9.985038550990588124e-01 0.000000000000000000e+00
9.973080105132395845e-01 0.000000000000000000e+00
9.958062553641366943e-01 0.000000000000000000e+00
9.938489224755756579e-01 0.000000000000000000e+00
9.911725339445093264e-01 0.000000000000000000e+00
9.872657410570379044e-01 0.000000000000000000e+00
9.809875137757704255e-01 0.000000000000000000e+00
9.691656042793046488e-01 0.000000000000000000e+00
9.384488784943556539e-01 0.000000000000000000e+00
6.588562840743312776e-01 0.000000000000000000e+00
1.121308717122543097e+00 0.000000000000000000e+00
1.056258269977941922e+00 0.000000000000000000e+00
1.038439039430399946e+00 0.000000000000000000e+00
1.030103536830210054e+00 0.000000000000000000e+00
1.025268340759780905e+00 0.000000000000000000e+00
1.022109885193444034e+00 0.000000000000000000e+00
1.019884685658799972e+00 0.000000000000000000e+00
1.018232836874333191e+00 0.000000000000000000e+00
1.016958922619229710e+00 0.000000000000000000e+00
1.015947702798931651e+00 0.000000000000000000e+00
1.015126844415736862e+00 0.000000000000000000e+00
1.014448678804355186e+00 0.000000000000000000e+00
1.013880542425246611e+00 0.000000000000000000e+00
1.013399332768327277e+00 0.000000000000000000e+00
1.012988279736593666e+00 0.000000000000000000e+00
1.012634948398833723e+00 0.000000000000000000e+00
1.012329958997553847e+00 0.000000000000000000e+00
1.012066141853783074e+00 0.000000000000000000e+00
1.011837965369233983e+00 0.000000000000000000e+00
1.011641140988706722e+00 0.000000000000000000e+00
1.011472346213990070e+00 0.000000000000000000e+00
1.011329028640193917e+00 0.000000000000000000e+00
1.011209267281544921e+00 0.000000000000000000e+00
1.011111675806482202e+00 0.000000000000000000e+00
1.011035337745658458e+00 0.000000000000000000e+00
1.010979767453367595e+00 0.000000000000000000e+00
1.010944893314067894e+00 0.000000000000000000e+00
1.010931061863906910e+00 0.000000000000000000e+00
1.010939063492026779e+00 0.000000000000000000e+00
1.010970182508555082e+00 0.000000000000000000e+00
1.011026276959407388e+00 0.000000000000000000e+00
1.011109897093687815e+00 0.000000000000000000e+00
1.011224456551608197e+00 0.000000000000000000e+00
1.011374478301603430e+00 0.000000000000000000e+00
1.011565950135165259e+00 0.000000000000000000e+00
1.011806845788800979e+00 0.000000000000000000e+00
1.012107904411121195e+00 0.000000000000000000e+00
1.012483826716809698e+00 0.000000000000000000e+00
1.012955168786252136e+00 0.000000000000000000e+00
1.013551455051412198e+00 0.000000000000000000e+00
1.014316531837871738e+00 0.000000000000000000e+00
1.015318294617150618e+00 0.000000000000000000e+00
1.016667609507181602e+00 0.000000000000000000e+00
1.018558457324624911e+00 0.000000000000000000e+00
1.021363447143597503e+00 0.000000000000000000e+00
1.025900379345885183e+00 0.000000000000000000e+00
1.034379259104979409e+00 0.000000000000000000e+00
1.055556719807299926e+00 0.000000000000000000e+00
1.198126389879854869e+00 0.000000000000000000e+00
9.013827261506868194e-01 0.000000000000000000e+00
9.643162685454209626e-01 0.000000000000000000e+00
9.796666526265894737e-01 0.000000000000000000e+00
9.865467527561531114e-01 0.000000000000000000e+00
9.904199630796260978e-01 0.000000000000000000e+00
9.928810852274121412e-01 0.000000000000000000e+00
9.945652194922649514e-01 0.000000000000000000e+00
9.957750149640868242e-01 0.000000000000000000e+00
9.966727977379328252e-01 0.000000000000000000e+00
9.973532236153799246e-01 0.000000000000000000e+00
9.978749846233577747e-01 0.000000000000000000e+00
9.982761697617863472e-01 0.000000000000000000e+00
9.985823210634389158e-01 0.000000000000000000e+00
9.988109255555752686e-01 0.000000000000000000e+00
9.989740390003603032e-01 0.000000000000000000e+00
9.990798676343443097e-01 0.000000000000000000e+00
9.991337333363191631e-01 0.000000000000000000e+00
9.991386494166925036e-01 0.000000000000000000e+00
9.990956288972501209e-01 0.000000000000000000e+00
9.990037857883430350e-01 0.000000000000000000e+00
9.988602484117756752e-01 0.000000000000000000e+00
9.986598683063705462e-01 0.000000000000000000e+00
9.983946675693682327e-01 0.000000000000000000e+00
9.980529080357966043e-01 0.000000000000000000e+00
9.976175643885296651e-01 0.000000000000000000e+00
9.970637934802422109e-01 0.000000000000000000e+00
9.963546098405225981e-01 0.000000000000000000e+00
9.954331510482721246e-01 0.000000000000000000e+00
9.942079828024531496e-01 0.000000000000000000e+00
9.925229089174900654e-01 0.000000000000000000e+00
9.900882272747761892e-01 0.000000000000000000e+00
9.863005398280385583e-01 0.000000000000000000e+00
9.796624071096216024e-01 0.000000000000000000e+00
9.651561110368597207e-01 0.000000000000000000e+00
9.091714022818618846e-01 0.000000000000000000e+00
1.229272191865814490e+00 0.000000000000000000e+00
1.056215005083972036e+00 0.000000000000000000e+00
1.033811306861803336e+00 0.000000000000000000e+00
1.025018105577432781e+00 0.000000000000000000e+00
1.020334272745570647e+00 0.000000000000000000e+00
1.017432213750403047e+00 0.000000000000000000e+00
1.015462753701028786e+00 0.000000000000000000e+00
1.014042234332691805e+00 0.000000000000000000e+00
1.012972009363928949e+00 0.000000000000000000e+00
1.012138950967639062e+00 0.000000000000000000e+00
1.011473925929623041e+00 0.000000000000000000e+00
1.010932324618875944e+00 0.000000000000000000e+00
1.010484090317840034e+00 0.000000000000000000e+00
1.010108247974428775e+00 0.000000000000000000e+00
1.009789729580911954e+00 0.000000000000000000e+00
1.009517445346326037e+00 0.000000000000000000e+00
1.009283065662481160e+00 0.000000000000000000e+00
1.009080226317240037e+00 0.000000000000000000e+00
1.008903995155929767e+00 0.000000000000000000e+00
1.008750505501468053e+00 0.000000000000000000e+00
1.008616699006922968e+00 0.000000000000000000e+00
1.008500142201040228e+00 0.000000000000000000e+00
1.008398893877487046e+00 0.000000000000000000e+00
1.008311408411064924e+00 0.000000000000000000e+00
1.008236465107715585e+00 0.000000000000000000e+00
1.008173116971389449e+00 0.000000000000000000e+00
1.008120654480853418e+00 0.000000000000000000e+00
1.008078581527872997e+00 0.000000000000000000e+00
1.008046601840428158e+00 0.000000000000000000e+00
1.008024615185094675e+00 0.000000000000000000e+00
1.008012723558200374e+00 0.000000000000000000e+00
1.008011248578088104e+00 0.000000000000000000e+00
1.008020762552286120e+00 0.000000000000000000e+00
1.008042137459841614e+00 0.000000000000000000e+00
1.008076618756717613e+00 0.000000000000000000e+00
1.008125935165263831e+00 0.000000000000000000e+00
1.008192462690682190e+00 0.000000000000000000e+00
1.008279473379600555e+00 0.000000000000000000e+00
1.008391521489002018e+00 0.000000000000000000e+00
1.008535061554108214e+00 0.000000000000000000e+00
1.008719475925153652e+00 0.000000000000000000e+00
1.008958864551787293e+00 0.000000000000000000e+00
1.009275346653179195e+00 0.000000000000000000e+00
1.009705604999352246e+00 0.000000000000000000e+00
1.010315111413059963e+00 0.000000000000000000e+00
1.011233104847906406e+00 0.000000000000000000e+00
1.012754981702796986e+00 0.000000000000000000e+00
1.015735388878965972e+00 0.000000000000000000e+00
1.024099812013911315e+00 0.000000000000000000e+00
1.180338170023258026e+00 0.000000000000000000e+00
9.841381496378225346e-01 0.000000000000000000e+00
9.959127568922020446e-01 0.000000000000000000e+00
9.995247179448488728e-01 0.000000000000000000e+00
1.001275727443000196e+00 0.000000000000000000e+00
1.002309220185281458e+00 0.000000000000000000e+00
1.002991676077114924e+00 0.000000000000000000e+00
1.003476726016447884e+00 0.000000000000000000e+00
1.003840099642123951e+00 0.000000000000000000e+00
1.004123461093941572e+00 0.000000000000000000e+00
1.004351642308541681e+00 0.000000000000000000e+00
1.004540379023145524e+00 0.000000000000000000e+00
1.004700142518391237e+00 0.000000000000000000e+00
1.004838188024457457e+00 0.000000000000000000e+00
1.004959718897785681e+00 0.000000000000000000e+00
1.005068582537785637e+00 0.000000000000000000e+00
1.005167704589015276e+00 0.000000000000000000e+00
1.005259370179059752e+00 0.000000000000000000e+00
1.005345412371234204e+00 0.000000000000000000e+00
1.005427342607237984e+00 0.000000000000000000e+00
1.005506444036233793e+00 0.000000000000000000e+00
1.005583840766252957e+00 0.000000000000000000e+00
1.005660551496543098e+00 0.000000000000000000e+00
1.005737533281969354e+00 0.000000000000000000e+00
1.005815719590198665e+00 0.000000000000000000e+00
1.005896055934293321e+00 0.000000000000000000e+00
1.005979535987739482e+00 0.000000000000000000e+00
1.006067241128081324e+00 0.000000000000000000e+00
1.006160386814022090e+00 0.000000000000000000e+00
1.006260380177108171e+00 0.000000000000000000e+00
1.006368894925047774e+00 0.000000000000000000e+00
1.006487972530131669e+00 0.000000000000000000e+00
1.006620163485965946e+00 0.000000000000000000e+00
1.006768730595424488e+00 0.000000000000000000e+00
1.006937950551760164e+00 0.000000000000000000e+00
1.007133575964201500e+00 0.000000000000000000e+00
1.007363568867185810e+00 0.000000000000000000e+00
1.007639313770142708e+00 0.000000000000000000e+00
1.007977722519153740e+00 0.000000000000000000e+00
1.008405104629964244e+00 0.000000000000000000e+00
1.008964813667908134e+00 0.000000000000000000e+00
1.009733805112047245e+00 0.000000000000000000e+00
1.010863147431295239e+00 0.000000000000000000e+00
1.012695763454928510e+00 0.000000000000000000e+00
1.016213179727988303e+00 0.000000000000000000e+00
1.025818865201944652e+00 0.000000000000000000e+00
1.165588938794247964e+00 0.000000000000000000e+00
9.776439928914403277e-01 0.000000000000000000e+00
9.926072242556741587e-01 0.000000000000000000e+00
9.971041987542815788e-01 0.000000000000000000e+00
9.992861190477543287e-01 0.000000000000000000e+00
1.000585660464758497e+00 0.000000000000000000e+00
1.001456560859976141e+00 0.000000000000000000e+00
1.002087907159148639e+00 0.000000000000000000e+00
1.002572672157449274e+00 0.000000000000000000e+00
1.002962031795830766e+00 0.000000000000000000e+00
1.003286612463230920e+00 0.000000000000000000e+00
1.003566000128187863e+00 0.000000000000000000e+00
1.003813445912278723e+00 0.000000000000000000e+00
1.004038387173628699e+00 0.000000000000000000e+00
1.004247891684932004e+00 0.000000000000000000e+00
1.004447537311669691e+00 0.000000000000000000e+00
1.004641982924772359e+00 0.000000000000000000e+00
1.004835367574095972e+00 0.000000000000000000e+00
1.005031617418197243e+00 0.000000000000000000e+00
1.005234711885484300e+00 0.000000000000000000e+00
1.005448948452068114e+00 0.000000000000000000e+00
1.005679243798682121e+00 0.000000000000000000e+00
1.005931516979433615e+00 0.000000000000000000e+00
1.006213220404613473e+00 0.000000000000000000e+00
1.006534125013341274e+00 0.000000000000000000e+00
1.006907545334837506e+00 0.000000000000000000e+00
1.007352349523071178e+00 0.000000000000000000e+00
1.007896436674410756e+00 0.000000000000000000e+00
1.008583127875067653e+00 0.000000000000000000e+00
1.009483805100988230e+00 0.000000000000000000e+00
1.010725335314577089e+00 0.000000000000000000e+00
1.012557373432021235e+00 0.000000000000000000e+00
1.015548877637625802e+00 0.000000000000000000e+00
1.021339492040423069e+00 0.000000000000000000e+00
1.037398473239844465e+00 0.000000000000000000e+00
1.310309265814179280e+00 0.000000000000000000e+00
9.594857425912817206e-01 0.000000000000000000e+00
9.828723637616731956e-01 0.000000000000000000e+00
9.899949270164095649e-01 0.000000000000000000e+00
9.934438969614881598e-01 0.000000000000000000e+00
9.954792515662856944e-01 0.000000000000000000e+00
9.968222992851623054e-01 0.000000000000000000e+00
9.977746975136012608e-01 0.000000000000000000e+00
9.984848916447416345e-01 0.000000000000000000e+00
9.990344275949517572e-01 0.000000000000000000e+00
9.994718216666217403e-01 0.000000000000000000e+00
9.998277437172260473e-01 0.000000000000000000e+00
1.000122528843677694e+00 0.000000000000000000e+00
1.000370188416904726e+00 0.000000000000000000e+00
1.000580686502631433e+00 0.000000000000000000e+00
1.000761297902755809e+00 0.000000000000000000e+00
1.000917452716561185e+00 0.000000000000000000e+00
1.001053280361754005e+00 0.000000000000000000e+00
1.001171970684110013e+00 0.000000000000000000e+00
1.001276019916662596e+00 0.000000000000000000e+00
1.001367401959571302e+00 0.000000000000000000e+00
1.001447689923304463e+00 0.000000000000000000e+00
1.001518143732647470e+00 0.000000000000000000e+00
1.001579774035094239e+00 0.000000000000000000e+00
1.001633389187955192e+00 0.000000000000000000e+00
1.001679629872920696e+00 0.000000000000000000e+00
1.001718994420082387e+00 0.000000000000000000e+00
1.001751856927531215e+00 0.000000000000000000e+00
1.001778479560803348e+00 0.000000000000000000e+00
1.001799019895690979e+00 0.000000000000000000e+00
1.001813533751717555e+00 0.000000000000000000e+00
1.001821973594867687e+00 0.000000000000000000e+00
1.001824182217723180e+00 0.000000000000000000e+00
1.001819880981807964e+00 0.000000000000000000e+00
1.001808651366794756e+00 0.000000000000000000e+00
1.001789907822889125e+00 0.000000000000000000e+00
1.001762858823534996e+00 0.000000000000000000e+00
1.001726451329841616e+00 0.000000000000000000e+00
1.001679291199656818e+00 0.000000000000000000e+00
1.001619527677272137e+00 0.000000000000000000e+00
1.001544682638992434e+00 0.000000000000000000e+00
1.001451392151468500e+00 0.000000000000000000e+00
1.001335003898310205e+00 0.000000000000000000e+00
1.001188928077473062e+00 0.000000000000000000e+00
1.001003546619486873e+00 0.000000000000000000e+00
1.000764286294312466e+00 0.000000000000000000e+00
1.000447999610792227e+00 0.000000000000000000e+00
1.000015623729610503e+00 0.000000000000000000e+00
9.993957294004369718e-01 0.000000000000000000e+00
9.984423335347314410e-01 0.000000000000000000e+00
9.968034385125620345e-01 0.000000000000000000e+00
9.933598251725200834e-01 0.000000000000000000e+00
9.816332651518877572e-01 0.000000000000000000e+00
1.112599146968818786e+00 0.000000000000000000e+00
1.018673761877885831e+00 0.000000000000000000e+00
1.011545021459916871e+00 0.000000000000000000e+00
1.008929708334486364e+00 0.000000000000000000e+00
1.007576176527255951e+00 0.000000000000000000e+00
1.006751221353060499e+00 0.000000000000000000e+00
1.006197406128616745e+00 0.000000000000000000e+00
1.005801033133365552e+00 0.000000000000000000e+00
1.005504116826356098e+00 0.000000000000000000e+00
1.005273987806349245e+00 0.000000000000000000e+00
1.005090839162619432e+00 0.000000000000000000e+00
1.004941965635995915e+00 0.000000000000000000e+00
1.004818844266066158e+00 0.000000000000000000e+00
