1.007831261135734069e+00
1.001520341911357193e+00
1.018086504875346243e+00
9.925047430193905118e-01
9.767274449584486540e-01
1.003436156675900248e+00
1.002196511828254755e+00
9.959982875900276200e-01
1.011099415734072027e+00
9.930682179501384432e-01
1.006253531329639905e+00
1.007718566149584438e+00
1.015043740249307325e+00
9.943078627977838257e-01
9.887858084764542532e-01
1.004563106537396111e+00
9.879969435734071714e-01
1.012677145540166190e+00
1.016734165041551119e+00
1.001971121855955715e+00
9.979141023545705647e-01
1.072968963130193742e+00
1.045020606565096877e+00
9.978014073684210450e-01
1.008845516011080301e+00
1.013804095401662053e+00
1.002083816842105124e+00
9.868699937119113086e-01
9.893492834072021846e-01
1.007943956121883700e+00
1.012902535512465230e+00
9.993791371745152086e-01
1.003323461689750618e+00
9.997172221329638786e-01
9.987029672576176464e-01
1.001069561966758892e+00
9.987029672576176464e-01
1.002309206814404385e+00
1.002985376731301947e+00
1.005915446371191013e+00
1.016734165041551119e+00
1.001294951939058153e+00
1.011662890664819958e+00
9.814606343767312557e-01
9.979141023545705647e-01
9.996045271468143589e-01
1.014931045263157916e+00
1.005577361412742343e+00
1.011324805706371066e+00
9.786432597229915986e-01
1.005802751385041383e+00
9.918285731024930607e-01
1.005690056398891974e+00
1.022932389279778365e+00
1.070376978448753347e+00
1.068911943628808814e+00
1.129429151191135627e+00
1.045922166454293478e+00
1.002985376731301947e+00
1.016508775069252080e+00
1.007943956121883700e+00
1.001069561966758892e+00
1.008507431052631631e+00
1.007493176177285177e+00
1.008958210997229932e+00
9.920539630747922111e-01
1.011888280637118998e+00
1.014029485373961093e+00
9.994918321606647282e-01
1.020791184542936270e+00
1.030257563379501251e+00
1.007380481191135768e+00
1.045358691523545547e+00
1.014592960304709024e+00
1.007267786204986137e+00
1.006817006260387837e+00
1.009747075900276903e+00
1.009070905983379340e+00
1.005464666426592713e+00
9.922793530470913614e-01
1.016508775069252080e+00
9.867572987257616779e-01
1.008282041080332370e+00
9.991537472022160582e-01
1.000844171994459852e+00
1.010986720747922396e+00
1.025298983988919499e+00
1.030933733296398813e+00
1.062488329418282529e+00
1.052345780664819985e+00
1.014592960304709024e+00
1.002759986759002686e+00
1.019889624653739446e+00
9.876588586149583904e-01
1.015156435235456955e+00
1.009972465872576164e+00
1.015381825207756217e+00
1.030821038310249183e+00
1.044344436648199315e+00
1.055275850304709051e+00
1.006366226315789314e+00
1.034652667839335072e+00
1.001069561966758892e+00
1.018988064764542845e+00
1.004450411551246480e+00
1.006704311274238206e+00
1.002647291772853055e+00
1.014705655290858655e+00
1.006817006260387837e+00
1.024510119085872528e+00
1.037019262548476428e+00
1.002985376731301947e+00
