9.491407316343490885e-01
9.461839069252078183e-01
9.716757549030471397e-01
1.000669861274238182e+00
9.975120873130194354e-01
9.863163432686981036e-01
9.891870468698061858e-01
9.706997156786704162e-01
9.665659024930748355e-01
9.544515332963989795e-01
9.638674411080332405e-01
9.455523521329640690e-01
9.644128747922438016e-01
9.624320893074792549e-01
9.606235460387811953e-01
9.541931699722991933e-01
9.642980466481995139e-01
9.615134641551247308e-01
9.661065899168975735e-01
9.534754940720222560e-01
9.589298309141274235e-01
9.514372945152355099e-01
9.426529414958448871e-01
9.459829576731302314e-01
9.456671802770083568e-01
9.561739554570637400e-01
9.454088169529086816e-01
9.430261329639889611e-01
9.380311086980609447e-01
9.417056093074792633e-01
9.479063290858725788e-01
9.459542506371191317e-01
9.476192587257618039e-01
9.398109449307480157e-01
9.419352655955679499e-01
9.391506831024931667e-01
9.297347752908587948e-01
9.359929091412743096e-01
9.374282609418282952e-01
9.413324178393351893e-01
9.300218456509695697e-01
9.305385722991690312e-01
9.294477049307480199e-01
9.368254131855956457e-01
9.255435480332410147e-01
9.177639412742383263e-01
9.268927787257618123e-01
9.181945468144044886e-01
9.127976240443214095e-01
9.098982134072022276e-01
9.122234833240997487e-01
9.122234833240997487e-01
9.097833852631579399e-01
9.057069861495845586e-01
9.055634509695291712e-01
8.978412582825485710e-01
9.028075755124653767e-01
8.955159883656510500e-01
8.799854818836565507e-01
8.733254495290859731e-01
8.811911773961219607e-01
8.656606709141274614e-01
8.628473813850415786e-01
8.508478403324100103e-01
8.414032254847645387e-01
8.232029646537396550e-01
7.977972377839335216e-01
7.836159619944599308e-01
7.643535408310250245e-01
7.367660792243767576e-01
6.926146578393351794e-01
6.730651663157894982e-01
7.686308891966759926e-01
1.166223337950138550e+00
1.469714122659279809e+00
1.438021554903047283e+00
1.334618811191135901e+00
1.260325001994459848e+00
1.213991845872576247e+00
1.161486677008310320e+00
1.129707988144044384e+00
1.117134306371191155e+00
1.090034864376731472e+00
1.081996894293628886e+00
1.067499841108033198e+00
1.054524260831025018e+00
1.048237419944598292e+00
1.038247371412742481e+00
1.041692215734072002e+00
1.022745571966759082e+00
1.032075358670360155e+00
1.025271791135734079e+00
1.011808191246537536e+00
1.002708060831025039e+00
1.007530842880886457e+00
9.948136259279778404e-01
9.975407943490305351e-01
1.001904263822714691e+00
9.784793224376732157e-01
9.808907134626039248e-01
9.870340191689751519e-01
9.860292729085873287e-01
9.732546418836565127e-01
9.716470478670360400e-01
9.654750351246538242e-01
9.693217779501385190e-01
9.721063604432133021e-01
9.592743153462603978e-01
9.611402726869806568e-01
9.588724168421053351e-01
9.601068193905817338e-01
9.599632842105263464e-01
9.500593567867036127e-01
9.575518931855956373e-01
9.451504536288088953e-01
9.484230557340720402e-01
9.316007326315790538e-01
9.320026311357341164e-01
9.206633519113573971e-01
9.185390312465374629e-01
9.195437775069252861e-01
9.294189978947369202e-01
9.061662987257618207e-01
9.042142202770083736e-01
8.906070852077563327e-01
8.954872813296399503e-01
8.846073146814404931e-01
8.656319638781163617e-01
8.598618496398892086e-01
8.446758275900277946e-01
8.368100997229916960e-01
8.294610985041551698e-01
8.190117373961218750e-01
8.125813613296399840e-01
8.487235196675900761e-01
8.982144497506925340e-01
9.997512361218837684e-01
1.132837055069252141e+00
1.235005396232687014e+00
1.281309845318559626e+00
1.285816849972299281e+00
1.265291319224376876e+00
1.234287720332410077e+00
1.223637409972299306e+00
1.187380423490304704e+00
1.170529393351800618e+00
1.148625924875346316e+00
1.125947366426592877e+00
1.145209787590027783e+00
1.118627072243767451e+00
1.114349723878116372e+00
1.097269037451523710e+00
1.089661672908587287e+00
1.084236043102493108e+00
1.081365339501385137e+00
1.071231755789473716e+00
1.065863540055401737e+00
1.068791657728531908e+00
1.062590937950138592e+00
1.045165767091412734e+00
1.059720234349030621e+00
1.043127567534626099e+00
1.043644294182825449e+00
1.035606324099723086e+00
1.045050938947368557e+00
1.033281054182825454e+00
1.040601348365651102e+00
1.028429565096953047e+00
1.026534900720221577e+00
1.037242625152354547e+00
1.031271561662050029e+00
1.023692904155124817e+00
1.025013427811634514e+00
1.036036929639889248e+00
1.015999418504155205e+00
1.022716864930747871e+00
1.021166684986149598e+00
1.010832152022160813e+00
1.004315654847645511e+00
1.011664656066482149e+00
1.016688387368421154e+00
1.006755752908587320e+00
1.013013886759002835e+00
1.018784000997229988e+00
1.010057062049861454e+00
1.011492413850415550e+00
9.970240677008310737e-01
1.004229533739612323e+00
1.007243772520775682e+00
1.000669861274238182e+00
1.003569271911357363e+00
9.996938220498615690e-01
9.957322510803324755e-01
1.001215294958448743e+00
1.001990384930747879e+00
9.924022349030471313e-01
9.932060319113573676e-01
9.895889453739612485e-01
9.911104182825485331e-01
9.919716293628809689e-01
9.829002059833795713e-01
9.862302221606649155e-01
9.847374562880887305e-01
9.888425624376732115e-01
9.787376857617728909e-01
9.756660329085873329e-01
9.801730375623268765e-01
9.797424320221607141e-01
9.735417122437673987e-01
9.764411228808864696e-01
9.681160824376732199e-01
9.617431204432133063e-01
9.806036431024931499e-01
9.821825300831025229e-01
9.721637745152355015e-01
9.640970973961219270e-01
9.642980466481995139e-01
9.674558206094183710e-01
9.554275725207757031e-01
9.609106163988919702e-01
9.551692091966759168e-01
9.591307801662050103e-01
9.616282922991690185e-01
9.650157225484765622e-01
9.534754940720222560e-01
9.506047904709141738e-01
9.499732356786704246e-01
9.427677696398892859e-01
9.437438088642660095e-01
9.446050199445984452e-01
9.314284904155125666e-01
9.450930395567868070e-01
9.306534004432133189e-01
9.285577868144044844e-01
9.246536299168975903e-01
9.177639412742383263e-01
9.188548086426593375e-01
9.096972641551247518e-01
9.020324855401662401e-01
8.969226331301939359e-01
9.003961844875346676e-01
8.837461036011080573e-01
8.871335338504156010e-01
8.707418162880886658e-01
8.691342222714681931e-01
8.513358599445983721e-01
8.537185439335180925e-01
8.376138967313019323e-01
8.285998874238227341e-01
8.192413936842105615e-01
8.028783831578948371e-01
7.851948489750693039e-01
7.811471568975070223e-01
7.752048004432133821e-01
7.848216575069252299e-01
8.176337996675900888e-01
8.979273793905817591e-01
1.020592544265928048e+00
1.142310376952908602e+00
1.256564380277008341e+00
1.307347126980609398e+00
1.329681200997230084e+00
1.334934588587257664e+00
1.313232069362880949e+00
1.289261694293628802e+00
1.256564380277008341e+00
1.245454757340720198e+00
1.211781404099723014e+00
1.202939637008310303e+00
1.196049948365651039e+00
1.174519671357340700e+00
1.172424057728531865e+00
1.143487365429362912e+00
1.144721767977839422e+00
1.131975843988919816e+00
1.126090901606648265e+00
1.133267660609418304e+00
1.110014961440443315e+00
1.116761114903047192e+00
1.104589331634349136e+00
1.109412113684210555e+00
1.102694667257617889e+00
1.092618497617728668e+00
1.088771754792243751e+00
1.083862851634349145e+00
1.090666419168975221e+00
1.076915748919667681e+00
1.080044815844875439e+00
1.072064259833795052e+00
1.066007075235457124e+00
1.062562230914127381e+00
1.066351559667590099e+00
1.074619186038781260e+00
1.062590937950138592e+00
1.062102918337950230e+00
1.060724980609418333e+00
1.061213000221606695e+00
1.061643605761772857e+00
1.058543245872576311e+00
1.055069694515235579e+00
1.057567206648199587e+00
1.052170283878116397e+00
1.052227697950138596e+00
1.043500759002770062e+00
1.051998041662050021e+00
1.042180235346260364e+00
1.036668484432132997e+00
1.042754376066482136e+00
1.043615587146814461e+00
1.046026978171745281e+00
1.043012739390581700e+00
1.044132313795013811e+00
1.046256634459833856e+00
1.044591626371191184e+00
1.043328516786703686e+00
1.026994213296398950e+00
1.036697191468144208e+00
1.031730874238227180e+00
1.022544622714681495e+00
1.024726357451523517e+00
1.019157192465373951e+00
1.023520661939058218e+00
1.018898829141274387e+00
1.028888877673130198e+00
1.021482462382271583e+00
1.028774049529086021e+00
1.025357912243767267e+00
1.026420072576177400e+00
1.027424818836565112e+00
1.018583051745152401e+00
1.022946521218836669e+00
1.013444492299168997e+00
1.018123739168975028e+00
1.018870122105263176e+00
1.020937028698061022e+00
1.016401317008310379e+00
1.015023379279778482e+00
1.020362887977839472e+00
1.012468453074792274e+00
1.007186358448753483e+00
1.021396341274238395e+00
1.004975916675900249e+00
1.010545081662049816e+00
1.019415555789473737e+00
1.005148158891966848e+00
9.947849188919668517e-01
1.013961218947368570e+00
1.008076276565097018e+00
1.008851366537396155e+00
1.006124198116343571e+00
1.007961448421052619e+00
1.006612217728531933e+00
9.971963099168975608e-01
9.930624967313019802e-01
9.942394852077562906e-01
1.001473658282548529e+00
9.925170630470914190e-01
1.001674607534626116e+00
1.002535818614958441e+00
9.895889453739612485e-01
9.969379465927978856e-01
9.910817112465374334e-01
9.907085197783933594e-01
9.954164736842106009e-01
9.807471782825485374e-01
9.881248865373961632e-01
9.906223986703601714e-01
9.838475381717451951e-01
9.856560814404432547e-01
9.764124158448753699e-01
9.909668831024931457e-01
9.884980780055402372e-01
1.002765474903047238e+00
9.910530042105263338e-01
9.979713998891966975e-01
1.016085539612188393e+00
1.020104524653739686e+00
1.021941774958448734e+00
1.035692445207756274e+00
1.055615128199446140e+00
1.056074440775623291e+00
1.075681346371191172e+00
1.090436762880886423e+00
1.102608546149584479e+00
1.097871885207756248e+00
1.107115550803324133e+00
1.098819217396121983e+00
1.097728350027700861e+00
1.094340919778393317e+00
1.092733325761772845e+00
1.098044127423822847e+00
1.089202360332410136e+00
1.093565829806094181e+00
1.080188351024930826e+00
1.074848842326869836e+00
1.076485143379501519e+00
1.078437221828254966e+00
1.078121444432132980e+00
1.066236731523545700e+00
1.065605176731301951e+00
1.065662590803324150e+00
1.055873491523545704e+00
1.067585962216066608e+00
1.062791887202216179e+00
1.062332574626038806e+00
1.049615357673130189e+00
1.053318565318559719e+00
1.051510022049861659e+00
1.044649040443213384e+00
1.057222722216066613e+00
1.052744424598337947e+00
1.037902886980609507e+00
1.044649040443213384e+00
1.039165996565097005e+00
1.045998271135734070e+00
1.051538729085872648e+00
1.039366945817174592e+00
1.046371462603878255e+00
1.042151528310249375e+00
1.042352477562326962e+00
1.050333033573407349e+00
1.041749629806094202e+00
1.037328746260387957e+00
1.034429335623268775e+00
1.032505964210526317e+00
1.029864916897506921e+00
1.039539188033240968e+00
1.044247141939058210e+00
1.035778566315789462e+00
1.033137519002770066e+00
1.026506193684210588e+00
1.029262069141274383e+00
1.031128026481994420e+00
1.027137748476454338e+00
1.034745113019390539e+00
1.028946291745152397e+00
1.034572870803324163e+00
1.027396111800554124e+00
1.029807502825484722e+00
1.020563837229917059e+00
1.032965276786703690e+00
1.028286029916897659e+00
1.027510939944598300e+00
1.028314736952908648e+00
1.029175948033240973e+00
1.030726127977839468e+00
1.018784000997229988e+00
1.024956013739612315e+00
1.030611299833795069e+00
1.023032642326869857e+00
1.019760040221606712e+00
1.029778795789473733e+00
1.022745571966759082e+00
1.019329434681440549e+00
1.031730874238227180e+00
1.024611529307479341e+00
1.031070612409972442e+00
1.030352936509695283e+00
1.031903116454293778e+00
1.029118533961218995e+00
1.035749859279778473e+00
1.044132313795013811e+00
1.027998959556786662e+00
1.031644753130193992e+00
1.027195162548476537e+00
1.046170513351800668e+00
1.033654245650969639e+00
1.025702396675900241e+00
1.030840956121883645e+00
1.034027437119113602e+00
1.035319253739612311e+00
1.034113558227146790e+00
1.026850678116343563e+00
1.032678206426592915e+00
1.040055914681440541e+00
1.022802986038781281e+00
1.028831463601107998e+00
1.040744883545706490e+00
1.033998730083102613e+00
1.028458272132964035e+00
1.036582363324099809e+00
1.024755064487534728e+00
1.027855424376731275e+00
1.019817454293628911e+00
1.032936569750692479e+00
1.024209630803324167e+00
1.028601807313019423e+00
1.029376897285318559e+00
1.024008681551246580e+00
1.022544622714681495e+00
1.028142494736842272e+00
1.026621021828254987e+00
1.019300727645429339e+00
1.024611529307479341e+00
1.018439516565097014e+00
1.029750088753462745e+00
1.023176177506925244e+00
1.021425048310249384e+00
1.019214606537396151e+00
1.016229074792243781e+00
1.027195162548476537e+00
1.027338697728531924e+00
1.016831922548476541e+00
1.024267044875346366e+00
1.014879844099723094e+00
1.025903345927977828e+00
1.019673919113573524e+00
1.021970481994459945e+00
1.006784459944598309e+00
1.013760269695290983e+00
1.017693133628808866e+00
1.017520891412742490e+00
1.020994442770083221e+00
1.022372380498615119e+00
1.024927306703601104e+00
1.017492184376731279e+00
1.005062037783933659e+00
1.022142724210526321e+00
1.019960989473684299e+00
1.019932282437673088e+00
1.023865146371191193e+00
1.015626227036011242e+00
1.012238796786703698e+00
1.018898829141274387e+00
1.014363117451523522e+00
1.013473199335180208e+00
1.022401087534626107e+00
1.009683870581717491e+00
1.018267274349030638e+00
1.010430253518005639e+00
1.019444262825484726e+00
1.009281972077562317e+00
1.011779484210526325e+00
1.015769762216066630e+00
1.014420531523545721e+00
1.000267962770083230e+00
1.020104524653739686e+00
1.017061578836565117e+00
1.012755523434903049e+00
1.013300957119113610e+00
1.009769991689750679e+00
1.013674148587257573e+00
1.006554803656509733e+00
1.012554574182825462e+00
1.010659909806094214e+00
1.006698338836565121e+00
1.019559090969529125e+00
1.014133461163434946e+00
1.014133461163434946e+00
1.004114705595567925e+00
1.015913297396122017e+00
1.005435229252077622e+00
1.009970940941828266e+00
1.016343902936288179e+00
1.007071530304709306e+00
1.015913297396122017e+00
1.009827405761772878e+00
1.009999647977839476e+00
1.002794181939058227e+00
1.011119222382271587e+00
1.009712577617728479e+00
1.003999877451523526e+00
1.019846161329639900e+00
1.017004164764542917e+00
1.012554574182825462e+00
1.006554803656509733e+00
1.007301186592797881e+00
1.017549598448753478e+00
1.011348878670360163e+00
1.003224787479224389e+00
1.007817913240997232e+00
1.020161938725761885e+00
1.016171660720221581e+00
1.016401317008310379e+00
1.016401317008310379e+00
1.016602266260387966e+00
1.005377815180055423e+00
1.010143183157894864e+00
1.014650187811634297e+00
1.017061578836565117e+00
1.026161709252077614e+00
1.012439746038781285e+00
1.019587798005540114e+00
1.029175948033240973e+00
1.022056603102493133e+00
1.017291235124653692e+00
1.015253035567867057e+00
1.022602036786703694e+00
1.016171660720221581e+00
1.028171201772853260e+00
1.021913067922437746e+00
1.011090515346260377e+00
1.010028355013850465e+00
1.017319942160664903e+00
1.019013657285318564e+00
1.017779254736842054e+00
1.017922789916897663e+00
1.021970481994459945e+00
1.025042134847645503e+00
1.011693363102493137e+00
1.006325147368421158e+00
1.016229074792243781e+00
1.011463706814404562e+00
1.021338927202216196e+00
1.024640236343490329e+00
1.015683641108033219e+00
1.012095261606648311e+00
1.015511398891966843e+00
1.019444262825484726e+00
1.012037847534626112e+00
1.014564066703601108e+00
1.006927995124653696e+00
1.014305703379501544e+00
1.017147699944598305e+00
1.012267503822714687e+00
1.009712577617728479e+00
1.009626456509695291e+00
1.012468453074792274e+00
1.012411039002770075e+00
1.013846390803324171e+00
1.015654934072022231e+00
1.007703085096953055e+00
1.006755752908587320e+00
1.003569271911357363e+00
1.009138436897506930e+00
1.008392053961219004e+00
1.020362887977839472e+00
1.003913756343490338e+00
1.005951955900276973e+00
1.013530613407202186e+00
1.009769991689750679e+00
1.002966424155124603e+00
9.982871772853185721e-01
1.002076506038781289e+00
1.002248748254847666e+00
9.955600088642659884e-01
1.004602725207756286e+00
9.984881265373961590e-01
1.005062037783933659e+00
9.960480284764543502e-01
9.922299926869806441e-01
1.007358600664820081e+00
9.951006962880887263e-01
1.003712807091412751e+00
1.001416244210526330e+00
9.935792233795014416e-01
1.001387537174515341e+00
1.002191334182825466e+00
1.004487897063711888e+00
9.974833802770083357e-01
9.928328404432134047e-01
9.994067516897507941e-01
1.001617193462603916e+00
9.915984378947368949e-01
9.920864575069252567e-01
9.959044932963989627e-01
9.987751968975069339e-01
9.929763756232687921e-01
9.942681922437673903e-01
9.944404344598338774e-01
9.910817112465374334e-01
9.960480284764543502e-01
9.919429223268698692e-01
9.938088796675901282e-01
9.992919235457063953e-01
9.922012856509695444e-01
9.854551321883656678e-01
9.904501564542936842e-01
9.971676028808864611e-01
9.931773248753462680e-01
9.907659338504155588e-01
1.001330123102493141e+00
9.900769649861496102e-01
9.910817112465374334e-01
9.964499269806095239e-01
9.967082903047091991e-01
9.887277342936288127e-01
9.884406639335180378e-01
9.829576200554017706e-01
9.877229880332411005e-01
9.769004354570637316e-01
9.931199108033241796e-01
9.835891748476455199e-01
9.876942809972300008e-01
9.909668831024931457e-01
9.903353283102493965e-01
9.863450503047092033e-01
9.919142152908587695e-01
9.893018750138504736e-01
9.864311714127423913e-01
9.959906144044321508e-01
9.903066212742382968e-01
1.000928224598337968e+00
9.944117274238227777e-01
1.005291694072022235e+00
1.008793952465373955e+00
1.019358141717451538e+00
1.016831922548476541e+00
1.026420072576177400e+00
1.027798010304709297e+00
1.031300268698061018e+00
1.035520202991689898e+00
1.045625079667590107e+00
1.048754146592797865e+00
1.061241707257617684e+00
1.066523801883656475e+00
1.070427958781163591e+00
1.065978368199446136e+00
1.071059513573407340e+00
1.073126420166204964e+00
1.068246224044321346e+00
1.076599971523545696e+00
1.070973392465373930e+00
1.072925470914127377e+00
1.063767926426592902e+00
1.068791657728531908e+00
1.068188809972299147e+00
1.076485143379501519e+00
1.055184522659279756e+00
1.073155127202216175e+00
1.065662590803324150e+00
1.061901969085872643e+00
1.060638859501385145e+00
1.059777648421052598e+00
1.058772902160664886e+00
1.046888189252077606e+00
1.066983114459833848e+00
1.052773131634349157e+00
1.060839808753462732e+00
1.047089138504155192e+00
1.059433163988919624e+00
1.057911691080332561e+00
1.054524260831025018e+00
1.052112869806094198e+00
1.056619874459833852e+00
1.037845472908587308e+00
1.057710741828254974e+00
1.039826258393351965e+00
1.042582133850415538e+00
1.056878237783933638e+00
1.050964588365651098e+00
1.047548451080332566e+00
1.031013198337950243e+00
1.052687010526315747e+00
1.033022690858725889e+00
1.045194474127423945e+00
1.027740596232687098e+00
1.033510710470914251e+00
1.037989008088642695e+00
1.026190416288088603e+00
1.032793034570637092e+00
1.035319253739612311e+00
1.042122821274238387e+00
1.038563148808864245e+00
1.034974769307479336e+00
1.035491495955678687e+00
1.032649499390581704e+00
1.038907633240997219e+00
1.024898599667590116e+00
1.037242625152354547e+00
1.032649499390581704e+00
1.027510939944598300e+00
1.027396111800554124e+00
1.043328516786703686e+00
1.030008452077562309e+00
1.032764327534626103e+00
1.028745342493074810e+00
1.021999189030470934e+00
1.037730644764542909e+00
1.029491725429362958e+00
