8.258694965977131375e-01
-3.311334904824203562e-02
8.258694965977173563e-01
3.311334904824173031e-02
-1.460612312973776430e-02
2.175240072984118214e-02
-1.460612312973806094e-02
-2.175240072983968681e-02
-3.300789044942673001e-01
1.052929922702008914e-02
-3.300789044942669115e-01
-1.052929922701990699e-02
-6.442153180029529524e-01
8.828558336551451877e-03
-6.442153180029529524e-01
-8.828558336551590655e-03
-8.099818448475837318e-01
4.104654982473644222e-03
-8.099818448475833987e-01
-4.104654982473467280e-03
