9.605456194664089287e-01 -6.765421556309547668e-16
9.601924721385639572e-01 -6.739400704169895562e-16
9.598314375245015073e-01 -6.717716660720185473e-16
9.594622149736369288e-01 -6.691695808580533367e-16
9.590844874770509954e-01 -6.665674956440881260e-16
9.586979205094645629e-01 -6.635317295611287136e-16
9.583021607701497357e-01 -6.600622826091750994e-16
9.578968348122703924e-01 -6.565928356572214852e-16
9.574815475488789307e-01 -6.544244313122504764e-16
9.570558806223444792e-01 -6.522560269672794675e-16
9.566193906223439125e-01 -6.487865800153258533e-16
9.561716071356590740e-01 -6.444497713253838356e-16
9.557120306088688899e-01 -6.405466435044360196e-16
9.552401300025485931e-01 -6.375108774214766072e-16
9.547553402127433309e-01 -6.327403878625403877e-16
9.542570592322027201e-01 -6.297046217795809753e-16
9.537446450200788295e-01 -6.245004513516505540e-16
9.532174120444049104e-01 -6.197299617927143345e-16
9.526746274565826011e-01 -6.153931531027723167e-16
9.521155068511943931e-01 -6.088879400678592901e-16
9.515392095575497811e-01 -6.049848122469114742e-16
9.509448334013077542e-01 -5.984795992119984476e-16
9.503314088650538505e-01 -5.924080670460796227e-16
9.496978925655793491e-01 -5.863365348801607979e-16
9.490431599524883355e-01 -5.793976409762535695e-16
9.483659971172265779e-01 -5.724587470723463412e-16
9.476650915832001143e-01 -5.655198531684391128e-16
9.469390219257052266e-01 -5.585809592645318844e-16
9.461862460441763378e-01 -5.507747036226362525e-16
9.454050878778178513e-01 -5.403663627667754099e-16
9.445937223178546560e-01 -5.334274688628681815e-16
9.437501580239257004e-01 -5.238864897449957425e-16
9.428722177967076012e-01 -5.143455106271233035e-16
9.419575160913188361e-01 -5.022024462952856538e-16
9.410034331734522528e-01 -4.900593819634480042e-16
9.400070853186572872e-01 -4.779163176316103545e-16
9.389652903298457698e-01 -4.666406150377611084e-16
9.378745274925539555e-01 -4.518954654919582481e-16
9.367308908934812717e-01 -4.362829542081669842e-16
9.355300347845192377e-01 -4.206704429243757204e-16
9.342671093676097049e-01 -4.024558464266192459e-16
9.329366849864023647e-01 -3.842412499288627714e-16
9.315326622135480239e-01 -3.634245682171410863e-16
9.300481646835245808e-01 -3.452099717193846118e-16
9.284754106940077412e-01 -3.217912047936977160e-16
9.268055585208425651e-01 -2.949029909160572061e-16
9.250285189755631521e-01 -2.688821387764050996e-16
9.231327268589690771e-01 -2.376571162088225719e-16
9.211048604591722810e-01 -2.046973701652632371e-16
9.189294948661376194e-01 -1.682681771697502882e-16
9.165886702805648989e-01 -1.249000902703301108e-16
9.140613501808784180e-01 -7.979727989493312634e-17
9.113227354423727444e-01 -2.949029909160572061e-17
9.083433881867428727e-01 2.775557561562891351e-17
9.050881016434791926e-01 9.194034422677077600e-17
9.015144271478133797e-01 1.682681771697502882e-16
8.975707327825939164e-01 2.498001805406602216e-16
8.931936142119256683e-01 3.486794186713382260e-16
8.883043977874689467e-01 4.718447854656915297e-16
8.828043547321923201e-01 6.071532165918824830e-16
8.765680610129453765e-01 7.736866702856559641e-16
8.694340573410461737e-01 9.645062526431047445e-16
8.611915426046267141e-01 1.221245327087672194e-15
8.515612279641480153e-01 1.540434446667404700e-15
8.401677177930669815e-01 1.960237527853792017e-15
8.265002826400668079e-01 2.508410146262463059e-15
8.098607076018622397e-01 3.257810687884443723e-15
7.893099430823224960e-01 4.381911500317414720e-15
7.636881484608952775e-01 6.088879400678592901e-15
7.320729454785163126e-01 8.795048023202411969e-15
6.964464559731895488e-01 1.340247357539681161e-14
6.754664072172418265e-01 2.070218996230721586e-14
7.654888512408035695e-01 2.336672522140759156e-14
1.166016895811452070e+00 -9.440365156265784208e-15
1.473936514519620378e+00 -1.970992813404848221e-14
1.432013156979377477e+00 -7.081141228937326559e-15
1.333978609278655636e+00 -2.661065812148422083e-15
1.257945346791299324e+00 -1.601149768326592948e-15
1.203879825187925245e+00 -1.378020961229076136e-15
1.164788344815685717e+00 -1.354385353868892139e-15
1.135580923786660534e+00 -1.377370439925584833e-15
1.113044693074097591e+00 -1.399921845113283325e-15
1.095156692938098253e+00 -1.415534356397074589e-15
1.080609148721366708e+00 -1.417269079873051396e-15
1.068529312424281175e+00 -1.419003803349028203e-15
1.058316507347441648e+00 -1.412064909445120975e-15
1.049545502431462385e+00 -1.405126015541213746e-15
1.041907577067035184e+00 -1.392982951209376097e-15
1.035173495840805202e+00 -1.380839886877538447e-15
1.029169579954681391e+00 -1.368696822545700797e-15
1.023761831810021450e+00 -1.353084311261909534e-15
1.018845146774243426e+00 -1.339206523454095077e-15
1.014335819910045178e+00 -1.322726650432315409e-15
1.010166236346099033e+00 -1.309716224362489356e-15
1.006281039334768090e+00 -1.294971074816686496e-15
1.002634317392985253e+00 -1.280225925270883636e-15
9.991875063688500092e-01 -1.264613413987092372e-15
9.959078007924849762e-01 -1.249000902703301108e-15
9.927669329560683265e-01 -1.235123114895486651e-15
9.897402206133003588e-01 -1.221245327087672194e-15
9.868058127623631215e-01 -1.207367539279857738e-15
9.839440824929610585e-01 -1.191755027996066474e-15
9.811371293752391143e-01 -1.176142516712275210e-15
9.783683632954288667e-01 -1.164866814118425964e-15
9.756221482691672664e-01 -1.149254302834634700e-15
9.728834894254554388e-01 -1.134509153288831840e-15
9.701377496092585817e-01 -1.119764003743028979e-15
9.673703842715800638e-01 -1.106753577673202926e-15
9.645666847516162212e-01 -1.085069534223492838e-15
9.617115208711786156e-01 -1.072059108153666784e-15
9.587890740637493581e-01 -1.057313958607863924e-15
9.557825521168158422e-01 -1.041701447324072660e-15
9.526738760602776468e-01 -1.026956297778269800e-15
9.494433288223804723e-01 -1.006139616066548115e-15
9.460691540508771036e-01 -9.861902960928148332e-16
9.425270920700923316e-01 -9.684093804640525605e-16
9.387898385526896039e-01 -9.523631883112670948e-16
9.348264106350254732e-01 -9.289444213855801991e-16
9.306014059416919393e-01 -9.181023996607251547e-16
9.260741444181791460e-01 -8.881784197001252323e-16
9.211976952219153025e-01 -8.729995892853281703e-16
9.159178196281491102e-01 -8.456776945386934585e-16
9.101719229243402376e-01 -8.244273319579775716e-16
9.038882380386004112e-01 -7.997075224253080705e-16
8.969857321787300108e-01 -7.888655007004530262e-16
8.893757840487460653e-01 -7.645793720367777269e-16
8.809678421730052778e-01 -7.537373503119226825e-16
8.716837409652794522e-01 -7.511352650979574719e-16
8.614906685215489857e-01 -7.546047120499110861e-16
8.504744222278908250e-01 -7.723856276786733588e-16
8.390002562801694985e-01 -8.036106502462558865e-16
8.280642479898174813e-01 -8.842752918791774164e-16
8.200487082517257109e-01 -9.918281473897394562e-16
8.202499871232248330e-01 -1.197392879292991097e-15
8.393826469064331608e-01 -1.333134991288176252e-15
8.948419101646830631e-01 -1.553011191868236551e-15
1.000219367124058234e+00 -2.243864816175999977e-15
1.134231241700702109e+00 -4.018053251231279432e-15
1.238601911494557228e+00 -6.290541004760896726e-15
1.282513150470934615e+00 -7.565562759603849941e-15
1.282079115572887673e+00 -7.660538869913580129e-15
1.261932885758567657e+00 -7.186091999233923389e-15
1.236488525585915488e+00 -6.503478311437049797e-15
1.211739956533756990e+00 -5.869870561836521006e-15
1.189614869738200298e+00 -5.337310454711641228e-15
1.170427833362634118e+00 -4.894088606599567015e-15
1.153938686109589717e+00 -4.534133485334379543e-15
1.139763643211264776e+00 -4.233592643121397714e-15
1.127522513371342905e+00 -3.985527186056714299e-15
1.116883898808902931e+00 -3.783865581974410475e-15
1.107572735839761791e+00 -3.608658510900752958e-15
1.099365154533468392e+00 -3.457737568490770741e-15
1.092080110285120531e+00 -3.334138520827423235e-15
1.085571164932288335e+00 -3.225718303578872792e-15
1.079719446986759701e+00 -3.132043235876125209e-15
1.074427945499854431e+00 -3.050944913374209477e-15
1.069616996800439868e+00 -2.978953889121171983e-15
1.065220751101023433e+00 -2.916937524855001129e-15
1.061184414100677209e+00 -2.863161097099720109e-15
1.057462090953080747e+00 -2.811986754558404300e-15
1.054015095075775843e+00 -2.769052348527978324e-15
1.050810615117614866e+00 -2.731755793794476972e-15
1.047820658348721956e+00 -2.697495005143935032e-15
1.045021208154548464e+00 -2.668004706052329311e-15
1.042391548144866231e+00 -2.639598609133209095e-15
1.039913716614254913e+00 -2.615746161338527997e-15
1.037572063561979174e+00 -2.594495798757812111e-15
1.035352888873675159e+00 -2.576714883129049838e-15
1.033244145105558065e+00 -2.559801329238275969e-15
1.031235191986074273e+00 -2.545056179692473108e-15
1.029316592552631526e+00 -2.532479434491641257e-15
1.027479942989552919e+00 -2.520986891463294910e-15
1.025717729889059626e+00 -2.511879593214416673e-15
1.024023209939769696e+00 -2.503856497138023940e-15
1.022390308046309260e+00 -2.496483922365122510e-15
1.020813530666006219e+00 -2.493664996716660198e-15
1.019287891764543819e+00 -2.487376624116244272e-15
1.017808849279786765e+00 -2.485208219771273264e-15
1.016372250370527919e+00 -2.483690336729793557e-15
1.014974284036590957e+00 -2.482172453688313851e-15
1.013611439945313331e+00 -2.483256655860799356e-15
1.012280472499908379e+00 -2.484774538902279062e-15
1.010978369347537820e+00 -2.486292421943758768e-15
1.009702323656904488e+00 -2.490195549764706584e-15
1.008449709602889044e+00 -2.493231315847665996e-15
1.007218060583940700e+00 -2.498652326710093519e-15
1.006005049770380300e+00 -2.503856497138023940e-15
1.004808472641428585e+00 -2.511012231476428269e-15
1.003626231218001985e+00 -2.516433242338855791e-15
1.002456319739007951e+00 -2.525106859718739827e-15
1.001296811562510047e+00 -2.533129955795132560e-15
1.000145847100935015e+00 -2.543321456216496301e-15
9.990016226224138762e-01 -2.553729797072357144e-15
9.978623797691668074e-01 -2.564138137928217986e-15
9.967263956591730922e-01 -2.575197000087570132e-15
9.955919734497022944e-01 -2.587990585722899084e-15
9.944574332510246473e-01 -2.600784171358228036e-15
9.933211032860499445e-01 -2.616396682642019300e-15
9.921813111970215759e-01 -2.631141832187822160e-15
9.910363754038644668e-01 -2.644369098692145315e-15
9.898845964204732173e-01 -2.662366854755404688e-15
9.887242480352010920e-01 -2.680147770384166961e-15
9.875535682600664611e-01 -2.698145526447426334e-15
9.863707499497260667e-01 -2.716576963379679910e-15
9.851739309859703919e-01 -2.737393645091401595e-15
9.839611839162655249e-01 -2.755825082023655170e-15
9.827305049255170566e-01 -2.778593327645850763e-15
9.814798020085058194e-01 -2.801795254137040558e-15
9.802068821960676637e-01 -2.827165584973201362e-15
9.789094376706350964e-01 -2.851234873202379561e-15
9.775850305857850531e-01 -2.878556767949014272e-15
9.762310763793242696e-01 -2.902192375309198269e-15
9.748448253394945695e-01 -2.929297429621335880e-15
9.734233421481945925e-01 -2.960956133057912609e-15
9.719634830826382466e-01 -2.991747474756500935e-15
9.704618705062761919e-01 -3.019936731241124050e-15
9.689148642195206662e-01 -3.054848041195157293e-15
9.673185291688819465e-01 -3.088675148976705032e-15
9.656685989271944770e-01 -3.124236980234229577e-15
9.639604342548042659e-01 -3.163485098878204838e-15
9.621889759283998034e-01 -3.199046930135729383e-15
9.603486908763760876e-01 -3.239596091386687249e-15
9.584335104820590479e-01 -3.282747337851610325e-15
9.564367597026414147e-01 -3.324814382144047897e-15
9.543510753948785119e-01 -3.372085596864415891e-15
9.521683119297942310e-01 -3.418489449846795480e-15
9.498794318077675713e-01 -3.465543824132666373e-15
9.474743785411188224e-01 -3.516718166673982182e-15
9.449419285416714720e-01 -3.567892509215297991e-15
9.422695181241356188e-01 -3.621668936970579011e-15
9.394430410038374646e-01 -3.678914811677813645e-15
9.364466108281628287e-01 -3.737244888557533784e-15
9.332622823502831899e-01 -3.791454997181809006e-15
9.298697238789432884e-01 -3.854772404054962465e-15
9.262458327286084980e-01 -3.914837204410659410e-15
9.223642847740791684e-01 -3.977504089980321567e-15
9.181950093174573446e-01 -4.037568890336018512e-15
9.137035821236001443e-01 -4.100886297209171971e-15
9.088505342008388332e-01 -4.157047969743921101e-15
9.035905845282361515e-01 -4.203668663160797792e-15
8.978718267123447783e-01 -4.253108282226136794e-15
8.916349422953671056e-01 -4.296042688256562769e-15
8.848125955746338756e-01 -4.310787837802365630e-15
8.773293214236183024e-01 -4.308619433457394621e-15
8.691025163692682742e-01 -4.278478613062297597e-15
8.600457162509045350e-01 -4.200199216208844177e-15
8.500764528516295826e-01 -4.045375145977914144e-15
8.391331506052015499e-01 -3.814440083238501700e-15
8.272098050433833727e-01 -3.416537885936321572e-15
8.144256697600348316e-01 -2.817841446289826024e-15
8.011638538029163259e-01 -1.927494622244729783e-15
7.883442379430019020e-01 -5.384147988563015019e-16
7.779488481050464976e-01 1.434182633763825265e-15
7.739736717729224225e-01 4.226003227913999183e-15
7.838862792051484174e-01 8.057790545912268954e-15
8.198032834810446978e-01 1.261165651078588468e-14
8.957161743292516576e-01 1.680469999265632453e-14
1.014223702957681272e+00 1.963750342892645051e-14
1.149054561005218966e+00 2.074967801746208096e-14
1.256608436751276425e+00 2.116763795495524292e-14
1.314532359491186853e+00 2.105802511531695842e-14
1.330723466296220625e+00 2.028292898220707130e-14
1.322782200327456525e+00 1.885503472104366196e-14
1.304124626247235685e+00 1.706610113644257964e-14
1.282166696186819665e+00 1.534688175153231526e-14
1.260378187185735577e+00 1.371092909346893762e-14
1.240163628392691120e+00 1.225538767690714792e-14
1.221954531502476238e+00 1.098036592206419471e-14
1.205757049125959046e+00 9.878816514818922201e-15
1.191409627193272147e+00 8.918972331517505125e-15
1.178699454823645132e+00 8.091183972824822490e-15
1.167412624885908023e+00 7.364117995956043217e-15
1.157353792518796887e+00 6.735605996566196296e-15
1.148352111688531352e+00 6.178542920343144118e-15
1.140261257248112337e+00 5.686315134034725105e-15
1.132957133863625065e+00 5.249164818088569717e-15
1.126334901096363694e+00 4.856792051866065663e-15
1.120306019650039397e+00 4.508112633194727437e-15
1.114795593591514145e+00 4.189790875352983335e-15
1.109740087253608509e+00 3.904754124206544219e-15
1.105085410389097023e+00 3.640859315423572440e-15
1.100785332161718921e+00 3.403961140735489721e-15
1.096800175513924724e+00 3.185819663631406229e-15
1.093095744814830184e+00 2.983615958462859652e-15
1.089642445050406971e+00 2.798325807185086944e-15
1.086414557211445642e+00 2.626696603280631592e-15
1.083389640676458487e+00 2.466993623273516789e-15
1.080548038789009402e+00 2.318457925643002682e-15
1.077872468374691861e+00 2.178162164523378408e-15
1.075347677675396962e+00 2.047298962304378023e-15
1.072960160200707280e+00 1.925326217899758774e-15
1.070697914424429520e+00 1.810726048268040955e-15
1.068550241197425033e+00 1.702305831019490512e-15
1.066507572300610773e+00 1.598981363981621939e-15
1.064561324802899334e+00 1.501511588675175091e-15
1.062703776881800843e+00 1.409245983796658663e-15
1.060927961560584443e+00 1.321642448259829905e-15
1.059227575455897297e+00 1.236966258588712009e-15
1.057596900145721719e+00 1.157168978693778882e-15
1.056030734184825404e+00 1.080624305316302269e-15
1.054524334133440266e+00 1.007332238456282170e-15
1.053073363240543348e+00 9.359917355067359779e-16
1.051673846648281785e+00 8.686627805953861525e-16
1.050322132168642231e+00 8.033938098117587856e-16
1.049014855835259663e+00 7.406185040248480789e-16
1.047748911558505913e+00 6.792526610621685279e-16
1.046521424315695281e+00 6.205973235307027380e-16
1.045329726394350622e+00 5.625925073027282508e-16
1.044171336278217677e+00 5.080571380267073778e-16
1.043043939825650801e+00 4.536301889679350552e-16
1.041945373440218203e+00 4.007211229506424388e-16
1.040873608975583453e+00 3.483541580195925746e-16
1.039826740152265838e+00 2.989145389542535725e-16
1.038802970293915662e+00 2.484991379336776163e-16
1.037800601216158469e+00 2.010110827788125221e-16
1.036818023122622501e+00 1.538482882756930792e-16
1.035853705381105438e+00 1.066854937725736363e-16
1.034906188068442034e+00 5.941427905220564298e-17
1.033974074185967540e+00 1.474514954580286030e-17
1.033056022458852752e+00 -3.003240017784847282e-17
1.032150740642346687e+00 -7.546047120499110861e-17
1.031256979266325757e+00 -1.183948772354170842e-16
1.030373525756756559e+00 -1.619798045693343624e-16
1.029499198878884414e+00 -2.068657745102342460e-16
1.028632843452373713e+00 -2.505591220614000747e-16
1.027773325293336315e+00 -2.933851078745774998e-16
1.026919526342378708e+00 -3.374037160774889799e-16
1.026070339941588472e+00 -3.799044412389207537e-16
1.025224666226880466e+00 -4.237062090073351328e-16
1.024381407605521099e+00 -4.694595406862234199e-16
1.023539464292049894e+00 -5.120686860649037442e-16
1.022697729879446626e+00 -5.576051773092949304e-16
1.021855086926451772e+00 -6.041174505089230706e-16
1.021010402546706830e+00 -6.504128832740541100e-16
1.020162523991214432e+00 -6.967083160391851493e-16
1.019310274222942958e+00 -7.435458498905589408e-16
1.018452447491830615e+00 -7.906002241764298333e-16
1.017587804930729423e+00 -8.384135399830405788e-16
1.016715070208995320e+00 -8.891542016553621863e-16
1.015832925301836109e+00 -9.406538048484236469e-16
1.014940006461954702e+00 -9.934544506484677129e-16
1.014034900517925886e+00 -1.046363516665760329e-15
1.013116141674330617e+00 -1.101549407245272505e-15
1.012182209056379900e+00 -1.160313164993986845e-15
1.011231525332495718e+00 -1.219510603611695387e-15
1.010262456870210324e+00 -1.279683824184640883e-15
1.009273316044803304e+00 -1.343434911926788544e-15
1.008262366541450072e+00 -1.410980707272635470e-15
1.007227832791069311e+00 -1.478418082401233846e-15
1.006167915086153553e+00 -1.553011191868236551e-15
1.005080812475247054e+00 -1.626628519380002302e-15
1.003964756288303395e+00 -1.707510001447420933e-15
1.002818058176260907e+00 -1.789692526121822169e-15
1.001639177963107752e+00 -1.880223407524361789e-15
1.000426818555648634e+00 -1.975958459354831831e-15
9.991800578414129497e-01 -2.078198724220214899e-15
9.978985312152154341e-01 -2.180330568868349417e-15
9.965826835054109045e-01 -2.297966504583026648e-15
9.952341161625187782e-01 -2.421673972463622704e-15
9.938560653515284837e-01 -2.554597158810345547e-15
9.924540600006597213e-01 -2.699554989271657490e-15
9.910368270726547246e-01 -2.850801192333385359e-15
9.896175356424588010e-01 -3.033055577528198654e-15
9.882155029080634812e-01 -3.225501463144375691e-15
9.868585241474324699e-01 -3.425103083098957057e-15
9.855860320990283974e-01 -3.662326518438785428e-15
9.844533296480173501e-01 -3.927413949611491262e-15
9.835371485867573371e-01 -4.219606435096334707e-15
9.829427125722696168e-01 -4.546710230535211394e-15
9.828122159745703579e-01 -4.915555809614780003e-15
9.833339754567840263e-01 -5.332431544935456458e-15
9.847501563527061297e-01 -5.790940643679576283e-15
9.873585425981523667e-01 -6.263002269579764913e-15
9.915001562665896051e-01 -6.749375364156762203e-15
9.975205640279779518e-01 -7.207233941597390725e-15
1.005691993982741339e+00 -7.512762113803805875e-15
1.016093305237924183e+00 -7.581500531539386856e-15
1.028473175570427722e+00 -7.296897461261941942e-15
1.042163180735626193e+00 -6.519199242938089611e-15
1.056126724925545268e+00 -5.311831703658231874e-15
1.069178640164950123e+00 -3.735727005516054078e-15
1.080295965686754123e+00 -2.000786689104749883e-15
1.088862210024343913e+00 -2.925177461365890963e-16
1.094733635860001497e+00 1.179286703012483173e-15
1.098140495568284081e+00 2.339274607354724367e-15
1.099518160335068773e+00 3.208262648601856171e-15
1.099356388777693816e+00 3.781371916977693814e-15
1.098104714178676611e+00 4.157806911264660954e-15
1.096131084844740977e+00 4.360444297302201733e-15
1.093715210382339542e+00 4.434928986551955887e-15
1.091058935821734188e+00 4.431134278948256622e-15
1.088302157205501164e+00 4.372045260547796630e-15
1.085538433316852069e+00 4.273166022417118626e-15
1.082828025729110744e+00 4.157047969743921101e-15
1.080207933381874819e+00 4.027377389914654771e-15
1.077699253481469555e+00 3.890442655529735561e-15
1.075312421226476856e+00 3.758278410703752570e-15
1.073050865788681696e+00 3.625246804139781176e-15
1.070913525139052247e+00 3.492215197575809782e-15
1.068896556494855821e+00 3.367640367957225322e-15
1.066994487695574811e+00 3.247619187463079982e-15
1.065200983633072251e+00 3.133561118917604915e-15
1.063509349403771065e+00 3.024381960148314619e-15
1.061912854376202420e+00 2.923225897455417055e-15
1.060404935086859846e+00 2.826189803017964408e-15
1.058979316649637070e+00 2.732839995966962476e-15
1.057630079803078660e+00 2.645019619995636617e-15
1.056351692094402495e+00 2.561644472931501326e-15
1.055139015787130985e+00 2.483473496295296457e-15
1.053987301029764678e+00 2.410181429435276357e-15
1.052892170050144571e+00 2.338298825399487413e-15
1.051849596241951179e+00 2.271728812008877441e-15
1.050855880711049295e+00 2.207760883832232679e-15
1.049907627961943923e+00 2.147479243042038632e-15
1.049001721799626141e+00 2.089691267248561246e-15
1.048135302111285805e+00 2.034396956451800520e-15
1.047305742915132898e+00 1.982246831955247757e-15
1.046510631878169173e+00 1.932481952238163103e-15
1.045747751382483548e+00 1.884668636431552358e-15
1.045015061140630808e+00 1.839023724969912621e-15
1.044310682311205829e+00 1.795764058287740994e-15
1.043632883036333725e+00 1.753805434212551972e-15
1.042980065306934545e+00 1.714123634699582510e-15
1.042350753054710921e+00 1.675742877793595653e-15
1.041743581368770322e+00 1.638771583711839952e-15
1.041157286737437904e+00 1.603643433323309608e-15
1.040590698220722032e+00 1.569816325541761870e-15
1.040042729465013416e+00 1.536748159280953985e-15
1.039512371478330088e+00 1.504981035627128705e-15
1.038998686091263890e+00 1.475165475883777333e-15
1.038500800035516258e+00 1.446108857661165814e-15
1.038017899578312475e+00 1.417919601176542699e-15
1.037549225657004470e+00 1.390706126647156538e-15
1.037094069463719626e+00 1.364576854290255881e-15
1.036651768435003840e+00 1.339423363888592178e-15
1.036221702606038519e+00 1.315137235224916878e-15
1.035803291293189377e+00 1.291067946995738680e-15
1.035395990072423889e+00 1.268408121590791637e-15
1.034999288024512243e+00 1.246398817489335897e-15
1.034612705220968376e+00 1.224606353822377258e-15
1.034235790427395774e+00 1.204114932762401224e-15
1.033868119003333863e+00 1.183623511702425191e-15
1.033509290979860884e+00 1.164324713032183212e-15
1.033158929298144901e+00 1.145676435665432535e-15
1.032816678193859028e+00 1.127136578515930410e-15
1.032482201713908143e+00 1.108705141583676834e-15
1.032155182353298173e+00 1.092008428127400066e-15
1.031835319801191142e+00 1.075094874236626197e-15
1.031522329786291436e+00 1.059048682083840731e-15
1.031215943012680381e+00 1.042894069713806715e-15
1.030915904178093534e+00 1.027227348321391176e-15
1.030621971067409604e+00 1.012048517906594114e-15
1.030333913714825744e+00 9.973575784694155288e-16
1.030051513628813087e+00 9.827208491408612190e-16
1.029774563074512983e+00 9.691683219847924136e-16
1.029502864408734064e+00 9.559410554804692595e-16
1.029236229463162511e+00 9.424427384330247293e-16
1.028974478971803830e+00 9.297575730149443274e-16
1.028717442039041696e+00 9.169639873796153751e-16
1.028464955645023382e+00 9.048751331564020006e-16
1.028216864185383495e+00 8.927862789331886262e-16
1.027973019042576652e+00 8.811311055789694535e-16
1.027733278186339305e+00 8.701264535282415835e-16
1.027497505801011179e+00 8.588507509343923374e-16
1.027265571937649336e+00 8.480629393181615683e-16
1.027037352189038799e+00 8.376545984623007257e-16
1.026812727385874480e+00 8.270836272805670575e-16
1.026591583312525424e+00 8.169463369678275910e-16
1.026373810440931678e+00 8.071885174154580511e-16
1.026159303681300816e+00 7.972680675372156855e-16
1.025947962148384462e+00 7.878355086365917970e-16
1.025739688942208128e+00 7.789450508222106606e-16
1.025534390942225205e+00 7.700003828992052490e-16
1.025331978613945205e+00 7.607304543244541861e-16
1.025132365827160053e+00 7.522736773790672515e-16
1.024935469684963962e+00 7.438169004336803170e-16
1.024741210362824839e+00 7.360106447917846850e-16
1.024549510957017961e+00 7.276622880636463009e-16
1.024360297341794013e+00 7.202897132907448707e-16
1.024173498034689267e+00 7.121581969971035875e-16
1.023989044069444132e+00 7.042977312465836803e-16
1.023806868876022014e+00 6.970335766909308006e-16
1.023626908167269978e+00 6.904741535473934988e-16
1.023449099831786668e+00 6.834268394262377200e-16
1.023273383832602024e+00 6.760542646533362898e-16
1.023099702111295528e+00 6.692237909666776119e-16
1.022927998497213498e+00 6.628269981490131357e-16
1.022758218621458548e+00 6.561591547882272835e-16
1.022590309835363254e+00 6.504128832740541100e-16
1.022424221133163558e+00 6.435824095873954320e-16
1.022259903078618359e+00 6.376735077473494329e-16
1.022097307735335692e+00 6.316561856900548833e-16
1.021936388600578782e+00 6.260725445017545354e-16
1.021777100542347938e+00 6.205431134220784628e-16
1.021619399739538192e+00 6.144173711475353628e-16
1.021463243624994632e+00 6.094300411541020424e-16
1.021308590831295104e+00 6.039006100744259697e-16
1.021155401139098196e+00 5.988048598637440989e-16
1.021003635427911505e+00 5.933838490013165767e-16
1.020853255629138756e+00 5.888844099855017333e-16
1.020704224681274974e+00 5.830297182540800094e-16
1.020556506487129589e+00 5.784760691296408908e-16
1.020410065872958905e+00 5.741934705483231483e-16
1.020264868549404236e+00 5.694229809893869287e-16
1.020120881074132457e+00 5.652488026253177367e-16
1.019978070816082827e+00 5.607493636095028933e-16
1.019836405921233924e+00 5.560872942678152242e-16
1.019695855279802776e+00 5.522925866641159587e-16
1.019556388494799792e+00 5.481184083000467666e-16
1.019417975851864000e+00 5.439442299359775745e-16
1.019280588290307765e+00 5.397700515719083825e-16
1.019144197375304817e+00 5.364090248372033187e-16
1.019008775271159850e+00 5.323974767990069523e-16
1.018874294715599760e+00 5.283859287608105859e-16
1.018740728995029210e+00 5.252417424606026231e-16
1.018608051920701474e+00 5.216096651827761832e-16
1.018476237805750140e+00 5.183570586653196699e-16
1.018345261443036609e+00 5.143997207357475787e-16
1.018215098083769199e+00 5.115807950872852672e-16
1.018085723416847665e+00 5.086534492215744052e-16
1.017957113548897619e+00 5.053466325954936167e-16
1.017829244984950643e+00 5.025277069470313052e-16
1.017702094609738594e+00 4.993835206468233423e-16
1.017575639669564103e+00 4.963477545638639299e-16
1.017449857754715525e+00 4.937998794585229945e-16
1.017324726782392386e+00 4.907641133755635821e-16
1.017200224980114642e+00 4.879993978357255457e-16
1.017076330869583156e+00 4.851804721872632342e-16
1.016953023250965815e+00 4.827410172991708492e-16
1.016830281187582008e+00 4.803557725197027395e-16
1.016708083990960132e+00 4.781331580661074554e-16
1.016586411206242380e+00 4.757479132866393456e-16
1.016465242597916152e+00 4.739589797020382633e-16
1.016344558135845677e+00 4.714111045966973279e-16
1.016224337981583847e+00 4.700016417724661721e-16
1.016104562474944295e+00 4.676163969929980624e-16
1.015985212120809500e+00 4.650685218876571270e-16
1.015866267576159165e+00 4.633337984116803199e-16
1.015747709637295548e+00 4.618701254788248889e-16
1.015629519227249977e+00 4.599727716769752561e-16
1.015511677383351463e+00 4.580754178751256234e-16
1.015394165244936753e+00 4.565575348336459172e-16
1.015276964041188723e+00 4.548228113576691101e-16
1.015160055079082024e+00 4.531422979903165782e-16
1.015043419731420871e+00 4.520580958178310738e-16
1.014927039424952104e+00 4.504860026677270923e-16
1.014810895628535325e+00 4.496186409297386888e-16
1.014694969841357652e+00 4.477212871278890560e-16
1.014579243581170687e+00 4.466912950640278268e-16
1.014463698372540579e+00 4.453902524570452215e-16
1.014348315735089878e+00 4.451734120225481206e-16
1.014233077171716069e+00 4.433302683293227631e-16
1.014117964156773466e+00 4.433302683293227631e-16
1.014002958124199605e+00 4.415413347447216807e-16
1.013888040455568795e+00 4.410534437671032038e-16
1.013773192468061968e+00 4.403487123549876259e-16
1.013658395402328827e+00 4.395355607256234975e-16
1.013543630410231877e+00 4.389934596393807453e-16
1.013428878542452338e+00 4.384513585531379931e-16
1.013314120735940405e+00 4.376924170323981400e-16
1.013199337801194755e+00 4.376924170323981400e-16
1.013084510409350436e+00 4.375839968151495896e-16
1.012969619079059580e+00 4.370418957289068373e-16
1.012854644163143414e+00 4.366624249685369108e-16
1.012739565835000910e+00 4.368792654030340117e-16
1.012624364074748096e+00 4.365540047512883604e-16
1.012509018655073589e+00 4.364997946426640851e-16
1.012393509126787272e+00 4.364997946426640851e-16
1.012277814804039666e+00 4.367708451857854612e-16
1.012161914749191371e+00 4.365540047512883604e-16
1.012045787757309689e+00 4.367708451857854612e-16
1.011929412340268897e+00 4.375297867065253143e-16
1.011812766710427525e+00 4.379092574668952409e-16
1.011695828763861327e+00 4.381260979013923418e-16
1.011578576063121293e+00 4.386139888790108188e-16
1.011460985819494285e+00 4.395355607256234975e-16
1.011343034874732538e+00 4.400234517032419745e-16
1.011224699682227390e+00 4.413244943102245799e-16
1.011105956287594143e+00 4.414329145274731303e-16
1.010986780308636757e+00 4.423544863740858091e-16
1.010867146914659287e+00 4.440349997414383409e-16
1.010747030805090318e+00 4.444686806104325427e-16
1.010626406187383086e+00 4.453360423484209463e-16
1.010505246754155984e+00 4.469081354985249277e-16
1.010383525659531490e+00 4.476128669106405056e-16
1.010261215494636433e+00 4.493475903866173127e-16
1.010138288262219186e+00 4.505402127763513676e-16
1.010014715350339376e+00 4.524917766868252755e-16
1.009890467505086153e+00 4.537386091851836056e-16
1.009765514802275499e+00 4.556359629870332384e-16
1.009639826618077718e+00 4.573706864630100455e-16
1.009513371598523168e+00 4.594306705907325039e-16
1.009386117627831148e+00 4.619243355874491641e-16
1.009258031795507771e+00 4.631169579771832190e-16
1.009129080362153319e+00 4.647974713445357509e-16
1.008999228723919117e+00 4.675621868843737872e-16
1.008868441375549763e+00 4.701642720983389978e-16
1.008736681871948315e+00 4.718989955743158049e-16
1.008603912788193391e+00 4.749889717658994925e-16
1.008470095677942435e+00 4.766152750246277492e-16
1.008335191030145683e+00 4.803557725197027395e-16
1.008199158224000413e+00 4.829036476250436749e-16
1.008061955482066008e+00 4.864815147942458395e-16
1.007923539821463654e+00 4.882704483788469219e-16
1.007783867003082534e+00 4.924446267429161139e-16
1.007642891478707892e+00 4.952635523913784255e-16
1.007500566335992165e+00 4.985703690174592140e-16
1.007356843241185462e+00 5.020398159694128282e-16
1.007211672379542344e+00 5.058345235731120937e-16
1.007065002393323416e+00 5.093039705250657079e-16
1.006916780317308469e+00 5.130986781287649734e-16
1.006766951511746777e+00 5.170560160583370646e-16
1.006615459592664630e+00 5.208507236620363301e-16
1.006462246359462354e+00 5.260006839813424762e-16
1.006307251719735563e+00 5.297953915850417417e-16
1.006150413611264227e+00 5.342948306008565851e-16
1.005991667921126043e+00 5.386316392907986028e-16
1.005830948401899239e+00 5.445405411308446020e-16
1.005668186584942392e+00 5.494194509070293719e-16
1.005503311690753909e+00 5.548946718780811693e-16
1.005336250536441822e+00 5.583641188300347835e-16
1.005166927440366509e+00 5.643272307787050579e-16
1.004995264124049159e+00 5.698024517497568553e-16
1.004821179611492532e+00 5.760366142415485058e-16
1.004644590126103854e+00 5.809155240177332757e-16
1.004465408985482089e+00 5.881796785733861554e-16
1.004283546494402213e+00 5.937091096530622281e-16
1.004098909836419917e+00 5.999974822534781538e-16
1.003911402964634991e+00 6.060148043107727034e-16
1.003720926492267296e+00 6.129536982146799318e-16
1.003527377583866231e+00 6.200010123358357106e-16
1.003330649848144240e+00 6.288914701502168469e-16
1.003130633233646707e+00 6.349630023161356718e-16
1.002927213928720640e+00 6.436908298046439825e-16
1.002720274267552503e+00 6.516055056637881648e-16
1.002509692644396155e+00 6.577854580469555401e-16
1.002295343438547093e+00 6.665674956440881260e-16
1.002077096953116087e+00 6.753495332412207119e-16
1.001854819371256422e+00 6.841315708383532979e-16
1.001628372734214123e+00 6.929678185441101590e-16
1.001397614946413661e+00 7.036472099430923777e-16
1.001162399813794623e+00 7.143266013420745963e-16
1.000922577122821178e+00 7.222412772012187787e-16
1.000677992769002156e+00 7.321075169708368691e-16
1.000428488945468208e+00 7.443590015199230692e-16
1.000173904404177749e+00 7.543336615067897100e-16
9.999140748047540272e-01 7.639288507332864242e-16
9.996488331688534457e-01 7.764513858254940004e-16
9.993780104614425897e-01 7.863176255951120908e-16
9.991014363245325214e-01 8.002496235115508227e-16
9.988189399939235713e-01 8.120132170830185458e-16
9.985303514355297061e-01 8.244815420666018468e-16
9.982355027451083052e-01 8.385219602002891293e-16
9.979342298639530817e-01 8.501771335545083019e-16
9.976263746736678817e-01 8.634044000588314560e-16
9.973117875459035497e-01 8.803179539496053252e-16
9.969903304383966880e-01 8.929489092590614518e-16
9.966618806474013548e-01 9.087782609773498166e-16
9.963263353493769792e-01 9.213007960695573928e-16
9.959836170924932786e-01 9.389732914810711151e-16
9.956336804322467593e-01 9.516584568991515170e-16
9.952765199466108159e-01 9.692225320934166888e-16
9.949121799163551660e-01 9.836966310960981730e-16
9.945407660175148434e-01 9.996344030316350882e-16
9.941624594480089616e-01 1.019041621919125618e-15
9.937775340021814952e-01 1.033298880487310001e-15
9.933863767193343852e-01 1.051242426441945099e-15
9.929895128696882844e-01 1.067288618594730565e-15
9.925876362091053950e-01 1.081545877162914948e-15
9.921816456388237171e-01 1.102850449852255110e-15
9.917726896559189154e-01 1.117107708420439494e-15
9.913622202828390462e-01 1.131527597314496703e-15
9.909520585295484851e-01 1.151151656636484333e-15
9.905444738792438253e-01 1.170721505849847688e-15
9.901422808071137505e-01 1.183189830833430989e-15
9.897489559471186471e-01 1.202922310372667170e-15
9.893687802137055565e-01 1.213764332097522214e-15
9.890070109506736706e-01 1.230081574793429056e-15
9.886700899825681121e-01 1.240869386409659825e-15
9.883658942114067480e-01 1.253500341719115951e-15
9.881040359968260578e-01 1.269709164197774243e-15
9.878962207441331911e-01 1.278924882663901030e-15
9.877566685093450705e-01 1.288140601130027818e-15
9.877026043839340907e-01 1.304186793282813284e-15
9.877548179700823550e-01 1.306626248170905669e-15
9.879382839417955031e-01 1.329882384770719739e-15
9.882828214160080949e-01 1.342459129971551590e-15
9.888237467905977018e-01 1.362137399402163496e-15
9.896024392965168115e-01 1.395747666749214133e-15
9.906666869436071554e-01 1.453481432434067244e-15
9.920706099896585695e-01 1.518370932457324685e-15
9.938738704357414910e-01 1.617846481782869716e-15
9.961397789905983569e-01 1.755648577905777330e-15
9.989318315487341060e-01 1.948744984825445670e-15
1.002308197305344040e+00 2.197352542976371836e-15
1.006313823450903477e+00 2.536382562312589073e-15
1.010970222110005201e+00 2.951577784265912996e-15
1.016263747815825624e+00 3.463971730982562391e-15
1.022134230478924266e+00 4.045754616738284071e-15
1.028466939526534230e+00 4.683157073942512127e-15
1.035091464337514422e+00 5.327390004833398862e-15
1.041790496737149185e+00 5.950752043903939636e-15
1.048319273237118709e+00 6.477077988537027764e-15
1.054432999371762048e+00 6.850910897610029693e-15
1.059916355932300380e+00 7.057776672120263939e-15
1.064607925921425169e+00 7.063902414394807039e-15
1.068413951237656923e+00 6.882298550503485046e-15
1.071309486494019136e+00 6.541262757148169626e-15
1.073328895736631150e+00 6.068496399835865418e-15
1.074550036746486414e+00 5.519239579254708872e-15
1.075076826785706485e+00 4.911110580707589435e-15
1.075023722305449958e+00 4.303035792269094273e-15
1.074503946414340216e+00 3.708513530986667917e-15
1.073621830630519636e+00 3.145649973140818290e-15
1.072468729065269688e+00 2.624202938283914932e-15
1.071121592046936577e+00 2.151382370862986448e-15
1.069643276289065525e+00 1.725616177727928857e-15
1.068083835912440271e+00 1.351512218111805552e-15
1.066482253696696247e+00 1.020993185829599526e-15
1.064868266350640802e+00 7.312943653414727407e-16
1.063264086276360043e+00 4.796510411075871616e-16
1.061685924069716735e+00 2.591243192240355597e-16
1.060145279546222952e+00 7.231628490478314575e-17
1.058650005178990439e+00 -9.080193194566099635e-17
1.057205163890744037e+00 -2.306098020876667931e-16
1.055813710199309918e+00 -3.507394027990606844e-16
1.054477024577728184e+00 -4.536301889679350552e-16
1.053195328607941628e+00 -5.411795143961395382e-16
1.051968004903243603e+00 -6.201636426617085363e-16
1.050793841867363021e+00 -6.832642091003648943e-16
1.049671219667614563e+00 -7.398053523954839505e-16
1.048598250554129807e+00 -7.853960537484994120e-16
1.047572883922866183e+00 -8.256741644563359017e-16
1.046592984279721250e+00 -8.596096924551321905e-16
1.045656388462046227e+00 -8.880699994828766819e-16
1.044760947045202837e+00 -9.108382451050722750e-16
1.043904553739354757e+00 -9.311670358391754831e-16
1.043085165705878836e+00 -9.477011189695794258e-16
1.042300817042820738e+00 -9.615246966687696073e-16
1.041549627162867031e+00 -9.717161970901333490e-16
1.040829805381541462e+00 -9.808234953390115862e-16
1.040139652720904362e+00 -9.869492376135546863e-16
1.039477561693841423e+00 -9.916113069552423553e-16
1.038842014649564272e+00 -9.954060145589416209e-16
1.038231581119435587e+00 -9.971949481435427032e-16
1.037644914493767168e+00 -9.979538896642825563e-16
1.037080748277190656e+00 -9.975744189039126297e-16
1.036537892106688563e+00 -9.970323178176698775e-16
1.036015227667874683e+00 -9.947554932554503182e-16
1.035511704608149008e+00 -9.934544506484677129e-16
1.035026336517243184e+00 -9.894429026102713465e-16
1.034558197024378456e+00 -9.872202881566760624e-16
1.034106416045180943e+00 -9.832629502271039712e-16
1.033670176199429802e+00 -9.788177213199134030e-16
1.033248709411720201e+00 -9.744809126299713853e-16
1.032841293700480723e+00 -9.698188432882837162e-16
1.032447250155933416e+00 -9.654278244897174233e-16
1.032065940104113899e+00 -9.603320742790355524e-16
1.031696762451627558e+00 -9.552363240683536816e-16
1.031339151204176741e+00 -9.504658345094174621e-16
1.030992573150828484e+00 -9.452616640814870408e-16
1.030656525705391457e+00 -9.395696026759381425e-16
1.030330534895981032e+00 -9.346906928997533726e-16
1.030014153493804763e+00 -9.287817910597073734e-16
1.029706959272338684e+00 -9.230355195455341999e-16
1.029408553388304615e+00 -9.179397693348523291e-16
1.029118558876199518e+00 -9.124103382551762564e-16
1.028836619248507001e+00 -9.075314284789914865e-16
1.028562397194143996e+00 -9.020019973993154139e-16
1.028295573368120497e+00 -8.966894067541364421e-16
