9.960480284764543502e-01
1.001990384930747879e+00
9.906798127423823708e-01
9.923161137950139432e-01
9.928328404432134047e-01
1.009023608753462753e+00
9.911678323545707325e-01
1.000985638670360167e+00
1.005148158891966848e+00
9.988613180055402330e-01
1.004545311135734087e+00
1.094599283102493104e+00
1.027424818836565112e+00
1.011061808310249388e+00
1.008793952465373955e+00
1.003770221163434950e+00
9.929189615512465927e-01
1.007387307700831069e+00
9.989474391135734210e-01
1.004660139279778486e+00
1.017922789916897663e+00
1.113144028365651073e+00
1.038477027700831057e+00
1.004114705595567925e+00
1.004861088531856073e+00
1.004200826703601113e+00
1.002966424155124603e+00
1.003023838227146802e+00
1.008334639889196804e+00
9.988326109695291333e-01
1.013616734515235596e+00
9.970814817728532731e-01
9.941246570637120028e-01
1.009999647977839476e+00
1.008305932853185594e+00
1.000727275346260381e+00
1.006698338836565121e+00
1.005779713684210597e+00
1.012411039002770075e+00
1.031845702382271579e+00
1.086102000443213367e+00
1.024841185595567916e+00
9.993780446537396944e-01
1.003081252299169002e+00
1.001043052742382367e+00
1.001531072354570728e+00
9.996651150138504693e-01
1.000899517562326979e+00
9.920290434349030573e-01
1.000555033130194005e+00
1.001502365318559518e+00
9.993493376177285947e-01
9.979713998891966975e-01
1.003339615623268788e+00
1.005578764432133010e+00
9.951581103601108147e-01
1.008506882105263180e+00
1.022716864930747871e+00
1.037156504044321359e+00
1.041146782049861663e+00
1.018669172853185589e+00
1.014793722991689906e+00
1.012812937506925248e+00
9.925457700831025187e-01
9.946126766759003646e-01
1.006985409196675896e+00
1.002822888975069215e+00
1.002937717119113614e+00
1.004172119667590124e+00
1.000411497950138617e+00
1.009482921329639904e+00
1.011320171634349174e+00
1.010028355013850465e+00
1.002019091966759090e+00
9.986316617174515464e-01
9.962776847645430367e-01
1.002822888975069215e+00
1.003310908587257577e+00
1.005664885540166198e+00
9.950145751800554272e-01
9.973972591689751477e-01
9.992919235457063953e-01
1.007559549916897668e+00
9.967657043767313985e-01
9.959332003324100624e-01
1.002334869362880854e+00
1.002736767867036027e+00
9.990909742936289195e-01
9.960767355124654499e-01
1.011836898282548525e+00
1.017980203988919641e+00
1.011434999778393351e+00
1.009167143933518140e+00
1.006813166980609520e+00
9.997225290858726687e-01
9.993493376177285947e-01
9.971388958448753614e-01
1.004631432243767275e+00
1.004487897063711888e+00
9.961628566204986379e-01
1.000928224598337968e+00
1.008162397673130206e+00
1.006468682548476545e+00
1.000612447202216204e+00
1.004631432243767275e+00
1.017090285872576327e+00
1.010114476121883653e+00
1.004947209639889261e+00
1.023233591578947443e+00
1.019989696509695287e+00
1.007588256952908656e+00
1.013415785263158009e+00
1.011061808310249388e+00
9.949858681440443275e-01
1.001703314570637104e+00
1.003511857839335164e+00
9.994354587257617828e-01
9.919142152908587695e-01
1.006124198116343571e+00
1.006066784044321372e+00
