1.047283434016619941e+00 2.458287795894978039e-28
9.499397814958415731e-01 5.350942127727275703e-28
1.090920243767310671e+00 1.387409117057454513e-28
7.955326085318503715e-01 4.386066633028825638e-28
1.064066822382274680e+00 5.652188385908549586e-28
1.010359979612188042e+00 5.508221270705714931e-28
8.089593192243722530e-01 1.774937036747276562e-29
1.097633599113575720e+00 -1.744368676669962355e-28
1.027143367977843225e+00 6.951836727260166535e-29
1.020430012631581063e+00 -1.544688260035893741e-28
1.007003301939057183e+00 1.741410448275383560e-28
9.734365252077550323e-01 -6.217210009273099291e-29
1.087563566094181366e+00 -7.060305101728055658e-29
1.050640111689749245e+00 3.786532345060856666e-29
1.030500045650969421e+00 -1.177374901042360120e-28
1.117773665152354656e+00 2.825108116822748528e-29
9.566531368421018477e-01 4.393462204015272624e-28
1.060710144709144487e+00 -5.467299111247374944e-28
1.111060309806148227e+00 -6.354126680135521153e-27
9.365130708033256868e-01 3.202775275197307930e-28
