9.487325300000000183e-01
9.497517899999999846e-01
9.612367000000000550e-01
9.970269800000000071e-01
9.989681799999999834e-01
9.842555899999999580e-01
9.754178900000000096e-01
9.699868699999999455e-01
9.666659899999999750e-01
9.640074400000000487e-01
9.621606499999999507e-01
9.607535799999999959e-01
9.592468499999999842e-01
9.581340499999999594e-01
9.571311099999999517e-01
9.560470300000000199e-01
9.551555600000000146e-01
9.543996099999999538e-01
9.534653800000000290e-01
9.527757500000000324e-01
9.516908099999999981e-01
9.510234199999999527e-01
9.502436499999999953e-01
9.493627000000000038e-01
9.485205500000000178e-01
9.476120199999999993e-01
9.469586300000000234e-01
9.459278599999999537e-01
9.451349199999999895e-01
9.441201900000000258e-01
9.431225199999999642e-01
9.423131300000000543e-01
9.412133900000000386e-01
9.400735500000000355e-01
9.388385700000000389e-01
9.378746500000000319e-01
9.367522700000000535e-01
9.357079400000000158e-01
9.341048100000000076e-01
9.328369699999999876e-01
9.312297600000000175e-01
9.297446900000000403e-01
9.281711900000000348e-01
9.266790099999999697e-01
9.246934100000000489e-01
9.230351700000000159e-01
9.208274600000000421e-01
9.186331599999999487e-01
9.162026599999999465e-01
9.139933199999999980e-01
9.111804599999999699e-01
9.080333499999999614e-01
9.048713999999999924e-01
9.011436000000000446e-01
8.975915399999999655e-01
8.931984699999999666e-01
8.884924699999999786e-01
8.829912300000000158e-01
8.766844599999999987e-01
8.698861700000000141e-01
8.617568799999999474e-01
8.521396900000000052e-01
8.412288100000000490e-01
8.278720099999999915e-01
8.116930199999999873e-01
7.916700300000000246e-01
7.667530099999999571e-01
7.359785399999999589e-01
7.004964299999999477e-01
6.750589399999999962e-01
7.410167100000000229e-01
1.108617579999999991e+00
1.463223369999999912e+00
1.440764989999999912e+00
1.340676379999999890e+00
1.261774490000000082e+00
1.205578239999999912e+00
1.165322090000000088e+00
1.135127500000000067e+00
1.112188890000000097e+00
1.094188230000000095e+00
1.079040430000000050e+00
1.066737629999999992e+00
1.056471299999999891e+00
1.047629740000000087e+00
1.039819700000000013e+00
1.033036199999999960e+00
1.026874539999999891e+00
1.021317849999999972e+00
1.016348870000000071e+00
1.011970309999999929e+00
1.007624049999999993e+00
1.003609090000000093e+00
9.997666800000000187e-01
9.962816100000000397e-01
9.930894700000000297e-01
9.898287700000000244e-01
9.867659100000000238e-01
9.837493400000000277e-01
9.807532399999999706e-01
9.776038200000000122e-01
9.748238099999999573e-01
9.720737999999999879e-01
9.692437200000000308e-01
9.663698299999999852e-01
9.631814100000000156e-01
9.604606399999999766e-01
9.573836799999999592e-01
9.543642100000000461e-01
9.509041700000000485e-01
9.477555600000000524e-01
9.441927100000000461e-01
9.403831599999999957e-01
9.365980400000000206e-01
9.324982800000000127e-01
9.282012899999999567e-01
9.232579800000000336e-01
9.181917499999999732e-01
9.129737700000000178e-01
9.066757100000000236e-01
9.001812300000000544e-01
8.928943000000000296e-01
8.848172199999999599e-01
8.759851600000000404e-01
8.661919099999999538e-01
8.558029000000000330e-01
8.443570099999999634e-01
8.329033099999999523e-01
8.232313599999999676e-01
8.185133599999999676e-01
8.268476999999999633e-01
8.636145200000000521e-01
9.465929400000000493e-01
1.075696540000000034e+00
1.201799520000000010e+00
1.272571520000000067e+00
1.287374129999999894e+00
1.272172099999999917e+00
1.247001699999999991e+00
1.221150560000000107e+00
1.197027400000000075e+00
1.176352140000000102e+00
1.158807829999999983e+00
1.143293139999999930e+00
1.130107710000000099e+00
1.118994089999999941e+00
1.108990149999999897e+00
1.100426670000000051e+00
1.092650520000000069e+00
1.085813549999999905e+00
1.079592899999999966e+00
1.074261939999999971e+00
1.069207250000000053e+00
1.064482549999999916e+00
1.060287530000000089e+00
1.056421639999999940e+00
1.053009829999999925e+00
1.049500829999999940e+00
1.046566520000000056e+00
1.043532520000000074e+00
1.040970579999999979e+00
1.038432999999999939e+00
1.036001130000000048e+00
1.033704299999999909e+00
1.031510579999999955e+00
1.029446910000000104e+00
1.027540920000000080e+00
1.025709690000000007e+00
1.023843690000000084e+00
1.021935880000000019e+00
1.020452130000000013e+00
1.019012479999999998e+00
1.017222489999999979e+00
1.015752629999999934e+00
1.014247530000000008e+00
1.012807390000000085e+00
1.011613620000000102e+00
1.010126400000000091e+00
1.008646300000000107e+00
1.007277900000000059e+00
1.006139689999999920e+00
1.004831269999999943e+00
1.003506659999999995e+00
1.002466139999999895e+00
1.001290669999999938e+00
9.998201199999999789e-01
9.986781599999999814e-01
9.974806099999999898e-01
9.963847000000000120e-01
9.951677199999999779e-01
9.940729400000000160e-01
9.927627999999999453e-01
9.914896899999999791e-01
9.902479800000000276e-01
9.892611500000000335e-01
9.877341699999999669e-01
9.867709099999999456e-01
9.854065600000000424e-01
9.844073300000000248e-01
9.829972500000000446e-01
9.818249900000000085e-01
9.805297099999999988e-01
9.792974199999999740e-01
9.781754099999999674e-01
9.765824499999999908e-01
9.752500200000000508e-01
9.738739400000000490e-01
9.722374900000000375e-01
9.706529600000000091e-01
9.691612699999999636e-01
9.675033299999999947e-01
9.660046899999999992e-01
9.643911299999999853e-01
9.626776700000000409e-01
9.607144399999999473e-01
9.589168799999999715e-01
9.569337799999999561e-01
9.549911899999999898e-01
9.529441199999999501e-01
9.506618900000000094e-01
9.481398899999999852e-01
9.458857299999999801e-01
9.432948399999999678e-01
9.404348300000000549e-01
9.377184299999999917e-01
9.343153100000000100e-01
9.311306299999999592e-01
9.278153799999999674e-01
9.239619000000000026e-01
9.199307199999999796e-01
9.158465900000000159e-01
9.109425899999999965e-01
9.059588200000000535e-01
9.006347900000000184e-01
8.944708399999999893e-01
8.879841499999999721e-01
8.808740000000000459e-01
8.730812599999999701e-01
8.644436599999999471e-01
8.550221900000000153e-01
8.446283999999999459e-01
8.331548500000000024e-01
8.207151499999999489e-01
8.076731700000000513e-01
7.944353699999999741e-01
7.826912200000000208e-01
7.753323699999999929e-01
7.788578200000000340e-01
8.032165199999999894e-01
8.640394799999999709e-01
9.703543500000000321e-01
1.106643889999999963e+00
1.229400840000000050e+00
1.303790599999999911e+00
1.330210640000000000e+00
1.326601480000000111e+00
1.308708390000000055e+00
1.286194700000000024e+00
1.263410160000000060e+00
1.242075100000000099e+00
1.222868999999999984e+00
1.205954390000000043e+00
1.190877739999999907e+00
1.177702749999999909e+00
1.165878270000000105e+00
1.155458850000000037e+00
1.146044550000000051e+00
1.137872540000000043e+00
1.130673210000000095e+00
1.124296659999999948e+00
1.118605929999999971e+00
1.113887360000000104e+00
1.109833480000000039e+00
1.105865909999999896e+00
1.101563759999999892e+00
1.097461159999999936e+00
1.093266620000000078e+00
1.089413160000000103e+00
1.085534379999999910e+00
1.082505669999999975e+00
1.079421390000000036e+00
1.076571820000000068e+00
1.073727319999999930e+00
1.071191769999999988e+00
1.068719959999999913e+00
1.066410569999999947e+00
1.064218569999999975e+00
1.062410910000000097e+00
1.060357519999999942e+00
1.058647770000000099e+00
1.056889020000000068e+00
1.055199809999999960e+00
1.053547779999999934e+00
1.051784309999999945e+00
1.050387560000000109e+00
1.049060330000000096e+00
1.047710010000000080e+00
1.046411750000000085e+00
1.045112370000000013e+00
1.043776830000000100e+00
1.042701649999999924e+00
1.041485299999999947e+00
1.040047820000000067e+00
1.039155320000000104e+00
1.038138400000000017e+00
1.036948519999999929e+00
1.035834920000000103e+00
1.034827259999999916e+00
1.033840120000000029e+00
1.033023320000000078e+00
1.031962459999999915e+00
1.031045020000000090e+00
1.030027159999999942e+00
1.029150559999999937e+00
1.028283099999999894e+00
1.027243609999999974e+00
1.026305959999999962e+00
1.025525510000000029e+00
1.024782010000000021e+00
1.023835499999999898e+00
1.022731430000000108e+00
1.021966060000000009e+00
1.021225810000000012e+00
1.020277770000000084e+00
1.019462370000000062e+00
1.018637479999999984e+00
1.017645520000000081e+00
1.016870930000000062e+00
1.016160629999999898e+00
1.015122829999999921e+00
1.014043129999999904e+00
1.013370880000000085e+00
1.012583889999999931e+00
1.011388959999999893e+00
1.010606850000000057e+00
1.009665699999999999e+00
1.008870010000000095e+00
1.007980190000000054e+00
1.006787600000000005e+00
1.006058490000000027e+00
1.005020840000000026e+00
1.003929129999999947e+00
1.002759560000000105e+00
1.001652280000000061e+00
1.000735659999999916e+00
9.993960299999999908e-01
9.981735600000000153e-01
9.969639900000000221e-01
9.959365700000000210e-01
9.948254100000000211e-01
9.934468899999999714e-01
9.921702799999999600e-01
9.909044000000000185e-01
9.900279899999999689e-01
9.887174199999999580e-01
9.878264700000000120e-01
9.870515600000000500e-01
9.862626599999999577e-01
9.858148599999999595e-01
9.859984099999999918e-01
9.866985299999999626e-01
9.883136200000000038e-01
9.905823299999999554e-01
9.945160499999999848e-01
1.000093890000000041e+00
1.007212669999999921e+00
1.016429419999999917e+00
1.027709860000000086e+00
1.040268640000000078e+00
1.053568920000000020e+00
1.066560320000000006e+00
1.078076990000000013e+00
1.087194159999999910e+00
1.093993219999999988e+00
1.098525619999999980e+00
1.100141059999999893e+00
1.100452409999999936e+00
1.099243280000000045e+00
1.097086709999999909e+00
1.094695430000000025e+00
1.091957850000000008e+00
1.088922850000000109e+00
1.085916930000000002e+00
1.082779809999999898e+00
1.079998629999999959e+00
1.076958239999999956e+00
1.074337209999999931e+00
1.071869949999999960e+00
1.069741730000000057e+00
1.067371419999999960e+00
1.065323870000000062e+00
1.063324259999999910e+00
1.061520440000000010e+00
1.059489799999999926e+00
1.058017200000000102e+00
1.056395420000000085e+00
1.055136840000000076e+00
1.053578439999999894e+00
1.052313229999999988e+00
1.051157539999999946e+00
1.049574159999999923e+00
1.048752829999999969e+00
1.047694539999999952e+00
1.046606850000000088e+00
1.045558519999999936e+00
1.044366780000000050e+00
1.043747430000000032e+00
1.042773100000000008e+00
1.041804230000000109e+00
1.041468899999999920e+00
1.040173199999999909e+00
1.039666399999999991e+00
1.038847990000000054e+00
1.038007820000000025e+00
1.037460950000000048e+00
1.036805140000000014e+00
1.036227570000000098e+00
1.035701980000000022e+00
1.034853129999999899e+00
1.034386449999999957e+00
1.033717219999999992e+00
1.033241889999999996e+00
1.032620649999999918e+00
1.032281350000000097e+00
1.031780719999999985e+00
1.031162879999999893e+00
1.030823700000000009e+00
1.030361569999999949e+00
1.029913529999999966e+00
1.029503920000000017e+00
1.029365990000000064e+00
1.028841619999999901e+00
1.028572220000000037e+00
1.028398190000000101e+00
1.028220080000000092e+00
1.027963439999999951e+00
1.027971170000000045e+00
1.027944680000000055e+00
1.028064979999999906e+00
1.028102159999999987e+00
1.028505940000000063e+00
1.029254949999999891e+00
1.029520629999999937e+00
1.030393930000000013e+00
1.031117770000000045e+00
1.032033710000000104e+00
1.033259139999999965e+00
1.034225670000000097e+00
1.034942589999999996e+00
1.035604329999999962e+00
1.036400090000000107e+00
1.036768279999999987e+00
1.036623770000000055e+00
1.036627250000000000e+00
1.036263869999999976e+00
1.035727250000000099e+00
1.035358980000000040e+00
1.034625069999999925e+00
1.033958420000000045e+00
1.033112180000000047e+00
1.032733069999999920e+00
1.031892610000000099e+00
1.031614180000000047e+00
1.030786970000000080e+00
1.030059819999999959e+00
1.029386799999999935e+00
1.028909939999999912e+00
1.028529830000000089e+00
1.027819430000000089e+00
1.027276379999999989e+00
1.026908209999999988e+00
1.026414109999999935e+00
1.026122959999999917e+00
1.025734860000000026e+00
1.025205069999999941e+00
1.024770839999999961e+00
1.024257380000000106e+00
1.024181269999999921e+00
1.023681499999999911e+00
1.023464069999999948e+00
1.023109009999999985e+00
1.022782470000000110e+00
1.022507700000000019e+00
1.022051720000000108e+00
1.021918850000000045e+00
1.021699700000000099e+00
1.021357019999999949e+00
1.021024919999999891e+00
1.020816890000000088e+00
1.020556680000000105e+00
1.020073879999999988e+00
1.020005889999999971e+00
1.019819129999999907e+00
1.019493830000000045e+00
1.019198669999999973e+00
1.018946209999999963e+00
1.018943399999999944e+00
1.018659259999999955e+00
1.018441359999999962e+00
1.018187549999999941e+00
1.017960079999999934e+00
1.017544599999999910e+00
1.017431739999999918e+00
1.017156270000000085e+00
1.017174540000000071e+00
1.016792240000000014e+00
1.016561150000000024e+00
1.016337199999999941e+00
1.016208409999999951e+00
1.015862169999999898e+00
1.015604109999999949e+00
1.015601179999999992e+00
1.015523160000000091e+00
1.015333129999999917e+00
1.014804999999999957e+00
1.014668289999999917e+00
1.014623210000000109e+00
1.014360900000000010e+00
1.014143859999999897e+00
1.013983859999999959e+00
1.013896909999999929e+00
1.013686829999999928e+00
1.013348270000000051e+00
1.013329790000000008e+00
1.012824390000000019e+00
1.012644649999999924e+00
1.012530630000000098e+00
1.012753639999999900e+00
1.012150309999999998e+00
1.011960919999999930e+00
1.011833479999999952e+00
1.012104160000000030e+00
1.011394759999999948e+00
1.011400269999999990e+00
1.011201400000000028e+00
1.010912590000000000e+00
1.010713310000000087e+00
1.010710889999999917e+00
1.010418889999999958e+00
1.010239689999999912e+00
1.010082439999999915e+00
1.010186779999999951e+00
1.010013290000000064e+00
1.009969530000000004e+00
1.009644849999999927e+00
1.009820799999999963e+00
1.009662110000000057e+00
1.009630540000000076e+00
1.009641479999999980e+00
1.009788880000000111e+00
1.009772370000000086e+00
1.009939240000000016e+00
1.010230940000000022e+00
1.010386220000000002e+00
1.010632680000000061e+00
1.011099039999999949e+00
1.011681100000000111e+00
1.011987060000000049e+00
1.012923999999999936e+00
1.013975859999999951e+00
1.014955520000000000e+00
1.015915319999999955e+00
1.016958470000000059e+00
1.018034179999999900e+00
1.018895040000000085e+00
1.019877619999999929e+00
1.021032429999999991e+00
1.021476690000000076e+00
1.021865840000000025e+00
1.022185160000000037e+00
1.022357689999999986e+00
1.022345789999999921e+00
1.022320780000000040e+00
1.021905550000000051e+00
1.021543440000000080e+00
1.021316719999999956e+00
1.020655279999999943e+00
1.020080410000000048e+00
1.019474900000000073e+00
1.018983699999999937e+00
1.018408970000000080e+00
1.018001469999999964e+00
1.017283919999999897e+00
1.016760330000000101e+00
1.016180890000000003e+00
1.015817930000000091e+00
1.015416300000000049e+00
1.014734009999999964e+00
1.014372709999999955e+00
1.013845380000000018e+00
1.013550809999999913e+00
1.013105469999999952e+00
1.012730979999999947e+00
1.012139279999999975e+00
1.011961029999999928e+00
1.011643480000000039e+00
1.011153020000000069e+00
1.010614869999999943e+00
1.010143299999999966e+00
1.010115239999999970e+00
1.009809989999999935e+00
1.009393729999999989e+00
1.008997329999999915e+00
1.008797619999999950e+00
1.008280059999999922e+00
1.008134529999999973e+00
1.007850039999999892e+00
1.007409240000000095e+00
1.007282739999999954e+00
1.006793980000000088e+00
1.006548109999999996e+00
1.006024929999999928e+00
1.005854639999999911e+00
1.005594080000000057e+00
1.005262780000000022e+00
1.004912210000000083e+00
1.004578500000000041e+00
1.004234960000000010e+00
1.003841289999999997e+00
1.003516230000000009e+00
1.003123980000000026e+00
1.002958540000000065e+00
1.002616710000000078e+00
1.002289460000000076e+00
1.001999450000000014e+00
1.001504949999999949e+00
1.001334560000000096e+00
1.000898859999999946e+00
1.000725630000000033e+00
1.000281720000000041e+00
9.999230900000000144e-01
9.993470500000000145e-01
9.991723799999999711e-01
9.986743599999999832e-01
9.983230499999999896e-01
9.978587100000000376e-01
9.973830000000000195e-01
9.972237499999999644e-01
9.967613300000000010e-01
9.963778199999999696e-01
9.960022800000000176e-01
9.952711100000000144e-01
9.950160500000000408e-01
9.945543100000000525e-01
9.940528199999999481e-01
9.937173500000000548e-01
9.931387400000000198e-01
9.927119699999999991e-01
9.922757300000000225e-01
9.917280899999999511e-01
9.913212099999999527e-01
9.907554899999999609e-01
9.903063399999999517e-01
9.898182100000000316e-01
9.893181100000000283e-01
9.887155300000000091e-01
9.884756399999999887e-01
9.876921600000000412e-01
9.874642500000000434e-01
9.870722800000000241e-01
9.865549099999999516e-01
9.862697599999999953e-01
9.860354999999999537e-01
9.859201300000000057e-01
9.857909599999999939e-01
9.854630899999999860e-01
9.857996799999999560e-01
9.859883999999999871e-01
9.864133499999999666e-01
9.872017800000000287e-01
9.882812399999999498e-01
9.895031499999999980e-01
9.910437199999999613e-01
9.932313000000000391e-01
9.960396599999999934e-01
9.989089399999999674e-01
1.002538649999999976e+00
1.006798150000000058e+00
1.011449059999999900e+00
1.016724380000000094e+00
1.022575149999999988e+00
1.028602809999999979e+00
1.034479630000000094e+00
1.040617579999999931e+00
1.046310080000000031e+00
1.051741709999999941e+00
1.056403879999999962e+00
1.060632180000000035e+00
1.063826259999999913e+00
1.066429850000000012e+00
1.068266469999999968e+00
1.069622279999999925e+00
1.070501240000000021e+00
1.070906300000000089e+00
1.070515859999999986e+00
1.070176199999999911e+00
1.069415970000000105e+00
1.068540070000000064e+00
1.067524160000000055e+00
1.066551040000000006e+00
1.065281209999999978e+00
1.063891010000000081e+00
1.062754470000000007e+00
1.061424909999999944e+00
1.060047200000000078e+00
1.058857830000000000e+00
1.057643520000000059e+00
1.056338730000000004e+00
1.055151979999999989e+00
1.054075979999999912e+00
1.053143589999999907e+00
1.051980149999999892e+00
1.050876869999999963e+00
1.049872590000000105e+00
1.049044319999999919e+00
1.047991279999999970e+00
1.047124960000000105e+00
1.046308629999999962e+00
1.045523889999999900e+00
1.044891479999999984e+00
1.044077520000000092e+00
1.043308439999999893e+00
1.042694259999999984e+00
1.041851059999999940e+00
1.041398049999999964e+00
1.040556320000000090e+00
1.040146060000000094e+00
1.039358639999999889e+00
1.038749479999999892e+00
1.038332980000000072e+00
1.037867069999999892e+00
1.037137879999999956e+00
1.036660069999999934e+00
1.036112450000000074e+00
1.035886890000000005e+00
1.035481829999999936e+00
1.034805750000000080e+00
1.034642510000000071e+00
1.034294129999999923e+00
1.033698809999999968e+00
1.033549829999999892e+00
1.032916570000000034e+00
1.032727860000000053e+00
1.032243760000000066e+00
1.032105639999999935e+00
1.031488079999999918e+00
1.031398919999999997e+00
1.031182049999999961e+00
1.030851830000000025e+00
1.030491370000000018e+00
