9.489056007232709034e-01
9.497275477334414795e-01
9.612319078624573798e-01
9.971310184344271965e-01
9.988521823005549471e-01
9.843581766030580216e-01
9.753742798765009381e-01
9.700360790233508723e-01
9.665480523146139369e-01
9.640564549581035481e-01
9.621448712380114010e-01
9.605934293899333065e-01
9.592769887442881283e-01
9.581196373295109980e-01
9.570727956597311348e-01
9.561039307707022150e-01
9.551903807088005793e-01
9.543157973095999225e-01
9.534680044789065612e-01
9.526376581428006585e-01
9.518173788819525027e-01
9.510011731907729304e-01
9.501840364076262757e-01
9.493616730378211521e-01
9.485302946511693367e-01
9.476864699971481176e-01
9.468270107684541026e-01
9.459488819140761118e-01
9.450491288794296008e-01
9.441248163976861951e-01
9.431729749253104922e-01
9.421905517791733242e-01
9.411743646603037972e-01
9.401210556446738531e-01
9.390270439491218424e-01
9.378884758799945764e-01
9.367011703656137334e-01
9.354605583712292116e-01
9.341616142969501047e-01
9.327987771567215480e-01
9.313658589122244535e-01
9.298559367617960092e-01
9.282612254202498026e-01
9.265729244128684261e-01
9.247810340643073390e-01
9.228741320761323363e-01
9.208391001935027909e-01
9.186607872321786994e-01
9.163215903417092356e-01
9.138009303413766604e-01
9.110745885821663892e-01
9.081138610237657893e-01
9.048844685167661828e-01
9.013451382920644184e-01
8.974457367730186430e-01
8.931247824548002034e-01
8.883060910258626652e-01
8.828941895076567459e-01
8.767679607785419105e-01
8.697717123881107959e-01
8.617024592305777553e-01
8.522916197878080968e-01
8.411785558690921816e-01
8.278727514738395410e-01
8.117025969197103619e-01
7.917590604509164853e-01
7.668938840604386797e-01
7.360705680068082568e-01
7.005215491240658343e-01
6.750724838429674746e-01
7.410907170754441609e-01
1.108418736551106232e+00
1.463200416035630891e+00
1.440708021039298847e+00
1.340904701359667550e+00
1.261807440906550726e+00
1.205683005269616803e+00
1.165304527924785560e+00
1.135274797111475831e+00
1.112191701537198263e+00
1.093924315622838650e+00
1.079102571707028613e+00
1.066816639261885635e+00
1.056442982453331902e+00
1.047541793125262188e+00
1.039794754954636247e+00
1.032966125110624356e+00
1.026877684666154478e+00
1.021392178919258154e+00
1.016402099454529750e+00
1.011821913727335653e+00
1.007582572062561521e+00
1.003627551285188435e+00
9.999099552012056247e-01
9.963903545701383591e-01
9.930351524952300002e-01
9.898153281527505287e-01
9.867054560314020284e-01
9.836829275582349430e-01
9.807273222158716663e-01
9.778198891952994964e-01
9.749431103185105529e-01
9.720803217294944343e-01
9.692153765598526816e-01
9.663323340023743935e-01
9.634151623548455889e-01
9.604474448807157616e-01
9.574120779395596248e-01
9.542909508776367122e-01
9.510645967125590516e-01
9.477118017620953516e-01
9.442091611454249689e-01
9.405305656951934434e-01
9.366466046113739452e-01
9.325238678895269029e-01
9.281241346465447517e-01
9.234034409259811449e-01
9.183110393658724391e-01
9.127883052606520220e-01
9.067677333784232019e-01
9.001723573646076559e-01
8.929163129606905169e-01
8.849080795295227730e-01
8.760596537021875241e-01
8.663086032612884457e-01
8.556680253347596077e-01
8.443373237165168188e-01
8.329463182955944012e-01
8.230893587969305703e-01
8.184577788943048215e-01
8.269834982955731606e-01
8.634690885973619334e-01
9.466164668061418652e-01
1.075465438437727794e+00
1.201804365144060638e+00
1.272670512427898082e+00
1.287343074027228695e+00
1.272175152867073500e+00
1.246985638550519138e+00
1.220895087156487202e+00
1.197114436250953151e+00
1.176394541462840060e+00
1.158606139256368905e+00
1.143364424803943846e+00
1.130256011426791884e+00
1.118912007020152144e+00
1.109024207407286022e+00
1.100341765788805048e+00
1.092662391105933439e+00
1.085823120511028694e+00
1.079692265381324123e+00
1.074162850315708129e+00
1.069147426191989103e+00
1.064574021229019118e+00
1.060382992907437982e+00
1.056524578480135368e+00
1.052956982561758403e+00
1.049644876713561104e+00
1.046558215521162127e+00
1.043671296662517012e+00
1.040962009972157265e+00
1.038411233706137748e+00
1.036002346125935336e+00
1.033720827967163469e+00
1.031553936967222862e+00
1.029490439865046403e+00
1.027520390505066272e+00
1.025634945134388687e+00
1.023826207867542193e+00
1.022087100747987254e+00
1.020411253964444098e+00
1.018792912660867467e+00
1.017226857469832435e+00
1.015708336443994719e+00
1.014233006492209821e+00
1.012796882770978124e+00
1.011396294757283210e+00
1.010027847950332180e+00
1.008688390328519757e+00
1.007374982832901722e+00
1.006084873266457347e+00
1.004815473094730738e+00
1.003564336712343685e+00
1.002329142804613493e+00
1.001107677486764214e+00
9.998978189470392186e-01
9.986975233560759779e-01
9.975048118345156700e-01
9.963177582950362154e-01
9.951344779946679209e-01
9.939531166490274128e-01
9.927718399725409260e-01
9.915888235181867794e-01
9.904022426971319515e-01
9.892102628630450312e-01
9.880110293480179884e-01
9.868026573369998999e-01
9.855832214654467460e-01
9.843507450204931342e-01
9.831031886192451719e-01
9.818384382286049483e-01
9.805542923791358279e-01
9.792484484105273834e-01
9.779184875678225142e-01
9.765618587451897481e-01
9.751758606470358748e-01
9.737576221038340973e-01
9.723040802412401540e-01
9.708119561546528775e-01
9.692777276859121383e-01
9.676975988324901801e-01
9.660674652401518570e-01
9.643828751349515782e-01
9.626389849363288231e-01
9.608305086559856267e-01
9.589516600223289000e-01
9.569960860716746343e-01
9.549567907080734885e-01
9.528260464450802880e-01
9.505952921951369428e-01
9.482550145539966335e-01
9.457946095260807429e-01
9.432022210385085925e-01
9.404645518845116126e-01
9.375666419131368778e-01
9.344916073443233495e-01
9.312203340619694680e-01
9.277311166923009056e-01
9.239992343649310325e-01
9.199964535910077901e-01
9.156904492790628458e-01
9.110441376832221216e-01
9.060149221711127909e-01
9.005538680887557046e-01
8.946048541391944386e-01
8.881038086396675357e-01
8.809782565736286042e-01
8.731476292163804498e-01
8.645252234657392343e-01
8.550235436884013884e-01
8.445664188113867210e-01
8.331145812939679818e-01
8.207179855162994864e-01
8.076213317112301837e-01
7.944751264949935221e-01
7.827518829265426303e-01
7.755357570972584158e-01
7.788687655998485226e-01
8.033922746251677127e-01
8.639016938937469359e-01
9.701403854491413847e-01
1.106605124978636612e+00
1.229397675349211516e+00
1.303904216606776023e+00
1.330280088050459941e+00
1.326514861487701147e+00
1.308690656511724892e+00
1.286148439138934396e+00
1.263327343376094092e+00
1.242041797610910603e+00
1.222870819780336848e+00
1.205857942546641581e+00
1.190837468244823727e+00
1.177580087853790980e+00
1.165855186703927515e+00
1.155455955359430131e+00
1.146208936472292494e+00
1.137978457205663707e+00
1.130671089240115057e+00
1.124240353840502138e+00
1.118678283183317301e+00
1.113947645146180276e+00
1.109816958961149291e+00
1.105818263211342023e+00
1.101637216013545473e+00
1.097366517164742428e+00
1.093226337179435959e+00
1.089339413456230643e+00
1.085733719802809638e+00
1.082394496006930051e+00
1.079294624758958099e+00
1.076406440475710991e+00
1.073705256958141119e+00
1.071169926811093909e+00
1.068782502311484084e+00
1.066527711308631332e+00
1.064392467005261578e+00
1.062365462491461354e+00
1.060436848636013174e+00
1.058597980847224562e+00
1.056841219499991436e+00
1.055159771379980516e+00
1.053547562397915138e+00
1.051999134272653347e+00
1.050509559756115818e+00
1.049074372357476248e+00
1.047689507533275055e+00
1.046351253044872198e+00
1.045056206722132730e+00
1.043801240268627639e+00
1.042583468038853267e+00
1.041400219940225025e+00
1.040249017781766039e+00
1.039127554521580565e+00
1.038033675966426372e+00
1.036965364556245106e+00
1.035920724929612957e+00
1.034897971016647045e+00
1.033895414446803995e+00
1.032911454092426462e+00
1.031944566596505908e+00
1.030993297756236604e+00
1.030056254653604730e+00
1.029132098441384091e+00
1.028219537708296549e+00
1.027317322361533281e+00
1.026424237979185916e+00
1.025539100600400655e+00
1.024660751938571535e+00
1.023788055024454025e+00
1.022919890314257785e+00
1.022055152336386108e+00
1.021192747005014612e+00
1.020331589807101036e+00
1.019470605182645428e+00
1.018608727579663364e+00
1.017744904887700974e+00
1.016878105233554486e+00
1.016007328398023102e+00
1.015131623146040551e+00
1.014250110856254938e+00
1.013362012206972418e+00
1.012466663403058353e+00
1.011563484949083547e+00
1.010651825744479648e+00
1.009730575791246032e+00
1.008797539499430185e+00
1.007848958675537698e+00
1.006880017513067216e+00
1.005886578390172925e+00
1.004866753257871448e+00
1.003820819062665182e+00
1.002749981662149681e+00
1.001655381735632400e+00
1.000537840618024310e+00
9.993980772181185745e-01
9.982370809420383351e-01
9.970565122246232148e-01
9.958591264528506848e-01
9.946492636866806070e-01
9.934334606099324283e-01
9.922212496065728748e-01
9.910262224476350523e-01
9.898674550860606658e-01
9.887714150186857065e-01
9.877745008040488273e-01
9.869263873347625671e-01
9.862943535801713679e-01
9.859687163533732424e-01
9.860693151143880009e-01
9.867525647724842974e-01
9.882177171034077778e-01
9.907093877071497801e-01
9.945109318724379976e-01
9.999202162864211374e-01
1.007197482617237183e+00
1.016478615744092595e+00
1.027662490601251477e+00
1.040310331371056662e+00
1.053623548848056091e+00
1.066558607850399909e+00
1.078067982785531953e+00
1.087363868938018285e+00
1.094075052505453449e+00
1.098240887988614523e+00
1.100187301410650687e+00
1.100372174912954693e+00
1.099263668811801375e+00
1.097271169387482148e+00
1.094719871941025824e+00
1.091851657725269265e+00
1.088837793608211424e+00
1.085794632589355935e+00
1.082798071909651716e+00
1.079895285671915062e+00
1.077113609624609225e+00
1.074466991447806219e+00
1.071960546180039220e+00
1.069593711939742509e+00
1.067362403995816056e+00
1.065260466426970476e+00
1.063280637846397925e+00
1.061415184181271121e+00
1.059656305056997594e+00
1.057996387300297991e+00
1.056428155969113103e+00
1.054944757323409865e+00
1.053539797149823931e+00
1.052207350314806389e+00
1.050941952267278046e+00
1.049738579693746177e+00
1.048592625130441602e+00
1.047499868704620640e+00
1.046456449068853711e+00
1.045458834842595941e+00
1.044503797371654885e+00
1.043588385281080333e+00
1.042709901077694568e+00
1.041865879918817628e+00
1.041054070579056079e+00
1.040272418600577842e+00
1.039519051592775467e+00
1.038792266647219797e+00
1.038090519848573479e+00
1.037412417888960103e+00
1.036756711830910227e+00
1.036122293112378134e+00
1.035508191947388745e+00
1.034913578349479613e+00
1.034337766094961752e+00
1.033780220052701759e+00
1.033240567440983249e+00
1.032718613735038815e+00
1.032214364146380348e+00
1.031728051831856785e+00
1.031260174269147400e+00
1.030811539553756262e+00
1.030383324717647486e+00
1.029977148508599116e+00
1.029595161333175080e+00
1.029240155122703948e+00
1.028915695491608995e+00
1.028626277306246894e+00
1.028377501978704256e+00
1.028176269337927051e+00
1.028030967131841500e+00
1.027951624719537715e+00
1.027949971415103914e+00
1.028039301597502453e+00
1.028233998020457785e+00
1.028548509247240172e+00
1.028995540660756491e+00
1.029583252322888054e+00
1.030311443930379767e+00
1.031167136023806385e+00
1.032120634600858677e+00
1.033123869997696342e+00
1.034112984984470796e+00
1.035016168269939918e+00
1.035765510486078567e+00
1.036309281016872585e+00
1.036620255204876884e+00
1.036697421440764266e+00
1.036561468813812947e+00
1.036246805801001925e+00
1.035793303083698769e+00
1.035239892028223307e+00
1.034620712781725516e+00
1.033963497499770456e+00
1.033289473971863215e+00
1.032614093319063509e+00
1.031948076706018957e+00
1.031298481195711325e+00
1.030669639600706899e+00
1.030063925177830519e+00
1.029482342705869247e+00
1.028924969431938230e+00
1.028391275466377985e+00
1.027880351717568086e+00
1.027391069054361505e+00
1.026922187416345222e+00
1.026472429088332472e+00
1.026040526655617180e+00
1.025625253279693005e+00
1.025225440771957874e+00
1.024839989353584890e+00
1.024467871839033428e+00
1.024108134156358929e+00
1.023759893531532406e+00
1.023422335249939641e+00
1.023094708617111825e+00
1.022776322536945059e+00
1.022466540983684835e+00
1.022164778545549879e+00
1.021870496150106167e+00
1.021583197035249579e+00
1.021302422998438431e+00
1.021027750936083001e+00
1.020758789671550870e+00
1.020495177061828684e+00
1.020236577367905628e+00
1.019982678871310888e+00
1.019733191718172671e+00
1.019487845972126605e+00
1.019246389858011081e+00
1.019008588179312502e+00
1.018774220893554405e+00
1.018543081831179808e+00
1.018314977544857225e+00
1.018089726277515927e+00
1.017867157038741865e+00
1.017647108780443954e+00
1.017429429663918361e+00
1.017213976411592613e+00
1.017000613737851111e+00
1.016789213854404794e+00
1.016579656046718849e+00
1.016371826319045768e+00
1.016165617106646879e+00
1.015960927054860186e+00
1.015757660865778567e+00
1.015555729214498326e+00
1.015355048738184829e+00
1.015155542102625708e+00
1.014957138152545735e+00
1.014759772153772222e+00
1.014563386137425249e+00
1.014367929358744869e+00
1.014173358885987142e+00
1.013979640338178667e+00
1.013786748794460069e+00
1.013594669902458723e+00
1.013403401218729849e+00
1.013212953821021722e+00
1.013023354240154550e+00
1.012834646768969726e+00
1.012646896217421544e+00
1.012460191196858927e+00
1.012274648033382629e+00
1.012090415430402013e+00
1.011907680024854095e+00
1.011726673010730160e+00
1.011547678038445142e+00
1.011371040640099306e+00
1.011197179479758956e+00
1.011026599785344704e+00
1.010859909385111388e+00
1.010697837846972202e+00
1.010541259301826145e+00
1.010391219619391601e+00
1.010248968690235394e+00
1.010115998638688506e+00
1.009994088827449898e+00
1.009885358481795281e+00
1.009792327604896567e+00
1.009717986491066588e+00
1.009665873442457507e+00
1.009640159068124765e+00
1.009645733524534128e+00
1.009688289880873002e+00
1.009774392003444765e+00
1.009911508439804484e+00
1.010107984309254636e+00
1.010372911104923555e+00
1.010715840448134228e+00
1.011146274933938605e+00
1.011672863136637401e+00
1.012302236876613692e+00
1.013037471766633280e+00
1.013876242895915603e+00
1.014808894058085498e+00
1.015816823792467849e+00
1.016871753588588279e+00
1.017936475797648344e+00
1.018967466929801446e+00
1.019919261546507139e+00
1.020749845241283094e+00
1.021425834042213543e+00
1.021926155979239192e+00
1.022243416814620165e+00
1.022382893925343206e+00
1.022359784178989761e+00
1.022195656329323965e+00
1.021914989690276832e+00
1.021542372524141262e+00
1.021100582882743524e+00
1.020609511445490503e+00
1.020085748042428575e+00
1.019542618235522502e+00
1.018990481004375726e+00
1.018437146516732561e+00
1.017888321562796516e+00
1.017348029404986365e+00
1.016818978300493947e+00
1.016302870287887794e+00
1.015800651635815566e+00
1.015312711158497416e+00
1.014839034370081272e+00
1.014379321531409417e+00
1.013933076896984309e+00
1.013499675403283895e+00
1.013078411927917477e+00
1.012668537227349841e+00
1.012269283782811558e+00
1.011879884059794898e+00
1.011499583105240907e+00
1.011127646948647651e+00
1.010763367917471456e+00
1.010406067703316868e+00
1.010055098806171836e+00
1.009709844824958846e+00
1.009369719942410759e+00
1.009034167861616815e+00
1.008702660383456795e+00
1.008374695763086359e+00
1.008049796945493126e+00
1.007727509751727979e+00
1.007407401066349628e+00
1.007089057061052007e+00
1.006772081478036096e+00
1.006456093988392642e+00
1.006140728634792758e+00
1.005825632363599009e+00
1.005510463648614516e+00
1.005194891206823371e+00
1.004878592805339865e+00
1.004561254158251815e+00
1.004242567911947770e+00
1.003922232717791019e+00
1.003599952391575734e+00
1.003275435160029927e+00
1.002948392995710813e+00
1.002618541042945788e+00
1.002285597139040529e+00
1.001949281436812722e+00
1.001609316136653716e+00
1.001265425338835113e+00
1.000917335029709809e+00
1.000564773218899806e+00
1.000207470248621666e+00
9.998451593010840854e-01
9.994775771355667304e-01
9.991044650935304583e-01
9.987255704181491334e-01
9.983406479442460402e-01
9.979494622261229075e-01
9.975517901845514235e-01
9.971474243707907359e-01
9.967361769654408121e-01
9.963178846540130529e-01
9.958924145501434344e-01
9.954596713724640500e-01
9.950196061235907496e-01
9.945722265710252863e-01
9.941176098919047854e-01
9.936559179187224311e-01
9.931874155140854032e-01
9.927124927124436615e-01
9.922316913992649257e-01
9.917457374575718854e-01
9.912555795029128758e-01
9.907624355558287688e-01
9.902678492709574565e-01
9.897737576587761765e-01
9.892825726028899869e-01
9.887972788927065215e-01
9.883215519524374271e-01
9.878598989363848171e-01
9.874178273442065779e-01
9.870020457277876025e-01
9.866207013104714152e-01
9.862836592521067036e-01
9.860028276062635655e-01
9.857925303277439433e-01
9.856699274060219951e-01
9.856554754762095749e-01
9.857734129327011541e-01
9.860522391396671082e-01
9.865251360156014337e-01
9.872302502645156075e-01
9.882107146423572130e-01
9.895142375498757747e-01
9.911920365906272679e-01
9.932968453133355080e-01
9.958797057910673267e-01
9.989853089954896515e-01
1.002645807193494276e+00
1.006873342813666694e+00
1.011652029518590457e+00
1.016930719860613674e+00
1.022618418573603360e+00
1.028584358795155085e+00
1.034664249083732335e+00
1.040672911542344536e+00
1.046421740034004122e+00
1.051737776577280181e+00
1.056480493458602510e+00
1.060552975634823758e+00
1.063905875067192586e+00
1.066534504385783899e+00
1.068470955914309517e+00
1.069773751153306973e+00
1.070517302856624609e+00
1.070782761875873179e+00
1.070651013618373781e+00
1.070197940765272859e+00
1.069491671119816800e+00
1.068591358572885008e+00
1.067547029562708527e+00
1.066400094149773548e+00
1.065184216435388853e+00
1.063926332327392865e+00
1.062647679591988137e+00
1.061364762293010688e+00
1.060090210960527690e+00
1.058833524925809400e+00
1.057601698130800072e+00
1.056399737677764517e+00
1.055231087933798939e+00
1.054097973908881380e+00
1.053001677059576702e+00
1.051942755378406424e+00
1.050921218060915985e+00
1.049936663454183572e+00
1.048988387515181531e+00
1.048075468704124935e+00
1.047196834123188092e+00
1.046351310778108168e+00
1.045537665071529787e+00
1.044754633010593459e+00
1.044000943105027446e+00
1.043275333525303772e+00
1.042576564765124836e+00
1.041903428793163888e+00
1.041254755472736271e+00
1.040629416864300438e+00
1.040026329895832102e+00
1.039444457783204712e+00
1.038882810501238874e+00
1.038340444541581364e+00
1.037816462142547413e+00
1.037310010135693128e+00
1.036820278521967564e+00
1.036346498865069243e+00
1.035887942569697628e+00
1.035443919096676879e+00
1.035013774154514454e+00
1.034596887897206052e+00
1.034192673150427400e+00
1.033800573682231327e+00
1.033420062529682326e+00
1.033050640389194363e+00
1.032691834075504245e+00
1.032343195052040974e+00
1.032004298033776024e+00
1.031674739662391538e+00
1.031354137252660674e+00
1.031042127608257974e+00
1.030738365904724230e+00
1.030442524636982826e+00
