1.008633232680278935e+00 0.000000000000000000e+00
1.008570082354494524e+00 0.000000000000000000e+00
1.008504879323402825e+00 0.000000000000000000e+00
1.008437520969492907e+00 0.000000000000000000e+00
1.008367897716370809e+00 0.000000000000000000e+00
1.008295892429599050e+00 0.000000000000000000e+00
1.008221379754659308e+00 0.000000000000000000e+00
1.008144225384218551e+00 0.000000000000000000e+00
1.008064285245741765e+00 0.000000000000000000e+00
1.007981404599184394e+00 0.000000000000000000e+00
1.007895417032951713e+00 0.000000000000000000e+00
1.007806143344511352e+00 0.000000000000000000e+00
1.007713390289922017e+00 0.000000000000000000e+00
1.007616949184047872e+00 0.000000000000000000e+00
1.007516594330267301e+00 0.000000000000000000e+00
1.007412081254990488e+00 0.000000000000000000e+00
1.007303144718127763e+00 0.000000000000000000e+00
1.007189496465678236e+00 0.000000000000000000e+00
1.007070822684652978e+00 0.000000000000000000e+00
1.006946781113375433e+00 0.000000000000000000e+00
1.006816997751558862e+00 0.000000000000000000e+00
1.006681063104078788e+00 0.000000000000000000e+00
1.006538527879599743e+00 0.000000000000000000e+00
1.006388898049629166e+00 0.000000000000000000e+00
1.006231629154424878e+00 0.000000000000000000e+00
1.006066119718558527e+00 0.000000000000000000e+00
1.005891703609659071e+00 0.000000000000000000e+00
1.005707641137332020e+00 0.000000000000000000e+00
1.005513108643500964e+00 0.000000000000000000e+00
1.005307186277706544e+00 0.000000000000000000e+00
1.005088843577703228e+00 0.000000000000000000e+00
1.004856922382244777e+00 0.000000000000000000e+00
1.004610116482805848e+00 0.000000000000000000e+00
1.004346947265435830e+00 0.000000000000000000e+00
1.004065734390969133e+00 0.000000000000000000e+00
1.003764560294821750e+00 0.000000000000000000e+00
1.003441226933346808e+00 0.000000000000000000e+00
1.003093202729305355e+00 0.000000000000000000e+00
1.002717557027431816e+00 0.000000000000000000e+00
1.002310878494191870e+00 0.000000000000000000e+00
1.001869172683785170e+00 0.000000000000000000e+00
1.001387732296529220e+00 0.000000000000000000e+00
1.000860971251538167e+00 0.000000000000000000e+00
1.000282210238357727e+00 0.000000000000000000e+00
9.996433963634706599e-01 0.000000000000000000e+00
9.989347320095081084e-01 0.000000000000000000e+00
9.981441766823684336e-01 0.000000000000000000e+00
9.972567681119469674e-01 0.000000000000000000e+00
9.962536812314225498e-01 0.000000000000000000e+00
9.951108989277671624e-01 0.000000000000000000e+00
9.937972940244672593e-01 0.000000000000000000e+00
9.922717941736378666e-01 0.000000000000000000e+00
9.904790740329162402e-01 0.000000000000000000e+00
9.883427980132534207e-01 0.000000000000000000e+00
9.857546192336337221e-01 0.000000000000000000e+00
9.825554626690465865e-01 0.000000000000000000e+00
9.785019448059206759e-01 0.000000000000000000e+00
9.732020612611135268e-01 0.000000000000000000e+00
9.659814288134658256e-01 0.000000000000000000e+00
9.555734048444916029e-01 0.000000000000000000e+00
9.392864818864146148e-01 0.000000000000000000e+00
9.102179593319812412e-01 0.000000000000000000e+00
8.437304021976342883e-01 0.000000000000000000e+00
5.382580558584606489e-01 0.000000000000000000e+00
1.612340505199989948e+00 0.000000000000000000e+00
1.197856908934894271e+00 0.000000000000000000e+00
1.122794559403994974e+00 0.000000000000000000e+00
1.091415230456759256e+00 0.000000000000000000e+00
1.074235451190387325e+00 0.000000000000000000e+00
1.063441664081448579e+00 0.000000000000000000e+00
1.056074385609806932e+00 0.000000000000000000e+00
1.050768449618114664e+00 0.000000000000000000e+00
1.046810286715091465e+00 0.000000000000000000e+00
1.043794928000805200e+00 0.000000000000000000e+00
1.041481208503034495e+00 0.000000000000000000e+00
1.039724758063466759e+00 0.000000000000000000e+00
1.038446580951815745e+00 0.000000000000000000e+00
1.037621867842975609e+00 0.000000000000000000e+00
1.037286347464712932e+00 0.000000000000000000e+00
1.037570235890926229e+00 0.000000000000000000e+00
1.038801649041712460e+00 0.000000000000000000e+00
1.041852634896984542e+00 0.000000000000000000e+00
1.049727676526641007e+00 0.000000000000000000e+00
1.083050111336844923e+00 0.000000000000000000e+00
8.989577689991640197e-01 0.000000000000000000e+00
9.942442577278353122e-01 0.000000000000000000e+00
1.006672004504312934e+00 0.000000000000000000e+00
1.011306001083217554e+00 0.000000000000000000e+00
1.013593636200420089e+00 0.000000000000000000e+00
1.014877918978315030e+00 0.000000000000000000e+00
1.015648598050925555e+00 0.000000000000000000e+00
1.016125890270477727e+00 0.000000000000000000e+00
1.016422844287972138e+00 0.000000000000000000e+00
1.016603056592244814e+00 0.000000000000000000e+00
1.016704777525539338e+00 0.000000000000000000e+00
1.016752209698494669e+00 0.000000000000000000e+00
1.016761284338959070e+00 0.000000000000000000e+00
1.016742822208678731e+00 0.000000000000000000e+00
1.016704360453200451e+00 0.000000000000000000e+00
1.016651256854517626e+00 0.000000000000000000e+00
1.016587382750896662e+00 0.000000000000000000e+00
1.016515571816064556e+00 0.000000000000000000e+00
1.016437918675046737e+00 0.000000000000000000e+00
1.016355982275029879e+00 0.000000000000000000e+00
1.016270927203054342e+00 0.000000000000000000e+00
1.016183623609576481e+00 0.000000000000000000e+00
1.016094718933120644e+00 0.000000000000000000e+00
1.016004690048768699e+00 0.000000000000000000e+00
1.015913881590496004e+00 0.000000000000000000e+00
1.015822534351005890e+00 0.000000000000000000e+00
1.015730806451256241e+00 0.000000000000000000e+00
1.015638789161675604e+00 0.000000000000000000e+00
1.015546518705407575e+00 0.000000000000000000e+00
1.015453984991688152e+00 0.000000000000000000e+00
1.015361137957859761e+00 0.000000000000000000e+00
1.015267892004634076e+00 0.000000000000000000e+00
1.015174128866561887e+00 0.000000000000000000e+00
1.015079699151613779e+00 0.000000000000000000e+00
1.014984422698719468e+00 0.000000000000000000e+00
1.014888087831621988e+00 0.000000000000000000e+00
1.014790449524969773e+00 0.000000000000000000e+00
1.014691226438784621e+00 0.000000000000000000e+00
1.014590096715228817e+00 0.000000000000000000e+00
1.014486692361660003e+00 0.000000000000000000e+00
1.014380591960110101e+00 0.000000000000000000e+00
1.014271311337603398e+00 0.000000000000000000e+00
1.014158291693399550e+00 0.000000000000000000e+00
1.014040884493068839e+00 0.000000000000000000e+00
1.013918332183062043e+00 0.000000000000000000e+00
1.013789743419961420e+00 0.000000000000000000e+00
1.013654060995321737e+00 0.000000000000000000e+00
1.013510019891369573e+00 0.000000000000000000e+00
1.013356091800146297e+00 0.000000000000000000e+00
1.013190410777051742e+00 0.000000000000000000e+00
1.013010672144362356e+00 0.000000000000000000e+00
1.012813992742120695e+00 0.000000000000000000e+00
1.012596714148290555e+00 0.000000000000000000e+00
1.012354119765006333e+00 0.000000000000000000e+00
1.012080018349994281e+00 0.000000000000000000e+00
1.011766114178885179e+00 0.000000000000000000e+00
1.011401024415037098e+00 0.000000000000000000e+00
1.010968689415812305e+00 0.000000000000000000e+00
1.010445688212885385e+00 0.000000000000000000e+00
1.009796465426463730e+00 0.000000000000000000e+00
1.008964291441376337e+00 0.000000000000000000e+00
1.007852727020736694e+00 0.000000000000000000e+00
1.006283486106424485e+00 0.000000000000000000e+00
1.003886189305307264e+00 0.000000000000000000e+00
9.997442109012165679e-01 0.000000000000000000e+00
9.907993491543649611e-01 0.000000000000000000e+00
9.568130605638061059e-01 0.000000000000000000e+00
1.158655671727709446e+00 0.000000000000000000e+00
1.047029384440528732e+00 0.000000000000000000e+00
1.032955057633977880e+00 0.000000000000000000e+00
1.027425306090439472e+00 0.000000000000000000e+00
1.024462367289418863e+00 0.000000000000000000e+00
1.022610238077271472e+00 0.000000000000000000e+00
1.021339117570333466e+00 0.000000000000000000e+00
1.020409975983665118e+00 0.000000000000000000e+00
1.019699137383342613e+00 0.000000000000000000e+00
1.019136181275814179e+00 0.000000000000000000e+00
1.018678060262652396e+00 0.000000000000000000e+00
1.018296975141568694e+00 0.000000000000000000e+00
1.017974170353443730e+00 0.000000000000000000e+00
1.017696530983928982e+00 0.000000000000000000e+00
1.017454608774037483e+00 0.000000000000000000e+00
1.017241422828973896e+00 0.000000000000000000e+00
1.017051702085250975e+00 0.000000000000000000e+00
1.016881390663541884e+00 0.000000000000000000e+00
1.016727315481424698e+00 0.000000000000000000e+00
1.016586957235993349e+00 0.000000000000000000e+00
1.016458289087541544e+00 0.000000000000000000e+00
1.016339660779367993e+00 0.000000000000000000e+00
1.016229713919971189e+00 0.000000000000000000e+00
1.016127319056714384e+00 0.000000000000000000e+00
1.016031528255992411e+00 0.000000000000000000e+00
1.015941538892472185e+00 0.000000000000000000e+00
1.015856665656942770e+00 0.000000000000000000e+00
1.015776318668033529e+00 0.000000000000000000e+00
1.015699986170005342e+00 0.000000000000000000e+00
1.015627220712080669e+00 0.000000000000000000e+00
1.015557627995000489e+00 0.000000000000000000e+00
1.015490857776894629e+00 0.000000000000000000e+00
1.015426596379060742e+00 0.000000000000000000e+00
1.015364560440120911e+00 0.000000000000000000e+00
1.015304491646034757e+00 0.000000000000000000e+00
1.015246152221606746e+00 0.000000000000000000e+00
1.015189321012012424e+00 0.000000000000000000e+00
1.015133790014332460e+00 0.000000000000000000e+00
1.015079361241838507e+00 0.000000000000000000e+00
1.015025843819630680e+00 0.000000000000000000e+00
1.014973051220422029e+00 0.000000000000000000e+00
1.014920798554517445e+00 0.000000000000000000e+00
1.014868899828663684e+00 0.000000000000000000e+00
1.014817165084374251e+00 0.000000000000000000e+00
1.014765397317098916e+00 0.000000000000000000e+00
1.014713389062263715e+00 0.000000000000000000e+00
1.014660918511189225e+00 0.000000000000000000e+00
1.014607744986876670e+00 0.000000000000000000e+00
1.014553603563033812e+00 0.000000000000000000e+00
1.014498198544296459e+00 0.000000000000000000e+00
1.014441195433491538e+00 0.000000000000000000e+00
1.014382210881209945e+00 0.000000000000000000e+00
1.014320799925859440e+00 0.000000000000000000e+00
1.014256439560877299e+00 0.000000000000000000e+00
1.014188507265836758e+00 0.000000000000000000e+00
1.014116252539099206e+00 0.000000000000000000e+00
1.014038758555151798e+00 0.000000000000000000e+00
1.013954889644327118e+00 0.000000000000000000e+00
1.013863218018376200e+00 0.000000000000000000e+00
1.013761919441381165e+00 0.000000000000000000e+00
1.013648621266948657e+00 0.000000000000000000e+00
1.013520175322104588e+00 0.000000000000000000e+00
1.013372308324041793e+00 0.000000000000000000e+00
1.013199065120500952e+00 0.000000000000000000e+00
1.012991885752059229e+00 0.000000000000000000e+00
1.012738000714080711e+00 0.000000000000000000e+00
1.012417474244298399e+00 0.000000000000000000e+00
1.011997349646332589e+00 0.000000000000000000e+00
1.011418935804144548e+00 0.000000000000000000e+00
1.010566586063487149e+00 0.000000000000000000e+00
1.009176467172948399e+00 0.000000000000000000e+00
1.006487321515307842e+00 0.000000000000000000e+00
9.990229792581961643e-01 0.000000000000000000e+00
8.689583145442424383e-01 0.000000000000000000e+00
1.035011829481400136e+00 0.000000000000000000e+00
1.024253314780519064e+00 0.000000000000000000e+00
1.020964951778062346e+00 0.000000000000000000e+00
1.019368992363412829e+00 0.000000000000000000e+00
1.018425119190499162e+00 0.000000000000000000e+00
1.017800925995855144e+00 0.000000000000000000e+00
1.017357331229279627e+00 0.000000000000000000e+00
1.017025888737922656e+00 0.000000000000000000e+00
1.016769012118458049e+00 0.000000000000000000e+00
1.016564358846561156e+00 0.000000000000000000e+00
1.016397828061980979e+00 0.000000000000000000e+00
1.016260096100833898e+00 0.000000000000000000e+00
1.016144767039757424e+00 0.000000000000000000e+00
1.016047323903291444e+00 0.000000000000000000e+00
1.015964504123435752e+00 0.000000000000000000e+00
1.015893912575497771e+00 0.000000000000000000e+00
1.015833774110080467e+00 0.000000000000000000e+00
1.015782771541839047e+00 0.000000000000000000e+00
1.015739938162245171e+00 0.000000000000000000e+00
1.015704586576117618e+00 0.000000000000000000e+00
1.015676263032375237e+00 0.000000000000000000e+00
1.015654720945579514e+00 0.000000000000000000e+00
1.015639910334009466e+00 0.000000000000000000e+00
1.015631982227054309e+00 0.000000000000000000e+00
1.015631309279670935e+00 0.000000000000000000e+00
1.015638526403695341e+00 0.000000000000000000e+00
1.015654598878473980e+00 0.000000000000000000e+00
1.015680931285465771e+00 0.000000000000000000e+00
1.015719540893242678e+00 0.000000000000000000e+00
1.015773338243081803e+00 0.000000000000000000e+00
1.015846595365475169e+00 0.000000000000000000e+00
1.015945761030588868e+00 0.000000000000000000e+00
1.016080960222384588e+00 0.000000000000000000e+00
1.016268951435609358e+00 0.000000000000000000e+00
1.016539509273734820e+00 0.000000000000000000e+00
1.016950961275767229e+00 0.000000000000000000e+00
1.017634999048776523e+00 0.000000000000000000e+00
1.018964558935696374e+00 0.000000000000000000e+00
1.022571923026414309e+00 0.000000000000000000e+00
1.065432663054720175e+00 0.000000000000000000e+00
1.003104603492856128e+00 0.000000000000000000e+00
1.009429892085639713e+00 0.000000000000000000e+00
1.011250773393773006e+00 0.000000000000000000e+00
1.012109626586646494e+00 0.000000000000000000e+00
1.012606178883862285e+00 0.000000000000000000e+00
1.012927620393267780e+00 0.000000000000000000e+00
1.013151262839550482e+00 0.000000000000000000e+00
1.013314838275999330e+00 0.000000000000000000e+00
1.013438949691483737e+00 0.000000000000000000e+00
1.013535797614805833e+00 0.000000000000000000e+00
1.013613065366697263e+00 0.000000000000000000e+00
1.013675831249585269e+00 0.000000000000000000e+00
1.013727585417074195e+00 0.000000000000000000e+00
1.013770805076145365e+00 0.000000000000000000e+00
1.013807296708976624e+00 0.000000000000000000e+00
1.013838408438329397e+00 0.000000000000000000e+00
1.013865166597859524e+00 0.000000000000000000e+00
1.013888366291889165e+00 0.000000000000000000e+00
1.013908633064871667e+00 0.000000000000000000e+00
1.013926465888595141e+00 0.000000000000000000e+00
1.013942267751688719e+00 0.000000000000000000e+00
1.013956367831201133e+00 0.000000000000000000e+00
1.013969037830427133e+00 0.000000000000000000e+00
1.013980504199004873e+00 0.000000000000000000e+00
1.013990957398027470e+00 0.000000000000000000e+00
1.014000559012549818e+00 0.000000000000000000e+00
1.014009447274463183e+00 0.000000000000000000e+00
1.014017741396791461e+00 0.000000000000000000e+00
1.014025545009119789e+00 0.000000000000000000e+00
1.014032948906152143e+00 0.000000000000000000e+00
1.014040033266387253e+00 0.000000000000000000e+00
1.014046869458470113e+00 0.000000000000000000e+00
1.014053521524165502e+00 0.000000000000000000e+00
1.014060047405923592e+00 0.000000000000000000e+00
1.014066499971460367e+00 0.000000000000000000e+00
1.014072927876153773e+00 0.000000000000000000e+00
1.014079376295288215e+00 0.000000000000000000e+00
1.014085887551510634e+00 0.000000000000000000e+00
1.014092501657766432e+00 0.000000000000000000e+00
1.014099256792046155e+00 0.000000000000000000e+00
1.014106189717235873e+00 0.000000000000000000e+00
1.014113336157000278e+00 0.000000000000000000e+00
1.014120731136784137e+00 0.000000000000000000e+00
1.014128409297590183e+00 0.000000000000000000e+00
1.014136405189074663e+00 0.000000000000000000e+00
1.014144753547653321e+00 0.000000000000000000e+00
1.014153489564663335e+00 0.000000000000000000e+00
1.014162649149145778e+00 0.000000000000000000e+00
1.014172269189494990e+00 0.000000000000000000e+00
1.014182387818011621e+00 0.000000000000000000e+00
1.014193044682303091e+00 0.000000000000000000e+00
1.014204281227498061e+00 0.000000000000000000e+00
1.014216140993351445e+00 0.000000000000000000e+00
1.014228669930536508e+00 0.000000000000000000e+00
1.014241916740745264e+00 0.000000000000000000e+00
1.014255933245658658e+00 0.000000000000000000e+00
1.014270774790420049e+00 0.000000000000000000e+00
1.014286500687951342e+00 0.000000000000000000e+00
1.014303174711349786e+00 0.000000000000000000e+00
1.014320865642679426e+00 0.000000000000000000e+00
1.014339647887806617e+00 0.000000000000000000e+00
1.014359602168541485e+00 0.000000000000000000e+00
1.014380816305331390e+00 0.000000000000000000e+00
1.014403386106151439e+00 0.000000000000000000e+00
1.014427416380194513e+00 0.000000000000000000e+00
1.014453022098581236e+00 0.000000000000000000e+00
1.014480329728769670e+00 0.000000000000000000e+00
1.014509478774860307e+00 0.000000000000000000e+00
1.014540623562853128e+00 0.000000000000000000e+00
1.014573935318473730e+00 0.000000000000000000e+00
1.014609604595940517e+00 0.000000000000000000e+00
1.014647844129631826e+00 0.000000000000000000e+00
1.014688892197863623e+00 0.000000000000000000e+00
1.014733016610074534e+00 0.000000000000000000e+00
1.014780519457128438e+00 0.000000000000000000e+00
1.014831742801336922e+00 0.000000000000000000e+00
1.014887075531003546e+00 0.000000000000000000e+00
1.014946961667851033e+00 0.000000000000000000e+00
1.015011910500200232e+00 0.000000000000000000e+00
1.015082509028214064e+00 0.000000000000000000e+00
1.015159437361333072e+00 0.000000000000000000e+00
1.015243487918836118e+00 0.000000000000000000e+00
1.015335589576715325e+00 0.000000000000000000e+00
1.015436838314315082e+00 0.000000000000000000e+00
1.015548536497862697e+00 0.000000000000000000e+00
1.015672243780561868e+00 0.000000000000000000e+00
1.015809843834545756e+00 0.000000000000000000e+00
1.015963632973543529e+00 0.000000000000000000e+00
1.016136439528221080e+00 0.000000000000000000e+00
1.016331787187722213e+00 0.000000000000000000e+00
1.016554122433631857e+00 0.000000000000000000e+00
1.016809137458336121e+00 0.000000000000000000e+00
1.017104238853567821e+00 0.000000000000000000e+00
1.017449245082509002e+00 0.000000000000000000e+00
1.017857454561111874e+00 0.000000000000000000e+00
1.018347336416028037e+00 0.000000000000000000e+00
1.018945313005828357e+00 0.000000000000000000e+00
1.019690555861140657e+00 0.000000000000000000e+00
1.020643727843339343e+00 0.000000000000000000e+00
1.021904061797196839e+00 0.000000000000000000e+00
1.023645802841867347e+00 0.000000000000000000e+00
1.026205595378609781e+00 0.000000000000000000e+00
1.030329142508138895e+00 0.000000000000000000e+00
1.038063575317204057e+00 0.000000000000000000e+00
1.057794003391127280e+00 0.000000000000000000e+00
1.212776492178255561e+00 0.000000000000000000e+00
9.299207977344676745e-01 0.000000000000000000e+00
9.782558113941972611e-01 0.000000000000000000e+00
9.908807804222510285e-01 0.000000000000000000e+00
9.966869226914274460e-01 0.000000000000000000e+00
1.000019036046807752e+00 0.000000000000000000e+00
1.002177206672769438e+00 0.000000000000000000e+00
1.003686265895307184e+00 0.000000000000000000e+00
1.004798678071726847e+00 0.000000000000000000e+00
1.005650928427615609e+00 0.000000000000000000e+00
1.006323255947864981e+00 0.000000000000000000e+00
1.006865916185333054e+00 0.000000000000000000e+00
1.007311985103498175e+00 0.000000000000000000e+00
1.007684117591848061e+00 0.000000000000000000e+00
1.007998347690799656e+00 0.000000000000000000e+00
1.008266338457056266e+00 0.000000000000000000e+00
1.008496772347748038e+00 0.000000000000000000e+00
1.008696242198972248e+00 0.000000000000000000e+00
1.008869840199938528e+00 0.000000000000000000e+00
1.009021557848092110e+00 0.000000000000000000e+00
1.009154564004256072e+00 0.000000000000000000e+00
1.009271402234177994e+00 0.000000000000000000e+00
1.009374133441134580e+00 0.000000000000000000e+00
1.009464440628910609e+00 0.000000000000000000e+00
1.009543706947662045e+00 0.000000000000000000e+00
1.009613074558844303e+00 0.000000000000000000e+00
1.009673489503954524e+00 0.000000000000000000e+00
1.009725736201386503e+00 0.000000000000000000e+00
1.009770464140438140e+00 0.000000000000000000e+00
1.009808208615018188e+00 0.000000000000000000e+00
1.009839406830667308e+00 0.000000000000000000e+00
1.009864410355595821e+00 0.000000000000000000e+00
1.009883494622613842e+00 0.000000000000000000e+00
1.009896865992646831e+00 0.000000000000000000e+00
1.009904666740451873e+00 0.000000000000000000e+00
1.009906978203936045e+00 0.000000000000000000e+00
1.009903822238922722e+00 0.000000000000000000e+00
1.009895161032497324e+00 0.000000000000000000e+00
1.009880895242692533e+00 0.000000000000000000e+00
1.009860860342986832e+00 0.000000000000000000e+00
1.009834820949138345e+00 0.000000000000000000e+00
1.009802462783821575e+00 0.000000000000000000e+00
1.009763381779051006e+00 0.000000000000000000e+00
1.009717069610327256e+00 0.000000000000000000e+00
1.009662894674960176e+00 0.000000000000000000e+00
1.009600077133084195e+00 0.000000000000000000e+00
1.009527656066832479e+00 0.000000000000000000e+00
1.009444445992544237e+00 0.000000000000000000e+00
1.009348978741592795e+00 0.000000000000000000e+00
1.009239424877097280e+00 0.000000000000000000e+00
1.009113485951413258e+00 0.000000000000000000e+00
1.008968244372425715e+00 0.000000000000000000e+00
1.008799950269158696e+00 0.000000000000000000e+00
1.008603712403289387e+00 0.000000000000000000e+00
1.008373038845999048e+00 0.000000000000000000e+00
1.008099134924666407e+00 0.000000000000000000e+00
1.007769794547981768e+00 0.000000000000000000e+00
1.007367581010211843e+00 0.000000000000000000e+00
1.006866702733249852e+00 0.000000000000000000e+00
1.006227343602675184e+00 0.000000000000000000e+00
1.005384648605721631e+00 0.000000000000000000e+00
1.004225391356666108e+00 0.000000000000000000e+00
1.002532569627080372e+00 0.000000000000000000e+00
9.998312124721155936e-01 0.000000000000000000e+00
9.948430077735406218e-01 0.000000000000000000e+00
9.825437692112215515e-01 0.000000000000000000e+00
9.028566325448148522e-01 0.000000000000000000e+00
1.074169305506347927e+00 0.000000000000000000e+00
1.035917266741573695e+00 0.000000000000000000e+00
1.026697459681282121e+00 0.000000000000000000e+00
1.022548382882901175e+00 0.000000000000000000e+00
1.020187485636726121e+00 0.000000000000000000e+00
1.018662345262245861e+00 0.000000000000000000e+00
1.017594716140310940e+00 0.000000000000000000e+00
1.016804509182165361e+00 0.000000000000000000e+00
1.016195049151928709e+00 0.000000000000000000e+00
1.015709785868839754e+00 0.000000000000000000e+00
1.015313427828081538e+00 0.000000000000000000e+00
1.014982804823562068e+00 0.000000000000000000e+00
1.014702069497251502e+00 0.000000000000000000e+00
1.014460010239973453e+00 0.000000000000000000e+00
1.014248465537560318e+00 0.000000000000000000e+00
1.014061346593408075e+00 0.000000000000000000e+00
1.013894012224371588e+00 0.000000000000000000e+00
1.013742856153744265e+00 0.000000000000000000e+00
1.013605026865152192e+00 0.000000000000000000e+00
1.013478232698832748e+00 0.000000000000000000e+00
1.013360603204186416e+00 0.000000000000000000e+00
1.013250588465620217e+00 0.000000000000000000e+00
1.013146884562221128e+00 0.000000000000000000e+00
1.013048377306827064e+00 0.000000000000000000e+00
1.012954098933108948e+00 0.000000000000000000e+00
1.012863194028722935e+00 0.000000000000000000e+00
1.012774892081400813e+00 0.000000000000000000e+00
1.012688484712546133e+00 0.000000000000000000e+00
1.012603306141007797e+00 0.000000000000000000e+00
1.012518715722892315e+00 0.000000000000000000e+00
1.012434081596771174e+00 0.000000000000000000e+00
1.012348764553266722e+00 0.000000000000000000e+00
1.012262101255465341e+00 0.000000000000000000e+00
1.012173385861716124e+00 0.000000000000000000e+00
1.012081848932922412e+00 0.000000000000000000e+00
1.011986632215289283e+00 0.000000000000000000e+00
1.011886757428535066e+00 0.000000000000000000e+00
1.011781086478031000e+00 0.000000000000000000e+00
1.011668269413111831e+00 0.000000000000000000e+00
1.011546674747920482e+00 0.000000000000000000e+00
1.011414294061081298e+00 0.000000000000000000e+00
1.011268608421764137e+00 0.000000000000000000e+00
1.011106396934041030e+00 0.000000000000000000e+00
1.010923455271448335e+00 0.000000000000000000e+00
1.010714170063592210e+00 0.000000000000000000e+00
1.010470854404970531e+00 0.000000000000000000e+00
1.010182671356140149e+00 0.000000000000000000e+00
1.009833812460626090e+00 0.000000000000000000e+00
1.009400250733862192e+00 0.000000000000000000e+00
1.008843570591934524e+00 0.000000000000000000e+00
1.008098261967899756e+00 0.000000000000000000e+00
1.007042668774490224e+00 0.000000000000000000e+00
1.005422361816064036e+00 0.000000000000000000e+00
1.002600915538803150e+00 0.000000000000000000e+00
9.964119329308755990e-01 0.000000000000000000e+00
9.716345821794811766e-01 0.000000000000000000e+00
1.094136933394314504e+00 0.000000000000000000e+00
1.033252597024973296e+00 0.000000000000000000e+00
1.024474745098907569e+00 0.000000000000000000e+00
1.020948052506364334e+00 0.000000000000000000e+00
1.019039586148499543e+00 0.000000000000000000e+00
1.017839628267211971e+00 0.000000000000000000e+00
1.017012744962828563e+00 0.000000000000000000e+00
1.016406382784154738e+00 0.000000000000000000e+00
1.015941178584794491e+00 0.000000000000000000e+00
1.015571762714066573e+00 0.000000000000000000e+00
1.015270315268852919e+00 0.000000000000000000e+00
1.015018825608860142e+00 0.000000000000000000e+00
1.014805116597168766e+00 0.000000000000000000e+00
1.014620657512101287e+00 0.000000000000000000e+00
1.014459292268906632e+00 0.000000000000000000e+00
1.014316465170943760e+00 0.000000000000000000e+00
1.014188731000854160e+00 0.000000000000000000e+00
1.014073434640791804e+00 0.000000000000000000e+00
1.013968495501971212e+00 0.000000000000000000e+00
1.013872258820144312e+00 0.000000000000000000e+00
1.013783390799792627e+00 0.000000000000000000e+00
1.013700803219857782e+00 0.000000000000000000e+00
1.013623598266522485e+00 0.000000000000000000e+00
1.013551027523994064e+00 0.000000000000000000e+00
1.013482461049030725e+00 0.000000000000000000e+00
1.013417363741094368e+00 0.000000000000000000e+00
1.013355277066627202e+00 0.000000000000000000e+00
1.013295804763766350e+00 0.000000000000000000e+00
1.013238601541254891e+00 0.000000000000000000e+00
1.013183364053823032e+00 0.000000000000000000e+00
1.013129823625120274e+00 0.000000000000000000e+00
1.013077740323776954e+00 0.000000000000000000e+00
1.013026898095180206e+00 0.000000000000000000e+00
1.012977100722251445e+00 0.000000000000000000e+00
1.012928168440610177e+00 0.000000000000000000e+00
1.012879935072187321e+00 0.000000000000000000e+00
1.012832245570340017e+00 0.000000000000000000e+00
1.012784953891340267e+00 0.000000000000000000e+00
1.012737921123630702e+00 0.000000000000000000e+00
1.012691013818759034e+00 0.000000000000000000e+00
1.012644102477369801e+00 0.000000000000000000e+00
1.012597060150731476e+00 0.000000000000000000e+00
1.012549761123504144e+00 0.000000000000000000e+00
1.012502079647163766e+00 0.000000000000000000e+00
1.012453888695935111e+00 0.000000000000000000e+00
1.012405058718417683e+00 0.000000000000000000e+00
1.012355456358404959e+00 0.000000000000000000e+00
1.012304943117735556e+00 0.000000000000000000e+00
1.012253373932362699e+00 0.000000000000000000e+00
1.012200595630090350e+00 0.000000000000000000e+00
1.012146445234487047e+00 0.000000000000000000e+00
1.012090748074118141e+00 0.000000000000000000e+00
1.012033315649154996e+00 0.000000000000000000e+00
1.011973943198201775e+00 0.000000000000000000e+00
1.011912406896278815e+00 0.000000000000000000e+00
1.011848460599557686e+00 0.000000000000000000e+00
1.011781832032631501e+00 0.000000000000000000e+00
1.011712218288460141e+00 0.000000000000000000e+00
1.011639280477724334e+00 0.000000000000000000e+00
1.011562637320582381e+00 0.000000000000000000e+00
1.011481857416095531e+00 0.000000000000000000e+00
1.011396449847798529e+00 0.000000000000000000e+00
1.011305852680829398e+00 0.000000000000000000e+00
1.011209418766361612e+00 0.000000000000000000e+00
1.011106398077789681e+00 0.000000000000000000e+00
1.010995915538154710e+00 0.000000000000000000e+00
1.010876942926752120e+00 0.000000000000000000e+00
1.010748262924892948e+00 0.000000000000000000e+00
1.010608422599671208e+00 0.000000000000000000e+00
1.010455672510056191e+00 0.000000000000000000e+00
1.010287885959405774e+00 0.000000000000000000e+00
1.010102450398736584e+00 0.000000000000000000e+00
1.009896119081098886e+00 0.000000000000000000e+00
1.009664804879443878e+00 0.000000000000000000e+00
1.009403288120501951e+00 0.000000000000000000e+00
1.009104793462423766e+00 0.000000000000000000e+00
1.008760361791483762e+00 0.000000000000000000e+00
1.008357891091536729e+00 0.000000000000000000e+00
1.007880623128597719e+00 0.000000000000000000e+00
1.007304662540340789e+00 0.000000000000000000e+00
1.006594720427413048e+00 0.000000000000000000e+00
1.005696399197362201e+00 0.000000000000000000e+00
1.004521225951446883e+00 0.000000000000000000e+00
1.002915005777946122e+00 0.000000000000000000e+00
1.000582859274314673e+00 0.000000000000000000e+00
9.968813329971132342e-01 0.000000000000000000e+00
9.900872142095443751e-01 0.000000000000000000e+00
9.734955912628056041e-01 0.000000000000000000e+00
8.704893023530386742e-01 0.000000000000000000e+00
1.101656244994740019e+00 0.000000000000000000e+00
1.046771522727514503e+00 0.000000000000000000e+00
1.033827624532416944e+00 0.000000000000000000e+00
1.028031841680322689e+00 0.000000000000000000e+00
1.024738598824132874e+00 0.000000000000000000e+00
1.022610883808985127e+00 0.000000000000000000e+00
1.021119964608721897e+00 0.000000000000000000e+00
1.020014767894058316e+00 0.000000000000000000e+00
1.019160754486039266e+00 0.000000000000000000e+00
1.018479325846166406e+00 0.000000000000000000e+00
1.017921475595023439e+00 0.000000000000000000e+00
1.017455050062521682e+00 0.000000000000000000e+00
1.017058067073101313e+00 0.000000000000000000e+00
1.016714978462943897e+00 0.000000000000000000e+00
1.016414466481995182e+00 0.000000000000000000e+00
1.016148086464009337e+00 0.000000000000000000e+00
1.015909399191463836e+00 0.000000000000000000e+00
1.015693398297038863e+00 0.000000000000000000e+00
1.015496121678166386e+00 0.000000000000000000e+00
1.015314381160568713e+00 0.000000000000000000e+00
1.015145570143693554e+00 0.000000000000000000e+00
1.014987523836561545e+00 0.000000000000000000e+00
1.014838415641381442e+00 0.000000000000000000e+00
1.014696678771818128e+00 0.000000000000000000e+00
1.014560945689175542e+00 0.000000000000000000e+00
1.014430000192953152e+00 0.000000000000000000e+00
1.014302738474276433e+00 0.000000000000000000e+00
1.014178136407697162e+00 0.000000000000000000e+00
1.014055220986006312e+00 0.000000000000000000e+00
1.013933044195256095e+00 0.000000000000000000e+00
1.013810657842388663e+00 0.000000000000000000e+00
1.013687087916158802e+00 0.000000000000000000e+00
1.013561306991336064e+00 0.000000000000000000e+00
1.013432202963302942e+00 0.000000000000000000e+00
1.013298541987524670e+00 0.000000000000000000e+00
1.013158922824975106e+00 0.000000000000000000e+00
1.013011718738449085e+00 0.000000000000000000e+00
1.012855001440335467e+00 0.000000000000000000e+00
1.012686439011980077e+00 0.000000000000000000e+00
1.012503155598026838e+00 0.000000000000000000e+00
1.012301533964148348e+00 0.000000000000000000e+00
1.012076930756023119e+00 0.000000000000000000e+00
1.011823254850373832e+00 0.000000000000000000e+00
1.011532324342888867e+00 0.000000000000000000e+00
1.011192852632844197e+00 0.000000000000000000e+00
1.010788786486380486e+00 0.000000000000000000e+00
1.010296454269845157e+00 0.000000000000000000e+00
1.009679394817746489e+00 0.000000000000000000e+00
1.008878319883195207e+00 0.000000000000000000e+00
1.007789871905151013e+00 0.000000000000000000e+00
1.006216247834232913e+00 0.000000000000000000e+00
1.003725255823390228e+00 0.000000000000000000e+00
9.991567732703061644e-01 0.000000000000000000e+00
9.879749493162581775e-01 0.000000000000000000e+00
9.172109160306310960e-01 0.000000000000000000e+00
1.072681867304126069e+00 0.000000000000000000e+00
1.036826116053294333e+00 0.000000000000000000e+00
1.028270525808148372e+00 0.000000000000000000e+00
1.024424812846368660e+00 0.000000000000000000e+00
1.022234540208863507e+00 0.000000000000000000e+00
1.020817143391787418e+00 0.000000000000000000e+00
1.019822880479470228e+00 0.000000000000000000e+00
1.019085459420206119e+00 0.000000000000000000e+00
1.018515695966619283e+00 0.000000000000000000e+00
1.018061459978536698e+00 0.000000000000000000e+00
1.017690239387814888e+00 0.000000000000000000e+00
1.017380703056451452e+00 0.000000000000000000e+00
1.017118273203159395e+00 0.000000000000000000e+00
1.016892647499892277e+00 0.000000000000000000e+00
1.016696337691054941e+00 0.000000000000000000e+00
1.016523769347136286e+00 0.000000000000000000e+00
1.016370706493239684e+00 0.000000000000000000e+00
1.016233872088738499e+00 0.000000000000000000e+00
1.016110690752547896e+00 0.000000000000000000e+00
1.015999110132544292e+00 0.000000000000000000e+00
1.015897474229310093e+00 0.000000000000000000e+00
1.015804431857787904e+00 0.000000000000000000e+00
1.015718869376379008e+00 0.000000000000000000e+00
1.015639860493888325e+00 0.000000000000000000e+00
1.015566628300326180e+00 0.000000000000000000e+00
1.015498516182897770e+00 0.000000000000000000e+00
1.015434965291612812e+00 0.000000000000000000e+00
1.015375496895269292e+00 0.000000000000000000e+00
1.015319698432241236e+00 0.000000000000000000e+00
1.015267212383322848e+00 0.000000000000000000e+00
1.015217727321839014e+00 0.000000000000000000e+00
1.015170970659312388e+00 0.000000000000000000e+00
1.015126702723083474e+00 0.000000000000000000e+00
