9.964418287598033608e-01 0.000000000000000000e+00
9.956759369726349007e-01 0.000000000000000000e+00
9.948093570905927052e-01 0.000000000000000000e+00
9.938190618763040884e-01 0.000000000000000000e+00
9.926741435515890055e-01 0.000000000000000000e+00
9.913320674349180850e-01 0.000000000000000000e+00
9.897325470500527578e-01 0.000000000000000000e+00
9.877870644336962380e-01 0.000000000000000000e+00
9.853599273201192332e-01 0.000000000000000000e+00
9.822316303985223485e-01 0.000000000000000000e+00
9.780216410047737341e-01 0.000000000000000000e+00
9.720062404301879067e-01 0.000000000000000000e+00
9.626160967793538914e-01 0.000000000000000000e+00
9.456837998733718109e-01 0.000000000000000000e+00
9.052401154034850350e-01 0.000000000000000000e+00
6.699531712738008293e-01 0.000000000000000000e+00
1.231987643219257134e+00 0.000000000000000000e+00
1.085896968269231877e+00 0.000000000000000000e+00
1.052126265098855207e+00 0.000000000000000000e+00
1.036697900529314653e+00 0.000000000000000000e+00
1.027523928709269230e+00 0.000000000000000000e+00
1.021135387602420952e+00 0.000000000000000000e+00
1.016126041235074107e+00 0.000000000000000000e+00
1.011768744240523876e+00 0.000000000000000000e+00
1.007578505933885316e+00 0.000000000000000000e+00
1.003108735204732760e+00 0.000000000000000000e+00
9.977705042503882682e-01 0.000000000000000000e+00
9.904943696556746113e-01 0.000000000000000000e+00
9.786876325091152795e-01 0.000000000000000000e+00
9.532237962120984065e-01 0.000000000000000000e+00
8.386918494523099010e-01 0.000000000000000000e+00
1.226899583763845225e+00 0.000000000000000000e+00
1.079143153631892060e+00 0.000000000000000000e+00
1.051208594195700785e+00 0.000000000000000000e+00
1.038935846423383325e+00 0.000000000000000000e+00
1.031716922893141319e+00 0.000000000000000000e+00
1.026678486683013647e+00 0.000000000000000000e+00
1.022645817331564011e+00 0.000000000000000000e+00
1.018897982793481871e+00 0.000000000000000000e+00
1.014554973607079802e+00 0.000000000000000000e+00
1.006830099314227844e+00 0.000000000000000000e+00
9.434542523927113011e-01 0.000000000000000000e+00
1.037058258913255093e+00 0.000000000000000000e+00
1.024398557136557031e+00 0.000000000000000000e+00
1.019869648934698114e+00 0.000000000000000000e+00
1.017020370325901979e+00 0.000000000000000000e+00
1.014754454938463946e+00 0.000000000000000000e+00
1.012699109524001218e+00 0.000000000000000000e+00
1.010661983533667652e+00 0.000000000000000000e+00
1.008498748801888389e+00 0.000000000000000000e+00
1.006058409345951032e+00 0.000000000000000000e+00
1.003138963346778212e+00 0.000000000000000000e+00
9.994204962460067065e-01 0.000000000000000000e+00
9.943230292866082065e-01 0.000000000000000000e+00
9.866327562972800891e-01 0.000000000000000000e+00
9.732601913682675798e-01 0.000000000000000000e+00
9.432513802594721941e-01 0.000000000000000000e+00
8.085704776878681610e-01 0.000000000000000000e+00
1.296781902879751813e+00 0.000000000000000000e+00
1.102801393910761707e+00 0.000000000000000000e+00
1.068291091238324331e+00 0.000000000000000000e+00
1.053898814450130450e+00 0.000000000000000000e+00
1.046072855355073772e+00 0.000000000000000000e+00
1.041287792909598942e+00 0.000000000000000000e+00
1.038318334959154043e+00 0.000000000000000000e+00
1.036931923416178014e+00 0.000000000000000000e+00
1.038845569102588851e+00 0.000000000000000000e+00
8.770868056202396623e-01 0.000000000000000000e+00
1.021039027400585608e+00 0.000000000000000000e+00
1.023348329268449541e+00 0.000000000000000000e+00
1.023571263197517345e+00 0.000000000000000000e+00
1.023343238396516863e+00 0.000000000000000000e+00
1.022985153864765850e+00 0.000000000000000000e+00
1.022595148212095850e+00 0.000000000000000000e+00
1.022209430274711561e+00 0.000000000000000000e+00
1.021842396776884598e+00 0.000000000000000000e+00
1.021499705939731051e+00 0.000000000000000000e+00
1.021183300851853604e+00 0.000000000000000000e+00
1.020893573586158620e+00 0.000000000000000000e+00
1.020630390682266908e+00 0.000000000000000000e+00
1.020393637054666680e+00 0.000000000000000000e+00
1.020183563444165831e+00 0.000000000000000000e+00
1.020001084474096098e+00 0.000000000000000000e+00
1.019848131123293200e+00 0.000000000000000000e+00
1.019728172931205323e+00 0.000000000000000000e+00
1.019647096833930178e+00 0.000000000000000000e+00
1.019614816409604607e+00 0.000000000000000000e+00
1.019648461385878502e+00 0.000000000000000000e+00
1.019779320938657641e+00 0.000000000000000000e+00
1.020069946391217952e+00 0.000000000000000000e+00
1.020664328888553074e+00 0.000000000000000000e+00
1.021981235313357939e+00 0.000000000000000000e+00
1.025959201308593416e+00 0.000000000000000000e+00
1.109821947996379787e+00 0.000000000000000000e+00
1.006427702367886701e+00 0.000000000000000000e+00
1.011929739650961002e+00 0.000000000000000000e+00
1.013571544378855771e+00 0.000000000000000000e+00
1.014334793062262818e+00 0.000000000000000000e+00
1.014767420093690031e+00 0.000000000000000000e+00
1.015048116941788425e+00 0.000000000000000000e+00
1.015255430503849476e+00 0.000000000000000000e+00
1.015433454850447337e+00 0.000000000000000000e+00
1.015615250911046319e+00 0.000000000000000000e+00
1.015836475157121832e+00 0.000000000000000000e+00
1.016152607958020759e+00 0.000000000000000000e+00
1.016681833984625305e+00 0.000000000000000000e+00
1.017773644187653259e+00 0.000000000000000000e+00
1.021241027832015646e+00 0.000000000000000000e+00
8.968114624932322920e-01 0.000000000000000000e+00
1.008224092437397523e+00 0.000000000000000000e+00
1.011153408425351952e+00 0.000000000000000000e+00
1.012136217517993098e+00 0.000000000000000000e+00
1.012614178375774499e+00 0.000000000000000000e+00
1.012889071580703515e+00 0.000000000000000000e+00
1.013064227312015175e+00 0.000000000000000000e+00
1.013185379369979433e+00 0.000000000000000000e+00
1.013276710724783758e+00 0.000000000000000000e+00
1.013353165349152540e+00 0.000000000000000000e+00
1.013425630505660369e+00 0.000000000000000000e+00
1.013503638029255471e+00 0.000000000000000000e+00
1.013597257485195247e+00 0.000000000000000000e+00
1.013719041459104631e+00 0.000000000000000000e+00
1.013886840568339887e+00 0.000000000000000000e+00
1.014128902952568190e+00 0.000000000000000000e+00
1.014494638292011697e+00 0.000000000000000000e+00
1.015080855382886282e+00 0.000000000000000000e+00
1.016108395363356065e+00 0.000000000000000000e+00
1.018216236510241179e+00 0.000000000000000000e+00
1.024341142088996959e+00 0.000000000000000000e+00
1.141536673148062508e+00 0.000000000000000000e+00
9.941692169233993237e-01 0.000000000000000000e+00
1.002793834010404339e+00 0.000000000000000000e+00
1.005306509738095322e+00 0.000000000000000000e+00
1.006411311085609217e+00 0.000000000000000000e+00
1.006960185944750563e+00 0.000000000000000000e+00
1.007224119345875080e+00 0.000000000000000000e+00
1.007314363530190882e+00 0.000000000000000000e+00
1.007283051196916857e+00 0.000000000000000000e+00
1.007155651412115160e+00 0.000000000000000000e+00
1.006943413931063347e+00 0.000000000000000000e+00
1.006648504142562350e+00 0.000000000000000000e+00
1.006265872071767875e+00 0.000000000000000000e+00
1.005783192230339296e+00 0.000000000000000000e+00
1.005179066287412493e+00 0.000000000000000000e+00
1.004418804921250352e+00 0.000000000000000000e+00
1.003445699684830439e+00 0.000000000000000000e+00
1.002162229588449582e+00 0.000000000000000000e+00
1.000384934832266204e+00 0.000000000000000000e+00
9.977155544407799725e-01 0.000000000000000000e+00
9.930564057872539596e-01 0.000000000000000000e+00
9.815601554394730588e-01 0.000000000000000000e+00
7.955994010043814235e-01 0.000000000000000000e+00
1.025707441471583881e+00 0.000000000000000000e+00
1.007090257378330245e+00 0.000000000000000000e+00
9.951264046300151156e-01 0.000000000000000000e+00
9.754121200909463552e-01 0.000000000000000000e+00
8.871144142745295280e-01 0.000000000000000000e+00
1.151604193314113456e+00 0.000000000000000000e+00
1.061147724420521188e+00 0.000000000000000000e+00
1.042903225732972672e+00 0.000000000000000000e+00
1.034946056413571958e+00 0.000000000000000000e+00
1.030444615084030513e+00 0.000000000000000000e+00
1.027530327815150191e+00 0.000000000000000000e+00
1.025480279007495721e+00 0.000000000000000000e+00
1.023954617781330789e+00 0.000000000000000000e+00
1.022771962034684234e+00 0.000000000000000000e+00
1.021826418348495302e+00 0.000000000000000000e+00
1.021051882475712880e+00 0.000000000000000000e+00
1.020404887980724595e+00 0.000000000000000000e+00
1.019855642619411862e+00 0.000000000000000000e+00
