9.194283418836566302e-01
8.993972233240997705e-01
9.624952467867037287e-01
1.017580822825484788e+00
9.544827993628809404e-01
9.424641282271468690e-01
9.755154738504155931e-01
9.945450364819945488e-01
9.314470130193907016e-01
9.885357009141275686e-01
9.935434805540167558e-01
9.384579045152355858e-01
9.464703519390582631e-01
9.905388127700832657e-01
9.865325890581718715e-01
9.614936908587258246e-01
8.913847759002770932e-01
9.304454570914127975e-01
9.394594604432133789e-01
9.735123619944598961e-01
9.935434805540167558e-01
9.534812434349031474e-01
9.695061382825486129e-01
9.324485689473684946e-01
1.023590158393351990e+00
9.003987792520776745e-01
9.815248094182826843e-01
9.735123619944598961e-01
9.374563485872576818e-01
9.504765756509696573e-01
8.983956673961219774e-01
9.234345655955680243e-01
1.008566819473684317e+00
9.985512601939059429e-01
1.019583934681440596e+00
1.007565263545706413e+00
9.374563485872576818e-01
1.001555927977839433e+00
9.845294772022161744e-01
9.795216975623269873e-01
9.534812434349031474e-01
9.885357009141275686e-01
9.124174503878117459e-01
9.354532367313020957e-01
9.654999145706372188e-01
9.524796875069253543e-01
9.705076942105264060e-01
9.795216975623269873e-01
9.705076942105264060e-01
9.564859112188366375e-01
9.324485689473684946e-01
8.993972233240997705e-01
9.314470130193907016e-01
9.094127826038782558e-01
8.933878877562327903e-01
9.464703519390582631e-01
9.064081148199446547e-01
9.044050029639890687e-01
8.352976439335181302e-01
9.644983586426594258e-01
9.795216975623269873e-01
9.334501248753463987e-01
9.254376774515236104e-01
9.054065588919668617e-01
9.464703519390582631e-01
8.883801081163436031e-01
9.014003351800554675e-01
8.883801081163436031e-01
8.923863318282549972e-01
9.024018911080333716e-01
9.234345655955680243e-01
8.803676606925209258e-01
8.793661047645430218e-01
9.174252300277009331e-01
8.813692166204987188e-01
8.833723284764544159e-01
8.803676606925209258e-01
8.563303184210527830e-01
8.483178709972299947e-01
8.673474336288089503e-01
7.321373833518006746e-01
6.820595869529086919e-01
7.461591663434904431e-01
1.032604161745152460e+00
1.462271654847645541e+00
1.394165851745152507e+00
1.317046045290858780e+00
1.211882672853185738e+00
1.223901343988919699e+00
1.157798652742382473e+00
1.115733303767313167e+00
1.118737971551246657e+00
1.097705297063712004e+00
1.086688181855955726e+00
1.074669510720221766e+00
1.082681958144044554e+00
1.034607273601108046e+00
1.035608829529085950e+00
1.053636836232687113e+00
1.007565263545706413e+00
9.955465924099724528e-01
9.925419246260388517e-01
1.029599493961218970e+00
1.051633724376731527e+00
9.524796875069253543e-01
9.885357009141275686e-01
9.735123619944598961e-01
1.001555927977839433e+00
9.825263653462604774e-01
9.665014704986150118e-01
9.825263653462604774e-01
1.014576155041551297e+00
9.745139179224378001e-01
9.404610163711912829e-01
1.006563707617728731e+00
1.014576155041551297e+00
9.705076942105264060e-01
9.885357009141275686e-01
9.765170297783934972e-01
1.011571487257617807e+00
9.705076942105264060e-01
9.935434805540167558e-01
9.594905790027702386e-01
9.715092501385043100e-01
9.614936908587258246e-01
9.975497042659280389e-01
1.013574599113573615e+00
9.464703519390582631e-01
9.985512601939059429e-01
9.634968027146815217e-01
9.815248094182826843e-01
9.745139179224378001e-01
9.554843552908588444e-01
1.056641504016620603e+00
9.204298978116344232e-01
1.028597938033241066e+00
9.544827993628809404e-01
9.604921349307480316e-01
9.865325890581718715e-01
9.254376774515236104e-01
9.464703519390582631e-01
1.037611941385041758e+00
1.008566819473684317e+00
1.008566819473684317e+00
9.795216975623269873e-01
1.015577710969529202e+00
9.745139179224378001e-01
9.915403686980610587e-01
9.534812434349031474e-01
9.604921349307480316e-01
9.634968027146815217e-01
9.885357009141275686e-01
9.745139179224378001e-01
1.024591714321329672e+00
9.154221181717452360e-01
9.624952467867037287e-01
1.041618165096952930e+00
9.634968027146815217e-01
9.544827993628809404e-01
9.775185857063712902e-01
9.995528161218837360e-01
9.564859112188366375e-01
9.384579045152355858e-01
9.845294772022161744e-01
9.524796875069253543e-01
9.574874671468145415e-01
9.114158944598339529e-01
9.835279212742383814e-01
9.765170297783934972e-01
9.825263653462604774e-01
8.893816640443213961e-01
9.324485689473684946e-01
9.094127826038782558e-01
9.304454570914127975e-01
9.484734637950139602e-01
9.334501248753463987e-01
9.114158944598339529e-01
9.224330096675901203e-01
9.815248094182826843e-01
9.644983586426594258e-01
9.404610163711912829e-01
9.254376774515236104e-01
9.775185857063712902e-01
9.554843552908588444e-01
9.414625722991690759e-01
9.354532367313020957e-01
9.134190063157895390e-01
9.494750197229917532e-01
8.933878877562327903e-01
9.374563485872576818e-01
9.424641282271468690e-01
9.454687960110804701e-01
9.264392333795015144e-01
9.244361215235458173e-01
9.044050029639890687e-01
9.164236740997231401e-01
8.913847759002770932e-01
9.234345655955680243e-01
9.044050029639890687e-01
8.342960880055402262e-01
8.593349862049862731e-01
8.773629929085873247e-01
8.342960880055402262e-01
8.843738844044322089e-01
9.094127826038782558e-01
8.393038676454294134e-01
8.603365421329640661e-01
8.703521014127424404e-01
8.272851965096953419e-01
8.373007557894738273e-01
8.433100913573408075e-01
8.663458777008311573e-01
9.054065588919668617e-01
7.962369627423823149e-01
7.922307390304710317e-01
8.292883083656510390e-01
9.144205622437674430e-01
1.198862445789473874e+00
1.371130065401662268e+00
1.360112950193905990e+00
1.311036709722991800e+00
1.327061604570637376e+00
1.242930906620498765e+00
1.225904455844875507e+00
1.219895120277008527e+00
1.120741083407202243e+00
1.071664842936288276e+00
1.132759754542936426e+00
1.138769090110803406e+00
1.112728635983379677e+00
1.056641504016620603e+00
1.061649283656509901e+00
1.077674178504155256e+00
1.075671066648199670e+00
1.107720856343490379e+00
9.795216975623269873e-01
1.053636836232687113e+00
1.031602605817174556e+00
1.042619721024930834e+00
9.644983586426594258e-01
1.038613497313019440e+00
9.895372568421053616e-01
9.885357009141275686e-01
1.035608829529085950e+00
1.016579266897507106e+00
1.020585490609418500e+00
9.985512601939059429e-01
9.765170297783934972e-01
1.022588602465374086e+00
1.050632168448753623e+00
1.019583934681440596e+00
9.905388127700832657e-01
1.016579266897507106e+00
9.665014704986150118e-01
9.845294772022161744e-01
9.835279212742383814e-01
9.474719078670361672e-01
9.815248094182826843e-01
9.745139179224378001e-01
1.036610385457063854e+00
9.294439011634350045e-01
9.835279212742383814e-01
9.905388127700832657e-01
1.051633724376731527e+00
9.855310331301939675e-01
1.047627500664820133e+00
1.024591714321329672e+00
9.494750197229917532e-01
9.835279212742383814e-01
1.041618165096952930e+00
9.284423452354572115e-01
9.554843552908588444e-01
1.020585490609418500e+00
9.064081148199446547e-01
9.584890230747923345e-01
1.018582378753462692e+00
9.474719078670361672e-01
9.534812434349031474e-01
9.494750197229917532e-01
9.444672400831025660e-01
1.053636836232687113e+00
9.905388127700832657e-01
1.031602605817174556e+00
1.067658619224376881e+00
1.040616609168975248e+00
1.000554372049861529e+00
9.414625722991690759e-01
1.001555927977839433e+00
9.875341449861496645e-01
9.644983586426594258e-01
9.985512601939059429e-01
9.845294772022161744e-01
9.644983586426594258e-01
9.815248094182826843e-01
9.504765756509696573e-01
9.264392333795015144e-01
9.785201416343491942e-01
9.845294772022161744e-01
9.805232534903047803e-01
9.124174503878117459e-01
9.494750197229917532e-01
8.943894436842105833e-01
9.644983586426594258e-01
9.264392333795015144e-01
9.144205622437674430e-01
9.024018911080333716e-01
9.374563485872576818e-01
1.004560595761772923e+00
8.963925555401662804e-01
8.943894436842105833e-01
8.913847759002770932e-01
9.594905790027702386e-01
9.474719078670361672e-01
9.394594604432133789e-01
9.234345655955680243e-01
9.154221181717452360e-01
8.362991998614959233e-01
8.753598810526316276e-01
8.513225387811634848e-01
9.054065588919668617e-01
9.114158944598339529e-01
9.294439011634350045e-01
8.663458777008311573e-01
8.563303184210527830e-01
8.883801081163436031e-01
8.643427658448754602e-01
8.182711931578948716e-01
8.783645488365652287e-01
8.623396539889197632e-01
8.052509660941828962e-01
8.623396539889197632e-01
7.671918408310249848e-01
8.302898642936289431e-01
7.721996204709141720e-01
7.481622781994460292e-01
7.882245153185596376e-01
7.872229593905818446e-01
7.832167356786704504e-01
7.471607222714682361e-01
7.912291831024931277e-01
7.932322949584488248e-01
8.783645488365652287e-01
9.294439011634350045e-01
9.534812434349031474e-01
1.134762866398892012e+00
1.127751974903047127e+00
1.199864001717451556e+00
1.200865557645429460e+00
1.189848442437673182e+00
1.204871781357340854e+00
1.276983808171745283e+00
1.290004035235457147e+00
1.130756642686980840e+00
1.193854666149584576e+00
1.118737971551246657e+00
1.215888896565097133e+00
1.175826659445983413e+00
1.153792429030471078e+00
1.019583934681440596e+00
1.183839106869806201e+00
1.107720856343490379e+00
1.100709964847645495e+00
1.088691293711911534e+00
1.016579266897507106e+00
1.035608829529085950e+00
1.065655507368421073e+00
1.051633724376731527e+00
1.007565263545706413e+00
1.009568375401662221e+00
1.000554372049861529e+00
1.019583934681440596e+00
9.955465924099724528e-01
1.045624388808864325e+00
1.022588602465374086e+00
9.785201416343491942e-01
9.915403686980610587e-01
1.016579266897507106e+00
1.042619721024930834e+00
1.045624388808864325e+00
1.046625944736842229e+00
1.125748863047091541e+00
1.171820435734072241e+00
1.154793984958448982e+00
1.144778425678670386e+00
1.179832883157894807e+00
1.185842218725762010e+00
1.204871781357340854e+00
1.226906011772853411e+00
1.269972916675900398e+00
1.197860889861495970e+00
1.209879560997230152e+00
1.174825103518005731e+00
1.200865557645429460e+00
1.229910679556786901e+00
1.187845330581717596e+00
1.173823547590027827e+00
1.173823547590027827e+00
1.125748863047091541e+00
1.091695961495845024e+00
1.165811100166205039e+00
1.133761310470914330e+00
1.106719300415512697e+00
1.137767534182825502e+00
1.131758198614958522e+00
1.122744195263158051e+00
1.053636836232687113e+00
1.068660175152354785e+00
1.132759754542936426e+00
1.066657063296398977e+00
1.168815767950138529e+00
1.067658619224376881e+00
1.075671066648199670e+00
1.111727080055401773e+00
1.127751974903047127e+00
1.170818879806094337e+00
1.146781537534626194e+00
1.157798652742382473e+00
1.115733303767313167e+00
1.110725524127423869e+00
1.093699073351800610e+00
1.156797096814404568e+00
1.152790873102493174e+00
1.081680402216066650e+00
1.131758198614958522e+00
1.234918459196675977e+00
1.075671066648199670e+00
1.144778425678670386e+00
1.138769090110803406e+00
1.102713076703601303e+00
1.106719300415512697e+00
1.102713076703601303e+00
1.081680402216066650e+00
