-8.104707295492216135e-01
0.000000000000000000e+00
-7.520978353277653072e-01
0.000000000000000000e+00
-5.332383751297874452e-01
0.000000000000000000e+00
-3.314449521832958379e-01
0.000000000000000000e+00
-1.357144943715117291e-01
0.000000000000000000e+00
1.041601916708028569e-01
0.000000000000000000e+00
9.321468886855763802e-01
0.000000000000000000e+00
3.172660308718571187e-01
0.000000000000000000e+00
5.143679119049725523e-01
0.000000000000000000e+00
7.298036470893087824e-01
0.000000000000000000e+00
