-8.088468189605135805e-01
0.000000000000000000e+00
-7.456636231311281060e-01
0.000000000000000000e+00
-5.820408781531630771e-01
0.000000000000000000e+00
-3.314013385626437547e-01
0.000000000000000000e+00
9.445661862080722004e-01
0.000000000000000000e+00
-1.094088322378631434e-01
0.000000000000000000e+00
7.915908786034352163e-02
0.000000000000000000e+00
2.971629645331936853e-01
0.000000000000000000e+00
6.839387475410563244e-01
0.000000000000000000e+00
5.278068636079999987e-01
0.000000000000000000e+00
