-9.921700208395631826e-01
3.266391913907183003e-03
-6.441802932042406393e-01
8.957123472843870823e-03
-3.299371106512042351e-01
1.059591033137889139e-02
-1.312777920144747590e-02
2.290596470663396750e-02
1.966713889399237802e-01
2.787811773628236234e-02
5.088194240735973706e-01
3.398525543547097766e-02
8.238423905822479520e-01
3.708577485757999503e-02
-8.099413524230127948e-01
4.183197790182976820e-03
-2.727781470803383179e-01
9.590248143032335110e-03
-9.847529463918347492e-02
1.513954098342657449e-02
