-8.103148927249610445e-01
-4.940656458412465442e-324
-6.610481156773504452e-01
-3.952525166729972353e-323
-6.385119997751513843e-01
-3.458459520888725809e-323
-3.316128706026972295e-01
3.458459520888725809e-323
-5.947281601625693283e-03
0.000000000000000000e+00
-1.103222267832861675e-01
-9.881312916824930884e-324
8.188287142611677671e-01
2.964393875047479265e-323
7.316786696451690331e-01
-1.482196937523739633e-323
5.304988613207136661e-01
2.964393875047479265e-323
3.104170162776159203e-01
-1.976262583364986177e-323
