1.007682907510684123e+00 -4.940656458412465442e-324
1.007549201718643372e+00 -4.940656458412465442e-324
1.007409742704254763e+00 -4.940656458412465442e-324
1.007264131986556954e+00 -4.940656458412465442e-324
1.007111932537539056e+00 -1.482196937523739633e-323
1.006952663951734550e+00 -1.482196937523739633e-323
1.006785796866615845e+00 -1.482196937523739633e-323
1.006610746494232655e+00 -9.881312916824930884e-324
1.006426865093974499e+00 -9.881312916824930884e-324
1.006233433178028935e+00 -1.976262583364986177e-323
1.006029649192795583e+00 -2.470328229206232721e-323
1.005814617358240737e+00 -2.470328229206232721e-323
1.005587333268910921e+00 -2.470328229206232721e-323
1.005346666759709739e+00 -2.964393875047479265e-323
1.005091341409223071e+00 -3.458459520888725809e-323
1.004819909883285733e+00 -3.458459520888725809e-323
1.004530724097662642e+00 -3.458459520888725809e-323
1.004221898881610509e+00 -3.952525166729972353e-323
1.003891267426030964e+00 -3.952525166729972353e-323
1.003536326261295741e+00 -3.952525166729972353e-323
1.003154166773213563e+00 -4.446590812571218898e-323
1.002741389246704751e+00 -4.446590812571218898e-323
1.002293993999988864e+00 -4.940656458412465442e-323
1.001807242147603194e+00 -5.434722104253711986e-323
1.001275475616558053e+00 -5.434722104253711986e-323
1.000691881779753434e+00 -6.422853395936205074e-323
1.000048181736091779e+00 -6.422853395936205074e-323
9.993342116708016087e-01 -6.422853395936205074e-323
9.985373518936089265e-01 -6.916919041777451618e-323
9.976417346918704521e-01 -6.916919041777451618e-323
9.966271240948538779e-01 -7.410984687618698163e-323
9.954672972087116323e-01 -7.905050333459944707e-323
9.941276476021507769e-01 -8.399115979301191251e-323
9.925615364587360157e-01 -8.893181625142437795e-323
9.907045552077153872e-01 -9.387247270983684339e-323
9.884651577094275554e-01 -9.881312916824930884e-323
9.857086656331661700e-01 -9.881312916824930884e-323
9.822284465073775062e-01 -1.086944420850742397e-322
9.776904103421654169e-01 -1.086944420850742397e-322
9.715167500547886581e-01 -1.185757550018991706e-322
9.626140188792533525e-01 -1.235164114603116360e-322
9.486325339525754075e-01 -1.284570679187241015e-322
9.234348541880816885e-01 -1.333977243771365669e-322
8.643093594720635542e-01 -1.432790372939614978e-322
5.597381454345585761e-01 -1.482196937523739633e-322
1.428892516967819715e+00 -1.531603502107864287e-322
1.153435155618792729e+00 -1.630416631276113596e-322
1.096620011457830390e+00 -1.729229760444362905e-322
1.072038747521155466e+00 -1.828042889612612213e-322
1.058288044588724164e+00 -1.926856018780861522e-322
1.049477137368856283e+00 -2.025669147949110831e-322
1.043329525996348428e+00 -2.124482277117360140e-322
1.038779456894792785e+00 -2.272701970869734103e-322
1.035261244503816069e+00 -2.420921664622108066e-322
1.032446544771776775e+00 -2.569141358374482030e-322
1.030131478760705210e+00 -2.766767616710980647e-322
1.028182539980425414e+00 -2.914987310463354611e-322
1.026508413118760954e+00 -3.063207004215728574e-322
1.025044283679757751e+00 -3.310239827136351846e-322
1.023742611669512748e+00 -3.507866085472850464e-322
1.022567447788915285e+00 -3.705492343809349081e-322
1.021490783412325909e+00 -3.853712037561723045e-322
1.020490111755091078e+00 -4.150151425066470971e-322
1.019546729017539288e+00 -4.495997377155343552e-322
1.018644491729840285e+00 -4.841843329244216133e-322
1.017768848781678726e+00 -5.237095845917213368e-322
1.016906021409797134e+00 -5.632348362590210604e-322
1.016042229583621781e+00 -6.175820573015581802e-322
1.015162865561818117e+00 -6.768699348025077655e-322
1.014251493251856706e+00 -7.460391252202822817e-322
1.013288493146418778e+00 -8.250896285548817288e-322
1.012249044425185707e+00 -9.239027577231310376e-322
1.011099856734924307e+00 -1.052359825641855139e-321
1.009793417904400137e+00 -1.210460832311054033e-321
1.008256873754711069e+00 -1.413027747105965116e-321
1.006367843866965428e+00 -1.699585821693888112e-321
1.003892655074254625e+00 -2.144244902951010002e-321
1.000286066765762927e+00 -2.890284028171292283e-321
9.937174787447149438e-01 -4.570107224031530534e-321
9.682750044915595655e-01 -1.277653760145463563e-320
1.029456626336672453e+00 1.020245558662174114e-320
1.002790497836627104e+00 2.480209542123057652e-321
9.885552169345352969e-01 4.051338295898221662e-322
9.656776555108405047e-01 -1.437731029398027444e-321
8.893364997430037722e-01 -7.559204381371072126e-321
1.463889706515097755e+00 1.127951869455565860e-320
1.103911294704716717e+00 4.856665298619453529e-321
1.066216143627897850e+00 3.572094619432212514e-321
1.051642557322804761e+00 2.677835800459556269e-321
1.043830278429163538e+00 2.178829498159897260e-321
1.038919406296738401e+00 1.857686828363087006e-321
1.035523185899473786e+00 1.640297944192938527e-321
1.033019484486310757e+00 1.472315624606914702e-321
1.031087084901168849e+00 1.338917900229778135e-321
1.029543098975442161e+00 1.240104771061528826e-321
1.028275590776842385e+00 1.156113611268516913e-321
1.027212121442758530e+00 1.082003764392329932e-321
1.026303683821985002e+00 1.022715886891380346e-321
1.025515898824050920e+00 9.733093223072556920e-322
1.024823909271039835e+00 9.239027577231310376e-322
1.024209276324135498e+00 8.893181625142437795e-322
1.023658017428298539e+00 8.547335673053565214e-322
1.023159323621212202e+00 8.250896285548817288e-322
1.022704696343198050e+00 8.003863462628194016e-322
1.022287351679605161e+00 7.806237204291695398e-322
1.021901799909317843e+00 7.559204381371072126e-322
1.021543542825108508e+00 7.361578123034573508e-322
1.021208851915641702e+00 7.312171558450448854e-322
1.020894603155330316e+00 7.065138735529825582e-322
1.020598152117624391e+00 6.966325606361576273e-322
1.020317238262686388e+00 6.818105912609202310e-322
1.020049910629128087e+00 6.768699348025077655e-322
1.019794469424652350e+00 6.669886218856828346e-322
1.019549419555086489e+00 6.620479654272703692e-322
1.019313433200831565e+00 6.521666525104454383e-322
1.019085319300495840e+00 6.373446831352080420e-322
1.018863998334705645e+00 6.324040266767955765e-322
1.018648481185548293e+00 6.225227137599706457e-322
1.018437851123308091e+00 6.175820573015581802e-322
1.018231248172259962e+00 6.225227137599706457e-322
1.018027855251736336e+00 6.175820573015581802e-322
1.017826885591505359e+00 6.126414008431457148e-322
1.017627570991139097e+00 6.175820573015581802e-322
1.017429150537745519e+00 6.225227137599706457e-322
1.017230859418966737e+00 6.175820573015581802e-322
1.017031917470302638e+00 6.225227137599706457e-322
1.016831517077657621e+00 6.225227137599706457e-322
1.016628810015776763e+00 6.324040266767955765e-322
1.016422892737220307e+00 6.324040266767955765e-322
1.016212789528474492e+00 6.472259960520329729e-322
1.015997432810169965e+00 6.472259960520329729e-322
1.015775639662932939e+00 6.571073089688579038e-322
1.015546083388074727e+00 6.669886218856828346e-322
1.015307258532023527e+00 6.768699348025077655e-322
1.015057437268581220e+00 6.966325606361576273e-322
1.014794614273518025e+00 6.966325606361576273e-322
1.014516436133972910e+00 7.163951864698074891e-322
1.014220109742728360e+00 7.312171558450448854e-322
1.013902281768090052e+00 7.559204381371072126e-322
1.013558877731832730e+00 7.855643768875820052e-322
1.013184883754462806e+00 8.053270027212318670e-322
1.012774045422329738e+00 8.448522543885315905e-322
1.012318444370183812e+00 8.744961931390063832e-322
1.011807890229464713e+00 9.189621012647185722e-322
1.011229026436299749e+00 9.683686658488432266e-322
1.010563979210194807e+00 1.027656543349792812e-321
1.009788251838746875e+00 1.101766390225979794e-321
1.008867321675074535e+00 1.185757550018991706e-321
1.007750900423747709e+00 1.294451992104065946e-321
1.006362743508832258e+00 1.422909060022790047e-321
1.004581383680414053e+00 1.600772692525638803e-321
1.002200714630735900e+00 1.832983546071024679e-321
9.988406470176816043e-01 2.168948185243072329e-321
9.937143090404029211e-01 2.692657769834793666e-321
9.848848685879079135e-01 3.596797901724274842e-321
9.659549258783659553e-01 5.548357202797198691e-321
8.957959014062921721e-01 1.435260701168821211e-320
1.358289361371372905e+00 -2.621018251187812917e-320
1.088446541413532254e+00 -7.139248582406012563e-321
1.057013102313420827e+00 -3.898177945687435234e-321
1.044810286117871634e+00 -2.643251205250669011e-321
1.038305553493035216e+00 -1.986143896281811108e-321
1.034250909561080345e+00 -1.571128753775164010e-321
1.031472628903034261e+00 -1.294451992104065946e-321
1.029443324794098169e+00 -1.086944420850742397e-321
1.027890851745848488e+00 -9.387247270983684339e-322
1.026660530299628560e+00 -8.250896285548817288e-322
1.025657916238416956e+00 -7.312171558450448854e-322
1.024822056416083704e+00 -6.521666525104454383e-322
1.024111828958089054e+00 -5.829974620926709221e-322
1.023498462113131557e+00 -5.237095845917213368e-322
1.022961199315534087e+00 -4.792436764660091479e-322
1.022484667402548508e+00 -4.397184247987094243e-322
1.022057214749971576e+00 -4.051338295898221662e-322
1.021669825844246926e+00 -3.804305472977598390e-322
1.021315391125724892e+00 -3.507866085472850464e-322
1.020988202734509187e+00 -3.260833262552227192e-322
1.020683597800788212e+00 -3.063207004215728574e-322
1.020397700322873691e+00 -2.865580745879229956e-322
1.020127230168691446e+00 -2.717361052126855993e-322
1.019869358431613193e+00 -2.569141358374482030e-322
1.019621595060370867e+00 -2.371515100037983412e-322
1.019381698937080527e+00 -2.322108535453858758e-322
1.019147603304694449e+00 -2.173888841701484794e-322
1.018917351178549868e+00 -2.124482277117360140e-322
1.018689036429517358e+00 -1.976262583364986177e-322
1.018460746776241210e+00 -1.926856018780861522e-322
1.018230505057203139e+00 -1.877449454196736868e-322
1.017996204884271005e+00 -1.778636325028487559e-322
1.017755536053042142e+00 -1.729229760444362905e-322
1.017505893761879054e+00 -1.679823195860238250e-322
1.017244263508269020e+00 -1.630416631276113596e-322
1.016967070026245867e+00 -1.630416631276113596e-322
1.016669972997441773e+00 -1.630416631276113596e-322
1.016347583088321960e+00 -1.581010066691988941e-322
1.015993056556956819e+00 -1.630416631276113596e-322
1.015597500399477715e+00 -1.679823195860238250e-322
1.015149073355557485e+00 -1.729229760444362905e-322
1.014631581904339885e+00 -1.729229760444362905e-322
1.014022203607628958e+00 -1.778636325028487559e-322
1.013287629417358726e+00 -1.877449454196736868e-322
1.012377173846747525e+00 -2.025669147949110831e-322
1.011209650860667164e+00 -2.223295406285609449e-322
1.009646262806567885e+00 -2.569141358374482030e-322
1.007428352534002425e+00 -2.964393875047479265e-322
1.004012250354485491e+00 -3.606679214641099772e-322
9.980272638408809183e-01 -4.743030200075966824e-322
9.847378445477026343e-01 -7.410984687618698163e-322
9.293143054377625001e-01 -1.877449454196736868e-321
1.172893832244070289e+00 3.092850942966203367e-321
1.061001578295310166e+00 8.152083156380567979e-322
1.043499963259242991e+00 4.594810506323592861e-322
1.036379449851420942e+00 3.211426697968102537e-322
1.032517532400665683e+00 2.470328229206232721e-322
1.030096900073071753e+00 1.926856018780861522e-322
1.028441694297454356e+00 1.630416631276113596e-322
1.027243284389800948e+00 1.383383808355490324e-322
1.026341039719935067e+00 1.284570679187241015e-322
1.025643519032878759e+00 1.086944420850742397e-322
1.025095317314795418e+00 9.881312916824930884e-323
1.024661491969742988e+00 8.893181625142437795e-323
1.024319666191637834e+00 8.399115979301191251e-323
1.024055862329118938e+00 7.905050333459944707e-323
1.023862368524450339e+00 6.916919041777451618e-323
1.023736923727465387e+00 5.928787750094958530e-323
1.023683051153517098e+00 5.928787750094958530e-323
1.023711866370509815e+00 5.434722104253711986e-323
1.023846521697666434e+00 5.434722104253711986e-323
1.024132530209248104e+00 5.434722104253711986e-323
1.024663714113809521e+00 5.434722104253711986e-323
1.025658765442845954e+00 4.940656458412465442e-323
1.027756477218285669e+00 4.446590812571218898e-323
1.033914158325851318e+00 4.446590812571218898e-323
1.159418523716702065e+00 4.446590812571218898e-323
1.004094198137508220e+00 4.446590812571218898e-323
1.012622682612332570e+00 3.952525166729972353e-323
1.015194298883449031e+00 3.458459520888725809e-323
1.016402262165657655e+00 3.458459520888725809e-323
1.017085666385924014e+00 3.458459520888725809e-323
1.017513899403654998e+00 3.458459520888725809e-323
1.017799837839618915e+00 2.964393875047479265e-323
1.017999003062199703e+00 2.964393875047479265e-323
1.018141825364007103e+00 2.470328229206232721e-323
1.018246340084878687e+00 1.976262583364986177e-323
1.018323889129338466e+00 2.470328229206232721e-323
1.018381944653698801e+00 1.976262583364986177e-323
1.018425617510764214e+00 1.976262583364986177e-323
1.018458513300447565e+00 1.976262583364986177e-323
1.018483242810814593e+00 1.482196937523739633e-323
1.018501739193188982e+00 1.976262583364986177e-323
1.018515462053552811e+00 1.482196937523739633e-323
1.018525532779095411e+00 1.482196937523739633e-323
1.018532826641658229e+00 4.940656458412465442e-324
1.018538036939849345e+00 1.482196937523739633e-323
1.018541720591624733e+00 9.881312916824930884e-324
1.018544331145431858e+00 9.881312916824930884e-324
1.018546243089328618e+00 4.940656458412465442e-324
1.018547770036567268e+00 0.000000000000000000e+00
1.018549178536408473e+00 0.000000000000000000e+00
1.018550698718379666e+00 0.000000000000000000e+00
1.018552532619265261e+00 -4.940656458412465442e-324
1.018554860799694595e+00 -9.881312916824930884e-324
1.018557847691018203e+00 -1.482196937523739633e-323
1.018561645997764886e+00 -1.976262583364986177e-323
1.018566400400045868e+00 -1.976262583364986177e-323
1.018572250743112528e+00 -2.470328229206232721e-323
1.018579334860867824e+00 -2.964393875047479265e-323
1.018587791151720712e+00 -3.458459520888725809e-323
1.018597761005657132e+00 -3.952525166729972353e-323
1.018609391168610934e+00 -4.446590812571218898e-323
1.018622836122860864e+00 -4.940656458412465442e-323
1.018638260559356024e+00 -4.446590812571218898e-323
1.018655842019222435e+00 -5.434722104253711986e-323
1.018675773787146355e+00 -5.928787750094958530e-323
1.018698268129146323e+00 -6.422853395936205074e-323
1.018723559982075644e+00 -6.916919041777451618e-323
1.018751911223079398e+00 -7.905050333459944707e-323
1.018783615675734611e+00 -8.893181625142437795e-323
1.018819005048016368e+00 -9.387247270983684339e-323
1.018858456048771455e+00 -9.881312916824930884e-323
1.018902398998657866e+00 -1.086944420850742397e-322
1.018951328345126139e+00 -1.185757550018991706e-322
1.019005815618424737e+00 -1.333977243771365669e-322
1.019066525540643475e+00 -1.432790372939614978e-322
1.019134236242825065e+00 -1.531603502107864287e-322
1.019209864886565509e+00 -1.729229760444362905e-322
1.019294500472479603e+00 -1.828042889612612213e-322
1.019389446319582504e+00 -1.976262583364986177e-322
1.019496275728810186e+00 -2.173888841701484794e-322
1.019616905879592528e+00 -2.420921664622108066e-322
1.019753697343438237e+00 -2.618547922958606684e-322
1.019909590223519347e+00 -2.914987310463354611e-322
1.020088293687745118e+00 -3.162020133383977883e-322
1.020294555047451368e+00 -3.606679214641099772e-322
1.020534550272497620e+00 -4.001931731314097008e-322
1.020816465095148784e+00 -4.495997377155343552e-322
1.021151384843372867e+00 -4.990063022996590096e-322
1.021554702967758299e+00 -5.632348362590210604e-322
1.022048438980315721e+00 -6.571073089688579038e-322
1.022665233446309774e+00 -7.608610945955196780e-322
1.023455629752001217e+00 -8.893181625142437795e-322
1.024502298805105793e+00 -1.067181795017092535e-321
1.025950389068797541e+00 -1.304333305020890877e-321
1.028080296557223772e+00 -1.665001226485000854e-321
1.031513033542982294e+00 -2.238117375660846845e-321
1.037953026264888390e+00 -3.310239827136351846e-321
1.054378328607008086e+00 -6.042422848638445235e-321
1.183098708851050951e+00 -2.349776211620968564e-320
9.477567201602911107e-01 1.170935580643754310e-320
9.881025766293757284e-01 4.999944335913415027e-321
9.986324728935680461e-01 3.246011293176989795e-321
1.003474685962765234e+00 2.440684290455757928e-321
1.006254247002101643e+00 1.981203239823398642e-321
1.008055525518098516e+00 1.684763852318650716e-321
1.009316208342923238e+00 1.477256281065327167e-321
1.010246831504563625e+00 1.319155274396128273e-321
1.010961219454840743e+00 1.205520175852641568e-321
1.011526300280644275e+00 1.111647703142804724e-321
1.011984006085060228e+00 1.037537856266617743e-321
1.012361949453861820e+00 9.782499787656681575e-322
1.012679058929510933e+00 9.337840706399559685e-322
1.012948747852792319e+00 8.942588189726562450e-322
1.013180790611854176e+00 8.596742237637689869e-322
1.013382482382215288e+00 8.349709414717066597e-322
1.013559382599371839e+00 8.053270027212318670e-322
1.013715806766970484e+00 7.855643768875820052e-322
1.013855160822562773e+00 7.707424075123446089e-322
1.013980174046718474e+00 7.509797816786947471e-322
1.014093064887182649e+00 7.410984687618698163e-322
1.014195661421472661e+00 7.361578123034573508e-322
1.014289490551876005e+00 7.262764993866324199e-322
1.014375845301129342e+00 7.213358429282199545e-322
1.014455836582556225e+00 7.163951864698074891e-322
1.014530433885260097e+00 7.163951864698074891e-322
1.014600498050781230e+00 7.163951864698074891e-322
1.014666808488025707e+00 7.213358429282199545e-322
1.014730086636964401e+00 7.312171558450448854e-322
1.014791017164527354e+00 7.361578123034573508e-322
1.014850268211763940e+00 7.460391252202822817e-322
1.014908511990934237e+00 7.559204381371072126e-322
1.014966447160622787e+00 7.707424075123446089e-322
1.015024824719952479e+00 7.855643768875820052e-322
1.015084479731964917e+00 8.003863462628194016e-322
1.015146372145618869e+00 8.250896285548817288e-322
1.015211641577751456e+00 8.547335673053565214e-322
1.015281683580634864e+00 8.893181625142437795e-322
1.015358259476995872e+00 9.189621012647185722e-322
1.015443659873043858e+00 9.683686658488432266e-322
1.015540956639033432e+00 1.027656543349792812e-321
1.015654406186472958e+00 1.096825733767567328e-321
1.015790123274923573e+00 1.180816893560579241e-321
1.015957265240492902e+00 1.299392648562478411e-321
1.016170244545941515e+00 1.442671685856439909e-321
1.016453189508727650e+00 1.635357287734526061e-321
1.016849863816658539e+00 1.912034049405624126e-321
1.017448837916439031e+00 2.336930504829096154e-321
1.018460702261308359e+00 3.053325691298903643e-321
1.020538856050313026e+00 4.515760002988993414e-321
1.027234183239237986e+00 9.239027577231310376e-321
8.971895581240195705e-01 -9.431713179109396528e-320
1.004002129753463812e+00 -7.144189238864425029e-321
1.008982848240323804e+00 -3.621501184016337169e-321
1.010740519279573313e+00 -2.381396412954808343e-321
1.011633677204486048e+00 -1.748992386278012766e-321
1.012170295126954889e+00 -1.358680526063427996e-321
1.012525126965337918e+00 -1.106707046684392259e-321
1.012774430199713471e+00 -9.189621012647185722e-322
1.012956777125552765e+00 -7.855643768875820052e-322
1.013093761779745750e+00 -6.719292783440953001e-322
1.013198403012192106e+00 -5.879381185510833876e-322
1.013279004209961087e+00 -5.187689281333088714e-322
1.013341098415584618e+00 -4.594810506323592861e-322
1.013388501986924206e+00 -4.100744860482346317e-322
1.013423919340078028e+00 -3.656085779225224427e-322
1.013449306808775985e+00 -3.310239827136351846e-322
1.013466100248364921e+00 -3.013800439631603919e-322
1.013475362031209581e+00 -2.717361052126855993e-322
1.013477878449354108e+00 -2.470328229206232721e-322
1.013474225506924453e+00 -2.223295406285609449e-322
1.013464813875094350e+00 -2.025669147949110831e-322
1.013449919631637108e+00 -1.828042889612612213e-322
1.013429704924684760e+00 -1.679823195860238250e-322
1.013404231155352164e+00 -1.531603502107864287e-322
1.013373466265097278e+00 -1.383383808355490324e-322
1.013337287009925536e+00 -1.284570679187241015e-322
1.013295476562253272e+00 -1.185757550018991706e-322
1.013247717304349482e+00 -1.086944420850742397e-322
1.013193578183890331e+00 -9.387247270983684339e-323
1.013132495408146871e+00 -8.893181625142437795e-323
1.013063744449408832e+00 -8.399115979301191251e-323
1.012986400155651445e+00 -7.410984687618698163e-323
1.012899279934903030e+00 -6.422853395936205074e-323
1.012800862033216287e+00 -6.422853395936205074e-323
1.012689165984427042e+00 -5.434722104253711986e-323
1.012561573717197572e+00 -4.940656458412465442e-323
1.012414554261086286e+00 -3.952525166729972353e-323
1.012243225600121699e+00 -3.458459520888725809e-323
1.012040628726020852e+00 -3.458459520888725809e-323
1.011796465324827921e+00 -2.964393875047479265e-323
1.011494769804213378e+00 -2.470328229206232721e-323
1.011109290096624980e+00 -1.976262583364986177e-323
1.010593421674387482e+00 -1.482196937523739633e-323
1.009855350716249767e+00 -1.482196937523739633e-323
1.008684783151683861e+00 -9.881312916824930884e-324
1.006468235529567989e+00 -4.940656458412465442e-324
1.000320774417510661e+00 -4.940656458412465442e-324
8.406922801307630255e-01 -1.473303755898597195e-320
1.027289848205106049e+00 4.940656458412465442e-324
1.019492645812612563e+00 9.881312916824930884e-324
1.016910182828365095e+00 9.881312916824930884e-324
1.015535703916700783e+00 1.482196937523739633e-323
1.014615585313194401e+00 1.482196937523739633e-323
1.013901379641935829e+00 1.976262583364986177e-323
1.013283634012317025e+00 2.470328229206232721e-323
1.012702551595275002e+00 1.976262583364986177e-323
1.012117995207768129e+00 1.976262583364986177e-323
1.011496520026277324e+00 1.976262583364986177e-323
1.010803777909817569e+00 2.470328229206232721e-323
1.009997819490390247e+00 2.470328229206232721e-323
1.009020293964113968e+00 2.964393875047479265e-323
1.007781405721581036e+00 2.470328229206232721e-323
1.006129672715939893e+00 2.470328229206232721e-323
1.003782298344648272e+00 2.470328229206232721e-323
1.000137303025208979e+00 2.470328229206232721e-323
9.936380324412433795e-01 2.964393875047479265e-323
9.786219564013515226e-01 2.964393875047479265e-323
9.054812249747123953e-01 2.282583283786559034e-321
1.134020732650795615e+00 2.425862321080520532e-321
1.054654809664448134e+00 3.458459520888725809e-323
1.039153238066633289e+00 3.458459520888725809e-323
1.032536085277557580e+00 3.458459520888725809e-323
1.028861331816654845e+00 3.458459520888725809e-323
1.026520355192781064e+00 3.952525166729972353e-323
1.024896689911069636e+00 3.952525166729972353e-323
1.023703250961670363e+00 3.952525166729972353e-323
1.022788241995963077e+00 3.952525166729972353e-323
1.022063843907128566e+00 4.446590812571218898e-323
1.021475710931107450e+00 4.446590812571218898e-323
1.020988402036231424e+00 4.446590812571218898e-323
1.020577813083279883e+00 4.446590812571218898e-323
1.020226975743027120e+00 4.446590812571218898e-323
1.019923596222747531e+00 4.446590812571218898e-323
1.019658547378492708e+00 4.446590812571218898e-323
1.019424909425429737e+00 4.446590812571218898e-323
1.019217339655615007e+00 4.940656458412465442e-323
1.019031646601465724e+00 4.940656458412465442e-323
1.018864495219788058e+00 5.434722104253711986e-323
1.018713198342017012e+00 5.434722104253711986e-323
1.018575566297737822e+00 5.928787750094958530e-323
1.018449796611497371e+00 5.928787750094958530e-323
1.018334391836766217e+00 5.928787750094958530e-323
1.018228097489431327e+00 5.434722104253711986e-323
1.018129854565213321e+00 5.434722104253711986e-323
1.018038762790593132e+00 5.928787750094958530e-323
1.017954051876901689e+00 5.928787750094958530e-323
1.017875058813525246e+00 5.928787750094958530e-323
1.017801209768657067e+00 5.928787750094958530e-323
1.017732005541369888e+00 5.928787750094958530e-323
1.017667009776904274e+00 5.928787750094958530e-323
1.017605839350929298e+00 6.422853395936205074e-323
1.017548156470339693e+00 6.422853395936205074e-323
1.017493662142967992e+00 6.422853395936205074e-323
1.017442090746849104e+00 6.422853395936205074e-323
1.017393205488640762e+00 6.422853395936205074e-323
1.017346794585633818e+00 5.928787750094958530e-323
1.017302668040136027e+00 6.422853395936205074e-323
1.017260654901545491e+00 6.422853395936205074e-323
1.017220600932079444e+00 6.422853395936205074e-323
1.017182366608281097e+00 6.422853395936205074e-323
1.017145825403191095e+00 6.422853395936205074e-323
