9.489056007232709034e-01
9.490989821303569274e-01
9.529292484324073387e-01
9.684181469408579268e-01
9.971008962253925523e-01
1.002257822046311864e+00
9.910616285785570634e-01
9.816399627540804973e-01
9.753878018244499515e-01
9.711588108979902767e-01
9.681374438202069443e-01
9.658602457720867340e-01
9.640629242244322938e-01
9.625883895159668135e-01
9.613388967318484690e-01
9.602509913683955345e-01
9.592819029929453567e-01
9.584018380329067943e-01
9.575894333242520595e-01
9.568289728766090629e-01
9.561086263814424502e-01
9.554193007395044290e-01
9.547538711075623796e-01
9.541066536279207977e-01
9.534730360167603669e-01
9.528492136393136303e-01
9.522319975385012958e-01
9.516186724613718839e-01
9.510068902120216716e-01
9.503945883421403007e-01
9.497799272598977938e-01
9.491612408866044737e-01
9.485369973806588861e-01
9.479057674057217442e-01
9.472661980886204480e-01
9.466169912850723733e-01
9.459568851090462971e-01
9.452846379251569342e-01
9.445990141804277984e-01
9.438987715808672130e-01
9.431826492126046402e-01
9.424493562758599063e-01
9.416975611491376075e-01
9.409258805352028743e-01
9.401328684627204835e-01
9.393170049300584301e-01
9.384766839821001572e-01
9.376102010078120053e-01
9.367157390361867675e-01
9.357913537910327317e-01
9.348349572405509900e-01
9.338442993450299934e-01
9.328169476641936519e-01
9.317502644332267270e-01
9.306413806512506826e-01
9.294871666453227155e-01
9.282841984734653273e-01
9.270287194073025816e-01
9.257165955828567938e-01
9.243432647195083396e-01
9.229036765724131230e-01
9.213922234902872654e-01
9.198026590820073123e-01
9.181280025303972803e-01
9.163604255013626521e-01
9.144911178432415522e-01
9.125101273040865379e-01
9.104061672450465270e-01
9.081663847032115378e-01
9.057760790303472920e-01
9.032183585305392226e-01
9.004737187989361180e-01
8.975195214905209440e-01
8.943293455545286985e-01
8.908721739021275843e-01
8.871113661160657804e-01
8.830033508852734858e-01
8.784959486021418629e-01
8.735262026589883932e-01
8.680175545074734211e-01
8.618761394183853675e-01
8.549859054988874218e-01
8.472021729240186705e-01
8.383431801140985851e-01
8.281791992793435808e-01
8.164192211600044269e-01
8.026968252865378517e-01
7.865621142688954404e-01
7.675030594908603954e-01
7.450717505375661354e-01
7.193622826039535179e-01
6.926731100936963648e-01
6.751958544689825592e-01
7.030442126186661200e-01
8.703142943807278265e-01
1.221435809867578159e+00
1.460181805175427394e+00
1.464552063960497641e+00
1.392434711874197317e+00
1.320771866767280311e+00
1.263476195054892059e+00
1.219274476355446835e+00
1.184947560320400051e+00
1.157817779764659827e+00
1.135956836637726619e+00
1.118014180737305852e+00
1.103039693957314160e+00
1.090354899634875974e+00
1.079466474998988845e+00
1.070009084820153777e+00
1.061707392009962447e+00
1.054350470568445441e+00
1.047774287704744900e+00
1.041849504186991071e+00
1.036472834953797939e+00
1.031560832407609984e+00
1.027045345163388745e+00
1.022870153652068792e+00
1.018988444627272116e+00
1.015360892007455274e+00
1.011954181668161423e+00
1.008739865231180532e+00
1.005693460409668116e+00
1.002793738055034911e+00
1.000022151943381843e+00
9.973623786554366433e-01
9.947999430529558262e-01
9.923219107848112452e-01
9.899166336140593492e-01
9.875735365890045969e-01
9.852829384975329008e-01
9.830358988638095985e-01
9.808240861255990151e-01
9.786396626808157029e-01
9.764751832942838439e-01
9.743235039690755217e-01
9.721776988543054943e-01
9.700309831147025941e-01
9.678766399500023931e-01
9.657079501414654876e-01
9.635181226312204972e-01
9.613002247168828118e-01
9.590471104756207454e-01
9.567513460234321476e-01
9.544051301705707147e-01
9.520002089562066283e-01
9.495277824384954490e-01
9.469784019862026447e-01
9.443418561748284645e-01
9.416070432512697597e-01
9.387618280265617177e-01
9.357928810382174500e-01
9.326854979804680701e-01
9.294233978817493247e-01
9.259884995656118001e-01
9.223606779872355332e-01
9.185175058071611831e-01
9.144339922573576640e-01
9.100823430379939571e-01
9.054317852103973552e-01
9.004485359974131464e-01
8.950960549114344023e-01
8.893358239711854907e-01
8.831290855852990118e-01
8.764402949791912922e-01
8.692436295317822470e-01
8.615349548728471474e-01
8.533535715792204268e-01
8.448215728126772239e-01
8.362149688139578485e-01
8.280917402361984703e-01
8.215193169593161260e-01
8.184638263510927159e-01
8.223952269551818572e-01
8.390035141811649222e-01
8.762840303004807430e-01
9.418285078186741099e-01
1.034802702757427362e+00
1.137415290358690045e+00
1.221711714898594980e+00
1.270857231578354618e+00
1.287322684947982410e+00
1.282664344564877990e+00
1.267420894035569123e+00
1.248205891964774494e+00
1.228461145475554961e+00
1.209747851627500870e+00
1.192653495040464140e+00
1.177301097671491048e+00
1.163609520153877863e+00
1.151419910542612390e+00
1.140554575787257940e+00
1.130842779629009698e+00
1.122130712703825584e+00
1.114284102665581866e+00
1.107187578121855420e+00
1.100742759202201215e+00
1.094865998116032912e+00
1.089486180678517435e+00
1.084542752163054402e+00
1.079984013932905995e+00
1.075765684787330034e+00
1.071849699844191095e+00
1.068203213625272152e+00
1.064797774631926819e+00
1.061608642071140363e+00
1.058614219582017402e+00
1.055795584937392562e+00
1.053136098393375075e+00
1.050621075522196968e+00
1.048237512997765908e+00
1.045973857963614639e+00
1.043819813368892957e+00
1.041766173078285451e+00
1.039804681707764411e+00
1.037927915062288431e+00
1.036129177797331158e+00
1.034402415528793640e+00
1.032742139103846490e+00
1.031143359141384774e+00
1.029601529273171723e+00
1.028112496779948870e+00
1.026672459532252057e+00
1.025277928322662957e+00
1.023925693822010263e+00
1.022612797512545413e+00
1.021336506050993131e+00
1.020094288597457099e+00
1.018883796715436718e+00
1.017702846506171932e+00
1.016549402689163939e+00
1.015421564381631336e+00
1.014317552364180308e+00
1.013235697649170319e+00
1.012174431193022972e+00
1.011132274614775728e+00
1.010107831801130729e+00
1.009099781293581799e+00
1.008106869366316882e+00
1.007127903714855277e+00
1.006161747685049290e+00
1.005207314980400835e+00
1.004263564792824193e+00
1.003329497308175222e+00
1.002404149543217660e+00
1.001486591475317489e+00
1.000575922430153364e+00
9.996712676961797550e-01
9.987717753375578988e-01
9.978766131798328942e-01
9.969849659448282164e-01
9.960960325131182902e-01
9.952090232940132841e-01
9.943231576843412078e-01
9.934376615984020775e-01
9.925517650523644209e-01
9.916646997870702807e-01
9.907756969137206937e-01
9.898839845672621207e-01
9.889887855524557292e-01
9.880893149676321929e-01
9.871847777909756871e-01
9.862743664138714506e-01
9.853572581053733348e-01
9.844326123911917303e-01
9.834995683297708124e-01
9.825572416669983156e-01
9.816047218498484828e-01
9.806410688778011142e-01
9.796653099691552402e-01
9.786764360173689781e-01
9.776733978102517542e-01
9.766551019821799740e-01
9.756204066664736496e-01
9.745681168115799542e-01
9.734969791207288559e-01
9.724056765701681870e-01
9.712928224558747825e-01
9.701569539126896347e-01
9.689965248430071343e-01
9.678098981843735737e-01
9.665953374364125716e-01
9.653509973572973468e-01
9.640749137282605963e-01
9.627649920711970344e-01
9.614189951889783314e-01
9.600345293803571600e-01
9.586090291609443703e-01
9.571397402982857461e-01
9.556237009420635031e-01
9.540577205994064114e-01
9.524383566695723280e-01
9.507618882112508496e-01
9.490242865686734364e-01
9.472211824288784277e-01
9.453478288210932501e-01
9.433990594995665946e-01
9.413692420727799437e-01
9.392522251546269185e-01
9.370412787172566205e-01
9.347290267224346305e-01
9.323073710017082405e-01
9.297674052516310406e-01
9.270993179196548306e-01
9.242922826972744810e-01
9.213343353395997415e-01
9.182122356432018684e-01
9.149113137146376307e-01
9.114153002747557020e-01
9.077061418670507864e-01
9.037638037887610887e-01
8.995660668486535894e-01
8.950883294925943146e-01
8.903034357494330475e-01
8.851815639907610889e-01
8.796902352071995779e-01
8.737945382374949777e-01
8.674577329170526374e-01
8.606424968755461702e-01
8.533132555478056824e-01
8.454403252628959198e-01
8.370070868529130292e-01
8.280222291692495018e-01
8.185404868269362533e-01
8.086976101768180714e-01
7.987690785564032225e-01
7.892678810413868984e-01
7.811044832838036633e-01
7.758386072888914242e-01
7.760434346885217716e-01
7.857343797149379805e-01
8.105864176345412009e-01
8.571613877409358651e-01
9.298642474236462618e-01
1.025432247414596487e+00
1.129264306122414574e+00
1.220683849936596177e+00
1.284992011679152668e+00
1.319785794086268949e+00
1.331225076607644109e+00
1.327561928644775957e+00
1.315529844761429645e+00
1.299585045967079466e+00
1.282350368615615910e+00
1.265246166610488832e+00
1.248977988800952676e+00
1.233850003173692977e+00
1.219950520265998595e+00
1.207257255760236125e+00
1.195695540575357985e+00
1.185169845505195108e+00
1.175580450077901240e+00
1.166831969686017434e+00
1.158837529833284030e+00
1.151520745511866783e+00
1.144816770836892816e+00
1.138673190456788609e+00
1.133051177406567911e+00
1.127926812416303548e+00
1.123291098782905451e+00
1.119143952435184497e+00
1.115472571118396594e+00
1.112207505569968280e+00
1.109184483720221825e+00
1.106188510046945073e+00
1.103085595386330775e+00
1.099890328976024456e+00
1.096698394404348686e+00
1.093598033585166718e+00
1.090638489816165402e+00
1.087836798958804252e+00
1.085191926953229302e+00
1.082694810839059940e+00
1.080333732441988381e+00
1.078096790679442751e+00
1.075972891007492382e+00
1.073952050233489386e+00
1.072025410314138671e+00
1.070185142407054091e+00
1.068424320385928272e+00
1.066736796165555612e+00
1.065117088378732424e+00
1.063560287086382061e+00
1.062061973699587547e+00
1.060618154131738322e+00
1.059225203017206685e+00
1.057879817023173352e+00
1.056578975580945601e+00
1.055319907665065893e+00
1.054100063514218366e+00
1.052917090408186818e+00
1.051768811792458624e+00
1.050653209182750292e+00
1.049568406392663134e+00
1.048512655715007735e+00
1.047484325756199208e+00
1.046481890677603666e+00
1.045503920641044804e+00
1.044549073290287566e+00
1.043616086128166032e+00
1.042703769671531333e+00
1.041811001284534521e+00
1.040936719605768168e+00
1.040079919497157501e+00
1.039239647452751880e+00
1.038414997414110363e+00
1.037605106946140943e+00
1.036809153733293964e+00
1.036026352361129055e+00
1.035255951352635373e+00
1.034497230432415815e+00
1.033749497995074984e+00
1.033012088756927849e+00
1.032284361572591402e+00
1.031565697400165016e+00
1.030855497400608112e+00
1.030153181158653064e+00
1.029458185014162197e+00
1.028769960494318791e+00
1.028087972838461317e+00
1.027411699608790530e+00
1.026740629381635683e+00
1.026074260515539960e+00
1.025412099994197801e+00
1.024753662344333627e+00
1.024098468631111647e+00
1.023446045536775761e+00
1.022795924532178047e+00
1.022147641155986664e+00
1.021500734423096635e+00
1.020854746392626522e+00
1.020209221937595778e+00
1.019563708773708166e+00
1.018917757824483239e+00
1.018270924024779589e+00
1.017622767694084107e+00
1.016972856641612077e+00
1.016320769187915918e+00
1.015666098279751184e+00
1.015008456786876234e+00
1.014347483800615679e+00
1.013682851114141359e+00
1.013014267729120066e+00
1.012341477743792462e+00
1.011664242955447657e+00
1.010982296499191024e+00
1.010295251374207171e+00
1.009602457249163532e+00
1.008902834864159770e+00
1.008194781333470402e+00
1.007476283240025472e+00
1.006745299098515289e+00
1.006000260332074348e+00
1.005240388816875940e+00
1.004465654191203150e+00
1.003676475066179741e+00
1.002873398790401049e+00
1.002056909214744662e+00
1.001227376781767875e+00
1.000385099792298504e+00
9.995303858297494015e-01
9.986636446527954458e-01
9.977854829430184980e-01
9.968968018172308376e-01
9.959989025111979366e-01
9.950936072825906642e-01
9.941834033264929094e-01
9.932716182699650176e-01
9.923626369723865803e-01
9.914621710152566880e-01
9.905775944235526431e-01
9.897183617583964477e-01
9.888965276029484386e-01
9.881273893062889613e-01
9.874302770246361494e-01
9.868295154519940438e-01
9.863555781461131877e-01
9.860464446516694625e-01
9.859491472816708235e-01
9.861214501738716498e-01
9.866335262943132234e-01
9.875693732201800135e-01
9.890275196955261583e-01
9.911203128416319341e-01
9.939707554917909249e-01
9.977055552650405668e-01
1.002442923132939256e+00
1.008274028681765300e+00
1.015238299477678741e+00
1.023295268425307825e+00
1.032299210130994238e+00
1.041986053648072508e+00
1.051982535556466702e+00
1.061842844964448807e+00
1.071108223927494940e+00
1.079374431075056151e+00
1.086347213710236792e+00
1.091870613937818701e+00
1.095924296502114093e+00
1.098597185524572195e+00
1.100050066203219101e+00
1.100478767680219239e+00
1.100084976367152523e+00
1.099056943571103062e+00
1.097559153026828493e+00
1.095728633874851532e+00
1.093675482729173254e+00
1.091485634382787229e+00
1.089224538413037235e+00
1.086940934791744695e+00
1.084670308059565658e+00
1.082437845949651756e+00
1.080260869409393143e+00
1.078150772411029523e+00
1.076114539497610378e+00
1.074155915515154325e+00
1.072276297116335542e+00
1.070475406109183458e+00
1.068751794150772261e+00
1.067103218377717377e+00
1.065526919015707286e+00
1.064019822974976881e+00
1.062578691819750842e+00
1.061200228099909770e+00
1.059881150633937397e+00
1.058618246730351098e+00
1.057408407355988400e+00
1.056248649761239333e+00
1.055136130941303652e+00
1.054068154460535034e+00
1.053042172525997300e+00
1.052055784714666986e+00
1.051106734396961118e+00
1.050192903627803487e+00
1.049312307072854944e+00
1.048463085385044957e+00
1.047643498332470724e+00
1.046851917893597550e+00
1.046086821472330675e+00
1.045346785338594708e+00
1.044630478365472070e+00
1.043936656108718219e+00
1.043264155256271808e+00
1.042611888462510406e+00
1.041978839573165505e+00
1.041364059241054019e+00
1.040766660929362208e+00
1.040185817297633264e+00
1.039620756965443427e+00
1.039070761649744767e+00
1.038535163673826256e+00
1.038013343848654291e+00
1.037504729730974740e+00
1.037008794266956135e+00
1.036525054835371717e+00
1.036053072710426459e+00
1.035592452971449307e+00
1.035142844894922920e+00
1.034703942873913096e+00
1.034275487921086034e+00
1.033857269824438818e+00
1.033449130039856501e+00
1.033050965422006806e+00
1.032662732915133219e+00
1.032284455348327912e+00
1.031916228506052358e+00
1.031558229674047089e+00
1.031210727893137946e+00
1.030874096188043598e+00
1.030548826073661495e+00
1.030235544674714010e+00
1.029935034821471973e+00
1.029648258497059432e+00
1.029376383998858335e+00
1.029120817119797859e+00
1.028883236527949885e+00
1.028665633285445136e+00
1.028470354043756751e+00
1.028300146803037718e+00
1.028158207121942391e+00
1.028048221173787136e+00
1.027974399899310276e+00
1.027941495527769922e+00
1.027954787779042700e+00
1.028020022090616825e+00
1.028143276484906554e+00
1.028330727991846327e+00
1.028588285557052284e+00
1.028921057090689706e+00
1.029332628293050833e+00
1.029824155881598813e+00
1.030393323164999986e+00
1.031033272829437353e+00
1.031731711925553796e+00
1.032470453780593322e+00
1.033225681766207549e+00
1.033969147402415301e+00
1.034670329028404279e+00
1.035299308050910749e+00
1.035829859804184849e+00
1.036242125425189675e+00
1.036524309310565606e+00
1.036673115026713887e+00
1.036692977517666092e+00
1.036594429615019575e+00
1.036392065865982204e+00
1.036102532260067877e+00
1.035742836231174024e+00
1.035329112797245044e+00
1.034875853844784865e+00
1.034395529541197289e+00
1.033898499938785243e+00
1.033393116061356087e+00
1.032885927421625771e+00
1.032381935464200318e+00
1.031884853302017069e+00
1.031397348593606100e+00
1.030921258087536652e+00
1.030457769924231881e+00
1.030007574252121971e+00
1.029570985052532084e+00
1.029148037047669106e+00
1.028738561744131141e+00
1.028342246411797056e+00
1.027958679347732884e+00
1.027587384264016634e+00
1.027227846141801848e+00
1.026879530447534217e+00
1.026541897224346966e+00
1.026214411253256964e+00
1.025896549219560416e+00
1.025587804612036802e+00
1.025287690917847883e+00
1.024995743546562199e+00
1.024711520815651866e+00
1.024434604251261760e+00
1.024164598397288461e+00
1.023901130278927818e+00
1.023643848630814146e+00
1.023392422972215776e+00
1.023146542590602559e+00
1.022905915478750094e+00
1.022670267258256827e+00
1.022439340113025175e+00
1.022212891749211483e+00
1.021990694392846954e+00
1.021772533832367102e+00
1.021558208510340737e+00
1.021347528666525228e+00
1.021140315532802934e+00
1.020936400579427028e+00
1.020735624811227371e+00
1.020537838111893914e+00
1.020342898634123419e+00
1.020150672233224531e+00
1.019961031941680085e+00
1.019773857482161317e+00
1.019589034816527517e+00
1.019406455728424810e+00
1.019226017437205423e+00
1.019047622241009643e+00
1.018871177186988719e+00
1.018696593766779568e+00
1.018523787635488009e+00
1.018352678352565155e+00
1.018183189143108125e+00
1.018015246678237284e+00
1.017848780873337189e+00
1.017683724703063897e+00
1.017520014032144537e+00
1.017357587461107604e+00
1.017196386186190793e+00
1.017036353872782461e+00
1.016877436541858692e+00
1.016719582468977645e+00
1.016562742095501015e+00
1.016406867951811677e+00
1.016251914592402938e+00
1.016097838542822762e+00
1.015944598258567533e+00
1.015792154096135436e+00
1.015640468296576948e+00
1.015489504982005853e+00
1.015339230165685169e+00
1.015189611776451617e+00
1.015040619698416302e+00
1.014892225827068950e+00
1.014744404143117951e+00
1.014597130805643843e+00
1.014450384266394112e+00
1.014304145407354474e+00
1.014158397704067349e+00
1.014013127417541460e+00
1.013868323818042150e+00
1.013723979444536516e+00
1.013580090404139211e+00
1.013436656716545592e+00
1.013293682709182963e+00
1.013151177469653996e+00
1.013009155363024050e+00
1.012867636622620138e+00
1.012726648024288467e+00
1.012586223655542739e+00
1.012446405792720050e+00
1.012307245901215014e+00
1.012168805776100911e+00
1.012031158843005541e+00
1.011894391642059965e+00
1.011758605521091647e+00
1.011623918568079539e+00
1.011490467817246941e+00
1.011358411768122467e+00
1.011227933262464518e+00
1.011099242770191475e+00
1.010972582142381393e+00
1.010848228896995993e+00
1.010726501111183451e+00
1.010607763002667525e+00
1.010492431291588389e+00
1.010380982442786291e+00
1.010273960896250545e+00
1.010171988399267695e+00
1.010075774556219663e+00
1.009986128708834974e+00
1.009903973247929354e+00
1.009830358433034370e+00
1.009766478752878838e+00
1.009713690789510565e+00
1.009673532441230703e+00
1.009647743200510650e+00
1.009638284954815113e+00
1.009647362458585773e+00
1.009677442187202345e+00
1.009731267699053303e+00
1.009811868870295504e+00
1.009922561404652752e+00
1.010066931850514660e+00
1.010248802006616931e+00
1.010472165153669222e+00
1.010741085198088474e+00
1.011059548884689185e+00
1.011431261246527935e+00
1.011859376148730227e+00
1.012346158078016201e+00
1.012892579220244338e+00
1.013497868103342636e+00
1.014159042658034693e+00
1.014870480019803622e+00
1.015623594216651604e+00
1.016406705186433390e+00
1.017205180929701136e+00
1.018001912300523726e+00
1.018778134413140135e+00
1.019514544992805138e+00
1.020192602241542179e+00
1.020795832917725132e+00
1.021310964112164488e+00
1.021728718651149892e+00
1.022044178280268278e+00
1.022256701710708704e+00
1.022369461985551675e+00
1.022388719853119410e+00
1.022322968481645500e+00
1.022182073216207243e+00
1.021976499005063044e+00
1.021716680234397545e+00
1.021412553019995562e+00
1.021073244063171792e+00
1.020706894402594767e+00
1.020320589478383555e+00
1.019920366370574927e+00
1.019511272299126636e+00
1.019097453397749486e+00
1.018682257993512641e+00
1.018268343340511972e+00
1.017857778619414288e+00
1.017452139959520885e+00
1.017052595352590405e+00
1.016659978757697758e+00
1.016274853604047124e+00
1.015897566427786058e+00
1.015528291646783376e+00
1.015167068573704201e+00
1.014813831757634288e+00
1.014468435673393509e+00
1.014130674675836286e+00
1.013800299023375873e+00
1.013477027662458507e+00
1.013160558359456509e+00
1.012850575671739195e+00
1.012546757166703948e+00
1.012248778226227053e+00
1.011956315713575139e+00
1.011669050729163688e+00
1.011386670639451424e+00
1.011108870528492298e+00
1.010835354193112101e+00
1.010565834779310945e+00
1.010300035138449237e+00
1.010037687966285791e+00
1.009778535775383013e+00
1.009522330741218443e+00
1.009268834454131403e+00
1.009017817602607447e+00
1.008769059608057850e+00
1.008522348226963627e+00
1.008277479132808407e+00
1.008034255487457065e+00
1.007792487509434842e+00
1.007551992044799505e+00
1.007312592144896879e+00
1.007074116654189444e+00
1.006836399810463911e+00
1.006599280859054923e+00
1.006362603682177781e+00
1.006126216444068300e+00
1.005889971252316828e+00
1.005653723835554292e+00
1.005417333237498045e+00
1.005180661527249830e+00
1.004943573525676426e+00
1.004705936547684031e+00
1.004467620160191643e+00
1.004228495955644007e+00
1.003988437340954443e+00
1.003747319341842914e+00
1.003505018422619077e+00
1.003261412321573731e+00
1.003016379902269550e+00
1.002769801021157869e+00
1.002521556412122816e+00
1.002271527588729283e+00
1.002019596765162390e+00
1.001765646797078579e+00
1.001509561143848259e+00
1.001251223853964589e+00
1.000990519575723603e+00
1.000727333595656132e+00
1.000461551907611879e+00
1.000193061315880483e+00
9.999217495762700025e-01
9.996475055796909537e-01
9.993702195834933688e-01
9.990897834966084856e-01
9.988060912254688173e-01
9.985190390887267453e-01
9.982285263099980321e-01
9.979344555992368804e-01
9.976367338349312330e-01
9.973352728611271090e-01
9.970299904153839821e-01
9.967208112061685110e-01
9.964076681609647101e-01
9.960905038695766489e-01
9.957692722507721639e-01
9.954439404746679987e-01
9.951144911781475422e-01
9.947809250162541472e-01
9.944432635990194669e-01
9.941015528707046744e-01
9.937558669971091607e-01
9.934063128365969719e-01
9.930530350820125918e-01
9.926962221739140668e-01
9.923361131007850666e-01
9.919730052193677095e-01
9.916072632482541005e-01
9.912393296107004925e-01
9.908697363285667858e-01
9.904991186986280560e-01
9.901282310154942978e-01
9.897579646421675870e-01
9.893893687698929185e-01
9.890236742532032554e-01
9.886623209533794698e-01
9.883069890728981566e-01
9.879596350129903337e-01
9.876225323333613915e-01
9.872983184330427209e-01
9.869900475978812260e-01
9.867012510640551515e-01
9.864360047152682665e-01
9.861990049457998175e-01
9.859956530578103395e-01
9.858321482861772678e-01
9.857155891142509452e-01
9.856540819033134948e-01
9.856568549369444376e-01
9.857343746936175766e-01
9.858984594076483088e-01
9.861623826526356718e-01
9.865409566790820373e-01
9.870505814813474998e-01
9.877092410451797644e-01
9.885364230453916878e-01
9.895529327407590614e-01
9.907805665843189002e-01
9.922416072113154906e-01
9.939581006264894825e-01
9.959508808471732033e-01
9.982383197466753177e-01
1.000834803301474896e+00
1.003748972144383300e+00
1.006981814612414761e+00
1.010524761135113136e+00
1.014357991463145980e+00
1.018449216660883172e+00
1.022753217212695853e+00
1.027212387958913009e+00
1.031758447611967000e+00
1.036315317850141193e+00
1.040802987053397688e+00
1.045141987642341119e+00
1.049257982624547392e+00
1.053085916449902459e+00
1.056573252999754908e+00
1.059681982978045056e+00
1.062389291482832343e+00
1.064686981260924759e+00
1.066579903372560256e+00
1.068083730685395416e+00
1.069222420116923367e+00
1.070025663717006914e+00
1.070526551171398610e+00
1.070759580631586383e+00
1.070759077969015927e+00
1.070558025665178548e+00
1.070187263855141069e+00
1.069675005388300626e+00
1.069046599915086881e+00
1.068324484342545011e+00
1.067528264533230908e+00
1.066674882865060736e+00
1.065778836254922979e+00
1.064852418345224816e+00
1.063905967236436156e+00
1.062948106289059114e+00
1.061985970208896957e+00
1.061025412071177065e+00
1.060071189366711852e+00
1.059127128793351247e+00
1.058196270566487129e+00
1.057280993645871803e+00
1.056383123600123763e+00
1.055504024951729347e+00
1.054644679835210708e+00
1.053805754710373188e+00
1.052987656736635191e+00
1.052190581257413493e+00
1.051414551681098430e+00
1.050659452887122480e+00
1.049925059137742922e+00
1.049211057341380871e+00
1.048517066392856023e+00
1.047842653209612118e+00
1.047187345990375107e+00
1.046550645142539038e+00
1.045932032255713517e+00
1.045330977439990150e+00
1.044746945297360341e+00
1.044179399752185544e+00
1.043627807930608720e+00
1.043091643248390543e+00
1.042570387840998647e+00
1.042063534448184337e+00
1.041570587847097329e+00
1.041091065912715496e+00
1.040624500371525318e+00
1.040170437303597817e+00
1.039728437439167097e+00
1.039298076288200035e+00
1.038878944135089410e+00
1.038470645925234415e+00
1.038072801065798689e+00
1.037685043159163323e+00
1.037307019684439835e+00
1.036938391639761203e+00
1.036578833155851642e+00
1.036228031089517332e+00
1.035885684604145762e+00
1.035551504743000395e+00
1.035225214000006666e+00
1.034906545891817853e+00
1.034595244534189940e+00
1.034291064225064893e+00
1.033993769036229526e+00
1.033703132414988124e+00
1.033418936796920207e+00
1.033140973230497472e+00
1.032869041014088385e+00
1.032602947345675926e+00
1.032342506985453268e+00
1.032087541931321351e+00
1.031837881107215305e+00
1.031593360064090303e+00
1.031353820693339696e+00
1.031119110952357198e+00
1.030889084601923189e+00
1.030663600955060044e+00
1.030442524636982826e+00
