8.247498059490591116e-01
3.504578288993809299e-02
8.247498059490595557e-01
-3.504578288993511620e-02
-1.517222181369516296e-02
2.291700623848870119e-02
-1.517222181369482989e-02
-2.291700623848882956e-02
-3.300973882682909921e-01
-1.061832400684752445e-02
-3.300973882682911031e-01
1.061832400684764761e-02
-8.099624840612247301e-01
4.138706060830783795e-03
-8.099624840612247301e-01
-4.138706060831330233e-03
-6.442795099782782087e-01
8.852166561930654640e-03
-6.442795099782785417e-01
-8.852166561930902705e-03
