9.921545661320962939e-01 0.000000000000000000e+00
9.917624152318632591e-01 0.000000000000000000e+00
9.913403527800224158e-01 0.000000000000000000e+00
9.908845708634764771e-01 0.000000000000000000e+00
9.903905673672463994e-01 0.000000000000000000e+00
9.898529782025339285e-01 0.000000000000000000e+00
9.892653581305098642e-01 0.000000000000000000e+00
9.886198907705773253e-01 0.000000000000000000e+00
9.879069995171242402e-01 0.000000000000000000e+00
9.871148173915069712e-01 0.000000000000000000e+00
9.862284522096705919e-01 0.000000000000000000e+00
9.852289483703424722e-01 0.000000000000000000e+00
9.840917881203682382e-01 0.000000000000000000e+00
9.827846746410994205e-01 0.000000000000000000e+00
9.812641601591945983e-01 0.000000000000000000e+00
9.794703496630207118e-01 0.000000000000000000e+00
9.773182632117806135e-01 0.000000000000000000e+00
9.746831068771075746e-01 0.000000000000000000e+00
9.713737707304110902e-01 0.000000000000000000e+00
9.670818839509451870e-01 0.000000000000000000e+00
9.612753414358979898e-01 0.000000000000000000e+00
9.529500009294344931e-01 0.000000000000000000e+00
9.399562086683985740e-01 0.000000000000000000e+00
9.167115172211559582e-01 0.000000000000000000e+00
8.627878462944311710e-01 0.000000000000000000e+00
5.955943965608291313e-01 0.000000000000000000e+00
1.404623163039804279e+00 0.000000000000000000e+00
1.131841682197269883e+00 0.000000000000000000e+00
1.077407061331391747e+00 0.000000000000000000e+00
1.053938419016077210e+00 0.000000000000000000e+00
1.040755670301789948e+00 0.000000000000000000e+00
1.032226210611219663e+00 0.000000000000000000e+00
1.026182283029002607e+00 0.000000000000000000e+00
1.021608975567969813e+00 0.000000000000000000e+00
1.017964638937692623e+00 0.000000000000000000e+00
1.014930253614527933e+00 0.000000000000000000e+00
1.012301460308276058e+00 0.000000000000000000e+00
1.009936057470290471e+00 0.000000000000000000e+00
1.007725368345560701e+00 0.000000000000000000e+00
1.005576211519704000e+00 0.000000000000000000e+00
1.003396778916207266e+00 0.000000000000000000e+00
1.001081666074785881e+00 0.000000000000000000e+00
9.984902894272699170e-01 0.000000000000000000e+00
9.954075604439990288e-01 0.000000000000000000e+00
9.914586596618425451e-01 0.000000000000000000e+00
9.858911501799121346e-01 0.000000000000000000e+00
9.768881354638707659e-01 0.000000000000000000e+00
9.585586936709138417e-01 0.000000000000000000e+00
8.945428714830223615e-01 0.000000000000000000e+00
1.386201075811957839e+00 0.000000000000000000e+00
1.076038216293539129e+00 0.000000000000000000e+00
1.043693262429151503e+00 0.000000000000000000e+00
1.030949130861179119e+00 0.000000000000000000e+00
1.023867115208360490e+00 0.000000000000000000e+00
1.019157869946701211e+00 0.000000000000000000e+00
1.015626001652643273e+00 0.000000000000000000e+00
1.012712741935558158e+00 0.000000000000000000e+00
1.010094825431704813e+00 0.000000000000000000e+00
1.007531971698685247e+00 0.000000000000000000e+00
1.004778319079603133e+00 0.000000000000000000e+00
1.001480134994839677e+00 0.000000000000000000e+00
9.969488104260479933e-01 0.000000000000000000e+00
9.893832868593862573e-01 0.000000000000000000e+00
9.715434643837232986e-01 0.000000000000000000e+00
8.402430712954054304e-01 0.000000000000000000e+00
1.082615344747986486e+00 0.000000000000000000e+00
1.038950358083552850e+00 0.000000000000000000e+00
1.027204948158160880e+00 0.000000000000000000e+00
1.021505263764239668e+00 0.000000000000000000e+00
1.017996410675261476e+00 0.000000000000000000e+00
1.015524817646020539e+00 0.000000000000000000e+00
1.013622102234220668e+00 0.000000000000000000e+00
1.012059938523976133e+00 0.000000000000000000e+00
1.010711759049877978e+00 0.000000000000000000e+00
1.009499813666053791e+00 0.000000000000000000e+00
1.008371689244729641e+00 0.000000000000000000e+00
1.007288586115017814e+00 0.000000000000000000e+00
1.006218756843146656e+00 0.000000000000000000e+00
1.005133298701712752e+00 0.000000000000000000e+00
1.004002916531187672e+00 0.000000000000000000e+00
1.002794806648864556e+00 0.000000000000000000e+00
1.001468922799071404e+00 0.000000000000000000e+00
9.999726777110201636e-01 0.000000000000000000e+00
9.982324908615535231e-01 0.000000000000000000e+00
9.961390678534508547e-01 0.000000000000000000e+00
9.935196227570768368e-01 0.000000000000000000e+00
9.900806416269347654e-01 0.000000000000000000e+00
9.852763784037495975e-01 0.000000000000000000e+00
9.779590480436326505e-01 0.000000000000000000e+00
9.652254411414565860e-01 0.000000000000000000e+00
9.369687886183366565e-01 0.000000000000000000e+00
8.169531587838323450e-01 0.000000000000000000e+00
1.313369231316749541e+00 0.000000000000000000e+00
1.094599793022598355e+00 0.000000000000000000e+00
1.058848212700063351e+00 0.000000000000000000e+00
1.044096516067467117e+00 0.000000000000000000e+00
1.035993037039760312e+00 0.000000000000000000e+00
1.030838741614028109e+00 0.000000000000000000e+00
1.027250218359954115e+00 0.000000000000000000e+00
1.024592698743464148e+00 0.000000000000000000e+00
1.022533844543898507e+00 0.000000000000000000e+00
1.020882687707606484e+00 0.000000000000000000e+00
1.019521584741988285e+00 0.000000000000000000e+00
1.018374014297570573e+00 0.000000000000000000e+00
1.017387964417639123e+00 0.000000000000000000e+00
1.016526757198914277e+00 0.000000000000000000e+00
1.015763690419860810e+00 0.000000000000000000e+00
1.015078756731834231e+00 0.000000000000000000e+00
1.014456548470343167e+00 0.000000000000000000e+00
1.013884864023516075e+00 0.000000000000000000e+00
1.013353738344726196e+00 0.000000000000000000e+00
1.012854728135479609e+00 0.000000000000000000e+00
1.012380337454340529e+00 0.000000000000000000e+00
1.011923491834712419e+00 0.000000000000000000e+00
1.011476962828884441e+00 0.000000000000000000e+00
1.011032598984236808e+00 0.000000000000000000e+00
1.010580091945326275e+00 0.000000000000000000e+00
1.010104671449137514e+00 0.000000000000000000e+00
1.009582169650222294e+00 0.000000000000000000e+00
1.008966770189018369e+00 0.000000000000000000e+00
1.008154146899230108e+00 0.000000000000000000e+00
1.006832394430871247e+00 0.000000000000000000e+00
1.003408862935213808e+00 0.000000000000000000e+00
1.192044470772094078e+00 0.000000000000000000e+00
1.014695004321154670e+00 0.000000000000000000e+00
1.011553171918663452e+00 0.000000000000000000e+00
1.010270614381396870e+00 0.000000000000000000e+00
1.009455221720431117e+00 0.000000000000000000e+00
1.008818469665195172e+00 0.000000000000000000e+00
1.008260152653487562e+00 0.000000000000000000e+00
1.007733807007458182e+00 0.000000000000000000e+00
1.007212407943426813e+00 0.000000000000000000e+00
1.006676523866504747e+00 0.000000000000000000e+00
1.006109105078465182e+00 0.000000000000000000e+00
1.005492466751142899e+00 0.000000000000000000e+00
1.004805828719268490e+00 0.000000000000000000e+00
1.004022521958941594e+00 0.000000000000000000e+00
1.003106009174117297e+00 0.000000000000000000e+00
1.002003409231714048e+00 0.000000000000000000e+00
1.000633968112839112e+00 0.000000000000000000e+00
9.988667951709480075e-01 0.000000000000000000e+00
9.964737471717454165e-01 0.000000000000000000e+00
9.930174203454523729e-01 0.000000000000000000e+00
9.875386366554792517e-01 0.000000000000000000e+00
9.774462823761465025e-01 0.000000000000000000e+00
9.524752851887798855e-01 0.000000000000000000e+00
7.852391566739251871e-01 0.000000000000000000e+00
1.132972357830623222e+00 0.000000000000000000e+00
1.059052251434089209e+00 0.000000000000000000e+00
1.040937635771607139e+00 0.000000000000000000e+00
1.032762087958375652e+00 0.000000000000000000e+00
1.028119890420734706e+00 0.000000000000000000e+00
1.025141635486781055e+00 0.000000000000000000e+00
1.023083359475069676e+00 0.000000000000000000e+00
1.021591114592656169e+00 0.000000000000000000e+00
1.020475753623393045e+00 0.000000000000000000e+00
1.019627821460154182e+00 0.000000000000000000e+00
1.018980484254666141e+00 0.000000000000000000e+00
1.018491664427661370e+00 0.000000000000000000e+00
1.018134799815651581e+00 0.000000000000000000e+00
1.017893870663079570e+00 0.000000000000000000e+00
1.017760753293074361e+00 0.000000000000000000e+00
1.017734009461996436e+00 0.000000000000000000e+00
1.017818744700552891e+00 0.000000000000000000e+00
1.018027502153527442e+00 0.000000000000000000e+00
1.018382477365478822e+00 0.000000000000000000e+00
1.018919811095206462e+00 0.000000000000000000e+00
1.019697636490266124e+00 0.000000000000000000e+00
1.020811645825789649e+00 0.000000000000000000e+00
1.022427282720266728e+00 0.000000000000000000e+00
1.024853186933670557e+00 0.000000000000000000e+00
1.028733691855538979e+00 0.000000000000000000e+00
1.035668055983404168e+00 0.000000000000000000e+00
1.051005365003839565e+00 0.000000000000000000e+00
1.110329029528070111e+00 0.000000000000000000e+00
7.619340664245981554e-01 0.000000000000000000e+00
9.524650929227369556e-01 0.000000000000000000e+00
9.765553471927291840e-01 0.000000000000000000e+00
9.858769137125116266e-01 0.000000000000000000e+00
9.907508062194385623e-01 0.000000000000000000e+00
9.936959002933768437e-01 0.000000000000000000e+00
9.956287798161613800e-01 0.000000000000000000e+00
9.969622636732322629e-01 0.000000000000000000e+00
9.979090179072995781e-01 0.000000000000000000e+00
9.985890726950172880e-01 0.000000000000000000e+00
9.990745993150804694e-01 0.000000000000000000e+00
9.994108186967096685e-01 0.000000000000000000e+00
9.996266049086489636e-01 0.000000000000000000e+00
9.997401695937333521e-01 0.000000000000000000e+00
9.997621772778351179e-01 0.000000000000000000e+00
9.996973789486532924e-01 0.000000000000000000e+00
9.995452636506092503e-01 0.000000000000000000e+00
9.992999061646428149e-01 0.000000000000000000e+00
9.989489515220328908e-01 0.000000000000000000e+00
9.984714059538879471e-01 0.000000000000000000e+00
9.978334522206314672e-01 0.000000000000000000e+00
9.969805731682102046e-01 0.000000000000000000e+00
9.958220642700660319e-01 0.000000000000000000e+00
9.941981778755032417e-01 0.000000000000000000e+00
9.918024165948506887e-01 0.000000000000000000e+00
9.879670352338143502e-01 0.000000000000000000e+00
9.809148961822387047e-01 0.000000000000000000e+00
9.638330313068019795e-01 0.000000000000000000e+00
8.638263375647675657e-01 0.000000000000000000e+00
1.104265744985462039e+00 0.000000000000000000e+00
1.041798533953787853e+00 0.000000000000000000e+00
1.027606776441273739e+00 0.000000000000000000e+00
1.021316934794702203e+00 0.000000000000000000e+00
1.017758362880032630e+00 0.000000000000000000e+00
1.015462092416786311e+00 0.000000000000000000e+00
1.013851196492192352e+00 0.000000000000000000e+00
1.012652929345915664e+00 0.000000000000000000e+00
1.011721598507004716e+00 0.000000000000000000e+00
1.010972288207866443e+00 0.000000000000000000e+00
1.010352145060812612e+00 0.000000000000000000e+00
1.009826536640436423e+00 0.000000000000000000e+00
1.009371816324419635e+00 0.000000000000000000e+00
1.008971300769021529e+00 0.000000000000000000e+00
1.008612942749703256e+00 0.000000000000000000e+00
1.008288007263432817e+00 0.000000000000000000e+00
1.007990567375553814e+00 0.000000000000000000e+00
1.007718626713320464e+00 0.000000000000000000e+00
1.007485907954637439e+00 0.000000000000000000e+00
1.209106803201590141e+00 0.000000000000000000e+00
1.006830003984585220e+00 0.000000000000000000e+00
1.006620654428148187e+00 0.000000000000000000e+00
1.006388899035374429e+00 0.000000000000000000e+00
1.006150560936527771e+00 0.000000000000000000e+00
1.005906828961055988e+00 0.000000000000000000e+00
1.005656405196651226e+00 0.000000000000000000e+00
1.005397162793644217e+00 0.000000000000000000e+00
1.005126485208586606e+00 0.000000000000000000e+00
1.004841298708704755e+00 0.000000000000000000e+00
1.004537992432255722e+00 0.000000000000000000e+00
1.004212268657872942e+00 0.000000000000000000e+00
1.003858923338017295e+00 0.000000000000000000e+00
1.003471536555734067e+00 0.000000000000000000e+00
1.003042033715416670e+00 0.000000000000000000e+00
1.002560051832708687e+00 0.000000000000000000e+00
1.002012001673104002e+00 0.000000000000000000e+00
1.001379639354754048e+00 0.000000000000000000e+00
1.000637817657749729e+00 0.000000000000000000e+00
9.997508070926677259e-01 0.000000000000000000e+00
9.986659971366831368e-01 0.000000000000000000e+00
9.973025052232651344e-01 0.000000000000000000e+00
9.955291394825532825e-01 0.000000000000000000e+00
9.931179611486898873e-01 0.000000000000000000e+00
9.896347896015487144e-01 0.000000000000000000e+00
9.841375262134630653e-01 0.000000000000000000e+00
9.741260436154977054e-01 0.000000000000000000e+00
9.500501352510043462e-01 0.000000000000000000e+00
8.110685235613309674e-01 0.000000000000000000e+00
1.149939965463787850e+00 0.000000000000000000e+00
1.060241072483779634e+00 0.000000000000000000e+00
1.040010820627747856e+00 0.000000000000000000e+00
1.031061213730039228e+00 0.000000000000000000e+00
1.026006206148112332e+00 0.000000000000000000e+00
1.022752906504764026e+00 0.000000000000000000e+00
1.020480375055053734e+00 0.000000000000000000e+00
1.018800779038152804e+00 0.000000000000000000e+00
1.017507046386069147e+00 0.000000000000000000e+00
1.016478539385671898e+00 0.000000000000000000e+00
1.015640213584271034e+00 0.000000000000000000e+00
1.014942934962567156e+00 0.000000000000000000e+00
1.014353183556159888e+00 0.000000000000000000e+00
1.013847305710523949e+00 0.000000000000000000e+00
1.013408131364714970e+00 0.000000000000000000e+00
1.013022893881430520e+00 0.000000000000000000e+00
1.012681902549829482e+00 0.000000000000000000e+00
1.012377668091845484e+00 0.000000000000000000e+00
