9.629201089196676167e-01
9.601068193905817338e-01
9.603651827146815201e-01
9.726517941274238632e-01
9.579537916897506999e-01
9.607670812188365828e-01
9.658769336288088869e-01
9.599632842105263464e-01
9.662214180609418612e-01
9.589585379501385232e-01
9.626617455955679414e-01
9.612551008310249445e-01
9.675419417174515591e-01
9.639822692520776393e-01
9.733120559556787121e-01
9.744890444321330225e-01
9.584418113019390617e-01
9.642980466481995139e-01
9.645564099722991891e-01
9.625469174515236537e-01
9.615421711911358305e-01
9.594178505263158963e-01
9.681447894736843196e-01
9.612551008310249445e-01
9.711016141828255899e-01
9.590159520221607226e-01
9.660778828808864738e-01
9.516669508033241964e-01
9.637239059279778530e-01
9.586427605540166486e-01
9.647573592243767759e-01
9.611115656509695571e-01
9.647860662603878756e-01
9.619153626592797934e-01
9.602790616066482210e-01
9.529013533518005952e-01
9.688624653739612569e-01
9.576380142936288253e-01
9.542218770083102930e-01
9.599919912465374461e-01
9.587288816620499476e-01
9.717618760110804388e-01
9.592456083102494091e-01
9.530161814958448829e-01
9.610828586149584574e-01
9.558294710249307657e-01
9.602503545706371213e-01
9.543367051523545808e-01
9.599632842105263464e-01
9.489971964542937011e-01
9.468441687534626672e-01
9.563461976731302272e-01
9.659917617728532857e-01
9.568055102493074893e-01
9.495139231024931625e-01
9.607670812188365828e-01
9.489971964542937011e-01
9.592743153462603978e-01
9.558007639889196660e-01
9.587001746260388479e-01
9.612551008310249445e-01
9.470738250415513537e-01
9.450643325207757073e-01
9.544515332963989795e-01
9.473896024376732283e-01
9.427390626038781862e-01
9.491120245983379888e-01
9.482508135180055531e-01
9.415907811634349756e-01
9.477340868698062026e-01
9.449782114127424082e-01
9.450930395567868070e-01
9.419926796675900382e-01
9.359929091412743096e-01
9.270937279778393991e-01
9.377440383379501698e-01
9.620301908033241922e-01
1.071203048753462728e+00
1.063509563102493116e+00
1.019760040221606712e+00
9.957035440443213758e-01
9.864885854847645907e-01
9.688050513019390575e-01
9.704413523545707410e-01
9.731111067036011253e-01
9.672835783933518838e-01
9.731685207756233247e-01
9.638387340720222518e-01
9.658769336288088869e-01
9.570638735734072755e-01
9.678003050415513453e-01
9.666807306371191233e-01
9.652740858725762374e-01
9.595613857063712837e-01
9.660491758448753741e-01
9.571499946814404636e-01
9.519827281994460710e-01
9.497148723545706384e-01
9.509779819390582478e-01
9.556285217728532899e-01
9.574944791135734379e-01
9.550256740166205294e-01
9.567480961772854009e-01
9.571499946814404636e-01
9.528439392797783958e-01
9.608244952908587821e-01
9.517817789473684842e-01
9.547673106925208542e-01
9.499732356786704246e-01
9.521549704155125582e-01
9.427390626038781862e-01
9.505186693628809858e-01
9.545376544044321676e-01
9.484517627700831399e-01
9.454375239889196703e-01
9.438299299722991975e-01
9.545089473684210679e-01
9.478776220498615901e-01
9.444327777285319581e-01
9.432270822160665480e-01
9.436863947922438101e-01
9.572935298614958510e-01
9.411027615512466138e-01
9.610541515789474687e-01
9.421075078116344370e-01
9.356771317451524350e-01
9.381459368421053435e-01
9.412750037673131009e-01
9.421075078116344370e-01
9.363373935734072839e-01
9.445763129085873455e-01
9.436576877562327104e-01
9.425381133518005994e-01
9.377727453739612695e-01
9.381746438781164432e-01
9.317155607756233415e-01
9.335815181163434895e-01
9.351604050969529736e-01
9.330073773961219397e-01
9.332083266481995265e-01
9.354187684210526488e-01
9.357919598891967228e-01
9.379449875900277567e-01
9.253425987811635389e-01
9.365670498614958595e-01
9.257157902493075019e-01
9.285577868144044844e-01
9.178213553462604146e-01
9.208643011634349840e-01
9.211513715235457589e-01
9.283281305263157979e-01
9.196298986149584742e-01
9.164434176177286284e-01
9.168453161218836911e-01
9.251703565650970518e-01
9.152377221052632184e-01
9.063385409418283079e-01
9.113048581717452246e-01
9.069126816620498577e-01
9.145487532409972697e-01
8.999081648753463059e-01
9.000804070914127930e-01
8.960901290858725998e-01
9.011712744598338043e-01
8.937361521329640901e-01
8.960901290858725998e-01
8.876502604986150624e-01
8.881382801108034242e-01
8.842915372853186184e-01
8.785788371191136648e-01
8.744737309695291838e-01
8.674692141828255210e-01
8.642827331855955642e-01
8.635076432132964275e-01
8.557854505263158273e-01
8.468862693628809168e-01
8.381880374515235932e-01
8.350302634903047361e-01
8.206480384487535584e-01
8.116340291412742491e-01
8.010698398891966665e-01
7.931466979501385905e-01
7.791663714127424756e-01
7.685160610526315939e-01
7.452633618836566054e-01
7.305366524099723424e-01
7.208336742382271956e-01
7.134272589473684700e-01
7.218384204986150188e-01
7.715015927977839638e-01
8.860139594459833789e-01
1.085011133074792244e+00
1.289606178725761776e+00
1.400185681440443197e+00
1.432481096952908706e+00
1.414654027590027674e+00
1.370473899168975107e+00
1.335537436343490425e+00
1.288859795789473850e+00
1.258085853185595626e+00
1.230871583047091544e+00
1.208566216066482069e+00
1.185457052077562468e+00
1.166051095734072174e+00
1.155171129085872606e+00
1.139812864819944593e+00
1.126550214182825638e+00
1.116962064155124779e+00
1.116244388254847619e+00
1.091613751357340734e+00
1.094082556454293753e+00
1.087508645207756253e+00
1.071145634681440528e+00
1.090695126204986209e+00
1.066954407423822859e+00
1.069710282880886432e+00
1.057538499612188376e+00
1.061815847977839455e+00
1.053749170858725881e+00
1.052658303490304759e+00
1.050533982825484713e+00
1.045079645983379546e+00
1.048754146592797865e+00
1.037443574404432134e+00
1.033080104930748089e+00
1.036754605540166185e+00
1.046113099279778469e+00
1.041634801662050025e+00
1.027166455512465326e+00
1.030037159113573519e+00
1.015396570747922445e+00
1.025329205207756278e+00
1.019071071357340763e+00
1.022774279002770070e+00
1.023836439335180204e+00
1.020047110581717487e+00
1.021597290526315760e+00
1.023635490083102617e+00
1.017750547700831065e+00
1.018324688421052615e+00
1.005923248864265984e+00
1.012927765650969647e+00
1.012095261606648311e+00
1.013846390803324171e+00
1.004602725207756286e+00
1.009712577617728479e+00
1.004229533739612323e+00
1.001129173850415555e+00
1.011205343490304776e+00
1.007502135844875468e+00
1.001272709030470942e+00
1.003540564875346375e+00
1.002593232686980640e+00
1.002851596011080426e+00
1.002277455290858876e+00
9.966795832686980994e-01
1.001789435678670515e+00
9.937227585595568291e-01
9.977130365650970223e-01
1.004889795567867061e+00
9.959906144044321508e-01
9.996077009418282699e-01
9.975120873130194354e-01
9.953877666481995012e-01
9.966795832686980994e-01
9.952729385041552135e-01
9.957896651523546749e-01
9.919142152908587695e-01
9.993493376177285947e-01
9.994928727977839822e-01
9.917993871468144818e-01
9.928041334072023050e-01
9.864311714127423913e-01
9.908807619944598466e-01
9.757521540166205209e-01
9.823547722991690101e-01
9.957322510803324755e-01
9.871775543490305393e-01
9.914549027146815074e-01
9.993780446537396944e-01
9.899908438781164222e-01
9.849384055401662064e-01
9.888138554016621118e-01
9.889573905817174992e-01
9.962776847645430367e-01
9.912539534626039206e-01
9.849096985041552177e-01
9.847374562880887305e-01
9.843355577839335568e-01
9.830437411634349587e-01
9.849671125761773061e-01
9.874359176731302146e-01
9.850532336842106051e-01
9.875794528531856020e-01
9.844503859279778446e-01
9.851967688642659926e-01
9.822399441551247223e-01
9.765272439889197686e-01
9.810916627146815117e-01
9.790247561218836658e-01
9.716183408310249403e-01
9.688050513019390575e-01
9.832733974515236453e-01
9.758382751246538200e-01
9.825270145152354972e-01
9.789386350138504778e-01
9.727953293074792507e-01
9.875507458171746134e-01
9.825270145152354972e-01
9.765559510249307573e-01
9.678290120775623340e-01
9.838762452077562948e-01
9.839623663157894828e-01
9.747474077562326977e-01
9.784506154016621160e-01
9.748335288642659968e-01
9.729962785595568375e-01
9.722211885872577009e-01
9.797424320221607141e-01
9.694366060941829177e-01
9.701829890304709547e-01
9.797424320221607141e-01
9.756947399445984326e-01
9.743168022160665354e-01
9.738861966759003730e-01
9.695514342382272055e-01
9.646138240443213885e-01
9.660204688088642744e-01
9.678864261495845334e-01
9.736565403878116864e-01
9.737713685318559742e-01
9.707284227146815159e-01
9.629201089196676167e-01
9.674845276454294707e-01
9.682309105817175077e-01
9.699246257063712795e-01
9.684318598337950945e-01
9.580112057617728993e-01
9.603938897506926198e-01
9.716183408310249403e-01
9.760392243767314069e-01
9.753789625484765580e-01
9.784219083656510163e-01
9.716757549030471397e-01
9.610828586149584574e-01
9.742306811080333473e-01
9.675993557894737584e-01
9.732259348476455241e-01
9.615421711911358305e-01
9.682022035457064080e-01
9.629201089196676167e-01
9.664797813850416475e-01
9.560878343490305520e-01
9.700681608864266670e-01
9.701829890304709547e-01
9.719628252631579146e-01
9.552840373407203156e-01
9.591881942382272097e-01
9.666807306371191233e-01
9.600494053185596455e-01
9.675132346814404594e-01
9.615134641551247308e-01
9.618866556232688048e-01
9.696088483102494049e-01
9.567768032132965006e-01
9.598484560664820586e-01
9.659056406648199866e-01
9.590159520221607226e-01
9.659056406648199866e-01
9.660204688088642744e-01
9.506909115789474729e-01
9.550830880886427288e-01
9.597623349584487595e-01
9.618866556232688048e-01
9.557720569529086774e-01
9.639822692520776393e-01
9.730249855955679372e-01
9.652166718005540380e-01
9.572935298614958510e-01
9.552840373407203156e-01
9.458681295290859437e-01
9.606809601108033947e-01
9.532458377839335695e-01
9.468728757894737669e-01
9.441170003324099724e-01
9.549682599445984410e-01
9.507483256509695613e-01
9.580686198337950987e-01
9.514085874792244102e-01
9.458107154570637443e-01
9.525568689196676209e-01
9.580686198337950987e-01
9.530448885318559826e-01
9.479924501939058779e-01
9.480498642659280772e-01
9.424806992797784000e-01
9.464135632132965048e-01
9.607096671468144944e-01
9.534180800000000566e-01
9.418778515235457505e-01
9.419065585595568502e-01
9.458681295290859437e-01
9.520401422714681594e-01
9.599345771745152467e-01
9.400693082548476909e-01
9.439160510803324966e-01
9.495713371745152509e-01
9.410166404432133147e-01
9.422510429916898245e-01
9.403850856509695655e-01
9.469589968975069549e-01
9.421649218836565254e-01
9.392942182825485542e-01
9.527291111357341080e-01
9.465858054293628809e-01
9.427964766759003856e-01
9.352178191689751729e-01
9.371698976177286200e-01
9.386913705263157937e-01
9.367392920775623466e-01
9.321174592797784042e-01
9.314284904155125666e-01
9.403563786149584658e-01
9.394664604986150414e-01
9.338685884764543754e-01
9.332657407202216149e-01
9.262899309695291628e-01
9.320600452077563158e-01
9.364522217174515717e-01
9.270076068698061000e-01
9.202614534072022234e-01
9.282420094182826098e-01
9.306821074792244186e-01
9.245100947368422029e-01
9.233043992243767928e-01
9.190270508587258247e-01
9.159553980055402667e-01
9.159841050415512553e-01
9.207494730193905852e-01
9.199456760110803488e-01
9.158118628254847682e-01
9.158118628254847682e-01
9.188548086426593375e-01
9.190557578947369244e-01
9.044438765650969492e-01
9.096685571191136521e-01
9.109316667036011506e-01
9.098120922991690396e-01
9.109890807756233500e-01
9.108455455955679625e-01
8.948844335734073008e-01
8.970948753462604230e-01
8.998220437673131178e-01
9.004248915235457673e-01
8.935352028808865033e-01
8.991043678670360695e-01
9.002813563434903799e-01
8.850092131855956668e-01
8.849230920775623677e-01
8.892004404432133358e-01
8.878225027146814385e-01
8.856981820498615043e-01
8.739570043213297224e-01
8.773444345706371550e-01
8.692203433795013812e-01
8.669811945706371592e-01
8.755358913019390954e-01
8.578810641551246619e-01
8.575939937950138869e-01
8.577949430470914738e-01
8.456231597783934184e-01
8.475752382271468655e-01
8.437572024376731594e-01
8.322456809972299530e-01
8.354321619944599098e-01
8.267052230470914864e-01
8.204757962326870713e-01
8.191265655401662737e-01
8.193275147922438606e-01
8.128971387257618586e-01
8.084188411080333037e-01
8.198729484764543107e-01
8.153659438227147671e-01
8.262172034349031247e-01
8.266478089750692870e-01
8.534314735734072066e-01
8.599479707479225077e-01
8.467714412188366291e-01
8.462547145706371676e-01
8.300639462603878194e-01
8.104857477008310385e-01
7.892138340166205968e-01
7.801137036011080994e-01
7.684299399445984058e-01
7.906778928531856820e-01
8.194423429362881484e-01
8.740144183933518107e-01
9.601355264265928335e-01
1.071604947257617679e+00
1.192834760332410093e+00
1.289520057617728588e+00
1.353536747922437833e+00
1.377995142603878120e+00
1.379947221052631567e+00
1.371622180609418429e+00
1.353881232354570807e+00
1.321671937950138487e+00
1.291386014958448847e+00
1.273099633019390664e+00
1.260726900498615022e+00
1.234115478116343478e+00
1.221828866703601246e+00
1.205752926537396297e+00
1.199064187146814398e+00
1.184911618393351906e+00
1.164271259501385103e+00
1.158816922659279935e+00
1.163610997673130365e+00
1.141937185484764639e+00
1.133267660609418304e+00
1.131545238448753432e+00
1.117593618947368528e+00
1.115124813850415508e+00
1.116273095290858830e+00
1.103326222049861638e+00
1.087307695955678666e+00
1.097039381163434912e+00
1.089173653296398925e+00
1.072293916121883628e+00
1.077920495180055394e+00
1.081221804321329749e+00
1.077375061495844832e+00
1.073815389030470913e+00
1.079154897728531903e+00
1.053691756786703682e+00
1.068562001440443332e+00
1.058457124764542900e+00
1.053863999002770058e+00
1.061729726869806045e+00
1.053576928642659283e+00
1.056906944819944627e+00
1.041433852409972438e+00
1.042352477562326962e+00
1.037472281440443345e+00
1.043213688642659287e+00
1.039481773961218991e+00
1.035347960775623299e+00
1.025300498171745289e+00
1.032505964210526317e+00
1.039682723213296356e+00
1.033022690858725889e+00
1.034170972299168989e+00
1.026965506260387961e+00
1.026621021828254987e+00
1.023032642326869857e+00
1.029520432465373947e+00
1.020477716121883649e+00
1.018812708033240977e+00
1.017118992908587316e+00
1.019530383933518136e+00
1.015253035567867057e+00
1.023491954903047230e+00
1.014535359667590120e+00
1.012066554570637100e+00
1.012382331966759086e+00
1.010860859058171801e+00
1.006583510692520722e+00
1.011492413850415550e+00
9.962776847645430367e-01
1.005349108144044434e+00
1.001703314570637104e+00
1.014276996343490334e+00
9.990909742936289195e-01
1.000038306481994432e+00
1.000038306481994432e+00
1.001272709030470942e+00
9.995789939058172813e-01
9.978852787811635094e-01
1.001330123102493141e+00
9.996651150138504693e-01
9.974833802770083357e-01
9.859718588365651293e-01
9.921438715789474561e-01
9.940098289196676040e-01
1.009741284653739690e+00
1.000985638670360167e+00
1.002133920110803489e+00
9.915697308587257952e-01
9.851393547922437932e-01
9.817519245429363606e-01
9.874072106371191149e-01
9.900769649861496102e-01
9.843929718559557562e-01
9.945839696398892649e-01
9.810629556786704120e-01
9.877516950692520892e-01
9.806610571745152383e-01
9.895028242659280604e-01
9.859144447645430409e-01
9.798285531301940132e-01
9.915697308587257952e-01
9.914836097506926071e-01
9.777042324653739680e-01
9.805749360664820502e-01
9.811777838227146997e-01
9.774458691412742928e-01
9.734842981717451993e-01
9.888425624376732115e-01
9.715896337950139516e-01
9.699533327423823792e-01
9.726805011634349629e-01
9.764124158448753699e-01
9.711590282548476782e-01
9.769578495290859310e-01
9.761253454847645949e-01
9.662501250969529609e-01
9.715896337950139516e-01
9.720489463711912137e-01
9.655037421606649239e-01
9.720489463711912137e-01
9.713599775069252651e-01
9.572935298614958510e-01
9.544228262603878798e-01
9.589011238781164348e-01
9.613125149030471439e-01
9.538773925761773187e-01
9.643554607202217133e-01
9.592169012742383094e-01
9.636951988919668644e-01
9.566906821052632015e-01
9.596762138504155715e-01
9.455236450969529693e-01
9.589585379501385232e-01
9.540496347922438058e-01
9.535616151800554441e-01
9.511215171191136353e-01
9.569203383933518881e-01
9.467006335734072797e-01
9.556285217728532899e-01
9.612838078670360442e-01
9.659917617728532857e-01
9.648721873684210637e-01
9.698385045983379804e-01
9.886703202216067243e-01
9.899047227700831231e-01
1.016171660720221581e+00
1.018324688421052615e+00
1.036036929639889248e+00
1.025530154459833865e+00
1.034142265263158000e+00
1.022429794570637096e+00
1.029003705817174597e+00
1.016745801440443353e+00
1.008851366537396155e+00
1.005435229252077622e+00
1.002966424155124603e+00
9.946126766759003646e-01
9.999521853739612443e-01
9.845365070360111437e-01
9.860005658725762290e-01
9.888999765096952999e-01
9.917132660387811827e-01
9.858857377285319412e-01
9.661065899168975735e-01
9.785941505817175035e-01
9.798572601662050019e-01
9.721350674792244018e-01
9.702116960664820544e-01
9.754650836565097460e-01
9.688911724099723566e-01
9.589872449861496229e-01
9.725369659833795755e-01
9.610828586149584574e-01
9.642406325761773145e-01
9.665371954570637358e-01
9.595613857063712837e-01
9.466719265373961800e-01
9.593604364542936969e-01
9.603077686426593207e-01
9.549682599445984410e-01
9.553414514127424040e-01
9.584705183379501614e-01
9.477053798337951029e-01
9.493129738504155757e-01
9.573509439335180504e-01
9.551405021606649282e-01
9.492842668144044760e-01
9.469302898614958552e-01
9.414472459833795881e-01
9.497148723545706384e-01
9.477053798337951029e-01
9.367967061495845460e-01
9.418778515235457505e-01
9.439160510803324966e-01
9.331509125761773271e-01
9.429113048199446734e-01
9.302515019390582562e-01
9.399544801108034031e-01
9.348733347368421986e-01
9.441170003324099724e-01
9.385191283102493065e-01
9.394377534626039417e-01
9.418778515235457505e-01
9.411601756232687022e-01
9.269214857617729120e-01
9.234479344044321802e-01
9.296773612188365954e-01
9.323758226038781904e-01
9.279836460941828236e-01
9.255722550692521144e-01
9.254000128531856273e-01
9.199456760110803488e-01
9.160415191135734547e-01
9.291319275346261453e-01
9.133430577285318597e-01
9.119938270360111732e-01
9.167591950138505030e-01
9.130272803324099851e-01
9.189409297506925256e-01
9.177352342382272266e-01
9.206920589473684968e-01
9.162424683656510416e-01
9.210939574515235595e-01
9.186825664265928504e-01
9.049031891412743223e-01
8.985015201108034200e-01
9.034678373407202256e-01
9.051328454293628978e-01
8.998794578393352062e-01
8.955159883656510500e-01
8.956882305817175371e-01
8.909515696398891960e-01
8.861862016620498661e-01
8.925304566204986800e-01
8.849230920775623677e-01
8.899181163434903841e-01
8.866168072022161395e-01
8.758516686980609700e-01
8.793252200554017017e-01
8.794400481994459895e-01
8.706269881440443781e-01
8.767702938504156052e-01
8.722345821606648508e-01
8.783204737950138785e-01
8.658903272022161479e-01
8.653736005540166865e-01
8.645985105817175498e-01
8.542926846537396424e-01
8.590293455955678725e-01
8.498143870360110874e-01
8.415467606648200372e-01
8.515081021606648592e-01
8.460824723545706805e-01
8.553261379501385653e-01
8.352599197783934226e-01
8.284563522437673466e-01
8.259875471468144381e-01
8.315280050969529047e-01
8.211360580609419202e-01
8.232603787257618544e-01
8.102847984487535626e-01
8.163419830470914906e-01
8.025051916897507631e-01
8.035960590581717744e-01
8.039405434903047487e-01
7.950413623268698382e-01
7.890990058725761980e-01
7.932902331301939780e-01
7.823241453739612217e-01
7.770994648199446297e-01
7.705255535734072403e-01
7.691763228808864428e-01
7.729082375623269607e-01
7.648702674792243750e-01
7.736546204986149977e-01
7.607364542936289054e-01
7.562868637119114501e-01
7.630330171745153267e-01
7.724202179501385990e-01
7.780180899722992649e-01
7.793960277008310511e-01
7.970508548476454846e-01
8.047443404986149851e-01
8.265903949030470876e-01
8.535175946814405057e-01
8.745598520775623719e-01
9.030659388365651630e-01
9.333518618282549140e-01
9.715896337950139516e-01
1.008650417285318568e+00
1.034544163767313174e+00
1.077547303711911431e+00
1.105995976398892022e+00
1.146788674570637268e+00
1.158673387479224548e+00
1.188959310470914188e+00
1.196365725761773025e+00
1.220393514903047150e+00
1.232077278559556843e+00
1.237043595789473649e+00
1.239770764210526455e+00
1.246028898060941970e+00
1.251741598227146923e+00
1.231905036343490467e+00
1.225905265817174516e+00
1.215886510249307495e+00
1.217809881662049953e+00
1.211953646315789612e+00
1.220364807867036161e+00
1.194413647313019355e+00
1.197829784598338110e+00
1.179887887091412901e+00
1.179485988587257728e+00
1.173400096952908589e+00
1.168921799335180145e+00
1.166194630914127561e+00
1.154625695401662044e+00
1.143602193573407311e+00
1.149429721883656663e+00
1.146243240886426706e+00
1.132951883213296540e+00
1.131143339944598480e+00
1.117823275235457103e+00
1.109842719224376717e+00
1.121526482880886411e+00
1.114234895734072195e+00
1.103986483878116376e+00
1.104474503490304738e+00
1.091211852853185560e+00
1.081537581717451513e+00
1.089001411080332549e+00
1.085929758227146769e+00
1.075451690083102596e+00
1.077375061495844832e+00
1.063078957562326954e+00
1.065375520443213375e+00
1.065748711911357338e+00
1.048323541052631702e+00
1.049471822493074802e+00
1.057337550360110789e+00
1.040543934293628903e+00
1.049471822493074802e+00
1.035434081883656487e+00
1.022515915678670506e+00
1.032218893850415542e+00
1.030984491301939032e+00
1.017118992908587316e+00
1.023090056398892056e+00
1.027941545484764685e+00
1.020678665373961236e+00
1.012439746038781285e+00
1.009798698725761890e+00
1.009138436897506930e+00
1.018353395457063826e+00
1.008104983601108007e+00
1.001330123102493141e+00
1.000411497950138617e+00
9.919142152908587695e-01
1.015195621495844858e+00
1.003425736731301976e+00
1.005349108144044434e+00
1.003741514127423962e+00
1.004229533739612323e+00
1.005377815180055423e+00
1.009023608753462753e+00
1.016085539612188393e+00
1.016918043656509729e+00
1.030726127977839468e+00
1.024037388587257569e+00
1.035319253739612311e+00
1.047175259612188380e+00
1.054983573407202169e+00
1.064830086759002814e+00
1.077547303711911431e+00
1.081508874681440524e+00
1.093393587590027805e+00
1.115239641994459907e+00
1.128129101163434900e+00
1.140013814072022180e+00
1.146846088642659245e+00
1.158903043767313124e+00
1.164386087645429502e+00
1.180318492631579064e+00
1.177246839778393506e+00
1.188241634570637251e+00
1.200470831911357505e+00
1.198346511246537460e+00
1.192231912576177333e+00
1.198059440886426685e+00
1.208078196454293707e+00
1.211953646315789612e+00
1.192375447756232720e+00
1.214795642880886595e+00
1.213015806648199524e+00
1.198518753462603836e+00
1.195073909141274315e+00
1.198949359002770221e+00
1.194413647313019355e+00
1.191485529639889185e+00
1.189188966759002763e+00
1.186720161662049966e+00
1.184768083213296519e+00
1.184423598781163545e+00
1.183734629916897596e+00
1.183447559556786821e+00
1.167629982714681436e+00
1.179600816731301904e+00
1.156864844210526488e+00
1.163467462493074756e+00
1.164099017285318727e+00
1.158242781939058164e+00
1.160596758891966784e+00
1.156204582382271528e+00
1.148396268587257740e+00
1.141764943268698040e+00
1.153620949141274332e+00
1.140616661828254941e+00
1.146300654958448906e+00
1.131717480664820030e+00
1.133038004321329728e+00
1.135908707922437699e+00
1.138147856731301921e+00
1.133468609861495890e+00
1.128674534847645461e+00
1.118627072243767451e+00
1.120234666260387923e+00
1.121124584376731459e+00
1.117622325983379517e+00
1.115325763102493095e+00
1.122875713573407319e+00
1.117794568199446115e+00
1.120579150692520898e+00
1.118598365207756240e+00
1.109498234792243743e+00
1.104962523102493099e+00
1.104991230138504310e+00
1.098876631468144183e+00
1.101115780277008405e+00
1.101833456177285342e+00
1.103441050193905815e+00
1.096924553019390736e+00
1.106656238227146982e+00
1.104991230138504310e+00
1.101230608421052803e+00
1.093135224265928018e+00
1.085097254182825655e+00
1.083633195346260347e+00
1.090982196565096984e+00
1.091297973961218970e+00
1.096063341939058189e+00
1.091613751357340734e+00
1.092876860941828232e+00
1.089317188476454312e+00
1.096608775623268750e+00
1.101345436565096980e+00
1.100082326980609482e+00
1.091728579501385132e+00
1.089862622160664873e+00
1.104905109030470900e+00
1.105335714570637284e+00
1.108924094072022193e+00
1.108464781495845042e+00
1.113545926869806246e+00
1.102493718005540302e+00
1.113976532409972409e+00
1.113517219833795036e+00
1.116416630470914217e+00
1.121095877340720248e+00
1.124167530193905806e+00
1.126148315678670464e+00
1.113632047977839434e+00
1.110847465484764651e+00
1.115785075678670468e+00
1.123995287977839430e+00
1.120521736620498698e+00
1.120320787368421112e+00
1.117421376731301930e+00
1.129593159999999985e+00
1.121411654736842234e+00
1.121497775844875422e+00
1.128243929307479299e+00
1.125086155346260552e+00
1.116962064155124779e+00
1.126177022714681453e+00
1.118368708919667665e+00
1.120722685872576285e+00
1.111306778060941802e+00
1.112225403213296548e+00
1.113144028365651073e+00
1.118799314459833827e+00
1.111852211745152363e+00
1.113718169085872622e+00
