9.652586561958975686e-01
9.651465854211387363e-01
9.650332759187231213e-01
9.649186972308493315e-01
9.648028176102277920e-01
9.646856039408665540e-01
9.645670216525408236e-01
9.644470346283353646e-01
9.643256051045770993e-01
9.642026935623939643e-01
9.640782586100565821e-01
9.639522568551461834e-01
9.638246427654878490e-01
9.636953685176496975e-01
9.635643838316669818e-01
9.634316357904713080e-01
9.632970686423211193e-01
9.631606235842941066e-01
9.630222385246551831e-01
9.628818478216127907e-01
9.627393819956338028e-01
9.625947674120932662e-01
9.624479259305738221e-01
9.622987745165977325e-01
9.621472248109455006e-01
9.619931826509930950e-01
9.618365475376354778e-01
9.616772120403654922e-01
9.615150611318863394e-01
9.613499714422282239e-01
9.611818104206824032e-01
9.610104353918651476e-01
9.608356924898618923e-01
9.606574154515513664e-01
9.604754242467762326e-01
9.602895235188921852e-01
9.600995008041947054e-01
9.599051244925936865e-01
9.597061414844139104e-01
9.595022744889729616e-01
9.592932188991980524e-01
9.590786391623925544e-01
9.588581645496092598e-01
9.586313842039150268e-01
9.583978413198480650e-01
9.581570262708286601e-01
9.579083684558303835e-01
9.576512265781589317e-01
9.573848769933660519e-01
9.571084996643706155e-01
9.568211611315572407e-01
9.565217937327230580e-01
9.562091700762006541e-01
9.558818714575219033e-01
9.555382484827843470e-01
9.551763715725178905e-01
9.547939681977299919e-01
9.543883425393751008e-01
9.539562716039972079e-01
9.534938694267088843e-01
9.529964074669671215e-01
9.524580740526705780e-01
9.518716477974040746e-01
9.512280477657416577e-01
9.505157043106936543e-01
9.497196649913809408e-01
9.488203037140862106e-01
9.477914300060622521e-01
9.465974929046379049e-01
9.451894599917025630e-01
9.434989853686948091e-01
9.414314901035946148e-01
9.388649396692749782e-01
9.356952206305081399e-01
9.321774994052213215e-01
9.313761391149920632e-01
9.589867446831769060e-01
1.074591947829461214e+00
1.052795179765695810e+00
1.014845606083769392e+00
9.959444461386735004e-01
9.855406075130955790e-01
9.790753121566373451e-01
9.746765286634547776e-01
9.714767951158411741e-01
9.690279462436508506e-01
9.670775809200320428e-01
9.654735409552495096e-01
9.641189638974074771e-01
9.629493888814374403e-01
9.619203091862266186e-01
9.610000272379638497e-01
9.601653615745125991e-01
9.593989650288662352e-01
9.586875923233802999e-01
9.580209478656624977e-01
9.573908995776254649e-01
9.567909302018874351e-01
9.562157465523590805e-01
9.556609961643349749e-01
9.551230584400663970e-01
9.545988884007473585e-01
9.540858981952579088e-01
9.535818661104281668e-01
9.530848658842507870e-01
9.525932111930128787e-01
9.521054116072207307e-01
9.516201373054691270e-01
9.511361905392489158e-01
9.506524823462292328e-01
9.501680133755212587e-01
9.496818579567576357e-01
9.491931507435446003e-01
9.487010754104198140e-01
9.482048549944585014e-01
9.477037435578005153e-01
9.471970189125306083e-01
9.466839761995258229e-01
9.461639221517460507e-01
9.456361699026732959e-01
9.451000342241747676e-01
9.445548270964768678e-01
9.439998535273030900e-01
9.434344075483720449e-01
9.428577683260265241e-01
9.422691963292508799e-01
9.416679295030657704e-01
9.410531793985911220e-01
9.404241272130756668e-01
9.397799196941128974e-01
9.391196648621373821e-01
9.384424275042237973e-01
9.377472243901912030e-01
9.370330191590480196e-01
9.362987168198608767e-01
9.355431578061279563e-01
9.347651115165794833e-01
9.339632692678946357e-01
9.331362365759404698e-01
9.322825246715980008e-01
9.314005411447856542e-01
9.304885795955991634e-01
9.295448081541869412e-01
9.285672567105817121e-01
9.275538026716662054e-01
9.265021550340469814e-01
9.254098365280146732e-01
9.242741635479495566e-01
9.230922235372112095e-01
9.218608494392114272e-01
9.205765907590852670e-01
9.192356806998236429e-01
9.178339987400326860e-01
9.163670279040510014e-01
9.148298058346062689e-01
9.132168686079956688e-01
9.115221860251710995e-01
9.097390868605871317e-01
9.078601722437474875e-01
9.058772149729835688e-01
9.037810421010294970e-01
9.015613975675789149e-01
8.992067809611951068e-01
8.967042576428836398e-01
8.940392344229509680e-01
8.911951937144161340e-01
8.881533775530418007e-01
8.848924110462765835e-01
8.813878526854529438e-01
8.776116565791666213e-01
8.735315292157451728e-01
8.691101612654287267e-01
8.643043141163269105e-01
8.590637432214713876e-01
8.533299497933234390e-01
8.470347766790387034e-01
8.400989189461423035e-01
8.324305362462540714e-01
8.239243967579461536e-01
8.144624853952219246e-01
8.039180564603678469e-01
7.921673204511102684e-01
7.791176966793174063e-01
7.647719393250340669e-01
7.493705482782982985e-01
7.337067108496286849e-01
7.198218612241246150e-01
7.125145051775387817e-01
7.223650183212646514e-01
7.702448409064431845e-01
8.865488351551483737e-01
1.081130568571700978e+00
1.288357500764658159e+00
1.412294523284175041e+00
1.439771449271197490e+00
1.414618434346603948e+00
1.372381540749770146e+00
1.329206910780210471e+00
1.290469177232803855e+00
1.257223533907672719e+00
1.229075510640703639e+00
1.205262760157456592e+00
1.185023351257429081e+00
1.167701495479474216e+00
1.152762202835495131e+00
1.139777693372521217e+00
1.128407796637223459e+00
1.118381624358686599e+00
1.109482407245786284e+00
1.101535542912373877e+00
1.094399363562980954e+00
1.087958055259297563e+00
1.082116229643898198e+00
1.076794749150892239e+00
1.071927499570987985e+00
1.067458879368042401e+00
1.063341833310197604e+00
1.059536301643871470e+00
1.056007988443811607e+00
1.052727376725068886e+00
1.049668935613136345e+00
1.046810478000578470e+00
1.044132636898512878e+00
1.041618436013473925e+00
1.039252935594168425e+00
1.037022938770300273e+00
1.034916746790530917e+00
1.032923954009801415e+00
1.031035275361936066e+00
1.029242400517664802e+00
1.027537870071847603e+00
1.025914970002058446e+00
1.024367641350296676e+00
1.022890402643122032e+00
1.021478283015335942e+00
1.020126764363201710e+00
1.018831731144091313e+00
1.017589426675023168e+00
1.016396414974197082e+00
1.015249547346193770e+00
1.014145933039945380e+00
1.013082913414383723e+00
1.012058039134133169e+00
1.011069049990228841e+00
1.010113857001291526e+00
1.009190526501141827e+00
1.008297265961204170e+00
1.007432411331719901e+00
1.006594415715866164e+00
1.005781839216357776e+00
1.004993339815728914e+00
1.004227665169901362e+00
1.003483645210358599e+00
1.002760185463706044e+00
1.002056261008924753e+00
1.001370911002572139e+00
1.000703233710734441e+00
1.000052381993941975e+00
9.994175591976668382e-01
9.987980154065930760e-01
9.981930440256854276e-01
9.976019786553139701e-01
9.970241902313703442e-01
9.964590844045483342e-01
9.959060991357897574e-01
9.953647024873799598e-01
9.948343905913751284e-01
9.943146857789679771e-01
9.938051348561033338e-01
9.933053075121667241e-01
9.928147948499032038e-01
9.923332080259107402e-01
9.918601769921071565e-01
9.913953493295061259e-01
9.909383891664762523e-01
9.904889761744060106e-01
9.900468046343593453e-01
9.896115825689112411e-01
9.891830309338823790e-01
9.887608828651794912e-01
9.883448829763729071e-01
9.879347867030382480e-01
9.875303596902331726e-01
9.871313772198053726e-01
9.867376236745003526e-01
9.863488920361085377e-01
9.859649834151156256e-01
9.855857066095349284e-01
9.852108776907946286e-01
9.848403196147182959e-01
9.844738618558087628e-01
9.841113400631749109e-01
9.837525957365835794e-01
9.833974759212307237e-01
9.830458329199369683e-01
9.826975240215767293e-01
9.823524112446291312e-01
9.820103610948404116e-01
9.816712443360398055e-01
9.813349357732467082e-01
9.810013140472463311e-01
9.806702614398893347e-01
9.803416636894100034e-01
9.800154098151176996e-01
9.796913919508539736e-01
9.793695051866542212e-01
9.790496474180905295e-01
9.787317192028045509e-01
9.784156236237754323e-01
9.781012661588995849e-01
9.777885545564767300e-01
9.774773987162383992e-01
9.771677105755640635e-01
9.768594040005584844e-01
9.765523946816868639e-01
9.762466000336733618e-01
9.759419390993990806e-01
9.756383324575385041e-01
9.753357021336975796e-01
9.750339715148256259e-01
9.747330652666865713e-01
9.744329092541886839e-01
9.741334304643787245e-01
9.738345569319217798e-01
9.735362176668923562e-01
9.732383425847123126e-01
9.729408624380829762e-01
9.726437087507560086e-01
9.723468137530087985e-01
9.720501103186813818e-01
9.717535319036471053e-01
9.714570124855912425e-01
9.711604865049769941e-01
9.708638888070799666e-01
9.705671545849803294e-01
9.702702193234019612e-01
9.699730187432928918e-01
9.696754887470396822e-01
9.693775653642210388e-01
9.690791846977924173e-01
9.687802828706105762e-01
9.684807959721979387e-01
9.681806600056521717e-01
9.678798108346056139e-01
9.675781841301420716e-01
9.672757153175746136e-01
9.669723395229909979e-01
9.666679915194723582e-01
9.663626056728902292e-01
9.660561158871853182e-01
9.657484555490284395e-01
9.654395574717694606e-01
9.651293538385674609e-01
9.648177761446050660e-01
9.645047551382748274e-01
9.641902207612349507e-01
9.638741020872204635e-01
9.635563272594928064e-01
9.632368234268137153e-01
9.629155166778141650e-01
9.625923319736360284e-01
9.622671930787086714e-01
9.619400224895249263e-01
9.616107413612696719e-01
9.612792694321519171e-01
9.609455249452777403e-01
9.606094245679033250e-01
9.602708833078892336e-01
9.599298144271738442e-01
9.595861293520727697e-01
9.592397375802013126e-01
9.588905465838034603e-01
9.585384617092617132e-01
9.581833860725459395e-01
9.578252204503521217e-01
9.574638631666528843e-01
9.570992099743840242e-01
9.567311539319566238e-01
9.563595852742786674e-01
9.559843912779379949e-01
9.556054561201886566e-01
9.552226607313470952e-01
9.548358826401910360e-01
9.544449958119143318e-01
9.540498704781729122e-01
9.536503729587143541e-01
9.532463654740601644e-01
9.528377059486613510e-01
9.524242478039151028e-01
9.520058397403854400e-01
9.515823255085178456e-01
9.511535436670982557e-01
9.507193273286368429e-01
9.502795038908083969e-01
9.498338947530100551e-01
9.493823150170287439e-01
9.489245731707300902e-01
9.484604707536005153e-01
9.479898020028837413e-01
9.475123534789453572e-01
9.470279036684033924e-01
9.465362225634345039e-01
9.460370712155394823e-01
9.455302012619150043e-01
9.450153544224191293e-01
9.444922619649490647e-01
9.439606441368751932e-01
9.434202095599591997e-01
9.428706545859710797e-01
9.423116626099781179e-01
9.417429033380023684e-01
9.411640320054606157e-01
9.405746885424646209e-01
9.399744966817163982e-01
9.393630630043250385e-01
9.387399759184511527e-01
9.381048045651945166e-01
9.374570976456155780e-01
9.367963821621918541e-01
9.361221620673586541e-01
9.354339168110619163e-01
9.347310997784489262e-01
9.340131366079295061e-01
9.332794233788513916e-01
9.325293246569250627e-01
9.317621713843051712e-01
9.309772585998613570e-01
9.301738429736347014e-01
9.293511401377648751e-01
9.285083217942523559e-01
9.276445125777726952e-01
9.267587866493545157e-01
9.258501639940354133e-01
9.249176063925814706e-01
9.239600130339667983e-01
9.229762157314903570e-01
9.219649737011386126e-01
9.209249678559943142e-01
9.198547945651144309e-01
9.187529588192627772e-01
9.176178667391365895e-01
9.164478173541891204e-01
9.152409935717621403e-01
9.139954522469487808e-01
9.127091132533591278e-01
9.113797474437664858e-01
9.100049633775091351e-01
9.085821926786472602e-01
9.071086738755035350e-01
9.055814345588223402e-01
9.039972716831641275e-01
9.023527298255876739e-01
9.006440772091672819e-01
8.988672792995405780e-01
8.970179697952465059e-01
8.950914188643541713e-01
8.930824985418759354e-01
8.909856453116357100e-01
8.887948200784855368e-01
8.865034660318527049e-01
8.841044653710145029e-01
8.815900966019430962e-01
8.789519952750258769e-01
8.761811228497615733e-01
8.732677512256432628e-01
8.702014749795061732e-01
8.669712704967559302e-01
8.635656326248299930e-01
8.599728379643808429e-01
8.561814140984904675e-01
8.521809438890814992e-01
8.479634171400067810e-01
8.435254821741617892e-01
8.388721882585461476e-01
8.340232162837141194e-01
8.290232836486588486e-01
8.239595450647370090e-01
8.189905532335923777e-01
8.143935095899852428e-01
8.106372693044014976e-01
8.084799928316329654e-01
8.090476055985540427e-01
8.137185554359833706e-01
8.234066831779002227e-01
8.369180951843234739e-01
8.496167939836116734e-01
8.554902369005633611e-01
8.518157676716086035e-01
8.404108367485783049e-01
8.248956994831834200e-01
8.084720550087616253e-01
7.936544615504388389e-01
7.829312799170646819e-01
7.796065294950795810e-01
7.885904912470937944e-01
8.168161059393331813e-01
8.722698442849530220e-01
9.598507053118277010e-01
1.073864387288467448e+00
1.193747303714516761e+00
1.292974806375930763e+00
1.355717035524975689e+00
1.382739988019833444e+00
1.384050619857562170e+00
1.370349541213382594e+00
1.349406630151281705e+00
1.325910548608898232e+00
1.302381127141062134e+00
1.280038389339816618e+00
1.259386629639317245e+00
1.240558336506987658e+00
1.223504181713812811e+00
1.208094127194841327e+00
1.194169615949769447e+00
1.181569503400800247e+00
1.170142122471748536e+00
1.159750151043704713e+00
1.150271839640261806e+00
1.141600484255041570e+00
1.133643132652876417e+00
1.126319032605371806e+00
1.119558074321881369e+00
1.113299343456275459e+00
1.107489830038961731e+00
1.102083302597210324e+00
1.097039339387336554e+00
1.092322501265908130e+00
1.087901628484789995e+00
1.083749244008894941e+00
1.079841047430283529e+00
1.076155485451498972e+00
1.072673386860216960e+00
1.069377651738218526e+00
1.066252986267616443e+00
1.063285675897901017e+00
1.060463390827611097e+00
1.057775018754851137e+00
1.055210520686149289e+00
1.052760806287648121e+00
1.050417625838886870e+00
1.048173476327114662e+00
1.046021519616123108e+00
1.043955510952147892e+00
1.041969736342349240e+00
1.040058957568478659e+00
1.038218363787644982e+00
1.036443528830239380e+00
1.034730373437448225e+00
1.033075131791866497e+00
1.031474321788137472e+00
1.029924718569306119e+00
1.028423330921119039e+00
1.026967380172884470e+00
1.025554281301369164e+00
1.024181625974954768e+00
1.022847167310022787e+00
1.021548806141263865e+00
1.020284578633063433e+00
1.019052645080993580e+00
1.017851279771259776e+00
1.016678861782195575e+00
1.015533866625917492e+00
1.014414858640420247e+00
1.013320484052918191e+00
1.012249464644419783e+00
1.011200591953485661e+00
1.010172721964097686e+00
1.009164770228631935e+00
1.008175707382260589e+00
1.007204555009759472e+00
1.006250381829795648e+00
1.005312300165352113e+00
1.004389462672107936e+00
1.003481059299365707e+00
1.002586314460561789e+00
1.001704484392546446e+00
1.000834854684709452e+00
9.999767379606963047e-01
9.991294716969179035e-01
9.982924161633442983e-01
9.974649524731881156e-01
9.966464807290740247e-01
9.958364182541343812e-01
9.950341978972059298e-01
9.942392664019414905e-01
9.934510828301821306e-01
9.926691170303926226e-01
9.918928481423405774e-01
9.911217631295059505e-01
9.903553553309705215e-01
9.895931230247276833e-01
9.888345679945275135e-01
9.880791940925059968e-01
9.873265057899770492e-01
9.865760067088996665e-01
9.858271981267108242e-01
9.850795774474390143e-01
9.843326366323768006e-01
9.835858605840946955e-01
9.828387254783501614e-01
9.820906970395587576e-01
9.813412287571056103e-01
9.805897600420659943e-01
9.798357143271447800e-01
9.790784971171646589e-01
9.783174940037430156e-01
9.775520686665010173e-01
9.767815608951877504e-01
9.760052846836506646e-01
9.752225264693674678e-01
9.744325436235906635e-01
9.736345633402941901e-01
9.728277821316237972e-01
9.720113662198049953e-01
9.711844532295453858e-01
9.703461557437110807e-01
9.694955675069349965e-01
9.686317733733444957e-01
9.677538645343636281e-01
9.668609611868022036e-01
9.659522456931213252e-01
9.650270105677101196e-01
9.640847274788154619e-01
9.631251461616411325e-01
9.621484361126850793e-01
9.611553898169242771e-01
9.601477150267655469e-01
9.591284567706402919e-01
9.581026096383550295e-01
9.570780110249674788e-01
9.560666517993011704e-01
9.550866102330740626e-01
9.541649190264011038e-01
9.533418273654276076e-01
9.526771308602720589e-01
9.522595011880814475e-01
9.522199666562706222e-01
9.527505632272276204e-01
9.541278091881957302e-01
9.567359111214918110e-01
9.610722511365669130e-01
9.676926624121501286e-01
9.770220305456538412e-01
9.889685589307888325e-01
1.002459160086370149e+00
1.015367400301453893e+00
1.025309215423905851e+00
1.030880482256567809e+00
1.032183430769829435e+00
1.030312205196654007e+00
1.026550644742953100e+00
1.021909880778936408e+00
1.017035101412444575e+00
1.012281431083484673e+00
1.007817291608298138e+00
1.003704262788370993e+00
9.999478980275778861e-01
9.965270363182728852e-01
9.934096908923392144e-01
9.905612167652522171e-01
9.879482419152496586e-01
9.855403525601387216e-01
9.833106285005336344e-01
9.812356178498611303e-01
9.792950616277709130e-01
9.774715277738263985e-01
9.757500334595710090e-01
9.741176920138004958e-01
9.725633987453943252e-01
9.710775589050457679e-01
9.696518558095983398e-01
9.682790549759809906e-01
9.669528394796405024e-01
9.656676718663091963e-01
9.644186783854165057e-01
9.632015518621124262e-01
9.620124700763106329e-01
9.608480270231607445e-01
9.597051748721916464e-01
9.585811748193733273e-01
9.574735553420072875e-01
9.563800766279522136e-01
9.552987001661289446e-01
9.542275626620191353e-01
9.531649535866996148e-01
9.521092957865103790e-01
9.510591286775851305e-01
9.500130936291237838e-01
9.489699212046898147e-01
9.479284199846655934e-01
9.468874667373706755e-01
9.458459977430608845e-01
9.448030011054138200e-01
9.437575099103748810e-01
9.427085961132507519e-01
9.416553650525122388e-01
9.405969505034382783e-01
9.395325101970716242e-01
9.384612217403172085e-01
9.373822788817438578e-01
9.362948880750328051e-01
9.351982652982635535e-01
9.340916330925224109e-01
9.329742177878277420e-01
9.318452468882005846e-01
9.307039465909866527e-01
9.295495394183337368e-01
9.283812419411368033e-01
9.271982625778216747e-01
9.259997994521299569e-01
9.247850382956011028e-01
9.235531503818089627e-01
9.223032904805801291e-01
9.210345948214860856e-01
9.197461790568419726e-01
9.184371362153213036e-01
9.171065346381170880e-01
9.157534158903730681e-01
9.143767926414095859e-01
9.129756465080873795e-01
9.115489258565396824e-01
9.100955435584728859e-01
9.086143746993418091e-01
9.071042542369787132e-01
9.055639746107582155e-01
9.039922833031637239e-01
9.023878803577676244e-01
9.007494158602222800e-01
8.990754873920041579e-01
8.973646374704630224e-01
8.956153509933815204e-01
8.938260527119158416e-01
8.919951047627063812e-01
8.901208042983895785e-01
8.882013812660637386e-01
8.862349963958637833e-01
8.842197394772239871e-01
8.821536280192561197e-01
8.800346064147663849e-01
8.778605457556903913e-01
8.756292444823947640e-01
8.733384300917810261e-01
8.709857621813279493e-01
8.685688371703255140e-01
8.660851951184371789e-01
8.635323291588659078e-01
8.609076981831121911e-01
8.582087435620739946e-01
8.554329108707175999e-01
8.525776778092362118e-01
8.496405897929129036e-01
8.466193050289350097e-01
8.435116513273451799e-01
8.403156974253908063e-01
8.370298422646467174e-01
8.336529264793162142e-01
8.301843713697292237e-01
8.266243518932636647e-01
8.229740117608266292e-01
8.192357306460211763e-01
8.154134558715084857e-01
8.115131138168913960e-01
8.075431197826978824e-01
8.035150092285268109e-01
7.994442182392205165e-01
7.953510467646190962e-01
7.912618445185927163e-01
7.872104661028601624e-01
7.832400482842685197e-01
7.794051671697693751e-01
7.757744341404224642e-01
7.724335832500871524e-01
7.694890836672839685e-01
7.670722699120984256e-01
7.653439073326551156e-01
7.644989827942806349e-01
7.647713083803833189e-01
7.664372240439663031e-01
7.698172635634055183e-01
7.752741080775087390e-01
7.832045452645695072e-01
7.940226288727686432e-01
8.081310914556598668e-01
8.258787801176847854e-01
8.475040530270016026e-01
8.730681456849702649e-01
9.023882974326253859e-01
9.349864619590163572e-01
9.700727461166335219e-01
1.006579739055440292e+00
1.043252690884113321e+00
1.078783421322714098e+00
1.111959887063045604e+00
1.141796710432659845e+00
1.167618550686513323e+00
1.189084574781745562e+00
1.206160169849864960e+00
1.219053877334751679e+00
1.228140516994965958e+00
1.233887534687160059e+00
1.236794707210516098e+00
1.237350824767017077e+00
1.236006500547094378e+00
1.233160011148128898e+00
1.229152483796711159e+00
1.224269100351706996e+00
1.218743720758213467e+00
1.212765100180024813e+00
1.206483526102853698e+00
1.200017188998659945e+00
1.193457933967846607e+00
1.186876253235612744e+00
1.180325504804257353e+00
1.173845409849429089e+00
1.167464912173918901e+00
1.161204492128822485e+00
1.155078024635107781e+00
1.149094262355838891e+00
1.143258014268016654e+00
1.137571078860318829e+00
1.132032980956072965e+00
1.126641552168333948e+00
1.121393387349388204e+00
1.116284203044034307e+00
1.111309118759333803e+00
1.106462877661417821e+00
1.101740019940974813e+00
1.097135019406255463e+00
1.092642391737986607e+00
1.088256781167070919e+00
1.083973031024936917e+00
1.079786242596087353e+00
1.075691825915438438e+00
1.071685545553682006e+00
1.067763563986268815e+00
1.063922484817398706e+00
1.060159397907666223e+00
1.056471928315419362e+00
1.052858290893954551e+00
1.049317352378311030e+00
1.045848702837335775e+00
1.042452738450056149e+00
1.039130757681034467e+00
1.035885073066267204e+00
1.032719140965054905e+00
1.029637711764369135e+00
1.026647003112954870e+00
1.023754898773600486e+00
1.020971175558898381e+00
1.018307760482231705e+00
1.015779019607550460e+00
1.013402078978560494e+00
1.011197176265531406e+00
1.009188039148111837e+00
1.007402282658492965e+00
1.005871812385010111e+00
1.004633213179551232e+00
1.003728093408746025e+00
1.003203342483834470e+00
1.003111244227295584e+00
1.003509370803665757e+00
1.004460162363623565e+00
1.006030078223585145e+00
1.008288189902705190e+00
1.011304080283494278e+00
1.015144924463426301e+00
1.019871666419573941e+00
1.025534281945611470e+00
1.032166240696774206e+00
1.039778449854735776e+00
1.048353167093646787e+00
1.057838580643232218e+00
1.068144918061065374e+00
1.079142996883994510e+00
1.090666005903249136e+00
1.102514970394124383e+00
1.114467829441090352e+00
1.126291429891776108e+00
1.137755167439462811e+00
1.148644641586049175e+00
1.158773651553720363e+00
1.167993163843920712e+00
1.176196443682328008e+00
1.183320205637611977e+00
1.189342235866098330e+00
1.194276347806337624e+00
1.198165707433211269e+00
1.201075526547135564e+00
1.203085939920974790e+00
1.204285632929605221e+00
1.204766536335190263e+00
1.204619696038619292e+00
1.203932275628389670e+00
1.202785558370401464e+00
1.201253772680992205e+00
1.199403557305240398e+00
1.197293896180568806e+00
1.194976377743163010e+00
1.192495661833150589e+00
1.189890064806482739e+00
1.187192197566442564e+00
1.184429611058473109e+00
1.181625419296583379e+00
1.178798881648628560e+00
1.175965934536903346e+00
1.173139668574629368e+00
1.170330751065590258e+00
1.167547796256558357e+00
1.164797687161739370e+00
1.162085853492281995e+00
1.159416510458953553e+00
1.156792863144447292e+00
1.154217280885566410e+00
1.151691445748867171e+00
1.149216478782817630e+00
1.146793047321698733e+00
1.144421456223991163e+00
1.142101725563832382e+00
1.139833656964843511e+00
1.137616890473539755e+00
1.135450953614322689e+00
1.133335304047824454e+00
1.131269367066356724e+00
1.129252569001261364e+00
1.127284367483780914e+00
1.125364279390392408e+00
1.123491907212250229e+00
1.121666964513362119e+00
1.119889301080372324e+00
1.118158928315240663e+00
1.116476045377406079e+00
1.114841066540541714e+00
1.113254650186448202e+00
1.111717729809851063e+00
1.110231547346435255e+00
1.108797689054335400e+00
1.107418124066323228e+00
1.106095245573323282e+00
1.104831914383650249e+00
1.103631504306916700e+00
1.102497948413343254e+00
1.101435784690889541e+00
1.100450198933847545e+00
1.099547061816152027e+00
1.098732956002586469e+00
1.098015187813419002e+00
1.097401776385930505e+00
1.096901411510290636e+00
1.096523369457613750e+00
1.096277374353543888e+00
1.096173391291710209e+00
1.096221336891328058e+00
1.096430694017691110e+00
1.096810020698578247e+00
1.097366349767693094e+00
1.098104486260264689e+00
1.099026224539614516e+00
1.100129526269258973e+00
1.101407722187179639e+00
1.102848822127222572e+00
1.104435034132105198e+00
1.106142598879972461e+00
1.107942034117578745e+00
1.109798851492331151e+00
1.111674755482445098e+00
1.113529267257887145e+00
1.115321647242591308e+00
1.117012934244376865e+00
1.118567890652043539e+00
1.119956650921569485e+00
1.121155913812095894e+00
1.122149587737993670e+00
1.122928877239108614e+00
1.123491870067645282e+00
1.123842735873419096e+00
1.123990672928339096e+00
1.123948739766976512e+00
1.123732690062493988e+00
1.123359899696800834e+00
1.122848442610865360e+00
1.122216342442653669e+00
1.121481003489544825e+00
1.120658808265951656e+00
1.119764859407753166e+00
1.118812839605924259e+00
1.117814963069773126e+00
1.116781994266069944e+00
1.115723313180096321e+00
1.114647010257636017e+00
1.113559997976175442e+00
1.112468129361857461e+00
1.111376316588921664e+00
