9.815193277919531667e-01 -6.971995631947485655e-16
9.811737226407613033e-01 -7.069573827471181055e-16
9.808154874372888576e-01 -7.177994044719731498e-16
9.804437886661196977e-01 -7.284245857623310932e-16
9.800577094969312730e-01 -7.397002883561803394e-16
9.796562384522971012e-01 -7.516265122535208881e-16
9.792382561125663187e-01 -7.635527361508614369e-16
9.788025194425616915e-01 -7.765631622206874901e-16
9.783476432204412099e-01 -7.900072691595077451e-16
9.778720779140681607e-01 -8.041018974018193027e-16
9.773740831742935287e-01 -8.186302065131250622e-16
9.768516958833750596e-01 -8.346763986659105278e-16
9.763026913903484205e-01 -8.507225908186959934e-16
9.757245361552476792e-01 -8.682866660129611652e-16
9.751143294702353526e-01 -8.865012625107176397e-16
9.744687311694590903e-01 -9.058000611809595200e-16
9.737838711950347337e-01 -9.266167428926812052e-16
9.730552354264462300e-01 -9.483007863423912939e-16
9.722775201123681210e-01 -9.721532341370723914e-16
9.714444442721239525e-01 -9.975235649732331952e-16
9.705485050975194428e-01 -1.025279140588862109e-15
9.695806549505472383e-01 -1.054552599245970728e-15
9.685298688251996468e-01 -1.087295504855032962e-15
9.673825561377682458e-01 -1.122640495678060407e-15
9.661217470443175248e-01 -1.161021252584047264e-15
9.647259452183120088e-01 -1.205039860786958744e-15
9.631674754094454727e-01 -1.254262639417800645e-15
9.614100450080291793e-01 -1.309773790649058472e-15
9.594050449985722651e-01 -1.373091197522211931e-15
9.570857570454041063e-01 -1.447250626120220434e-15
9.543579380860488515e-01 -1.535287842526043394e-15
9.510838295087172822e-01 -1.642407017167611233e-15
9.470535237934922801e-01 -1.775763884383328278e-15
9.419302512748759515e-01 -1.948368870243020781e-15
9.351369035110830286e-01 -2.182556539499889739e-15
9.255940880535314941e-01 -2.521694979053355526e-15
9.110198524238344309e-01 -3.063796065296107743e-15
8.856042899559204429e-01 -4.081211383956504709e-15
8.288835943960874975e-01 -6.690669172694616781e-15
5.805767037164917266e-01 -2.361853453214529619e-14
1.526682406217017007e+00 -7.241010195448258832e-15
1.134113856815731181e+00 1.792128624831969516e-15
1.066032759471815528e+00 1.070483658825617962e-15
1.037311700976212947e+00 5.600412760194423761e-16
1.021167816774851245e+00 2.187344321210056050e-16
1.010600114328922716e+00 -2.802998233669520423e-17
1.002969565624622250e+00 -2.171148412181671775e-16
9.970570804878203797e-01 -3.710715497111088318e-16
9.922191673886997521e-01 -5.024768530163519692e-16
9.880815732292761444e-01 -6.200043685137806498e-16
9.844092779758366607e-01 -7.266898622863542862e-16
9.810446570184211401e-01 -8.273038238930090976e-16
9.778753282297129035e-01 -9.253157002856985999e-16
9.748161352302918692e-01 -1.023327576678388201e-15
9.717983273850964165e-01 -1.121339453071077802e-15
9.687625713305572095e-01 -1.221953414677732613e-15
9.656540316790741540e-01 -1.327771546712317846e-15
9.624185162023746187e-01 -1.438793849174833500e-15
9.589990434114363804e-01 -1.560224492493209996e-15
9.553323478310181693e-01 -1.690328753191470528e-15
9.513448693088780717e-01 -1.836912886911510925e-15
9.469477014304583662e-01 -2.001711617129307599e-15
9.420297885218588130e-01 -2.185592305582849151e-15
9.364483130068139705e-01 -2.398963293127996424e-15
9.300146080627013090e-01 -2.652232920620610260e-15
9.224728931637762308e-01 -2.952340081964597887e-15
9.134673952793437302e-01 -3.318366735395704184e-15
9.024907187870038205e-01 -3.781537903481511284e-15
8.888032275087155432e-01 -4.367874438361672082e-15
8.713160478765732408e-01 -5.141561108647328046e-15
8.484797246009618821e-01 -6.241375792416623743e-15
8.185677622310225665e-01 -7.774871345180121215e-15
7.830626418134110089e-01 -9.932867349295269240e-15
7.713826764519897683e-01 -1.170922418869551971e-14
9.467041612922800775e-01 -3.354795928391217133e-15
1.284322867707128335e+00 1.318752713852361571e-14
1.310598911720462834e+00 1.216057084074534591e-14
1.244775366546911455e+00 9.051946371794907601e-15
1.191093379726532620e+00 7.015381010998136072e-15
1.153560156708748785e+00 5.683113381447948224e-15
1.126912496473225556e+00 4.752000555717397016e-15
1.107277970333491623e+00 4.076108921389933551e-15
1.092281121873079019e+00 3.566317059887249367e-15
1.080465180853232177e+00 3.162993851722641323e-15
1.070908011969222473e+00 2.840335285190955203e-15
1.063004302169654469e+00 2.573621550759521112e-15
1.056342833453864261e+00 2.352010626703484006e-15
1.050635510724730715e+00 2.163793129560000436e-15
1.045674928028748951e+00 2.001162803687174771e-15
1.041308136077685020e+00 1.860216521264059195e-15
1.037419911207741574e+00 1.736183792731717685e-15
1.033921776313758034e+00 1.628197256352161443e-15
1.030744608507634830e+00 1.530185379959471842e-15
1.027833544707216884e+00 1.442148163553648882e-15
1.025144396069544994e+00 1.363218245396704159e-15
1.022641075393219801e+00 1.290793540274672463e-15
1.020293718336894973e+00 1.225741409925542197e-15
1.018077288484478871e+00 1.165893450004342352e-15
1.015970525295317950e+00 1.110815979642078727e-15
1.013955138509129661e+00 1.060508998838751321e-15
1.012015181860915547e+00 1.013671464987377530e-15
1.010136558551362196e+00 9.696528567844660499e-16
1.008306624222055525e+00 9.288868550990110832e-16
1.006513862335721932e+00 8.905060981930242262e-16
1.004747613218235802e+00 8.549442669354995822e-16
1.002997842459205424e+00 8.219845208919402474e-16
1.001254937465447137e+00 7.909763387588548206e-16
9.995095230940086450e-01 7.604018374947635955e-16
9.977522887059163681e-01 7.328631023136317829e-16
9.959738198368771611e-01 7.061917288704883738e-16
9.941644280712372828e-01 6.821224406413101754e-16
9.923139726759218071e-01 6.587036737156232796e-16
9.904116671051240717e-01 6.368027898314160901e-16
9.884458625865407688e-01 6.149019059472089005e-16
9.864037995629787448e-01 5.949525859734756189e-16
9.842713156498981153e-01 5.754369468687365391e-16
9.820324957652791786e-01 5.580897121089684681e-16
9.796692458721748542e-01 5.411761582181945990e-16
9.771607658707658350e-01 5.244794447619178307e-16
9.744828888794117017e-01 5.106016569541033739e-16
9.716072423973496353e-01 4.969407095807860181e-16
9.685001700522232193e-01 4.847976452489483684e-16
9.651213283735465831e-01 4.726545809171107187e-16
9.614218375509687720e-01 4.633304422337353806e-16
9.573418125935102552e-01 4.542231439848571434e-16
9.528070225229702261e-01 4.481516118189383185e-16
9.477243057170339213e-01 4.477179309499441168e-16
9.419751864646301875e-01 4.433811222600020990e-16
9.354068560951255273e-01 4.492358139914238230e-16
9.278192509428773160e-01 4.598609952817817664e-16
9.189463186898810809e-01 4.817618791659889560e-16
9.084286968825034947e-01 5.147216252095482908e-16
8.957742010572037339e-01 5.687148933993264116e-16
8.803033007563952905e-01 6.539331841566870601e-16
8.610862049688232656e-01 8.156961482915243217e-16
8.369269253534190600e-01 1.061159520142242624e-15
8.066750688357393617e-01 1.567048253823978993e-15
7.711930592732195722e-01 2.468887620897421384e-15
7.430935677705117204e-01 3.946655181995164322e-15
7.847258316129432920e-01 4.633605678481979931e-15
1.024178438237949740e+00 -2.422924161139926072e-15
1.287631490143614554e+00 -7.758499892375590098e-15
1.336200129448739116e+00 -4.406363615484907489e-15
1.298436019430057931e+00 -1.900555554436410035e-15
1.253769349291558477e+00 -7.824178539521092141e-16
1.217184150508588969e+00 -2.919247911196670081e-16
1.188832957067344598e+00 -5.827922294904077794e-17
1.166803416468481736e+00 5.079151560300096812e-17
1.149400505421503738e+00 1.045679433582819881e-16
1.135389863561049317e+00 1.304803752806855440e-16
1.123905328755269162e+00 1.412139767882920379e-16
1.114337628561176130e+00 1.422981789607775424e-16
1.106251864359295567e+00 1.406718757020492857e-16
1.099331910679618662e+00 1.351424446223732131e-16
1.093343681380517740e+00 1.271193485459804803e-16
1.088110749798284038e+00 1.200720344248247015e-16
1.083497948674404743e+00 1.102057946552066111e-16
1.079400153115150918e+00 1.005563953200856216e-16
1.075734474324026024e+00 9.047331511597043041e-17
1.072434733843791843e+00 8.006497426010958784e-17
1.069447488230032217e+00 7.019873449049149749e-17
1.066729125307085191e+00 5.957355320013355404e-17
1.064243712852905421e+00 4.862311125802995926e-17
1.061961383576089935e+00 3.713056822968361226e-17
1.059857107736488890e+00 2.618012628758001747e-17
1.057909749659644572e+00 1.501284391097932180e-17
1.056101334715878748e+00 2.978199796390222584e-18
1.054416474105889012e+00 -8.839603883701775747e-18
1.052841909218355188e+00 -2.087424799829087496e-17
1.051366147469934287e+00 -3.355941341637127684e-17
1.049979168759370474e+00 -4.646141926894877961e-17
1.048672186865197808e+00 -5.979710599052048414e-17
1.047437453895965875e+00 -7.345805336383784001e-17
1.046268098675114944e+00 -8.744426138890084721e-17
1.045157991993059587e+00 -1.025146715864493588e-16
1.044101633183663003e+00 -1.181271828702406227e-16
1.043094053618760952e+00 -1.339565345885289874e-16
1.042130733559246902e+00 -1.510869289137999575e-16
1.041207529421714462e+00 -1.686510041080651293e-16
1.040320608961455839e+00 -1.877329623438100074e-16
1.039466392164872355e+00 -2.075738621002947385e-16
1.038641495802089976e+00 -2.289326448982592005e-16
1.037842679615659902e+00 -2.517008905204547936e-16
1.037066792000834736e+00 -2.758785989668815425e-16
1.036310712736023154e+00 -3.021162915410307498e-16
1.035571289791645144e+00 -3.305223884601509660e-16
1.034845266385670870e+00 -3.614221503759878423e-16
1.034129193105775668e+00 -3.952492581575355807e-16
1.033419317818435434e+00 -4.325458128910369332e-16
1.032711442793143641e+00 -4.738539156627346521e-16
1.032000733228782385e+00 -5.200409282106171410e-16
1.031281452848111346e+00 -5.722994729244184548e-16
1.030546588011612696e+00 -6.316053317593755473e-16
1.029787297361824727e+00 -6.998016484087137762e-16
1.028992080493193795e+00 -7.792736676519012512e-16
1.028145478466771845e+00 -8.730571555718973847e-16
1.027225962230807754e+00 -9.858141815103897473e-16
1.026202343142821771e+00 -1.124049958502291563e-15
1.025027334014653846e+00 -1.298064407186215024e-15
1.023625212931003947e+00 -1.523361618628702846e-15
1.021866145755600419e+00 -1.828022429097129789e-15
1.019506622893247449e+00 -2.263112760915562718e-15
1.016029114467091432e+00 -2.937378091984297926e-15
1.010103836526109911e+00 -4.123603688900687933e-15
9.969614464076623772e-01 -6.766021223682359339e-15
9.368861606647849172e-01 -1.770182643645740139e-14
1.139958346769791131e+00 2.879754475731816448e-14
1.063306439643131984e+00 8.255383035669807493e-15
1.048878939472861260e+00 4.858252368620976450e-15
1.042638585225158954e+00 3.464185215239114454e-15
1.039075254990977859e+00 2.704701593413018598e-15
1.036719557026383853e+00 2.225917914043419840e-15
1.035012487832133399e+00 1.896212033390577942e-15
1.033694759784635320e+00 1.654814419686680577e-15
1.032629521934315786e+00 1.470174789712399172e-15
1.031737580787477571e+00 1.324078546969977449e-15
1.030969789138116210e+00 1.205358409082814714e-15
1.030293884176648467e+00 1.106858641712506636e-15
1.029687647554478946e+00 1.023266654213874244e-15
1.029135089505852640e+00 9.514382602867095754e-16
1.028624179410899231e+00 8.886087443911745935e-16
1.028145401849568596e+00 8.330433830512923926e-16
1.027690753609452390e+00 7.830074527910863630e-16
1.027252947986072362e+00 7.373083312208223511e-16
1.026824645790023194e+00 6.950244464938876782e-16
1.026397509009058240e+00 6.549631762205482893e-16
1.025960739012053313e+00 6.158234777938215793e-16
1.025498373275319786e+00 5.763585187153492179e-16
1.024983483491804126e+00 5.340204238797902697e-16
1.024363664557159881e+00 4.850144856834454693e-16
1.023516855292391448e+00 4.189323632704539740e-16
1.022069146766550585e+00 3.052537654853488341e-16
1.018022184827802601e+00 -3.567360765271801049e-17
1.106909712698317394e+00 -1.975799185206904043e-15
1.031062091606051334e+00 9.118648809909886636e-16
1.027869930937931997e+00 7.197442560265571793e-16
1.026615758555152302e+00 6.381580425470229706e-16
1.025879887074374164e+00 5.894773650024238215e-16
1.025359756335744832e+00 5.551081561346333310e-16
1.024951567196130897e+00 5.284909928001141971e-16
1.024609975917751381e+00 5.065358988072827323e-16
1.024311947740983220e+00 4.878876214405320560e-16
1.024044488258221142e+00 4.715161686360009391e-16
1.023799674344051169e+00 4.567168089815738036e-16
1.023572374098843607e+00 4.432184919341292734e-16
1.023359098063582717e+00 4.307501669505459724e-16
1.023157376532852547e+00 4.194202542480724510e-16
1.022965401566265697e+00 4.086866527404659571e-16
1.022781810933867552e+00 3.987662028622235916e-16
1.022605552285184238e+00 3.892794338529754278e-16
1.022435794720878421e+00 3.804973962558428419e-16
1.022271869458202254e+00 3.719864092018316320e-16
1.022113228950563224e+00 3.639091030168146240e-16
1.021959418054816826e+00 3.562112675921675425e-16
1.021810053266874130e+00 3.488929029278903876e-16
1.021664807484714332e+00 3.418455888067346088e-16
1.021523398636019708e+00 3.349609050114516556e-16
1.021385581058011693e+00 3.285641121937871795e-16
1.021251138870256758e+00 3.222757395933712537e-16
1.021119880812768610e+00 3.161499973188281537e-16
1.020991636176530104e+00 3.102953055874064298e-16
1.020866251558893101e+00 3.045490340732332563e-16
1.020743588249156897e+00 2.990196029935571836e-16
1.020623520100771620e+00 2.936528022397539367e-16
1.020505931783009856e+00 2.885570520290720658e-16
1.020390717331180586e+00 2.834613018183901950e-16
1.020277778933593948e+00 2.784197617163325994e-16
1.020167025907579017e+00 2.735950620487721047e-16
1.020058373827346987e+00 2.690414129243329860e-16
1.019951743774358377e+00 2.643251334740210417e-16
1.019847061686794065e+00 2.598256944582061983e-16
1.019744257789242603e+00 2.554346756596399054e-16
1.019643266087145284e+00 2.512062871869464381e-16
1.019544023913145470e+00 2.469236886056286956e-16
1.019446471514456443e+00 2.426410900243109531e-16
1.019350551671807104e+00 2.385211217688660362e-16
1.019256209341560915e+00 2.345095737306696698e-16
1.019163391313277822e+00 2.304438155838490282e-16
1.019072045875346388e+00 2.264864776542769370e-16
1.018982122481365327e+00 2.225833498333291210e-16
1.018893571409707155e+00 2.187344321210056050e-16
1.018806343408129811e+00 2.148855144086820642e-16
1.018720389314352381e+00 2.110365966963585235e-16
1.018635659642141533e+00 2.070250486581621571e-16
1.018552104120534318e+00 2.033387612717114420e-16
1.018469671171216451e+00 1.994898435593879012e-16
1.018388307305577278e+00 1.955867157384400853e-16
1.018307956418270654e+00 1.917377980261165445e-16
1.018228558947836371e+00 1.878346702051687286e-16
1.018150050866468925e+00 1.838231221669723622e-16
1.018072362449564450e+00 1.799742044546488214e-16
1.017995416760000715e+00 1.758542361992039046e-16
1.017919127760486431e+00 1.716800578351347125e-16
1.017843397937139516e+00 1.674516693624412452e-16
1.017768115274841900e+00 1.630064404552506770e-16
1.017693149363908756e+00 1.583985812221872832e-16
1.017618346328992729e+00 1.536823017718753389e-16
1.017543522140317291e+00 1.487491818870662937e-16
1.017468453670753892e+00 1.434908013505115972e-16
1.017392866561116049e+00 1.380155803794597998e-16
1.017316418484645713e+00 1.319440482135409750e-16
1.017238675646055635e+00 1.255472553958764988e-16
1.017159079106638497e+00 1.184999412747207200e-16
1.017076895417343918e+00 1.106394755242008129e-16
1.016991142340942789e+00 1.019658581443167774e-16
1.016900473697175844e+00 9.193698804882586139e-17
1.016802994504622859e+00 8.033602480323096395e-17
1.016695951778080476e+00 6.656665721266505764e-17
1.016575191243824561e+00 4.992415386501256458e-17
1.016434143633315967e+00 2.889063171879377856e-17
1.016261785624170022e+00 1.135056103164865046e-18
1.016038120865586869e+00 -3.692044015107634059e-17
1.015722769201266251e+00 -9.389526431518959859e-17
1.015220225943563870e+00 -1.893050554939139888e-16
1.014237386291466869e+00 -3.844614465413048116e-16
1.011226631316086921e+00 -1.019695499400561761e-15
1.099662786603534892e+00 1.078344124576137869e-15
1.021992075515754550e+00 1.091462970863212473e-15
1.019517806617771694e+00 6.567521098051493716e-16
1.018644530270219395e+00 4.986212229481385499e-16
1.018192935501841534e+00 4.162218578392402130e-16
1.017915213908534122e+00 3.655354062755428807e-16
1.017727175622163749e+00 3.309493569732552892e-16
1.017592487616777452e+00 3.056874463543430359e-16
1.017493038084964052e+00 2.862260173582282313e-16
1.017418922898661648e+00 2.709387667261826188e-16
1.017364409420795424e+00 2.584162316339750426e-16
1.017326098513069432e+00 2.479536806694899248e-16
1.017302012144613466e+00 2.389548026378602380e-16
1.017291114191984036e+00 2.313653874304617070e-16
1.017293053374501044e+00 2.246433339610515795e-16
1.017308031095997878e+00 2.187886422296298802e-16
1.017336747828005761e+00 2.135302616930751837e-16
1.017380406902453904e+00 2.089766125686360650e-16
1.017440769061851880e+00 2.048024342045668730e-16
1.017520261603417797e+00 2.011703569267404331e-16
1.017622156321986937e+00 1.979177504092839198e-16
1.017750844030754109e+00 1.951530348694458835e-16
1.017912254664597338e+00 1.928762103072263242e-16
1.018114508638114035e+00 1.909246463967524162e-16
1.018368952774268310e+00 1.898404442242669118e-16
1.018691866229305187e+00 1.893525532466484348e-16
1.019107395794199622e+00 1.897862341156426366e-16
1.019652888687024861e+00 1.916835879174922693e-16
1.020389261094921896e+00 1.957493460643129110e-16
1.021422979940128650e+00 2.036640219234570933e-16
1.022958308720197440e+00 2.189512725555027058e-16
1.025442895835151802e+00 2.508810265352007868e-16
1.030083749624988165e+00 3.315998782767465919e-16
1.041642173946417227e+00 6.431453725404562910e-16
1.118012175730108027e+00 6.568201824956489768e-15
9.561229434949306549e-01 1.947440586040518026e-15
9.914034269848941427e-01 3.885204923322355747e-16
9.999282927370866103e-01 2.245891238524273042e-16
1.003739295688959920e+00 1.773179091320593356e-16
1.005882939990417890e+00 1.572601689410775035e-16
1.007245613727199895e+00 1.464723573248467344e-16
1.008179797423949697e+00 1.398045139640608822e-16
1.008853402982522685e+00 1.350882345137489379e-16
1.009356558330053666e+00 1.314561572359224980e-16
1.009741937903881004e+00 1.284474962072752232e-16
1.010042352192817683e+00 1.258183059389978750e-16
1.010279270028749510e+00 1.234601662138419028e-16
1.010467294059796073e+00 1.212104467059344811e-16
1.010616665530250424e+00 1.189878322523391970e-16
1.010734739985408304e+00 1.168736380159924634e-16
1.010826893752446942e+00 1.148407589425821426e-16
1.010897099768847784e+00 1.126994596519232713e-16
1.010948302857234138e+00 1.106936856328250881e-16
1.010982668331077194e+00 1.085794913964783545e-16
1.011001747202689538e+00 1.063839819971952080e-16
1.011006583775202472e+00 1.041342624892877863e-16
1.010997780856176087e+00 1.018845429813803646e-16
1.010975530988799331e+00 9.944508809328797960e-17
1.010939617113025379e+00 9.684300287932276896e-17
1.010889381737086978e+00 9.418670755673328310e-17
1.010823659008307507e+00 9.117804652808600829e-17
1.010740657847724266e+00 8.797965011925377021e-17
1.010637774768428754e+00 8.445599305867588080e-17
1.010511298930541146e+00 8.049865512910378962e-17
1.010355943102735354e+00 7.608053127622535905e-17
1.010164079273444093e+00 7.098478106554348821e-17
1.009924447055168706e+00 6.477772362806397532e-17
1.009619865559922669e+00 5.735093874653826995e-17
1.009222929305218619e+00 4.799969500885079421e-17
1.008687269728071323e+00 3.558558013389176844e-17
1.007927959048686928e+00 1.837387064568438555e-17
1.006771221349108680e+00 -7.728296656904133702e-18
1.004797573906279107e+00 -5.258716154349187966e-17
1.000671089732565466e+00 -1.494877307093838384e-16
9.866286645798284516e-01 -5.179538390285825450e-16
1.139192603285037464e+00 1.041884725979120615e-16
1.030617803775517149e+00 4.223747051680954506e-16
1.022173500806842661e+00 2.887738924635691667e-16
1.019053545570902664e+00 2.333169513409356149e-16
1.017425635500484260e+00 2.028237652397808274e-16
1.016423399084209533e+00 1.834165463522902980e-16
1.015742299264407622e+00 1.698640191962214926e-16
1.015247753435014610e+00 1.598080440464184390e-16
1.014871100840854412e+00 1.520017884045228070e-16
1.014573650643367797e+00 1.456321006411704685e-16
1.014331943878717723e+00 1.403737201046157720e-16
1.014130933211362828e+00 1.359827013060494790e-16
1.013960525708525573e+00 1.321066785394138007e-16
1.013813700935370266e+00 1.287727568590208745e-16
1.013685426066582851e+00 1.257912008846857373e-16
1.013572000196001799e+00 1.231078005077841139e-16
1.013470642019693724e+00 1.206412405653795913e-16
1.013379221657438212e+00 1.183644160031600320e-16
1.013296081073782995e+00 1.164128520926861240e-16
1.013219910739648233e+00 1.144883932365243536e-16
1.013149663011444268e+00 1.126452495432989961e-16
1.013084490083210554e+00 1.109918412302586018e-16
1.013023698750236123e+00 1.093926430258424828e-16
1.012966716902929720e+00 1.079560751472991894e-16
1.012913068351865009e+00 1.064652971601316208e-16
1.012862353665542337e+00 1.051371494988368779e-16
1.012814235411337860e+00 1.038090018375421349e-16
1.012768426664185428e+00 1.025079592305595296e-16
1.012724681970119445e+00 1.013153368408254747e-16
