8.388309474627495543e-01
3.074551734021896016e-17
7.129019750469260952e-01
-1.059771736906501257e-16
4.173493253981936379e-01
2.421482970891792413e-17
2.034356623020145971e-01
1.673809860283117472e-17
-1.338491625645893586e-02
1.774461346693877387e-17
-3.316180052148050561e-01
-9.213424388344829824e-03
-3.316180052148051671e-01
9.213424388344789925e-03
-6.444124856017451330e-01
-3.101976223162326712e-17
-8.098820202005369007e-01
-3.651013422609512317e-03
-8.098820202005371227e-01
3.651013422609345350e-03
