9.818139502500144999e-01 -4.156052169083512997e-16
9.815632807452201458e-01 -4.208093873362817210e-16
9.813063044007386271e-01 -4.247125151572295370e-16
9.810427621532066267e-01 -4.286156429781773529e-16
9.807723802149809211e-01 -4.342534942751019760e-16
9.804948690054068328e-01 -4.390239838340381955e-16
9.802099219874392810e-01 -4.437944733929744150e-16
9.799172143996849327e-01 -4.485649629519106345e-16
9.796164018727291367e-01 -4.546364951178294593e-16
9.793071189172333213e-01 -4.589733038077714771e-16
9.789889772697162318e-01 -4.650448359736903019e-16
9.786615640801403782e-01 -4.706826872706149250e-16
9.783244399233644861e-01 -4.767542194365337498e-16
9.779771366141617461e-01 -4.832594324714467764e-16
9.776191548027864942e-01 -4.888972837683713994e-16
9.772499613249379102e-01 -4.958361776722786278e-16
9.768689862763477727e-01 -5.023413907071916544e-16
9.764756197780229963e-01 -5.097139654800930846e-16
9.760692083933054652e-01 -5.166528593840003130e-16
9.756490511522341036e-01 -5.231580724189133396e-16
9.752143951320798587e-01 -5.318316897987973750e-16
9.747644305351730321e-01 -5.400716263096872087e-16
9.742982851960499957e-01 -5.483115628205770424e-16
9.738150184392472264e-01 -5.565514993314668761e-16
9.733136141964305876e-01 -5.647914358423567098e-16
9.727929732765939752e-01 -5.743324149602291488e-16
9.722519046652818853e-01 -5.838733940781015879e-16
9.716891157076097407e-01 -5.942817349339624304e-16
9.711032010045146379e-01 -6.051237566588174748e-16
9.704926298212507296e-01 -6.163994592526667209e-16
9.698557317704944447e-01 -6.272414809775217652e-16
9.691906804880870974e-01 -6.389508644403652131e-16
9.684954749655979578e-01 -6.515276096411970645e-16
9.677679181382046192e-01 -6.658390783180057231e-16
9.670055922459210862e-01 -6.784158235188375745e-16
9.662058303871530196e-01 -6.931609730646404348e-16
9.653656835610525677e-01 -7.079061226104432951e-16
9.644818823428531473e-01 -7.235186338942345590e-16
9.635507921460368941e-01 -7.399985069160142264e-16
9.625683607859867319e-01 -7.582131034137707009e-16
9.615300567574062152e-01 -7.772950616495155789e-16
9.604307962531812848e-01 -7.963770198852604569e-16
9.592648564599880467e-01 -8.163263398589937385e-16
9.580257720312922443e-01 -8.397451067846806343e-16
9.567062108144008814e-01 -8.631638737103675301e-16
9.552978238302914926e-01 -8.891847258500196365e-16
9.537910630833601466e-01 -9.143382162516833394e-16
9.521749588874355297e-01 -9.420937918673122529e-16
9.504368458566965217e-01 -9.750535379108715877e-16
9.485620232713567468e-01 -1.007145922216442519e-15
9.465333308205052809e-01 -1.040973029997990257e-15
9.443306142100066358e-01 -1.080871669945456820e-15
9.419300460036550415e-01 -1.123372395106888594e-15
9.393032541411316938e-01 -1.166740482006308772e-15
9.364161920179621124e-01 -1.215312739333659370e-15
9.332276569911777120e-01 -1.267354443612963583e-15
9.296873242438614682e-01 -1.328069765272151831e-15
9.257331030041681119e-01 -1.390519810407316887e-15
9.212875306536458808e-01 -1.461643472922365978e-15
9.162527782977401003e-01 -1.539706029341322297e-15
9.105036171943590162e-01 -1.622972756188209037e-15
9.038773355214881899e-01 -1.721851994318887042e-15
8.961590089186703967e-01 -1.822465955925541853e-15
8.870595665314725542e-01 -1.936957705340011122e-15
8.761825282896018585e-01 -2.054918901706434004e-15
8.629728615698162297e-01 -2.172880098072856886e-15
8.466383066152085579e-01 -2.294310741391233383e-15
8.260330645971192265e-01 -2.329005210910769525e-15
7.995164756864054922e-01 -2.217982908448253871e-15
7.649610048721333655e-01 -1.600421351000510545e-15
7.210717083546176465e-01 4.118578811325856843e-16
6.774454960499085576e-01 7.059318241075710470e-15
7.174998496307358753e-01 2.729313286486918763e-14
1.125318855841483279e+00 4.100438721898987090e-14
1.497073802608793303e+00 1.058427634426058170e-14
1.448385555480717901e+00 5.671539460294264795e-15
1.347550825296236487e+00 5.352350340714532289e-15
1.273464720553173946e+00 4.776422146690232334e-15
1.222213342479933962e+00 4.168401568360361447e-15
1.185751454472397715e+00 3.619957899408569029e-15
1.158814484485118257e+00 3.171369250542691570e-15
1.138221735092293407e+00 2.803174192766614264e-15
1.122017144325095028e+00 2.503067031422626637e-15
1.108954158018908842e+00 2.252399489143978011e-15
1.098208687013760176e+00 2.042497948550784353e-15
1.089217302973042312e+00 1.863821430525173222e-15
1.081583151048487457e+00 1.712900488115191005e-15
1.075019310528953387e+00 1.582796227416930473e-15
1.069313540188523648e+00 1.466569754526484398e-15
1.064305648943094429e+00 1.365955792919829586e-15
1.059872560601635261e+00 1.276617533907024021e-15
1.055918206827118011e+00 1.198554977488067702e-15
1.052366531804366012e+00 1.125696591497041804e-15
1.049156551464805798e+00 1.062379184623888345e-15
1.046238799339176406e+00 1.005133309916653711e-15
1.043572727051045756e+00 9.522242438993610942e-16
1.041124774031517930e+00 9.045193483099988991e-16
1.038866914153487642e+00 8.594165379346019147e-16
1.036775547377860596e+00 8.203852597251237551e-16
1.034830644424121981e+00 7.804866197776571919e-16
1.033015079328062358e+00 7.462258311271152518e-16
1.031314103100479995e+00 7.136997659525501188e-16
1.029714924427726164e+00 6.837757859919501964e-16
1.028206372299890869e+00 6.551528486383328793e-16
1.026778621814353087e+00 6.286983156296865711e-16
1.025422968973811466e+00 6.035448252280228683e-16
1.024131643609283771e+00 5.809934200403243760e-16
1.022897651968941224e+00 5.580083339836316820e-16
1.021714642267609552e+00 5.376253331409041987e-16
1.020576787755889558e+00 5.176760131671709171e-16
1.019478682753945487e+00 4.994614166694144426e-16
1.018415247674614443e+00 4.812468201716579681e-16
1.017381639373311053e+00 4.643332662808840989e-16
1.016373163219705944e+00 4.478533932591044315e-16
1.015385183070882213e+00 4.322408819753131677e-16
1.014413024785385975e+00 4.179294132985045092e-16
1.013451867952819940e+00 4.031842637527016489e-16
1.012496618954342287e+00 3.897401568138813939e-16
1.011541756034188611e+00 3.767297307440553407e-16
1.010581133285845645e+00 3.628519429362408839e-16
1.009607724560332764e+00 3.502751977354090325e-16
1.008613278959405779e+00 3.381321334035713828e-16
1.007587844457218607e+00 3.264227499407279349e-16
1.006519091105600339e+00 3.142796856088902853e-16
1.005391322396734566e+00 3.021366212770526356e-16
1.004183987515016252e+00 2.895598760762207842e-16
1.002869367678537404e+00 2.769831308753889327e-16
1.001408841056305343e+00 2.644063856745570813e-16
9.997465847685937934e-01 2.505285978667426245e-16
9.977983902480896949e-01 2.336150439759687554e-16
9.954305034408628128e-01 2.149667666092180791e-16
9.924162888782706027e-01 1.911143188145369816e-16
9.883378520666151745e-01 1.581545727709776468e-16
9.823291407111324203e-01 1.056791876226792322e-16
9.722530739315846660e-01 1.595779064070806498e-18
9.510138666620688852e-01 -2.924398501139979960e-16
8.722831559460832995e-01 -2.327704168303786920e-15
1.359692120954862027e+00 -1.410365764453784557e-14
1.082833601100051224e+00 -3.000292653213965270e-16
1.048832315841471852e+00 1.002581767602517100e-16
1.035337375404381088e+00 1.772365310067225248e-16
1.027967242423433847e+00 1.991374148909297144e-16
1.023242201930631534e+00 2.049921066223514383e-16
1.019899878870855536e+00 2.047752661878543374e-16
1.017371638606818118e+00 2.015226596703978241e-16
1.015363497523883662e+00 1.971858509804558064e-16
1.013708095116947483e+00 1.928490422905137887e-16
1.012303091622888784e+00 1.878617122970804683e-16
1.011082342202215933e+00 1.835249036071384505e-16
1.010001158832213308e+00 1.781038927447109284e-16
1.009028232288220917e+00 1.731165627512776080e-16
1.008140948710514628e+00 1.687797540613355902e-16
1.007322545318940055e+00 1.635755836334051689e-16
1.006560314337509254e+00 1.590219345089660503e-16
1.005844430435978376e+00 1.549019662535211335e-16
1.005167162889392785e+00 1.503483171290820148e-16
1.004522332759163250e+00 1.460115084391399971e-16
1.003904930514108118e+00 1.423252210526892820e-16
1.003310841311277457e+00 1.379884123627472643e-16
1.002736644109687214e+00 1.343021249762965492e-16
1.002179462415088818e+00 1.303989971553487333e-16
1.001636851769219794e+00 1.260621884654067155e-16
1.001106713807624171e+00 1.223759010789560004e-16
1.000587229807356815e+00 1.186896136925052854e-16
1.000076808721166222e+00 1.145696454370603685e-16
9.995740461095007356e-01 1.113170389196038552e-16
9.990776913615057042e-01 1.078475919676502410e-16
9.985866212847274159e-01 1.041613045811995260e-16
9.980998186336152989e-01 1.013423789327372144e-16
9.976163545005297673e-01 9.765609154628649935e-17
9.971353737508921178e-01 9.505400633232128871e-17
9.966560828742706546e-01 9.093403807687637186e-17
9.961777397647855192e-01 8.789827199391695944e-17
9.956996450506085949e-01 8.529618677995174880e-17
9.952211346729753494e-01 8.182673982799813461e-17
9.947415734767171003e-01 7.900781417953582309e-17
9.942603496217171655e-01 7.640572896557061244e-17
9.937768696613937802e-01 7.380364375160540180e-17
9.932905541629033497e-01 7.033419679965178761e-17
9.928008337661315963e-01 6.751527115118947609e-17
9.923071455961343101e-01 6.491318593722426544e-17
9.918089299575431061e-01 6.187741985426485303e-17
9.913056272503937283e-01 5.949217507479674327e-17
9.907966750554501045e-01 5.623956855734022997e-17
9.902815053438741577e-01 5.407116421236922110e-17
9.897595417713623833e-01 5.211960030189531312e-17
9.892301970209229633e-01 4.951751508793010248e-17
9.886928701615049775e-01 4.626490857047358918e-17
9.881469439918660891e-01 4.322914248751417676e-17
9.875917823405023777e-01 4.127757857704026878e-17
9.870267272932502500e-01 3.867549336307505814e-17
9.864510963203583227e-01 3.672392945260115016e-17
9.858641792744713417e-01 3.433868467313304040e-17
9.852652352300721450e-01 3.130291859017362799e-17
9.846534891335092521e-01 2.870083337620841735e-17
9.840281282307820065e-01 2.674926946573450937e-17
9.833882982377284421e-01 2.458086512076350050e-17
9.827330992141337651e-01 2.262930121028959252e-17
9.820615810994834938e-01 2.024405643082148276e-17
9.813727388635503646e-01 1.742513078235917123e-17
9.806655072196356349e-01 1.634092860987366680e-17
9.799387548419682403e-01 1.352200296141135527e-17
9.791912780213437584e-01 1.157043905093744729e-17
9.784217936844066266e-01 9.835715574960640196e-18
9.776289316918077565e-01 8.317832533480933989e-18
9.768112263185724231e-01 5.607327102267172904e-18
9.759671068060681298e-01 3.764183409041815366e-18
9.750948868586052365e-01 2.029459933065008271e-18
9.741927529384792894e-01 7.284173260824029505e-19
9.732587511906307665e-01 -1.114726367142954587e-18
9.722907728013873152e-01 -2.198928539628459021e-18
9.712865375641620558e-01 -4.042072232853816559e-18
9.702435753875107149e-01 -5.234694622587871437e-18
9.691592054363993292e-01 -7.186258533061779418e-18
9.680305125444039760e-01 -7.728359619304531635e-18
9.668543204710210448e-01 -1.000518418152409095e-17
9.656271615020406429e-01 -8.378880922795834295e-18
9.643452417992088854e-01 -1.043886505051829272e-17
9.630044017946660651e-01 -9.788343747026990059e-18
9.616000707915405288e-01 -1.195674809199799893e-17
9.601272147691031211e-01 -1.195674809199799893e-17
9.585802761922108672e-01 -9.571503312529889173e-18
9.569531043817245397e-01 -9.029402226287136956e-18
9.552388747043178974e-01 -7.403098967558880305e-18
9.534299944728562570e-01 -5.885215926079174097e-18
9.515179929949719728e-01 -5.559955274333522767e-18
9.494933926457076456e-01 -2.849449843119761682e-18
9.473455571425345445e-01 1.378938629573705611e-18
9.450625123330602673e-01 6.257848405758475564e-18
9.426307337241824902e-01 1.059465709570049330e-17
9.400348936332851846e-01 1.666618926161931813e-17
9.372575591635059489e-01 2.599032794499465626e-17
9.342788301221379710e-01 3.737445075609245282e-17
9.310759034339777251e-01 4.832489269819604760e-17
9.276225474757666678e-01 6.144373898527065125e-17
9.238884660332667975e-01 7.597204809657641067e-17
9.198385273115238236e-01 9.418664459433288516e-17
9.154318288814424776e-01 1.194485552132451385e-16
9.106205653629900754e-01 1.513240990843189688e-16
9.053486637551143579e-01 1.887290740350688718e-16
8.995501553902358616e-01 2.331813631069745536e-16
8.931472714753644349e-01 2.878251526002439771e-16
8.860482977086884260e-01 3.631772035879865352e-16
8.781453372523930767e-01 4.491544358660870369e-16
8.693123834283700280e-01 5.558399296386606732e-16
8.594046493554170496e-01 7.075198135693827435e-16
8.482612774884016327e-01 8.872805337674793786e-16
8.357160965756098570e-01 1.136538613221896848e-15
8.216266560346140446e-01 1.503324208173742998e-15
8.059440585642636545e-01 1.974301631901446124e-15
7.888733924303581446e-01 2.639676505155800195e-15
7.712341751628301045e-01 3.596268081939760757e-15
7.552514145278974578e-01 5.011368757467841145e-15
7.461965964365594450e-01 7.050644623695826435e-15
7.552662447609939100e-01 9.797687668122348230e-15
8.021406764582665883e-01 1.315524495587545836e-14
9.077971407950862215e-01 1.587464084490360058e-14
1.063655586328135394e+00 1.604063219751113131e-14
1.211698646034357951e+00 1.359738260181504707e-14
1.299765772588949764e+00 1.048810761156111745e-14
1.328491201709315561e+00 7.989455284851023935e-15
1.323046060974744975e+00 6.239986659328414769e-15
1.303405186824047490e+00 4.962688079923241996e-15
1.279880066356109625e+00 4.046211983521245098e-15
1.256838398219258135e+00 3.372380333321504092e-15
1.235834353839505573e+00 2.844373875321063432e-15
1.217231114977907147e+00 2.458614742350720955e-15
1.200929808172539248e+00 2.145713995371404375e-15
1.186678277462329234e+00 1.888541240057842723e-15
1.174196247923893210e+00 1.679615481419886019e-15
1.163222426359540096e+00 1.503757889042737200e-15
1.153529071250880333e+00 1.366172633354326687e-15
1.144923499870509342e+00 1.238887298304528467e-15
1.137244807050657336e+00 1.135996512135654096e-15
1.130359252578709395e+00 1.048718237250570989e-15
1.124155695254192455e+00 9.692462180073835138e-16
1.118541559506620819e+00 9.010499013580452850e-16
1.113439446791270715e+00 8.415272020885910915e-16
1.108784357139469323e+00 7.878591945505586220e-16
1.104521437548172669e+00 7.425395437406645367e-16
1.100604166206099244e+00 6.990630366239958089e-16
1.096992889576201780e+00 6.595980775455234475e-16
1.093653642100402612e+00 6.264214910674670118e-16
1.090557191216424693e+00 5.942206865446475301e-16
1.087678261805030022e+00 5.654893289737816626e-16
1.084994903691822721e+00 5.393600566168810058e-16
1.082487973490188438e+00 5.157244492566970091e-16
1.080140708145391093e+00 4.938235653724898195e-16
1.077938372311730841e+00 4.730068836607681344e-16
1.075867965428741302e+00 4.544670265112660086e-16
1.073917977281246605e+00 4.361440097962609836e-16
1.072078183111553784e+00 4.205314985124697198e-16
1.070339471142120802e+00 4.050274074459270064e-16
1.068693696774398960e+00 3.910411994208639992e-16
1.067133558839797436e+00 3.774886722647951938e-16
1.065652494157890873e+00 3.653456079329575441e-16
1.064244587355963390e+00 3.530941233838713440e-16
1.062904493461958255e+00 3.425773623107619510e-16
1.061627371230188466e+00 3.318437608031554571e-16
1.060408825519186360e+00 3.220859412507859172e-16
1.059244857332075407e+00 3.126533823501620286e-16
1.058131820365997289e+00 3.037629245357808923e-16
1.057066383109546370e+00 2.956314082421396090e-16
1.056045495684553748e+00 2.876083121657468762e-16
1.055066360757789479e+00 2.798020565238512443e-16
1.054126407954662392e+00 2.730800030544411168e-16
1.053223271295079755e+00 2.659242687160367875e-16
1.052354769244751687e+00 2.596358961156208618e-16
1.051518887036121397e+00 2.530222628634592847e-16
1.050713760963978505e+00 2.469507306975404599e-16
1.049937664403476578e+00 2.416381400523614882e-16
1.049188995334133789e+00 2.360002887554368651e-16
1.048466265183646495e+00 2.307961183275064438e-16
1.047768088830926647e+00 2.254835276823274721e-16
1.047093175629471240e+00 2.209298785578883535e-16
1.046440321330623036e+00 2.159425485644550331e-16
1.045808400802004767e+00 2.116057398745130154e-16
1.045196361449856948e+00 2.070520907500738967e-16
1.044603217265510420e+00 2.031489629291260808e-16
1.044028043426107333e+00 1.994626755426753657e-16
1.043469971388175210e+00 1.952342870699818984e-16
1.042928184419966042e+00 1.915479996835311833e-16
1.042401913524781953e+00 1.880785527315775691e-16
1.041890433712939990e+00 1.845006855623754045e-16
1.041393060584728580e+00 1.814649194794159921e-16
1.040909147190754336e+00 1.781038927447109284e-16
1.040438081139559712e+00 1.749597064445029655e-16
1.039979281925397681e+00 1.720323605787921035e-16
1.039532198451598166e+00 1.692134349303297920e-16
1.039096306727136376e+00 1.660692486301218291e-16
1.038671107715831710e+00 1.634671634161566185e-16
1.038256125319093837e+00 1.609734984194399583e-16
1.037850904474326930e+00 1.581545727709776468e-16
1.037455009351995194e+00 1.559861684260066379e-16
1.037068021634958370e+00 1.536009236465385281e-16
1.036689538863994064e+00 1.513240990843189688e-16
1.036319172833434665e+00 1.490472745220994095e-16
1.035956548020495083e+00 1.468788701771284007e-16
1.035601300031172345e+00 1.448188860494059422e-16
1.035253074044446775e+00 1.428673221389320342e-16
1.034911523234864017e+00 1.409157582284581263e-16
1.034576307151324093e+00 1.390726145352327687e-16
1.034247090026882754e+00 1.373378910592559616e-16
1.033923538990443092e+00 1.357657979091519802e-16
1.033605322146099681e+00 1.341394946504237236e-16
1.033292106479295702e+00 1.325674015003197421e-16
1.032983555540433196e+00 1.309953083502157607e-16
1.032679326845548307e+00 1.296942657432331554e-16
1.032379068919353271e+00 1.283932231362505501e-16
1.032082417887293158e+00 1.272006007465164952e-16
1.031788993498770513e+00 1.261706086826552660e-16
1.031498394431351828e+00 1.249779862929212111e-16
1.031210192682681104e+00 1.239479942290599819e-16
1.030923926798955170e+00 1.230806324910715783e-16
1.030639093610317136e+00 1.223216909703317252e-16
1.030355138035953910e+00 1.217253797754646978e-16
1.030071440372577696e+00 1.211290685805976703e-16
1.029787300270789796e+00 1.208580180374762942e-16
1.029501916306394094e+00 1.205869674943549181e-16
1.029214359624745834e+00 1.208038079288520190e-16
1.028923539507675455e+00 1.207495978202277438e-16
1.028628157775724583e+00 1.210206483633491199e-16
1.028326647515724002e+00 1.218337999927132482e-16
1.028017089418010066e+00 1.226469516220773766e-16
1.027697095508839142e+00 1.237311537945628810e-16
1.027363644370974383e+00 1.256285075964125137e-16
1.027012842416104688e+00 1.277969119413835226e-16
1.026639569300921817e+00 1.304532072639730085e-16
1.026236936049477411e+00 1.340310744331751731e-16
1.025795429246287194e+00 1.388557741007356678e-16
1.025301506354441949e+00 1.447104658321573918e-16
1.024735182210083639e+00 1.524625113654287485e-16
1.024065646359041182e+00 1.630334825471624167e-16
1.023242741698562996e+00 1.775617916584681761e-16
1.022178892840945874e+00 1.980532127184442099e-16
1.020706128280161940e+00 2.296577060463966642e-16
1.018456207861940799e+00 2.822957215205679045e-16
1.014435148108659535e+00 3.858912391015578531e-16
1.004711638916051308e+00 6.738011260050835556e-16
9.408706340675065949e-01 3.642942985465261723e-15
1.074048288191048028e+00 -4.980045820172496367e-16
1.045271633847482118e+00 -2.817062486063915021e-16
1.038130137340465664e+00 -1.740991829872051870e-16
1.034826175361161393e+00 -1.191301328421901122e-16
1.032883394106645536e+00 -8.633301712450360310e-17
1.031579661348879684e+00 -6.486581410929061531e-17
1.030627409386841720e+00 -4.995803423761492934e-17
1.029889476800988968e+00 -3.889917207826278411e-17
1.029292133928789932e+00 -3.087607600187005130e-17
1.028792205346781286e+00 -2.464191351007840081e-17
1.028362720954144161e+00 -1.970879362526935563e-17
1.027985959247922798e+00 -1.602250623881864055e-17
1.027649791117706490e+00 -1.287831993861067770e-17
1.027345631152110306e+00 -1.054728526776684316e-17
1.027067228179485037e+00 -8.704141574541485625e-18
1.026809919582783337e+00 -6.969418098564678531e-18
1.026570154367562271e+00 -5.939426034703449319e-18
1.026345178374336031e+00 -5.017854188090770550e-18
1.026132820765274678e+00 -4.421542993223743111e-18
1.025931345701246444e+00 -3.987862124229541337e-18
1.025739347106724209e+00 -3.825231798356715672e-18
1.025555672588493783e+00 -3.608391363859614786e-18
1.025379367496255689e+00 -3.716811581108165229e-18
1.025209633161967560e+00 -3.825231798356715672e-18
1.025045795290209671e+00 -4.204702558726642224e-18
1.024887279728087908e+00 -4.584173319096568776e-18
1.024733593675100973e+00 -5.126274405339320993e-18
1.024584310954461897e+00 -5.776795708830623654e-18
1.024439060352141384e+00 -6.373106903697651092e-18
1.024297516297828503e+00 -7.240468641686054639e-18
1.024159391351214810e+00 -8.053620271050182965e-18
1.024024430092378868e+00 -8.866771900414311290e-18
1.023892404113038612e+00 -9.842553855651265281e-18
1.023763107877173617e+00 -1.092675602813676972e-17
1.023636355272553589e+00 -1.211937841787082459e-17
1.023511976714273075e+00 -1.309516037310777858e-17
1.023389816691159027e+00 -1.455883330596320957e-17
1.023269731668451810e+00 -1.575145569569726445e-17
1.023151588277331436e+00 -1.716091851992842021e-17
1.023035261734970280e+00 -1.862459145278385120e-17
1.022920634448829080e+00 -2.019668460288783263e-17
1.022807594766550032e+00 -2.176877775299181406e-17
1.022696035838563278e+00 -2.344929112034434593e-17
1.022585854564764807e+00 -2.523822470494542824e-17
1.022476950599606083e+00 -2.713557850679506100e-17
1.022369225391833725e+00 -2.919556263451751943e-17
1.022262581236020207e+00 -3.109291643636715219e-17
1.022156920312977446e+00 -3.320711067271388583e-17
1.022052143695129089e+00 -3.575498577805482125e-17
1.021948150290816759e+00 -3.803181034027438057e-17
1.021844835698204390e+00 -4.063389555423959121e-17
1.021742090934624203e+00 -4.334440098545335229e-17
1.021639801000543857e+00 -4.621753674253993904e-17
1.021537843228242037e+00 -4.925330282549935146e-17
1.021436085353037315e+00 -5.245169923433158954e-17
1.021334383228405418e+00 -5.592114618628520373e-17
1.021232578084019904e+00 -5.977006389860874447e-17
1.021130493195451239e+00 -6.372740182818083565e-17
1.021027929792737599e+00 -6.806421051812285339e-17
1.020924661977636427e+00 -7.250943942531342157e-17
1.020820430339063334e+00 -7.760518963599529241e-17
1.020714933842563399e+00 -8.297199038979853935e-17
1.020607819406502248e+00 -8.888089222984453852e-17
1.020498668339970605e+00 -9.538610526475756512e-17
1.020386978465354755e+00 -1.027044699290347201e-16
1.020272140217603152e+00 -1.105107255709303520e-16
1.020153404195488278e+00 -1.194011833853114883e-16
1.020029836355791586e+00 -1.292132130463053035e-16
1.019900254971694897e+00 -1.406515459660273752e-16
1.019763140049422478e+00 -1.534993417099806028e-16
1.019616500045170016e+00 -1.680276508212863622e-16
1.019457670378802083e+00 -1.852122552551816075e-16
1.019282999210417984e+00 -2.055410459892848156e-16
1.019087339296568029e+00 -2.300982251960814910e-16
1.018863190271790842e+00 -2.600222051566814134e-16
1.018599174422754716e+00 -2.977524407591769677e-16
1.018277151778511413e+00 -3.464331183037761168e-16
1.017866309636227706e+00 -4.119731396305248599e-16
1.017309740415456520e+00 -5.049434759211568651e-16
1.016489376816794854e+00 -6.471365908426307716e-16
1.015113606885518216e+00 -8.924915424761004250e-16
1.012213079234258295e+00 -1.416974343415963195e-15
1.001440783502417053e+00 -3.324465435578335421e-15
1.067450072596778821e+00 1.021196131822905947e-14
1.030143185926806204e+00 2.060712545048540828e-15
1.025523653745052055e+00 1.154807419828277598e-15
1.023685833127387257e+00 8.065074719173092983e-16
1.022679881998315832e+00 6.223557329206463702e-16
1.022033387348194156e+00 5.081892441579227533e-16
1.021574878811374543e+00 4.306145787165849110e-16
1.021227108731593836e+00 3.742360657473386805e-16
1.020950147588534973e+00 3.313016597169127049e-16
1.020721275182403298e+00 2.977998125871106179e-16
1.020526609632498305e+00 2.706947582749730070e-16
1.020357189432026468e+00 2.484144036303958909e-16
1.020206969963111776e+00 2.297661262636452146e-16
1.020071725267238438e+00 2.136115138936111986e-16
1.019948411287246559e+00 1.999505665202938427e-16
1.019834779159974003e+00 1.879159224057047435e-16
1.019729131037431236e+00 1.773449512239710753e-16
1.019630160696062937e+00 1.680750226492200123e-16
1.019536846464399238e+00 1.595098254865845273e-16
1.019448377473006317e+00 1.520288304964345467e-16
1.019364101724557159e+00 1.451441467011515936e-16
1.019283488806177029e+00 1.390184044266084935e-16
1.019206102643673617e+00 1.333263430210595952e-16
1.019131581278221788e+00 1.279595422672563483e-16
1.019059621641004609e+00 1.232432628169444040e-16
1.018989967942010688e+00 1.186354035838810101e-16
1.018922402710467745e+00 1.144612252198118181e-16
1.018856739806691669e+00 1.106123075074882773e-16
1.018792818917574561e+00 1.068175999037890118e-16
1.018730501181247083e+00 1.035107832777082233e-16
1.018669665680122405e+00 1.000955464343788843e-16
1.018610206608272728e+00 9.716820056866802236e-17
1.018552030967213584e+00 9.424085470295716038e-17
1.018495056679300736e+00 9.136771894587057363e-17
1.018439211033846936e+00 8.898247416640246388e-17
1.018384429400386093e+00 8.632617884381297802e-17
1.018330654158030812e+00 8.399514417296914348e-17
1.018277833800918186e+00 8.177252971937385939e-17
1.018225922188191079e+00 7.933307483128147442e-17
1.018174877913501586e+00 7.743572102943184166e-17
1.018124663774132133e+00 7.515889646721228235e-17
1.018075246323844940e+00 7.336996288261120003e-17
1.018026595496772213e+00 7.141839897213729205e-17
1.017978684292236702e+00 6.946683506166338407e-17
1.017931488512501259e+00 6.767790147706230175e-17
1.017884986547203940e+00 6.588896789246121943e-17
1.017839159199731336e+00 6.431687474235723801e-17
1.017793989552101319e+00 6.252794115775615569e-17
1.017749462866141430e+00 6.084742779040362382e-17
1.017705566519894411e+00 5.922112453167536717e-17
1.017662289979366808e+00 5.748640105569856007e-17
1.017619624806977319e+00 5.596851801421885386e-17
1.017577564709475801e+00 5.434221475549059721e-17
1.017536105629767595e+00 5.260749127951379012e-17
1.017495245889122213e+00 5.114381834665835913e-17
1.017454986388843352e+00 4.930067465343300159e-17
1.017415330883861158e+00 4.778279161195329539e-17
1.017376286345214043e+00 4.610227824460076351e-17
1.017337863434513379e+00 4.436755476862395642e-17
1.017300077121914947e+00 4.274125150989569977e-17
1.017262947490973568e+00 4.078968759942179179e-17
1.017226500790610944e+00 3.900075401482070947e-17
1.017190770818853451e+00 3.694076988709825105e-17
1.017155800758944961e+00 3.482657565075151740e-17
1.017121645642372840e+00 3.276659152302905898e-17
1.017088375695837765e+00 3.027292652631239878e-17
1.017056080958135267e+00 2.788768174684428902e-17
1.017024877759365786e+00 2.517717631563052794e-17
1.016994917994280323e+00 2.208720012404684030e-17
1.016966402696437344e+00 1.878038349796605178e-17
1.016939602426907063e+00 1.493146578564251104e-17
1.016914888824424157e+00 1.054044698707621808e-17
1.016892785151737533e+00 5.553116993642897682e-18
1.016874050659909434e+00 -6.268353895244775920e-19
1.016859828468481108e+00 -7.890989945177357300e-18
1.016851920742115611e+00 -1.737775895442552110e-17
1.016853340400958539e+00 -2.973766372076027165e-17
1.016869528783588938e+00 -4.697647826327979215e-17
1.016911413243583473e+00 -7.272627985981052245e-17
1.017004640031182516e+00 -1.152812151298665715e-16
1.017226916014102533e+00 -2.015294979510884492e-16
1.017976136106734097e+00 -4.690021739032623931e-16
9.651143527230893193e-01 4.750668677884905928e-16
1.014914676789974601e+00 5.122007921961191197e-16
1.015599131096498242e+00 2.870662110795041240e-16
1.015810649976265134e+00 2.087326041174264286e-16
1.015901563155245046e+00 1.691050147130812416e-16
1.015943969836639704e+00 1.446562557235331166e-16
1.015962133847647886e+00 1.282848029190019996e-16
1.015966509982061394e+00 1.164669992389100013e-16
1.015962343342602603e+00 1.075765414245288649e-16
1.015952554316644552e+00 1.004750171947488109e-16
1.015938897602192137e+00 9.483716589782418782e-17
1.015922490709640913e+00 9.001246623026369309e-17
1.015904078852913450e+00 8.610933840931587713e-17
1.015884177856340109e+00 8.274831167461081338e-17
1.015863155942649865e+00 7.987517591752422663e-17
1.015841282868942708e+00 7.711046037768619033e-17
1.015818760669991550e+00 7.472521559821808057e-17
1.015795743569438025e+00 7.282786179636844781e-17
1.015772351264636386e+00 7.093050799451881505e-17
1.015748678022773577e+00 6.930420473579055840e-17
1.015724799052258431e+00 6.778632169431085219e-17
1.015700775056445737e+00 6.637685887007969643e-17
1.015676655547346652e+00 6.523844658896991677e-17
1.015652481296323018e+00 6.399161409061158667e-17
1.015628286173243522e+00 6.296162202675035746e-17
1.015604098545209721e+00 6.204005018013767869e-17
1.015579942353370679e+00 6.101005811627644948e-17
1.015555837951273244e+00 6.035953681278514682e-17
1.015531802764378488e+00 5.932954474892391761e-17
1.015507851813951978e+00 5.873323355405689017e-17
1.015483998137024724e+00 5.797429203331703707e-17
1.015460253125960444e+00 5.732377072982573441e-17
1.015436626805289455e+00 5.689008986083153263e-17
1.015413128059202919e+00 5.613114834009167953e-17
1.015389764819955465e+00 5.569746747109747775e-17
1.015366544225099199e+00 5.526378660210327598e-17
1.015343472749715925e+00 5.483010573310907421e-17
1.015320556318499712e+00 5.445063497273914766e-17
1.015297800401524064e+00 5.396274399512067066e-17
1.015275210096764358e+00 5.369169345199929455e-17
1.015252790201839339e+00 5.336643280025364322e-17
1.015230545276974761e+00 5.293275193125944145e-17
1.015208479700824951e+00 5.282433171401089100e-17
1.015186597720505679e+00 5.244486095364096445e-17
1.015164903496964088e+00 5.233644073639241401e-17
1.015143401146635815e+00 5.211960030189531312e-17
1.015122094780200879e+00 5.179433965014966179e-17
1.015100988539135551e+00 5.184854975877393701e-17
1.015080086630681278e+00 5.163170932427683613e-17
1.015059393361775752e+00 5.163170932427683613e-17
1.015038913172451984e+00 5.152328910702828568e-17
1.015018650669172962e+00 5.136065878115546002e-17
1.014998610658545131e+00 5.146907899840401046e-17
1.014978798181848774e+00 5.130644867253118480e-17
1.014959218550818276e+00 5.146907899840401046e-17
1.014939877385113487e+00 5.157749921565256091e-17
1.014920780651946908e+00 5.163170932427683613e-17
1.014901934708354769e+00 5.168591943290111135e-17
1.014883346346641568e+00 5.174012954152538657e-17
1.014865022843576714e+00 5.206539019327103790e-17
1.014846972013986548e+00 5.222802051914386357e-17
1.014829202269458719e+00 5.239065084501668923e-17
1.014811722682974038e+00 5.271591149676234056e-17
1.014794543060388854e+00 5.287854182263516623e-17
1.014777674019830656e+00 5.336643280025364322e-17
1.014761127080231029e+00 5.363748334337501933e-17
1.014744914760412176e+00 5.390853388649639544e-17
1.014729050690382772e+00 5.445063497273914766e-17
1.014713549736775411e+00 5.477589562448479899e-17
1.014698428144701348e+00 5.542641692797610165e-17
1.014683703698705974e+00 5.591430790559457864e-17
1.014669395906006688e+00 5.651061910046160608e-17
1.014655526205806790e+00 5.729666567551359679e-17
1.014642118209210908e+00 5.783876676175634901e-17
1.014629197975187136e+00 5.865191839112047734e-17
1.014616794329142424e+00 5.949217507479674327e-17
1.014604939232067959e+00 6.035953681278514682e-17
1.014593668209949007e+00 6.128110865939782559e-17
1.014583020855311712e+00 6.225689061463477958e-17
1.014573041415515187e+00 6.342240795005669685e-17
1.014563779485876616e+00 6.472345055703930217e-17
1.014555290830148504e+00 6.591607294677335705e-17
1.014547638356568360e+00 6.737974587962878803e-17
1.014540893285069467e+00 6.881631375817208141e-17
1.014535136550861028e+00 7.055103723414888850e-17
1.014530460502216735e+00 7.231286576443783321e-17
1.014526970967077224e+00 7.418311451197532835e-17
1.014524789785492764e+00 7.635151885694633722e-17
1.014524057935237700e+00 7.860123836485375892e-17
1.014524939419326532e+00 8.123042863313110718e-17
1.014527626141318750e+00 8.388672395572059304e-17
1.014532344074227987e+00 8.684117487574359262e-17
1.014539361142057450e+00 9.022930666476079398e-17
1.014548997395620100e+00 9.396980415983578428e-17
1.014561638301586077e+00 9.803556230665642590e-17
1.014577752315723114e+00 1.025892114310955445e-16
1.014597914443231996e+00 1.076849616417774154e-16
1.014622838309208186e+00 1.135667584275112769e-16
1.014653420555236663e+00 1.200990765167364411e-16
1.014690803467534819e+00 1.276613866698228346e-16
1.014736465213073702e+00 1.363350040497068700e-16
1.014792353008289405e+00 1.464722943624463365e-16
1.014861085103855531e+00 1.585069384770354357e-16
1.014946266983779877e+00 1.727370919909076814e-16
1.015053004966414818e+00 1.901927469679243028e-16
1.015188777681640397e+00 2.118496853633222539e-16
1.015364994578819013e+00 2.395781559246390298e-16
1.015599968943030396e+00 2.760615590287762540e-16
1.015925070148504528e+00 3.262330145605429717e-16
1.016398881776865881e+00 3.995792915291873466e-16
1.017144885957789402e+00 5.167273362662461007e-16
1.018475751518658434e+00 7.328630393512314096e-16
1.021480575038452132e+00 1.259975030559371528e-15
1.034380609231892567e+00 4.173253373082234080e-15
9.809011992253499068e-01 -9.356969990496477767e-16
1.004390986735664848e+00 -9.472979622952426741e-16
1.008203290528676854e+00 -6.136889538214529598e-16
1.009756045342417474e+00 -4.498389005045811022e-16
1.010593703402361099e+00 -3.541038486741110607e-16
1.011114383390539162e+00 -2.914369631044489044e-16
1.011466958706460417e+00 -2.474454599558495620e-16
1.011719712826391060e+00 -2.148380796183480161e-16
1.011908371329463652e+00 -1.896032740537479004e-16
1.012053439890478579e+00 -1.697081641886388941e-16
1.012167529180451053e+00 -1.533638164384199147e-16
1.012258820900832523e+00 -1.400552347711603478e-16
1.012332855244921115e+00 -1.286711119600625512e-16
1.012393517361472650e+00 -1.189675025163172866e-16
1.012443612487753164e+00 -1.106733558968031776e-16
1.012485216852731185e+00 -1.032194659609653347e-16
1.012519900122503591e+00 -9.690398830623727133e-17
1.012548871099791636e+00 -9.123903195500051066e-17
1.012573075893052676e+00 -8.598065141844581416e-17
1.012593265716799085e+00 -8.150831745694310837e-17
1.012610044751617089e+00 -7.727992898424964108e-17
1.012623904592568236e+00 -7.348522138055037556e-17
1.012635249482685795e+00 -7.001577442859676137e-17
1.012644415093937766e+00 -6.676316791114024807e-17
1.012651682713368251e+00 -6.380871699111724848e-17
1.012657290108687658e+00 -6.090847617971852412e-17
1.012661439963890908e+00 -5.841481118300186392e-17
1.012664306518929136e+00 -5.586693607766092850e-17
1.012666040873803963e+00 -5.345458624388068114e-17
1.012666775299251087e+00 -5.123197179028539705e-17
1.012666626816433491e+00 -4.906356744531438818e-17
1.012665700256455859e+00 -4.700358331759192976e-17
1.012664090981556742e+00 -4.494359918986947133e-17
1.012661887442117825e+00 -4.280229989921060007e-17
1.012659173760252607e+00 -4.076942082580027926e-17
1.012656032581485288e+00 -3.860101648082927039e-17
1.012652548542518627e+00 -3.645971719017039914e-17
1.012648812910680318e+00 -3.412868251932656460e-17
1.012644930356016770e+00 -3.155370235967349157e-17
1.012641029636007328e+00 -2.884319692845973049e-17
1.012637281717814419e+00 -2.561769546531535480e-17
1.012633932848741924e+00 -2.187719797024036450e-17
1.012631370025961486e+00 -1.707960335699200738e-17
1.012630264046945117e+00 -1.073702064795180644e-17
1.012631924979204401e+00 -1.846562833570670080e-18
1.012639360815416056e+00 1.254622100617440128e-17
1.012661463629810576e+00 4.016627135024262674e-17
1.012741568021356287e+00 1.196925007020543770e-16
1.018604156154772067e+00 3.131253770160727906e-15
1.012355503183853811e+00 -2.163559626598277223e-16
1.012443558906291674e+00 -1.258521863116002397e-16
1.012466388321946686e+00 -9.638899227430665673e-17
1.012473191224759761e+00 -8.148121240263097076e-17
1.012473574026146350e+00 -7.248233437100128396e-17
1.012470712182227839e+00 -6.638369715077032151e-17
1.012465963351756537e+00 -6.180294297201906528e-17
1.012460007489834446e+00 -5.846902129162613915e-17
1.012453224329916468e+00 -5.578562091472451567e-17
1.012445843711617943e+00 -5.345458624388068114e-17
1.012438013705914130e+00 -5.163854760496746121e-17
1.012429834609063661e+00 -5.001224434623920456e-17
1.012421377224945296e+00 -4.871120173925659924e-17
1.012412693307206180e+00 -4.743726418658613153e-17
1.012403821826175498e+00 -4.627174685116421426e-17
1.012394792889660833e+00 -4.537728005886367311e-17
1.012385630284559301e+00 -4.448281326656313195e-17
1.012376353175834298e+00 -4.369676669151114123e-17
1.012366977273209345e+00 -4.293782517077128813e-17
1.012357515651665318e+00 -4.228730386727998547e-17
1.012347979340892268e+00 -4.163678256378868281e-17
1.012338377756953900e+00 -4.106757642323379298e-17
1.012328719023955159e+00 -4.060679049992745360e-17
1.012319010217576087e+00 -4.009179446799683899e-17
1.012309257552159281e+00 -3.952258832744194916e-17
1.012299466526377145e+00 -3.919732767569629783e-17
1.012289642038067372e+00 -3.876364680670209606e-17
1.012279788475815678e+00 -3.838417604633216951e-17
1.012269909792779865e+00 -3.805891539458651818e-17
1.012260009566800401e+00 -3.765233957990445401e-17
1.012250091049807565e+00 -3.743549914540735313e-17
1.012240157208784019e+00 -3.702892333072528896e-17
1.012230210760012072e+00 -3.681208289622818808e-17
1.012220254197923497e+00 -3.651392729879467436e-17
1.012210289819582165e+00 -3.621577170136116064e-17
1.012200319745600208e+00 -3.608024642980047258e-17
1.012190345938122293e+00 -3.578209083236695886e-17
1.012180370216382519e+00 -3.561946050649413320e-17
1.012170394270234031e+00 -3.540262007199703231e-17
1.012160419671984224e+00 -3.515867458318779382e-17
1.012150447886790650e+00 -3.499604425731496815e-17
1.012140480281843669e+00 -3.475209876850572965e-17
1.012130518134507273e+00 -3.461657349694504160e-17
1.012120562639567067e+00 -3.445394317107221593e-17
1.012110614915710638e+00 -3.426420779088725266e-17
1.012100676011339129e+00 -3.415578757363870221e-17
1.012090746909800165e+00 -3.402026230207801416e-17
1.012080828534112298e+00 -3.393894713914160133e-17
1.012070921751243802e+00 -3.380342186758091327e-17
1.012061027375999567e+00 -3.366789659602022522e-17
1.012051146174561600e+00 -3.353237132445953716e-17
1.012041278867719996e+00 -3.339684605289884911e-17
1.012031426133831458e+00 -3.336974099858671150e-17
1.012021588611531353e+00 -3.323421572702602344e-17
1.012011766902227716e+00 -3.307158540115319778e-17
1.012001961572396302e+00 -3.301737529252892256e-17
1.011992173155701336e+00 -3.290895507528037211e-17
1.011982402154952165e+00 -3.288185002096823450e-17
1.011972649043916483e+00 -3.282763991234395928e-17
1.011962914269003200e+00 -3.266500958647113362e-17
1.011953198250822084e+00 -3.263790453215899601e-17
1.011943501385637934e+00 -3.247527420628617034e-17
