9.961803175934411669e-01 0.000000000000000000e+00
9.956509747363886387e-01 0.000000000000000000e+00
9.950717363590153575e-01 0.000000000000000000e+00
9.944348615257933011e-01 0.000000000000000000e+00
9.937308518707107519e-01 0.000000000000000000e+00
9.929478996797399537e-01 0.000000000000000000e+00
9.920711039571821210e-01 0.000000000000000000e+00
9.910813267942745197e-01 0.000000000000000000e+00
9.899534718781544118e-01 0.000000000000000000e+00
9.886537949096070310e-01 0.000000000000000000e+00
9.871355090760941531e-01 0.000000000000000000e+00
9.853312009365918778e-01 0.000000000000000000e+00
9.831388190867496046e-01 0.000000000000000000e+00
9.803934427640694782e-01 0.000000000000000000e+00
9.768035330280401274e-01 0.000000000000000000e+00
9.717825997395771465e-01 0.000000000000000000e+00
9.638892785508609284e-01 0.000000000000000000e+00
9.480771274376555979e-01 0.000000000000000000e+00
8.808939625054740263e-01 0.000000000000000000e+00
1.073141784263216048e+00 0.000000000000000000e+00
9.989709155592437773e-01 0.000000000000000000e+00
9.764599650342029591e-01 0.000000000000000000e+00
9.563798811218271467e-01 0.000000000000000000e+00
9.275292727838273521e-01 0.000000000000000000e+00
8.666626478426622260e-01 0.000000000000000000e+00
5.924344328354073097e-01 0.000000000000000000e+00
1.531784044855217353e+00 0.000000000000000000e+00
1.174132668754178876e+00 0.000000000000000000e+00
1.107998694002638507e+00 0.000000000000000000e+00
1.079969529909585280e+00 0.000000000000000000e+00
1.064404342968616968e+00 0.000000000000000000e+00
1.054469526432632254e+00 0.000000000000000000e+00
1.047562943921107825e+00 0.000000000000000000e+00
1.042475957772740491e+00 0.000000000000000000e+00
1.038569956284006501e+00 0.000000000000000000e+00
1.035475385563147332e+00 0.000000000000000000e+00
1.032963404204815250e+00 0.000000000000000000e+00
1.030884692430179772e+00 0.000000000000000000e+00
1.029137694826386618e+00 0.000000000000000000e+00
1.027650999952054667e+00 0.000000000000000000e+00
1.026373022623867204e+00 0.000000000000000000e+00
1.025265690390034123e+00 0.000000000000000000e+00
1.024300438675984415e+00 0.000000000000000000e+00
1.023455596546933410e+00 0.000000000000000000e+00
1.022714644341527590e+00 0.000000000000000000e+00
1.022065040186106000e+00 0.000000000000000000e+00
1.021497434783015024e+00 0.000000000000000000e+00
1.021005167175377704e+00 0.000000000000000000e+00
1.020583981591023370e+00 0.000000000000000000e+00
1.020231940240396318e+00 0.000000000000000000e+00
1.019949538154383495e+00 0.000000000000000000e+00
1.019740062250098278e+00 0.000000000000000000e+00
1.019610289222258492e+00 0.000000000000000000e+00
1.019571705765999647e+00 0.000000000000000000e+00
1.019642601509839874e+00 0.000000000000000000e+00
1.019851723428530033e+00 0.000000000000000000e+00
1.020244919559967656e+00 0.000000000000000000e+00
1.020897953546462400e+00 0.000000000000000000e+00
1.021943272710566175e+00 0.000000000000000000e+00
1.023632235554198022e+00 0.000000000000000000e+00
1.026502927623557548e+00 0.000000000000000000e+00
1.031944685078466595e+00 0.000000000000000000e+00
1.044963954718402421e+00 0.000000000000000000e+00
1.107751573362474318e+00 0.000000000000000000e+00
8.965668978105936215e-01 0.000000000000000000e+00
9.738871036144047810e-01 0.000000000000000000e+00
9.880388000123224712e-01 0.000000000000000000e+00
9.937615271187234534e-01 0.000000000000000000e+00
9.967113508362339669e-01 0.000000000000000000e+00
9.983986679888341431e-01 0.000000000000000000e+00
9.993958195358033647e-01 0.000000000000000000e+00
9.999651249947342224e-01 0.000000000000000000e+00
1.000241387397017068e+00 0.000000000000000000e+00
1.000298436671324342e+00 0.000000000000000000e+00
1.000177221186894672e+00 0.000000000000000000e+00
9.998988147894796175e-01 0.000000000000000000e+00
9.994706452323610657e-01 0.000000000000000000e+00
9.988892214439455408e-01 0.000000000000000000e+00
9.981406762153739454e-01 0.000000000000000000e+00
9.971995131966072679e-01 0.000000000000000000e+00
9.960253280008602994e-01 0.000000000000000000e+00
9.945565887439536956e-01 0.000000000000000000e+00
9.926994186896530570e-01 0.000000000000000000e+00
9.903069557205338436e-01 0.000000000000000000e+00
9.871392999794619261e-01 0.000000000000000000e+00
9.827794372880143126e-01 0.000000000000000000e+00
9.764366474517205408e-01 0.000000000000000000e+00
9.664120062353185325e-01 0.000000000000000000e+00
9.482773418181252856e-01 0.000000000000000000e+00
9.057367052502354188e-01 0.000000000000000000e+00
6.903260358635738836e-01 0.000000000000000000e+00
1.325522957004303004e+00 0.000000000000000000e+00
1.117745927961083963e+00 0.000000000000000000e+00
1.075867480554036915e+00 0.000000000000000000e+00
1.057985698255007767e+00 0.000000000000000000e+00
1.048153365903461420e+00 0.000000000000000000e+00
1.042017353450820805e+00 0.000000000000000000e+00
1.037914581114585566e+00 0.000000000000000000e+00
1.035088685960388943e+00 0.000000000000000000e+00
1.033171829847167711e+00 0.000000000000000000e+00
1.032009054629974054e+00 0.000000000000000000e+00
1.031620823853991231e+00 0.000000000000000000e+00
1.032297430095823421e+00 0.000000000000000000e+00
1.035093625177986754e+00 0.000000000000000000e+00
1.045107399196535392e+00 0.000000000000000000e+00
1.247387253500525039e+00 0.000000000000000000e+00
9.910616090421309199e-01 0.000000000000000000e+00
1.005905510545050952e+00 0.000000000000000000e+00
1.010075354252689683e+00 0.000000000000000000e+00
1.011854539097856831e+00 0.000000000000000000e+00
1.012737553161832116e+00 0.000000000000000000e+00
1.013198745098879749e+00 0.000000000000000000e+00
1.013433967995796881e+00 0.000000000000000000e+00
1.013537718339790006e+00 0.000000000000000000e+00
1.013560534313811878e+00 0.000000000000000000e+00
1.013531474111885711e+00 0.000000000000000000e+00
1.013468149750221370e+00 0.000000000000000000e+00
1.013381658350800629e+00 0.000000000000000000e+00
1.013279191091093656e+00 0.000000000000000000e+00
1.013165495970859142e+00 0.000000000000000000e+00
1.013043736940248518e+00 0.000000000000000000e+00
1.012916017674161617e+00 0.000000000000000000e+00
1.012783710427428874e+00 0.000000000000000000e+00
1.012647667021771891e+00 0.000000000000000000e+00
1.012508355902967727e+00 0.000000000000000000e+00
1.012365951093950223e+00 0.000000000000000000e+00
1.012220388529215809e+00 0.000000000000000000e+00
1.012071399086430068e+00 0.000000000000000000e+00
1.011918523747416865e+00 0.000000000000000000e+00
1.011761113679678470e+00 0.000000000000000000e+00
1.011598316006016018e+00 0.000000000000000000e+00
1.011429044193037807e+00 0.000000000000000000e+00
1.011251929966352714e+00 0.000000000000000000e+00
1.011065251023282041e+00 0.000000000000000000e+00
1.010866824944456566e+00 0.000000000000000000e+00
1.010653853572934802e+00 0.000000000000000000e+00
1.010422691869254486e+00 0.000000000000000000e+00
1.010168497294358980e+00 0.000000000000000000e+00
1.009884682935086930e+00 0.000000000000000000e+00
1.009562034623078919e+00 0.000000000000000000e+00
1.009187224879108058e+00 0.000000000000000000e+00
1.008740181799983260e+00 0.000000000000000000e+00
1.008189131802254446e+00 0.000000000000000000e+00
1.007480501076370327e+00 0.000000000000000000e+00
1.006516151345420385e+00 0.000000000000000000e+00
1.005094510319229251e+00 0.000000000000000000e+00
1.002724758551594597e+00 0.000000000000000000e+00
9.978154730335011546e-01 0.000000000000000000e+00
9.806395392946199996e-01 0.000000000000000000e+00
1.120084593949656204e+00 0.000000000000000000e+00
1.030314803968956028e+00 0.000000000000000000e+00
1.021375593852810404e+00 0.000000000000000000e+00
1.017900512294617865e+00 0.000000000000000000e+00
1.015996090229193793e+00 0.000000000000000000e+00
1.014752254663304099e+00 0.000000000000000000e+00
1.013842946692778524e+00 0.000000000000000000e+00
1.013121190274455907e+00 0.000000000000000000e+00
1.012509685501605805e+00 0.000000000000000000e+00
1.011962452510954513e+00 0.000000000000000000e+00
1.011448774943849660e+00 0.000000000000000000e+00
1.010945414914293350e+00 0.000000000000000000e+00
1.010432185261977978e+00 0.000000000000000000e+00
1.009888817043100850e+00 0.000000000000000000e+00
1.009292000577955761e+00 0.000000000000000000e+00
1.008611647780533360e+00 0.000000000000000000e+00
1.007805032348383145e+00 0.000000000000000000e+00
1.006806173159119577e+00 0.000000000000000000e+00
1.005504267244040184e+00 0.000000000000000000e+00
1.003694353475418577e+00 0.000000000000000000e+00
1.000946179414369253e+00 0.000000000000000000e+00
9.961715387597873672e-01 0.000000000000000000e+00
9.855766917001791416e-01 0.000000000000000000e+00
9.403830453370539688e-01 0.000000000000000000e+00
1.124882060220396163e+00 0.000000000000000000e+00
1.044329199607509473e+00 0.000000000000000000e+00
1.031042091754460932e+00 0.000000000000000000e+00
1.025543591429541435e+00 0.000000000000000000e+00
1.022515142369378349e+00 0.000000000000000000e+00
1.020582782318993242e+00 0.000000000000000000e+00
1.019231940621969201e+00 0.000000000000000000e+00
1.018226184410866875e+00 0.000000000000000000e+00
1.017441492906453027e+00 0.000000000000000000e+00
1.016806384409140396e+00 0.000000000000000000e+00
1.016276597128671577e+00 0.000000000000000000e+00
1.015823089970280479e+00 0.000000000000000000e+00
1.015425835325344250e+00 0.000000000000000000e+00
1.015070370844862291e+00 0.000000000000000000e+00
1.014745760539609298e+00 0.000000000000000000e+00
1.014443313433468496e+00 0.000000000000000000e+00
1.014155720823892048e+00 0.000000000000000000e+00
1.013876421145952111e+00 0.000000000000000000e+00
1.013599072070636931e+00 0.000000000000000000e+00
1.013317039006019549e+00 0.000000000000000000e+00
1.013022811048662764e+00 0.000000000000000000e+00
1.012707229650897212e+00 0.000000000000000000e+00
1.012358347941207715e+00 0.000000000000000000e+00
1.011959590960001876e+00 0.000000000000000000e+00
1.011486561129622430e+00 0.000000000000000000e+00
1.010901069845922207e+00 0.000000000000000000e+00
1.010139021630067191e+00 0.000000000000000000e+00
1.009083146033796785e+00 0.000000000000000000e+00
1.007492559705206236e+00 0.000000000000000000e+00
1.004780754074312110e+00 0.000000000000000000e+00
9.990486261775920473e-01 0.000000000000000000e+00
9.787565102097476322e-01 0.000000000000000000e+00
1.150318911362912644e+00 0.000000000000000000e+00
1.038805479374531604e+00 0.000000000000000000e+00
1.028192882912158268e+00 0.000000000000000000e+00
1.024253510527833200e+00 0.000000000000000000e+00
1.022252621315338450e+00 0.000000000000000000e+00
1.021093586900335470e+00 0.000000000000000000e+00
1.020391130600227347e+00 0.000000000000000000e+00
1.019980347294954237e+00 0.000000000000000000e+00
1.019785695572375861e+00 0.000000000000000000e+00
1.019777343699697303e+00 0.000000000000000000e+00
1.019956726854111206e+00 0.000000000000000000e+00
1.020356649528568527e+00 0.000000000000000000e+00
1.021055769347543496e+00 0.000000000000000000e+00
1.022221261017454363e+00 0.000000000000000000e+00
1.024233103615086904e+00 0.000000000000000000e+00
1.028128567022423168e+00 0.000000000000000000e+00
1.038012215049277431e+00 0.000000000000000000e+00
1.103675183890576728e+00 0.000000000000000000e+00
9.638417586813368132e-01 0.000000000000000000e+00
9.943731475075000548e-01 0.000000000000000000e+00
1.001705936336513947e+00 0.000000000000000000e+00
1.004965056182075323e+00 0.000000000000000000e+00
1.006788735860419948e+00 0.000000000000000000e+00
1.007943750084977497e+00 0.000000000000000000e+00
1.008734684283671745e+00 0.000000000000000000e+00
1.009306473982670260e+00 0.000000000000000000e+00
1.009736845280334805e+00 0.000000000000000000e+00
1.010071216625702206e+00 0.000000000000000000e+00
1.010337917956997122e+00 0.000000000000000000e+00
1.010555565908674680e+00 0.000000000000000000e+00
1.010736941290393043e+00 0.000000000000000000e+00
1.010891166452493106e+00 0.000000000000000000e+00
1.011024998650937201e+00 0.000000000000000000e+00
1.011143639325030597e+00 0.000000000000000000e+00
1.011251268874792109e+00 0.000000000000000000e+00
1.011351424524627340e+00 0.000000000000000000e+00
1.011447293310087980e+00 0.000000000000000000e+00
1.011541971065635481e+00 0.000000000000000000e+00
1.011638732733057600e+00 0.000000000000000000e+00
1.011741368198167734e+00 0.000000000000000000e+00
1.011854667653913742e+00 0.000000000000000000e+00
1.011985211471252644e+00 0.000000000000000000e+00
1.012142786688794427e+00 0.000000000000000000e+00
1.012343172487720100e+00 0.000000000000000000e+00
1.012614211724669033e+00 0.000000000000000000e+00
1.013010884585118898e+00 0.000000000000000000e+00
1.013660177629199355e+00 0.000000000000000000e+00
1.014938396034130941e+00 0.000000000000000000e+00
1.018679196419707056e+00 0.000000000000000000e+00
1.255119872196435393e+00 0.000000000000000000e+00
1.002997906057636834e+00 0.000000000000000000e+00
1.007112767894770222e+00 0.000000000000000000e+00
1.008454484849171884e+00 0.000000000000000000e+00
1.009119108671110876e+00 0.000000000000000000e+00
1.009515087532454114e+00 0.000000000000000000e+00
1.009777159371854527e+00 0.000000000000000000e+00
1.009962753400197144e+00 0.000000000000000000e+00
1.010100497835352718e+00 0.000000000000000000e+00
1.010206274052794617e+00 0.000000000000000000e+00
1.010289607730362249e+00 0.000000000000000000e+00
1.010356564094910814e+00 0.000000000000000000e+00
1.010411191956654742e+00 0.000000000000000000e+00
1.010456299843400574e+00 0.000000000000000000e+00
1.010493898918426003e+00 0.000000000000000000e+00
1.010525468490457213e+00 0.000000000000000000e+00
