9.881617797891344424e-01 -8.123926878433884724e-16
9.880255687201656700e-01 -8.136395203417468025e-16
9.878872333300988684e-01 -8.143984618624866556e-16
9.877467135584033775e-01 -8.151302983289143711e-16
9.876039467158139740e-01 -8.156452943608449857e-16
9.874588673243742676e-01 -8.161873954470877379e-16
9.873114069449414609e-01 -8.166210763160819397e-16
9.871614939909499897e-01 -8.167294965333304901e-16
9.870090535270976684e-01 -8.166481813703940773e-16
9.868540070514615348e-01 -8.165939712617698021e-16
9.866962722593799473e-01 -8.162416055557120131e-16
9.865357627872366475e-01 -8.154826640349721600e-16
9.863723879340614564e-01 -8.147779326228565822e-16
9.862060523586041461e-01 -8.136937304503710777e-16
9.860366557492490358e-01 -8.122300575175156467e-16
9.858640924638023550e-01 -8.105224390958509773e-16
9.856882511358052712e-01 -8.084895600224406564e-16
9.855090142435839473e-01 -8.064024708404060604e-16
9.853262576377485038e-01 -8.036377553005680241e-16
9.851398500222654508e-01 -8.005748841632964741e-16
9.849496523835612471e-01 -7.970783321570307223e-16
9.847555173613306012e-01 -7.933649397162678696e-16
9.845572885538235175e-01 -7.891907613521986775e-16
9.843547997493233837e-01 -7.844202717932624580e-16
9.841478740743039300e-01 -7.789992609308349358e-16
9.839363230473068267e-01 -7.732529894166617623e-16
9.837199455258853753e-01 -7.666935662731244605e-16
9.834985265319696746e-01 -7.594836218260958560e-16
9.832718359386427576e-01 -7.516773661842002241e-16
9.830396269985243185e-01 -7.432747993474375647e-16
9.828016346906323086e-01 -7.335169797950680248e-16
9.825575738586165286e-01 -7.233796894823285584e-16
9.823071371085070336e-01 -7.122666172143521379e-16
9.820499924283931925e-01 -7.000693427738902130e-16
9.817857804855484316e-01 -6.868962863781913342e-16
9.815141115481388345e-01 -6.723679772668855747e-16
9.812345619684692544e-01 -6.563217851141001091e-16
9.809466701522564502e-01 -6.389203402457077630e-16
9.806499319231181122e-01 -6.201094325530842610e-16
9.803437951725721966e-01 -5.994553811672354016e-16
9.800276536624068502e-01 -5.771750265226582854e-16
9.797008398170438115e-01 -5.527262675331101605e-16
9.793626163068555046e-01 -5.258922637640939257e-16
9.790121661771274963e-01 -4.966730152156095812e-16
9.786485812186236366e-01 -4.650143117790328517e-16
9.782708482006481354e-01 -4.301572119336238842e-16
9.778778324909068731e-01 -3.918848752448855777e-16
9.774682584612618408e-01 -3.500888814955693817e-16
9.770406859149008971e-01 -3.044981801425539203e-16
9.765934815549862646e-01 -2.543538296650993402e-16
9.761247842285512011e-01 -1.988426784338415132e-16
9.756324622954047898e-01 -1.379647264487804392e-16
9.751140609515729363e-01 -7.036472099430923777e-17
9.745667366244480379e-01 4.119968255444916849e-18
9.739871745701081940e-01 8.733248499370738216e-17
9.733714844195604510e-01 1.794896696549752590e-16
9.727150664541470704e-01 2.824346659324739051e-16
9.720124385548943868e-01 3.978479871935558521e-16
9.712570096174982792e-01 5.275727771314464576e-16
9.704407790365522368e-01 6.743195411773594827e-16
9.695539324677654447e-01 8.412866757401271656e-16
9.685842895160063915e-01 1.030805215490593341e-15
9.675165359082359418e-01 1.249488793680919585e-15
9.663311351580470276e-01 1.501999479652793568e-15
9.650027518921632241e-01 1.796522999808480847e-15
9.634979104440664077e-01 2.143684535438339367e-15
9.617714177962140010e-01 2.556548722720819455e-15
9.597607165540300578e-01 3.054414360326163091e-15
9.573766210740124460e-01 3.665199654195872014e-15
9.544874108323035955e-01 4.428261143191170035e-15
9.508899691823519129e-01 5.404585199514366778e-15
9.462537248631416320e-01 6.693051061296140247e-15
9.400019234103345056e-01 8.463878469616714639e-15
9.310297711434658563e-01 1.103772021698867789e-14
9.169203026771145515e-01 1.509816577316414055e-14
8.911725316144447628e-01 2.240352001137146942e-14
8.282628648918486380e-01 3.921873676510090334e-14
4.244330363770246750e-01 1.051098227553004527e-13
1.295196542230960368e+00 -1.302379970362366191e-13
1.099065946730439114e+00 -4.728574302947929908e-14
1.051599926138755636e+00 -2.999347731985624321e-14
1.030029531289784250e+00 -2.258479861461104576e-14
1.017578990621166968e+00 -1.849437486836635891e-14
1.009384481902146025e+00 -1.591619631230445364e-14
1.003514890903331569e+00 -1.415425936179826039e-14
9.990507310748605319e-01 -1.288335757521075209e-14
9.954982155339009431e-01 -1.193034386559599369e-14
9.925682746185261474e-01 -1.119671846558367712e-14
9.900802664860954838e-01 -1.062030238058175868e-14
9.879153485897103071e-01 -1.015984171792716495e-14
9.859919925988480660e-01 -9.790670878195850690e-15
9.842522727556626272e-01 -9.491214238155354366e-15
9.826537736803729883e-01 -9.249599784016959703e-15
9.811646010741604806e-01 -9.054334972752320354e-15
9.797601891041711752e-01 -8.898751961000650468e-15
9.784211908222297804e-01 -8.774936072902805861e-15
9.771320443097207820e-01 -8.681911526503549581e-15
9.758799731418500434e-01 -8.614094680614581279e-15
9.746542732887024663e-01 -8.567853457958074515e-15
9.734457931722466650e-01 -8.543350488859902114e-15
9.722465464721194994e-01 -8.537007906150861913e-15
9.710494176092995255e-01 -8.549042550265451013e-15
9.698479327214095669e-01 -8.577394437075946954e-15
9.686360772787632190e-01 -8.621413045278858434e-15
9.674081469788846643e-01 -8.680773114222439801e-15
9.661586222224840537e-01 -8.756938316839546488e-15
9.648820589442832496e-01 -8.846005525309230677e-15
9.635729902407159653e-01 -8.950468404628209029e-15
9.622258343526325364e-01 -9.073037460227695306e-15
9.608348052839074116e-01 -9.209538513743620314e-15
9.593938227675710140e-01 -9.362465230172700714e-15
9.578964184924708691e-01 -9.532413920709803534e-15
9.563356355114055463e-01 -9.721444569482651232e-15
9.547039175820182244e-01 -9.928635604644631130e-15
9.529929848441131002e-01 -1.015745647314769684e-14
9.511936916962525634e-01 -1.040991294901094655e-14
9.492958619702276390e-01 -1.068389083799803352e-14
9.472880954671110132e-01 -1.098557009249212513e-14
9.451575385456956191e-01 -1.131522176303634275e-14
9.428896096506664826e-01 -1.167875475147073239e-14
9.404676683095695156e-01 -1.207855430257476215e-14
9.378726130504566605e-01 -1.251668040047615449e-14
9.350823896833763138e-01 -1.300055983005643512e-14
9.320713861805970391e-01 -1.353404150902792757e-14
9.288096836607085960e-01 -1.412997323313458509e-14
9.252621243800155382e-01 -1.478830079226778338e-14
9.213871468660628228e-01 -1.553000349846511696e-14
9.171353253764472635e-01 -1.635497293150933729e-14
9.124475365350691591e-01 -1.728922994354009646e-14
9.072526631808972564e-01 -1.834860388627568284e-14
9.014647420844453807e-01 -1.956204295772145940e-14
8.949794880245262041e-01 -2.095253224393411884e-14
8.876702294366323187e-01 -2.256690927876503494e-14
8.793835842966086780e-01 -2.445884206975224018e-14
8.699359627535505624e-01 -2.668384176812699238e-14
8.591138734681726952e-01 -2.933905288854399274e-14
8.466857000276832856e-01 -3.253896718041771052e-14
8.324443516379057550e-01 -3.642594038899549247e-14
8.163299900414149324e-01 -4.117333644165777073e-14
7.987582215222810422e-01 -4.697522752727945061e-14
7.814689930628798686e-01 -5.384614195497183786e-14
7.696228144867772736e-01 -6.135521778138919302e-14
7.762697177348554245e-01 -6.774030121559082573e-14
8.274081393718156763e-01 -6.854629711061654973e-14
9.484084152176827098e-01 -5.844467704935185637e-14
1.107706342947849754e+00 -3.823991904378098994e-14
1.220370519934072640e+00 -1.650860437935053326e-14
1.259341884251131916e+00 -1.065770735553250859e-16
1.254716792807828885e+00 9.509537254870359391e-15
1.234191550041491059e+00 1.429574774530761871e-14
1.210633756833633390e+00 1.634835929825717571e-14
1.188582504086314939e+00 1.689512245384161560e-14
1.169231842030266533e+00 1.673054056405831602e-14
1.152607976565025227e+00 1.619830571758518190e-14
1.138388931720944353e+00 1.551319836479159164e-14
1.126192885137963451e+00 1.476390624338685953e-14
1.115670752086691975e+00 1.403022663326591868e-14
1.106528817470836756e+00 1.332083315180865313e-14
1.098527700492244685e+00 1.265025410812636864e-14
1.091474499805088261e+00 1.201827266178456810e-14
1.085214052337336144e+00 1.143800765907032613e-14
1.079621191350196296e+00 1.089503921108958551e-14
1.074594417365914767e+00 1.039272834457705130e-14
1.070050895863630780e+00 9.927605612580769900e-15
1.065922558961667654e+00 9.496743669235030438e-15
1.062153080944809869e+00 9.096781487805127853e-15
1.058695530205119528e+00 8.726092765032333887e-15
1.055510539962750016e+00 8.379690170923215220e-15
1.052564875938803102e+00 8.057356865043274752e-15
1.049830308218326680e+00 7.756490762178547271e-15
1.047282717084131232e+00 7.474489777115067568e-15
1.044901379708587097e+00 7.210486548114847238e-15
1.042668397443478057e+00 6.962312670832915273e-15
1.040568233071793802e+00 6.729534464400277471e-15
1.038587334593746858e+00 6.510200364906459924e-15
1.036713827532660170e+00 6.302792489309982926e-15
1.034937261827981292e+00 6.107310837610846477e-15
1.033248402475135164e+00 5.922129106550322319e-15
1.031639055427471030e+00 5.746705195042167702e-15
1.030101922079889265e+00 5.580605422217388423e-15
1.028630477043756875e+00 5.421878224165510574e-15
1.027218864999745573e+00 5.272258324362510962e-15
1.025861813254466570e+00 5.128709956725430175e-15
1.024554557284406364e+00 4.992317323426753717e-15
1.023292777068789183e+00 4.861779381859498983e-15
1.022072542423384522e+00 4.736879291589168872e-15
1.020890265873992675e+00 4.618050733484757586e-15
1.019742661869750044e+00 4.503992664939282520e-15
1.018626711346544367e+00 4.394488245518246572e-15
1.017539630820542440e+00 4.289537475221649743e-15
1.016478845329502612e+00 4.188272992311503629e-15
1.015441964651686568e+00 4.091562158525796633e-15
1.014426762323887621e+00 3.998103931257546151e-15
1.013431157055379561e+00 3.907898310506752182e-15
1.012453196196604344e+00 3.821595817576906029e-15
1.011491040972670064e+00 3.737678569426527986e-15
1.010542953234207397e+00 3.657447608662600658e-15
1.009607283513439757e+00 3.579168211809147238e-15
1.008682460202712683e+00 3.503057219300664826e-15
1.007766979697252596e+00 3.430415673744136029e-15
1.006859397364387565e+00 3.359292011229086938e-15
1.005958319218560382e+00 3.290553593493505957e-15
1.005062394195703979e+00 3.223549899233901783e-15
1.004170306932413492e+00 3.158280928450274416e-15
1.003280770965151669e+00 3.096047723749606462e-15
1.002392522272786968e+00 3.033597678614441406e-15
1.001504313092298926e+00 2.974400239996732864e-15
1.000614905942686539e+00 2.915636482248018524e-15
9.997230677961252976e-01 2.858824288409778092e-15
9.988275643383558444e-01 2.803746818047514466e-15
9.979271542622223379e-01 2.748886188119747942e-15
9.970205835392835780e-01 2.695760281667958225e-15
9.961065796145143203e-01 2.644152258257648214e-15
9.951838454683222812e-01 2.592761075281835303e-15
9.942510534883969298e-01 2.542237254044010797e-15
9.933068390912727086e-01 2.493664996716660198e-15
9.923497940298462439e-01 2.445526420258303801e-15
9.913784593183782023e-01 2.397821524668941606e-15
9.903913177006090640e-01 2.350550309948573613e-15
9.893867855793981869e-01 2.304580137835188225e-15
9.883632043175719639e-01 2.257742603983814433e-15
9.873188308092356591e-01 2.212639793608417449e-15
9.862518272083871107e-01 2.168404344971008868e-15
9.851602496869623637e-01 2.124168896333600287e-15
9.840420360770383290e-01 2.079499766827197504e-15
9.828949922313523491e-01 2.034830637320794722e-15
9.817167769119858889e-01 1.990595188683386141e-15
9.805048849883147843e-01 1.947660782652960165e-15
9.792566286912817164e-01 1.903859014884545786e-15
9.779691166306753169e-01 1.859623566247137205e-15
9.766392302341381226e-01 1.816689160216711230e-15
9.752635972095142769e-01 1.772453711579302649e-15
9.738385615640133830e-01 1.727784582072899866e-15
9.723601496321637727e-01 1.683115452566497083e-15
9.708240314668155069e-01 1.636711599584117494e-15
9.692254768300003764e-01 1.590741427470732106e-15
9.675593048789312700e-01 1.544771255357346718e-15
9.658198264714642489e-01 1.496198998029996119e-15
9.640007778083459211e-01 1.445892017226668713e-15
9.620952438783713090e-01 1.395585036423341307e-15
9.600955698671406191e-01 1.345278055620013902e-15
9.579932583181003380e-01 1.291501627864732882e-15
9.557788493809643571e-01 1.235990476633475055e-15
9.534417809292902168e-01 1.180479325402217228e-15
9.509702246543443316e-01 1.120631365481017383e-15
9.483508934214431862e-01 1.058181320345852328e-15
9.455688141799210022e-01 9.905271047827568509e-16
9.426070595202898916e-01 9.176687187917309529e-16
9.394464295476336879e-01 8.482797797526586692e-16
9.360650740784369761e-01 7.667477763817487357e-16
9.324380432922179107e-01 6.817463260588851881e-16
9.285367529744101844e-01 5.915407053080912192e-16
9.243283486114158842e-01 4.909267437014364077e-16
9.197749513608726168e-01 3.851086116668511750e-16
9.148327693754889633e-01 2.688821387764050996e-16
9.094510621899377645e-01 1.370431546021677605e-16
9.035709579353997656e-01 -5.204170427930421283e-18
8.971241508564825606e-01 -1.682681771697502882e-16
8.900315651473240663e-01 -3.486794186713382260e-16
8.822021901017653711e-01 -5.568462357885550773e-16
8.735325292932591967e-01 -7.997075224253080705e-16
8.639075791506463098e-01 -1.077263278581597206e-15
8.532051942708797077e-01 -1.406860739017190554e-15
8.413075862101009328e-01 -1.795438797635995343e-15
8.281275207472487132e-01 -2.253405795293872416e-15
8.136645309127565895e-01 -2.801578413702543457e-15
7.981221250532282152e-01 -3.495467804093266295e-15
7.821477116543469332e-01 -4.314257284754319244e-15
7.673121043820275711e-01 -5.368969158148217957e-15
7.570187576060640744e-01 -6.701236787698405806e-15
7.580094045983076789e-01 -8.408204688059583987e-15
7.819732159850866227e-01 -1.057313958607863924e-14
8.441431146904394556e-01 -1.320991926956338602e-14
9.519481229902996278e-01 -1.590221010427939063e-14
1.085781539644154581e+00 -1.723447773382957848e-14
1.203040206092218511e+00 -1.620752143605130868e-14
1.275240148851322530e+00 -1.332094157202590168e-14
1.304516812995474506e+00 -9.851494620072287489e-15
1.306536018922338505e+00 -6.784503514545292546e-15
1.294972071545187786e+00 -4.494668526255907182e-15
1.278009669409167826e+00 -2.815456201510357914e-15
1.259785267690858079e+00 -1.635844237846129090e-15
1.242171485824856481e+00 -7.476658181460038577e-16
1.225908915609563055e+00 -1.439820485060749888e-16
1.211205568191936255e+00 3.139849491518020841e-16
1.198032928286327792e+00 6.539907504432562746e-16
1.186267385084901260e+00 9.003214840319628820e-16
1.175756043763885206e+00 1.091141066389411662e-15
1.166346148682768646e+00 1.240327285323417073e-15
1.157897172111073569e+00 1.353084311261909534e-15
1.150284774039361801e+00 1.438085761584773081e-15
1.143401077474786920e+00 1.500535806719938137e-15
1.137153397507197239e+00 1.552577510999242349e-15
1.131462439758512462e+00 1.594210874422685720e-15
1.126260435406828631e+00 1.623701173514291440e-15
1.121489412654440798e+00 1.646252578701989933e-15
1.117099675832930794e+00 1.663599813461758004e-15
1.113048503311427240e+00 1.675742877793595653e-15
1.109299049249967917e+00 1.683549133435491285e-15
1.105819424641361737e+00 1.687885942125433303e-15
1.102581931294625228e+00 1.691355389077386917e-15
1.099562424073136979e+00 1.690488027339398514e-15
1.096739779662533776e+00 1.691355389077386917e-15
1.094095453380142136e+00 1.688753303863421706e-15
1.091613108589356784e+00 1.683982814304485487e-15
1.089278305971249416e+00 1.680079686483537671e-15
1.087078242190519628e+00 1.676176558662589855e-15
1.085001529394350017e+00 1.670105026496671030e-15
1.083038008545697872e+00 1.664467175199746407e-15
1.081178590868195899e+00 1.657528281295839179e-15
1.079415122716918196e+00 1.651023068260926152e-15
1.077740270030994818e+00 1.644084174357018924e-15
1.076147419207086120e+00 1.637578961322105897e-15
1.074630591787431255e+00 1.629555865245713164e-15
1.073184370807359400e+00 1.622616971341805936e-15
1.071803837014873917e+00 1.615461237003401607e-15
1.070484513475332911e+00 1.607871821796003076e-15
1.069222317320333682e+00 1.600499247023101645e-15
1.068013517602033779e+00 1.593343512684697316e-15
1.066854698380663713e+00 1.585970937911795886e-15
1.065742726310561883e+00 1.578815203573391557e-15
1.064674722104078874e+00 1.571659469234987228e-15
1.063648035347463772e+00 1.565154256200074201e-15
1.062660222221842421e+00 1.557998521861669872e-15
1.061709025748453161e+00 1.550951207740514093e-15
1.060792358232690358e+00 1.544337574488352516e-15
1.059908285628078817e+00 1.537723941236190939e-15
1.059055013580576521e+00 1.531543988853023563e-15
1.058230874946808786e+00 1.525147196035359087e-15
1.057434318607992196e+00 1.518858823434943162e-15
1.056663899425228426e+00 1.513329392355267089e-15
1.055918269202245519e+00 1.507474700623845365e-15
1.055196168539070722e+00 1.501728429109672192e-15
1.054496419475034585e+00 1.496741099116238871e-15
1.053817918832294476e+00 1.490886407384817147e-15
1.053159632182065986e+00 1.486224338043129478e-15
1.052520588365226217e+00 1.481182797941071883e-15
1.051899874507129518e+00 1.476466518490759938e-15
1.051296631473547016e+00 1.471967079474945095e-15
1.050710049720756434e+00 1.467738691002251628e-15
1.050139365498117705e+00 1.463672932855430986e-15
1.049583857366058748e+00 1.459932435360355996e-15
1.049042842996388059e+00 1.456029307539408180e-15
1.048515676225306947e+00 1.452668280804703116e-15
1.048001744332482055e+00 1.449415674287246603e-15
1.047500465522124058e+00 1.446488328421535741e-15
1.047011286584229817e+00 1.443886243207570530e-15
1.046533680716048575e+00 1.441175737776356769e-15
1.046067145485414018e+00 1.439197068811570723e-15
1.045611200918916239e+00 1.437245504901096815e-15
1.045165387698945958e+00 1.435646306696680696e-15
1.044729265454462430e+00 1.434399474198322366e-15
1.044302411130900943e+00 1.433396587188773275e-15
1.043884417424964406e+00 1.432773170939594110e-15
1.043474891270091076e+00 1.432447910287848458e-15
1.043073452358166398e+00 1.432800275993906247e-15
1.042679731682494282e+00 1.433233956862900449e-15
1.042293370086124105e+00 1.434318159035385953e-15
1.041914016798264786e+00 1.435808937022553522e-15
1.041541327939634387e+00 1.437814711041651705e-15
1.041174964975034589e+00 1.440389691201304778e-15
1.040814593088070561e+00 1.443398352229952053e-15
1.040459879448498270e+00 1.447409900268148419e-15
1.040110491336875720e+00 1.451990654446899676e-15
1.039766094083594661e+00 1.457303245092078647e-15
1.039426348769367792e+00 1.463510302529558160e-15
1.039090909621041448e+00 1.470801562139523178e-15
1.038759421018992768e+00 1.478878868324540186e-15
1.038431514008718359e+00 1.488555372713973313e-15
1.038106802177082955e+00 1.499383841911672288e-15
1.037784876709515025e+00 1.511777627995897211e-15
1.037465300382893751e+00 1.525919690083255009e-15
1.037147600161841154e+00 1.542121736298335266e-15
1.036831257941066786e+00 1.560939420254536802e-15
1.036515698793373241e+00 1.582318531843235343e-15
1.036200275809644689e+00 1.606953638081179414e-15
1.035884250200011625e+00 1.635666360927205687e-15
1.035566764672782636e+00 1.668937815095354604e-15
1.035246807058384899e+00 1.708033891325297718e-15
1.034923159405520821e+00 1.754436473758256426e-15
1.034594324789610331e+00 1.809595259283456464e-15
1.034258418739521179e+00 1.876340608494148077e-15
1.033913002224043698e+00 1.958230059768799325e-15
1.033554813526355032e+00 2.060451689909342798e-15
1.033179315289062483e+00 2.190742297855999277e-15
1.032779880594475674e+00 2.361507528154255242e-15
1.032346214450492239e+00 2.593360774608491348e-15
1.031860980828710250e+00 2.922836262299680077e-15
1.031291611388770679e+00 3.423226058087841528e-15
1.030566512029706727e+00 4.261578611698679797e-15
1.029484000965259716e+00 5.921437927665362810e-15
1.027129086828196147e+00 1.060925707094956261e-14
9.885487803201299384e-01 8.811529251476907243e-14
1.035276816947269918e+00 -1.264057760373693551e-14
1.032037603314455598e+00 -5.823927494777447755e-15
1.030548153551996693e+00 -3.861453799942904386e-15
1.029347881190926683e+00 -3.037751528187776495e-15
1.028108039603520929e+00 -2.711338911633859317e-15
1.026617255549453711e+00 -2.723407437066338588e-15
1.024575323173511965e+00 -3.102112479651947252e-15
1.021309496563544750e+00 -4.108624790215287259e-15
1.014619107676223209e+00 -6.817131223673528195e-15
9.898194075409474380e-01 -1.999935590399348762e-14
1.128243083119936818e+00 1.354980309811043560e-14
1.052985160601820569e+00 8.755718589395500295e-15
1.042756726455150940e+00 6.159135701455653589e-15
1.038332926138462842e+00 5.237848457913252265e-15
1.035517409794400656e+00 5.004108022052533578e-15
1.033139202519375521e+00 5.278912615196140745e-15
1.030406393651845720e+00 6.273790081195995683e-15
1.025547117098377425e+00 9.237795532864023773e-15
1.001921745364176886e+00 2.989161652575123007e-14
1.058966605198953470e+00 -1.300360914866655060e-14
1.042766807916654548e+00 -4.480438372742034936e-15
1.038871350448437036e+00 -2.326209971176274038e-15
1.036976444618795679e+00 -1.369902997462590921e-15
1.035788090722032040e+00 -8.386168278903816109e-16
1.034937344997779451e+00 -5.044792708575052131e-16
1.034277508995342210e+00 -2.771356278144510021e-16
1.033737966206565995e+00 -1.134888624049201766e-16
1.033280154407842710e+00 9.012430558785755608e-18
1.032881035397198222e+00 1.039207782327356000e-16
1.032525887150513189e+00 1.792457241661660206e-16
1.032204797450986256e+00 2.402185438413195762e-16
1.031910808711692606e+00 2.904984195903348443e-16
1.031638868756983962e+00 3.325112537741481411e-16
1.031385204337041950e+00 3.681950577760773058e-16
1.031146929827146730e+00 3.986069287142957052e-16
1.030921793369014017e+00 4.248717263427570501e-16
1.030708006755108430e+00 4.477483921822011936e-16
1.030504128198117986e+00 4.678332374274951633e-16
1.030308979552686965e+00 4.855599429476331608e-16
1.030121586600370343e+00 5.011724542314244246e-16
1.029941135148889408e+00 5.151722147836435006e-16
1.029766938208962035e+00 5.277083024030071456e-16
1.029598411080116405e+00 5.389840049968563918e-16
1.029435052180836863e+00 5.491077427824397894e-16
1.029276428115938113e+00 5.583370137757226459e-16
1.029122161913684552e+00 5.666582654495488924e-16
1.028971923664654176e+00 5.742205756026352859e-16
1.028825423001850536e+00 5.811594695065425142e-16
1.028682403007631363e+00 5.874478421069584400e-16
1.028542635237303049e+00 5.931534560396634070e-16
1.028405915624676537e+00 5.985473618477787916e-16
1.028272061090146572e+00 6.033585089881832175e-16
1.028140906712786462e+00 6.079121581126223361e-16
1.028012303358595503e+00 6.119372586779747714e-16
1.027886115680200607e+00 6.156777561730497617e-16
1.027762220420986417e+00 6.192962809237201327e-16
1.027640504970233737e+00 6.224540197510841644e-16
1.027520866126387933e+00 6.254491282525753704e-16
1.027403209033828313e+00 6.281731862109452003e-16
1.027287446265005455e+00 6.307617188977543421e-16
1.027173497024944870e+00 6.330792010414421078e-16
1.027061286459231448e+00 6.351662902234767039e-16
1.026950745049869607e+00 6.372127218240430935e-16
1.026841808086072838e+00 6.390423129901123822e-16
1.026734415199195061e+00 6.407092738303088453e-16
1.026628509952763890e+00 6.423491296161931707e-16
1.026524039480021910e+00 6.438670126576728769e-16
1.026420954162562849e+00 6.451951603189676199e-16
1.026319207344631446e+00 6.464013352358577436e-16
1.026218755078465827e+00 6.475533000441235920e-16
1.026119555896742419e+00 6.485697395808287524e-16
1.026021570608746991e+00 6.495455215360657064e-16
1.025924762117375932e+00 6.504806459098344540e-16
1.025829095254469303e+00 6.512531399577303759e-16
1.025734536632319172e+00 6.521069491685627106e-16
1.025641054509486505e+00 6.526219452004933252e-16
1.025548618669299472e+00 6.532995715582967655e-16
1.025457200309623396e+00 6.538687776988516553e-16
1.025366771942663124e+00 6.543160110950019259e-16
1.025277307303721130e+00 6.548445596540886093e-16
1.025188781267960758e+00 6.551833728329903295e-16
1.025101169774341070e+00 6.555763961205163248e-16
1.025014449755989432e+00 6.558474466636377009e-16
1.024928599076361468e+00 6.561998123696954899e-16
1.024843596470615736e+00 6.563759952227243843e-16
1.024759421491691747e+00 6.566199407115336228e-16
1.024676054460641916e+00 6.567554659830943109e-16
1.024593476420811111e+00 6.569045437818110678e-16
1.024511669095508504e+00 6.570536215805278246e-16
1.024430614848847565e+00 6.571755943249324439e-16
1.024350296649470193e+00 6.573111195964931319e-16
1.024270698036895855e+00 6.573246721236492007e-16
1.024191803090264807e+00 6.573382246508052695e-16
1.024113596399269133e+00 6.573382246508052695e-16
1.024036063037084832e+00 6.572840145421809943e-16
1.023959188535131792e+00 6.572433569607127879e-16
1.023882958859518189e+00 6.572162519064006503e-16
1.023807360389021204e+00 6.571349367434642375e-16
1.023732379894487954e+00 6.571484892706203063e-16
1.023658004519538922e+00 6.569858589447474806e-16
1.023584221762470881e+00 6.569452013632792742e-16
1.023511019459268923e+00 6.567690185102503797e-16
1.023438385767640124e+00 6.566741508201578981e-16
1.023366309151991338e+00 6.565792831300654164e-16
1.023294778369281177e+00 6.564031002770365220e-16
1.023223782455681352e+00 6.562675750054758339e-16
1.023153310713988073e+00 6.561862598425394211e-16
1.023083352701727344e+00 6.559287618265741138e-16
1.023013898219909512e+00 6.557796840278573569e-16
1.022944937302380675e+00 6.556441587562966689e-16
1.022876460205734972e+00 6.555221860118920496e-16
1.022808457399744908e+00 6.552917930502388799e-16
1.022740919558276174e+00 6.551156101972099854e-16
1.022673837550654108e+00 6.549258748170250222e-16
1.022607202433451823e+00 6.547361394368400589e-16
1.022541005442669126e+00 6.546819293282157837e-16
1.022475237986280705e+00 6.543702212036262011e-16
1.022409891637126922e+00 6.542075908777533755e-16
1.022344958126124359e+00 6.541262757148169626e-16
1.022280429335779450e+00 6.538281201173834489e-16
1.022216297293979226e+00 6.537061473729788297e-16
1.022152554168050287e+00 6.535164119927938664e-16
1.022089192259059365e+00 6.532995715582967655e-16
1.022026203996349691e+00 6.531504937595800087e-16
1.021963581932291865e+00 6.530285210151753894e-16
1.021901318737238773e+00 6.528523381621464949e-16
1.021839407194670812e+00 6.527032603634297381e-16
1.021777840196522069e+00 6.525406300375569124e-16
1.021716610738672371e+00 6.523373421302158803e-16
1.021655711916598541e+00 6.522018168586551923e-16
1.021595136921173319e+00 6.522018168586551923e-16
1.021534879034603271e+00 6.519172137883777474e-16
1.021474931626496607e+00 6.519036612612216786e-16
1.021415288150054224e+00 6.517681359896609905e-16
1.021355942138375106e+00 6.516732682995685089e-16
1.021296887200868087e+00 6.514970854465396144e-16
1.021238117019765523e+00 6.513751127021349951e-16
1.021179625346731124e+00 6.511989298491061007e-16
1.021121405999554810e+00 6.511582722676378943e-16
1.021063452858930187e+00 6.510091944689211374e-16
1.021005759865309948e+00 6.510227469960772062e-16
1.020948321015830551e+00 6.509549843602968622e-16
1.020891130361305077e+00 6.509143267788286558e-16
1.020834182003276247e+00 6.509143267788286558e-16
1.020777470091127626e+00 6.508601166702043805e-16
1.020720988819246999e+00 6.508059065615801053e-16
1.020664732424237053e+00 6.507923540344240365e-16
1.020608695182171566e+00 6.507381439257997613e-16
1.020552871405891571e+00 6.507516964529558301e-16
1.020497255442336826e+00 6.509007742516725870e-16
1.020441841669911920e+00 6.508194590887361741e-16
1.020386624495879690e+00 6.508465641430483117e-16
1.020331598353781066e+00 6.509414318331407934e-16
1.020276757700877113e+00 6.509956419417650686e-16
1.020222097015610618e+00 6.510905096318575502e-16
1.020167610795081448e+00 6.511989298491061007e-16
1.020113293552536105e+00 6.512395874305743071e-16
1.020059139814865512e+00 6.514293228107592704e-16
1.020005144120109453e+00 6.515919531366320960e-16
1.019951301014963674e+00 6.515648480823199584e-16
1.019897605052286327e+00 6.517139258810367153e-16
1.019844050788603518e+00 6.519036612612216786e-16
1.019790632781605311e+00 6.521069491685627106e-16
1.019737345587635513e+00 6.522289219129673299e-16
1.019684183759167251e+00 6.525270775104008436e-16
1.019631141842264999e+00 6.526626027819615317e-16
1.019578214374025737e+00 6.529607583793950454e-16
1.019525395880001017e+00 6.533537816669210407e-16
1.019472680871592818e+00 6.535028594656377976e-16
1.019420063843422319e+00 6.538010150630713113e-16
1.019367539270666922e+00 6.540991706605048250e-16
1.019315101606363294e+00 6.544786414208747516e-16
1.019262745278672444e+00 6.547767970183082653e-16
1.019210464688103723e+00 6.551562677786781919e-16
1.019158254204693526e+00 6.555763961205163248e-16
1.019106108165136471e+00 6.559694194080423202e-16
1.019054020869863963e+00 6.563488901684122467e-16
1.019001986580066355e+00 6.568096760917185861e-16
1.018949999514656257e+00 6.572298044335567191e-16
1.018898053847167917e+00 6.577041428840191273e-16
1.018846143702586859e+00 6.581920338616376043e-16
1.018794263154109370e+00 6.588696602194410445e-16
1.018742406219822927e+00 6.592491309798109711e-16
1.018690566859306701e+00 6.598047845932097921e-16
1.018638738970144564e+00 6.604553058967010948e-16
1.018586916384345953e+00 6.611193797273484662e-16
1.018535092864671476e+00 6.616750333407472873e-16
1.018483262100855269e+00 6.622713445356143147e-16
1.018431417705719433e+00 6.630302860563541678e-16
1.018379553211173683e+00 6.637079124141576081e-16
1.018327662064097083e+00 6.644533014077413924e-16
1.018275737622090116e+00 6.651986904013251767e-16
1.018223773149095068e+00 6.658898692862846858e-16
1.018171761810875209e+00 6.667030209156488141e-16
1.018119696670345631e+00 6.675974877079493552e-16
1.018067570682747780e+00 6.684106393373134836e-16
1.018015376690659668e+00 6.692644485481458183e-16
1.017963107418834001e+00 6.701318102861342219e-16
1.017910755468852013e+00 6.711075922413711758e-16
1.017858313313588114e+00 6.721240317780763363e-16
1.017805773291470484e+00 6.731269187876254279e-16
1.017753127600530938e+00 6.740755956885502442e-16
1.017700368292229429e+00 6.752546655511282303e-16
1.017647487265044282e+00 6.761355798162727027e-16
1.017594476257814406e+00 6.773688597874749640e-16
1.017541326842819283e+00 6.786021397586772252e-16
1.017488030418586265e+00 6.797812096212552113e-16
1.017434578202404794e+00 6.808925168480528534e-16
1.017380961222539071e+00 6.821257968192551147e-16
1.017327170310116990e+00 6.834674970077059264e-16
1.017273196090680676e+00 6.847956446690006693e-16
1.017219028975379969e+00 6.862051074932318251e-16
1.017164659151788886e+00 6.876010177903069120e-16
1.017110076574324840e+00 6.890375856688502054e-16
1.017055270954248858e+00 6.905690212374859804e-16
1.017000231749223271e+00 6.922088770233703059e-16
1.016944948152401773e+00 6.936996550105378745e-16
1.016889409081026763e+00 6.953801683778904064e-16
1.016833603164505995e+00 6.970471292180868694e-16
1.016777518731937890e+00 6.988360628026879517e-16
1.016721143799055316e+00 7.005707862786647588e-16
1.016664466054553628e+00 7.023055097546415659e-16
1.016607472845767912e+00 7.041757585021790611e-16
1.016550151163660765e+00 7.062221901027454507e-16
1.016492487627081553e+00 7.079975711601904642e-16
1.016434468466251850e+00 7.101388704508493355e-16
1.016376079505432406e+00 7.122395121600400003e-16
1.016317306144723709e+00 7.142994962877624587e-16
1.016258133340943948e+00 7.167389511758548437e-16
1.016198545587532420e+00 7.188260403578894397e-16
1.016138526893415994e+00 7.210351022843286550e-16
1.016078060760774227e+00 7.234745571724210400e-16
1.016017130161634974e+00 7.261037474406983883e-16
1.015955717513228551e+00 7.283941245300740164e-16
1.015893804652017174e+00 7.310775249069756399e-16
1.015831372806318633e+00 7.338151353925015385e-16
1.015768402567432727e+00 7.364172206064667492e-16
1.015704873859170965e+00 7.393174614178654735e-16
1.015640765905685194e+00 7.421228345391717163e-16
1.015576057197484339e+00 7.451992582035993351e-16
1.015510725455513574e+00 7.480994990149980595e-16
1.015444747593168939e+00 7.514063156410788480e-16
1.015378099676104817e+00 7.546047120499110861e-16
1.015310756879679754e+00 7.580741590018647003e-16
1.015242693443881628e+00 7.614893958451940392e-16
1.015173882625548973e+00 7.649588427971476534e-16
1.015104296647701076e+00 7.686180251292862309e-16
1.015033906645766981e+00 7.722501024071126707e-16
1.014962682610490496e+00 7.761803352823726243e-16
1.014890593327267387e+00 7.801376732119447155e-16
1.014817606311648746e+00 7.842034313587653571e-16
1.014743687740729872e+00 7.883640571956784804e-16
1.014668802380108703e+00 7.926331032498401541e-16
1.014592913506077831e+00 7.972545150100596167e-16
1.014515982822684181e+00 8.016861913900941161e-16
1.014437970373253339e+00 8.063753657860939228e-16
1.014358834445945545e+00 8.113355907252151056e-16
1.014278531472865730e+00 8.162687106100241508e-16
1.014197015922208234e+00 8.212153830219892647e-16
1.014114240182869997e+00 8.266906039930410621e-16
1.014030154440911158e+00 8.321251673826246531e-16
1.013944706547180941e+00 8.379120964782660330e-16
1.013857841875366761e+00 8.437125781010634817e-16
1.013769503169645647e+00 8.498925304842308570e-16
1.013679630381041807e+00 8.560453778130860947e-16
1.013588160491500689e+00 8.624286181035945020e-16
1.013495027324591513e+00 8.691100139915364231e-16
1.013400161341641459e+00 8.760489078954436515e-16
1.013303489421974568e+00 8.832859573967843936e-16
1.013204934625795417e+00 8.905501119524372733e-16
1.013104415938101077e+00 8.982208423227722172e-16
1.013001847991826798e+00 9.060270979646678491e-16
1.012897140768241000e+00 9.141450617311530635e-16
1.012790199272383340e+00 9.227102588937885486e-16
1.012680923181088266e+00 9.316820318711060978e-16
1.012569206460866456e+00 9.406266997941115093e-16
1.012454936952593032e+00 9.500050485861111227e-16
1.012337995919601497e+00 9.599797085729777635e-16
1.012218257555373535e+00 9.700627887770929547e-16
1.012095588446564554e+00 9.808370478661676550e-16
1.011969846986574995e+00 9.918959100255198003e-16
1.011840882734292846e+00 1.003185165146525115e-15
1.011708535711952850e+00 1.015111389043865664e-15
1.011572635635282769e+00 1.027484846337356483e-15
1.011433001068227533e+00 1.040400404717090055e-15
1.011289438493519377e+00 1.053966484400314929e-15
1.011141741289196760e+00 1.068020455061158280e-15
1.010989688599828629e+00 1.082752052079805072e-15
1.010833044089640698e+00 1.098161275456255304e-15
1.010671554562945884e+00 1.113841549375826911e-15
1.010504948435182904e+00 1.130863523483849331e-15
1.010332934035447439e+00 1.148576676476831260e-15
1.010155197718556108e+00 1.166723510338807390e-15
1.009971401761381449e+00 1.186374674715107158e-15
1.009781182014308998e+00 1.206581492704805747e-15
1.009584145274111000e+00 1.227858960339833772e-15
1.009379866339158660e+00 1.250356155418907989e-15
1.009167884701545059e+00 1.274032420360560192e-15
1.008947700823171756e+00 1.299334988560940651e-15
1.008718771933903025e+00 1.325301630591968483e-15
1.008480507279237548e+00 1.353016548626129190e-15
1.008232262732182472e+00 1.382655925516451667e-15
1.007973334668710974e+00 1.413813185448253851e-15
1.007702952987742373e+00 1.446935561817686011e-15
1.007420273134296274e+00 1.482145027369152768e-15
1.007124366957440342e+00 1.519726185172931565e-15
1.006814212201724512e+00 1.559665482701866335e-15
1.006488680390563051e+00 1.602206865444766315e-15
1.006146522810634547e+00 1.648027959759434946e-15
1.005786354245518543e+00 1.696695084776878026e-15
1.005406634031488666e+00 1.749224680033800716e-15
1.005005643914794078e+00 1.805901348600480461e-15
1.004581462072974052e+00 1.866914825857102223e-15
1.004131932516309167e+00 1.932685240145504135e-15
1.003654628901150536e+00 2.004283241111015634e-15
1.003146811553655038e+00 2.081803696443729201e-15
1.002605376206232135e+00 2.166669621495032061e-15
1.002026792571144354e+00 2.259355354715386621e-15
1.001407030391801012e+00 2.360931545750122318e-15
1.000741469990474641e+00 2.472441739190256449e-15
1.000024793529906031e+00 2.596786175847187739e-15
9.992508521720334658e-01 2.733273676835956678e-15
9.984125029820609676e-01 2.886661179188343418e-15
9.975014077071323593e-01 3.057639861789307467e-15
9.965077833600485269e-01 3.250492323220166568e-15
9.954200917630950940e-01 3.468715115487186473e-15
9.942246517915889203e-01 3.717119385730771608e-15
9.929051540542120913e-01 4.001912191388401485e-15
9.914420535201705631e-01 4.331089523482156700e-15
9.898118122590916501e-01 4.714111045966973279e-15
9.879859648231970048e-01 5.164339550618735064e-15
9.859299895899967803e-01 5.699637268229140741e-15
9.836020061076146126e-01 6.339221682305495875e-15
9.809514166068808994e-01 7.115849250984018770e-15
9.779178505055946546e-01 8.070557026493285768e-15
9.744313406274587308e-01 9.261376930115583495e-15
9.704159908227273368e-01 1.076874321052218031e-14
9.658024828632661984e-01 1.270240423262292140e-14
9.605618552823365075e-01 1.522768727519469012e-14
9.547886744832625450e-01 1.854911352554972082e-14
9.488929137772289524e-01 2.293744892373911215e-14
9.440022045674307805e-01 2.859211890686441659e-14
9.426322737029331211e-01 3.537782859632659926e-14
9.491171898909469551e-01 4.208722400537295849e-14
9.676559934577734223e-01 4.593779512600953963e-14
9.963757676847582179e-01 4.412622882105782240e-14
1.025309633456443326e+00 3.722842617948779464e-14
1.045717041705270578e+00 2.874858283288123095e-14
1.056491209039793988e+00 2.128183154877227867e-14
1.060612210979797077e+00 1.560532844439854738e-14
1.061065168053381358e+00 1.152124728086290073e-14
1.059745528614379761e+00 8.634138868278407042e-15
1.057675879749640613e+00 6.569330040888388123e-15
1.055368979707351773e+00 5.080449407522669159e-15
1.053069677135845650e+00 3.978385004245466039e-15
1.050887548990730114e+00 3.155638185654840999e-15
1.048865142051367494e+00 2.532343909220080569e-15
1.047012415221152404e+00 2.051324062869730458e-15
1.045324057831944042e+00 1.674401177605144841e-15
1.043788184113442208e+00 1.373779020229226600e-15
1.042390663891964886e+00 1.134780203831953216e-15
1.041117229866453942e+00 9.408706452829207478e-16
1.039954447469688015e+00 7.833360696207769536e-16
1.038890104707377304e+00 6.554002132674874304e-16
1.037913310872863981e+00 5.499344469389599865e-16
1.037014454731577606e+00 4.609756586865243477e-16
1.036185100604914311e+00 3.867891250342037068e-16
1.035417862743883033e+00 3.246778930779403716e-16
1.034706278209159835e+00 2.721889554024858882e-16
1.034044687772093019e+00 2.291867867362795685e-16
1.033428128719699801e+00 1.918495744213100096e-16
1.032852240546017653e+00 1.597165325342708719e-16
1.032313183083683361e+00 1.336550228131505591e-16
1.031807565990084719e+00 1.097483649098451863e-16
1.031332388278875634e+00 9.062574909263210188e-17
1.030884986576096951e+00 7.407811343507209045e-17
1.030462990869611906e+00 5.973953970395129431e-17
1.030064286651354744e+00 4.801660371395177762e-17
1.029686982492749925e+00 3.842141448745506338e-17
1.029329382229022816e+00 2.883977778811441794e-17
1.028989961050983393e+00 2.188733135705112076e-17
1.028667344910813020e+00 1.490777987167568597e-17
1.028360292741367310e+00 1.053031360026546182e-17
1.028067681067614147e+00 6.152847328855237663e-18
1.027788490655596521e+00 2.696952904057692280e-18
1.027521794900395191e+00 -3.794707603699265519e-19
1.027266749701541970e+00 -2.805373121306242723e-18
1.027022584613631828e+00 -4.336808689942017736e-18
1.026788595092733569e+00 -5.421010862427522170e-18
1.026564135686681256e+00 -6.112189747387031247e-18
1.026348614040333285e+00 -6.559423143537301826e-18
1.026141485606170356e+00 -6.600080725005508242e-18
1.025942248966797310e+00 -7.060866648311847626e-18
1.025750441689531556e+00 -6.830473686658677934e-18
1.025565636644732992e+00 -5.976664475826343192e-18
1.025387438729232548e+00 -5.312590645178971727e-18
1.025215481944406148e+00 -4.743384504624081899e-18
1.025049426785406448e+00 -3.415236843329338967e-18
1.024888957903974163e+00 -2.331034670843834533e-18
1.024733782012287264e+00 -5.963111948670274387e-19
1.024583625999605507e+00 2.574980159653073031e-19
1.024438235237153494e+00 1.761828530288944705e-18
1.024297372049832067e+00 3.076423664427618831e-18
1.024160814336065872e+00 4.594306705907325039e-18
1.024028354319429512e+00 6.329030181884132134e-18
1.023899797417705537e+00 7.846913223363838341e-18
1.023774961216776802e+00 9.147955830346443662e-18
1.023653674538260949e+00 1.109951974082035164e-17
1.023535776591107727e+00 1.263095530945612666e-17
1.023421116198523606e+00 1.437923131258900256e-17
1.023309551092576486e+00 1.630369016875077293e-17
1.023200947269705896e+00 1.806551869903971763e-17
1.023095178401125738e+00 1.980024217501652473e-17
1.022992125292764509e+00 2.133167774365229974e-17
1.022891675389981270e+00 2.310705880109731325e-17
1.022793722322805188e+00 2.463849436973308826e-17
1.022698165487898381e+00 2.659005828020699624e-17
1.022604909663844763e+00 2.809438879453063365e-17
1.022513864656718674e+00 2.954450920022999583e-17
1.022424944973200356e+00 3.141475794776749098e-17
1.022338069518780701e+00 3.316303395090036688e-17
1.022253161318847470e+00 3.488420489972110516e-17
1.022170147260660578e+00 3.632077277826439854e-17
1.022088957854420332e+00 3.810970636286548086e-17
1.022009527011805918e+00 3.974956214874980631e-17
1.021931791840517079e+00 4.161981089628730146e-17
1.021855692453489839e+00 4.296151108473811320e-17
