-8.092815175947283279e-01
0.000000000000000000e+00
8.910568582204512200e-01
0.000000000000000000e+00
7.412381125585491004e-01
0.000000000000000000e+00
-7.206932877254607073e-01
0.000000000000000000e+00
-5.273791262747239417e-01
0.000000000000000000e+00
-3.313021763626262661e-01
0.000000000000000000e+00
-8.369636557350271797e-04
0.000000000000000000e+00
-1.635448715999782421e-01
0.000000000000000000e+00
2.853876261773581891e-01
0.000000000000000000e+00
4.184046688946059800e-01
0.000000000000000000e+00
