9.498999999999999666e-01
9.587229999999999919e-01
9.481410000000000116e-01
9.350479999999999903e-01
9.112970000000000237e-01
8.207389999999999963e-01
1.196946999999999983e+00
1.014861999999999931e+00
9.719050000000000189e-01
9.314259999999999762e-01
8.343399999999999705e-01
1.204860000000000042e+00
1.068354999999999944e+00
1.026018000000000097e+00
1.008442999999999978e+00
9.935829999999999940e-01
9.761459999999999582e-01
9.592850000000000543e-01
9.216189999999999660e-01
8.306729999999999947e-01
1.328014000000000028e+00
1.141996999999999929e+00
1.081709000000000032e+00
1.052424999999999944e+00
1.034909999999999997e+00
1.025722000000000023e+00
1.013737000000000110e+00
1.001867000000000063e+00
9.866599999999999815e-01
1.041971999999999898e+00
1.087884999999999991e+00
1.056878999999999902e+00
1.043766999999999889e+00
1.033573999999999993e+00
1.028019000000000016e+00
1.031317999999999957e+00
1.036273999999999917e+00
1.025198000000000054e+00
1.022262000000000004e+00
1.018895000000000106e+00
1.016472000000000042e+00
1.013843999999999967e+00
1.011338999999999988e+00
1.011276000000000064e+00
1.012998000000000065e+00
1.022755999999999998e+00
1.017363000000000017e+00
1.010672999999999933e+00
1.007316000000000100e+00
1.002496000000000054e+00
9.987770000000000259e-01
9.920160000000000089e-01
9.859689999999999843e-01
9.924410000000000176e-01
1.055474000000000023e+00
1.068046000000000051e+00
1.052307000000000103e+00
1.042594999999999938e+00
1.035517000000000021e+00
1.029714999999999936e+00
