9.504765756509696573e-01
9.274407893074793074e-01
9.504765756509696573e-01
9.354532367313020957e-01
1.022588602465374086e+00
9.765170297783934972e-01
1.017580822825484788e+00
9.685045823545707089e-01
9.114158944598339529e-01
9.665014704986150118e-01
9.394594604432133789e-01
9.404610163711912829e-01
9.244361215235458173e-01
9.104143385318560489e-01
9.054065588919668617e-01
9.194283418836566302e-01
9.695061382825486129e-01
9.174252300277009331e-01
9.604921349307480316e-01
8.823707725484765119e-01
9.464703519390582631e-01
9.174252300277009331e-01
9.374563485872576818e-01
9.584890230747923345e-01
9.174252300277009331e-01
9.925419246260388517e-01
9.404610163711912829e-01
9.885357009141275686e-01
1.007565263545706413e+00
9.725108060664821030e-01
9.504765756509696573e-01
9.194283418836566302e-01
9.134190063157895390e-01
9.815248094182826843e-01
9.665014704986150118e-01
9.304454570914127975e-01
9.654999145706372188e-01
1.024591714321329672e+00
9.404610163711912829e-01
9.554843552908588444e-01
9.114158944598339529e-01
9.544827993628809404e-01
9.514781315789474503e-01
9.394594604432133789e-01
9.624952467867037287e-01
9.264392333795015144e-01
9.835279212742383814e-01
8.673474336288089503e-01
9.574874671468145415e-01
8.973941114681441844e-01
9.204298978116344232e-01
8.943894436842105833e-01
9.394594604432133789e-01
9.374563485872576818e-01
9.154221181717452360e-01
9.003987792520776745e-01
9.244361215235458173e-01
9.675030264265929159e-01
8.843738844044322089e-01
9.054065588919668617e-01
9.144205622437674430e-01
9.074096707479225588e-01
8.122618575900277804e-01
8.162680813019391746e-01
7.772074001108033592e-01
7.691949526869806819e-01
7.481622781994460292e-01
7.501653900554017262e-01
1.283994699667590167e+00
1.407186078808864371e+00
1.351098946842105519e+00
1.205873337285318758e+00
1.158800208670360155e+00
1.131758198614958522e+00
1.108722412271468283e+00
1.123745751191135955e+00
1.065655507368421073e+00
1.076672622576177352e+00
1.057643059944598507e+00
1.055639948088642699e+00
9.955465924099724528e-01
9.865325890581718715e-01
1.034607273601108046e+00
1.024591714321329672e+00
9.725108060664821030e-01
1.031602605817174556e+00
1.032604161745152460e+00
1.017580822825484788e+00
9.494750197229917532e-01
9.604921349307480316e-01
9.334501248753463987e-01
1.025593270249307576e+00
9.945450364819945488e-01
9.705076942105264060e-01
9.925419246260388517e-01
1.028597938033241066e+00
9.624952467867037287e-01
1.040616609168975248e+00
1.016579266897507106e+00
9.494750197229917532e-01
9.474719078670361672e-01
9.795216975623269873e-01
1.026594826177285480e+00
9.795216975623269873e-01
1.009568375401662221e+00
9.735123619944598961e-01
9.865325890581718715e-01
1.008566819473684317e+00
9.614936908587258246e-01
9.745139179224378001e-01
1.029599493961218970e+00
9.194283418836566302e-01
9.695061382825486129e-01
9.594905790027702386e-01
9.404610163711912829e-01
9.524796875069253543e-01
9.424641282271468690e-01
9.384579045152355858e-01
9.114158944598339529e-01
9.795216975623269873e-01
9.644983586426594258e-01
9.494750197229917532e-01
9.044050029639890687e-01
9.865325890581718715e-01
9.344516808033241917e-01
1.016579266897507106e+00
9.915403686980610587e-01
1.003559039833795019e+00
9.154221181717452360e-01
9.995528161218837360e-01
9.164236740997231401e-01
9.424641282271468690e-01
9.454687960110804701e-01
9.654999145706372188e-01
9.384579045152355858e-01
9.624952467867037287e-01
8.943894436842105833e-01
9.594905790027702386e-01
9.835279212742383814e-01
9.484734637950139602e-01
9.524796875069253543e-01
9.274407893074793074e-01
9.715092501385043100e-01
9.454687960110804701e-01
9.494750197229917532e-01
9.404610163711912829e-01
9.314470130193907016e-01
9.244361215235458173e-01
9.264392333795015144e-01
9.494750197229917532e-01
9.284423452354572115e-01
9.855310331301939675e-01
9.604921349307480316e-01
9.394594604432133789e-01
9.214314537396123272e-01
9.855310331301939675e-01
8.783645488365652287e-01
9.204298978116344232e-01
8.903832199722993002e-01
8.783645488365652287e-01
8.903832199722993002e-01
9.044050029639890687e-01
8.763614369806095317e-01
8.883801081163436031e-01
9.324485689473684946e-01
8.463147591412742976e-01
8.423085354293630145e-01
8.122618575900277804e-01
8.613380980609419701e-01
8.282867524376732460e-01
8.092571898060942903e-01
8.623396539889197632e-01
8.803676606925209258e-01
8.302898642936289431e-01
8.012447423822716130e-01
7.942338508864267288e-01
9.204298978116344232e-01
1.262962025180055514e+00
1.366122285761772970e+00
1.261960469252077610e+00
1.307030486011080406e+00
1.214887340637119229e+00
1.173823547590027827e+00
1.186843774653739692e+00
1.106719300415512697e+00
1.104716188559556889e+00
1.117736415623268753e+00
1.078675734432133160e+00
1.055639948088642699e+00
1.109723968199446187e+00
1.084685070000000140e+00
1.077674178504155256e+00
1.057643059944598507e+00
1.032604161745152460e+00
1.058644615872576189e+00
1.009568375401662221e+00
1.030601049889196874e+00
1.025593270249307576e+00
9.815248094182826843e-01
9.644983586426594258e-01
9.705076942105264060e-01
1.045624388808864325e+00
9.825263653462604774e-01
1.026594826177285480e+00
1.061649283656509901e+00
9.915403686980610587e-01
9.925419246260388517e-01
9.855310331301939675e-01
1.001555927977839433e+00
9.875341449861496645e-01
1.006563707617728731e+00
9.865325890581718715e-01
1.013574599113573615e+00
9.895372568421053616e-01
9.935434805540167558e-01
9.574874671468145415e-01
9.254376774515236104e-01
9.755154738504155931e-01
9.975497042659280389e-01
9.124174503878117459e-01
9.374563485872576818e-01
1.015577710969529202e+00
9.604921349307480316e-01
9.424641282271468690e-01
9.494750197229917532e-01
9.634968027146815217e-01
9.374563485872576818e-01
9.444672400831025660e-01
1.057643059944598507e+00
1.034607273601108046e+00
1.043621276952908739e+00
1.030601049889196874e+00
9.985512601939059429e-01
9.955465924099724528e-01
9.484734637950139602e-01
9.815248094182826843e-01
9.885357009141275686e-01
9.534812434349031474e-01
9.514781315789474503e-01
1.002557483905817337e+00
9.995528161218837360e-01
1.004560595761772923e+00
9.554843552908588444e-01
9.424641282271468690e-01
9.634968027146815217e-01
9.094127826038782558e-01
9.755154738504155931e-01
9.034034470360111646e-01
8.993972233240997705e-01
9.074096707479225588e-01
9.935434805540167558e-01
9.614936908587258246e-01
9.214314537396123272e-01
8.583334302770083690e-01
9.614936908587258246e-01
9.024018911080333716e-01
8.823707725484765119e-01
8.693505454847646474e-01
9.344516808033241917e-01
9.254376774515236104e-01
9.284423452354572115e-01
8.743583251246538346e-01
8.383023117174516203e-01
8.603365421329640661e-01
8.543272065650970859e-01
8.122618575900277804e-01
8.573318743490305760e-01
7.862214034626039405e-01
7.882245153185596376e-01
8.022462983102494061e-01
7.782089560387812632e-01
7.721996204709141720e-01
7.942338508864267288e-01
7.421529426315790490e-01
7.631856171191137017e-01
7.782089560387812632e-01
7.711980645429363790e-01
7.872229593905818446e-01
8.563303184210527830e-01
9.534812434349031474e-01
9.785201416343491942e-01
1.134762866398892012e+00
1.249941798116343650e+00
1.209879560997230152e+00
1.295011814875346445e+00
1.196859333933518066e+00
1.175826659445983413e+00
1.252946465900277140e+00
1.142775313822714800e+00
1.122744195263158051e+00
1.127751974903047127e+00
1.171820435734072241e+00
1.126750418975069445e+00
1.055639948088642699e+00
1.120741083407202243e+00
1.088691293711911534e+00
1.050632168448753623e+00
1.071664842936288276e+00
1.048629056592797815e+00
1.071664842936288276e+00
1.050632168448753623e+00
1.010569931329639903e+00
1.004560595761772923e+00
1.005562151689750827e+00
9.464703519390582631e-01
9.715092501385043100e-01
9.835279212742383814e-01
1.028597938033241066e+00
1.060647727728531997e+00
1.027596382105263384e+00
1.112728635983379677e+00
1.097705297063712004e+00
1.194856222077562480e+00
1.195857778005540384e+00
1.173823547590027827e+00
1.214887340637119229e+00
1.148784649390581780e+00
1.236921571052631785e+00
1.146781537534626194e+00
1.164809544238227357e+00
1.176828215373961317e+00
1.125748863047091541e+00
1.152790873102493174e+00
1.175826659445983413e+00
1.147783093462604098e+00
1.083683514072022236e+00
1.165811100166205039e+00
1.136765978254847820e+00
1.127751974903047127e+00
1.155795540886426664e+00
1.154793984958448982e+00
1.082681958144044554e+00
1.151789317174515270e+00
1.138769090110803406e+00
1.058644615872576189e+00
1.095702185207756418e+00
1.139770646038781310e+00
1.091695961495845024e+00
1.066657063296398977e+00
1.072666398864265958e+00
1.152790873102493174e+00
1.062650839584487583e+00
1.078675734432133160e+00
1.084685070000000140e+00
1.149786205318559684e+00
1.149786205318559684e+00
1.126750418975069445e+00
1.169817323878116433e+00
1.133761310470914330e+00
1.080678846288088746e+00
1.103714632631578985e+00
1.106719300415512697e+00
