9.999408100000000132e-01
9.999530899999999889e-01
1.000096429999999925e+00
1.000157090000000082e+00
1.000335009999999913e+00
1.000030610000000042e+00
1.000178830000000074e+00
1.000183639999999929e+00
1.000122720000000021e+00
1.000104700000000069e+00
1.000301050000000025e+00
1.000158150000000079e+00
1.000081269999999911e+00
1.000203759999999997e+00
1.000151910000000033e+00
1.000376240000000028e+00
1.000112909999999911e+00
1.000270320000000046e+00
1.000198340000000075e+00
1.000131099999999940e+00
1.000065900000000063e+00
1.000232240000000106e+00
1.000208229999999920e+00
1.000266340000000032e+00
1.000403190000000109e+00
1.000238540000000009e+00
1.000247560000000036e+00
1.000245849999999992e+00
1.000218620000000058e+00
1.000314340000000080e+00
1.000086480000000000e+00
1.000204780000000016e+00
1.000060949999999949e+00
1.000093329999999892e+00
1.000162980000000035e+00
1.000223660000000070e+00
1.000118840000000064e+00
1.000145590000000029e+00
1.000187930000000058e+00
1.000166950000000110e+00
1.000144700000000109e+00
1.000224130000000100e+00
1.000234810000000030e+00
1.000036820000000048e+00
1.000340779999999929e+00
1.000150359999999905e+00
1.000084989999999951e+00
1.000116790000000089e+00
1.000258199999999986e+00
1.000168429999999997e+00
1.000086779999999953e+00
1.000037229999999999e+00
1.000059959999999970e+00
1.000268310000000049e+00
1.000313730000000012e+00
1.000472309999999920e+00
1.000234140000000105e+00
1.000340589999999974e+00
1.000057930000000095e+00
1.000135999999999914e+00
1.000285239999999964e+00
1.000156059999999902e+00
1.000137700000000018e+00
1.000202999999999953e+00
1.000078129999999899e+00
1.000161169999999933e+00
1.000177450000000023e+00
1.000190300000000088e+00
1.000227720000000042e+00
1.000303219999999937e+00
1.000267540000000066e+00
1.000235919999999945e+00
1.000163490000000044e+00
1.000529060000000081e+00
1.000319460000000049e+00
1.000378760000000034e+00
1.000367690000000032e+00
1.000232769999999993e+00
1.000375000000000014e+00
1.000226449999999989e+00
1.000449240000000017e+00
1.000513020000000086e+00
1.000260259999999901e+00
1.000253559999999986e+00
1.000401859999999976e+00
1.000354519999999914e+00
1.000511090000000047e+00
1.000377470000000102e+00
1.000380199999999942e+00
1.000748570000000059e+00
1.000241450000000087e+00
1.000442840000000055e+00
1.000538249999999962e+00
1.000524050000000109e+00
1.000682779999999994e+00
1.000578069999999986e+00
1.000480159999999952e+00
1.000685800000000070e+00
1.000619869999999967e+00
1.000837320000000030e+00
1.000779040000000064e+00
1.000976560000000015e+00
1.000937069999999984e+00
1.001214540000000097e+00
1.000962729999999912e+00
1.001107179999999985e+00
1.001506669999999932e+00
1.001602539999999930e+00
1.001838669999999931e+00
1.002112410000000065e+00
1.002295949999999936e+00
1.002850049999999937e+00
1.003701469999999984e+00
1.004617859999999974e+00
1.005957479999999959e+00
1.008146790000000070e+00
1.011798490000000106e+00
1.018376010000000109e+00
1.032412190000000063e+00
1.061404309999999906e+00
1.099360930000000014e+00
1.080775739999999985e+00
1.043236870000000094e+00
1.023798060000000065e+00
1.014353220000000055e+00
1.009700709999999946e+00
1.006780119999999945e+00
1.005153009999999902e+00
1.004214179999999956e+00
1.003251660000000101e+00
1.002814050000000012e+00
1.002366899999999950e+00
1.001961099999999938e+00
1.001493339999999899e+00
1.001421410000000067e+00
1.001404280000000035e+00
1.001166049999999919e+00
1.001095980000000107e+00
1.000842900000000091e+00
1.000910439999999957e+00
1.000915989999999978e+00
1.000864879999999957e+00
1.000918270000000110e+00
1.000668270000000026e+00
1.000745860000000098e+00
1.000780199999999898e+00
1.000776120000000047e+00
1.000649679999999986e+00
1.000562130000000050e+00
1.000718079999999954e+00
1.000491510000000028e+00
1.000636920000000041e+00
1.000665530000000025e+00
1.000706529999999983e+00
1.000576069999999929e+00
1.000553779999999948e+00
1.000564240000000105e+00
1.000492830000000000e+00
1.000430350000000024e+00
1.000467219999999990e+00
1.000545570000000106e+00
1.000480830000000099e+00
1.000468729999999917e+00
1.000519060000000016e+00
1.000405079999999947e+00
1.000761830000000074e+00
1.000493609999999922e+00
1.000507140000000073e+00
1.000540849999999926e+00
1.000204560000000020e+00
1.000380140000000084e+00
1.000491900000000101e+00
1.000421489999999913e+00
1.000571799999999900e+00
1.000530399999999931e+00
1.000442229999999988e+00
1.000421659999999990e+00
1.000656140000000027e+00
1.000494640000000102e+00
1.000697020000000048e+00
1.000575189999999948e+00
1.000538729999999932e+00
1.000572739999999961e+00
1.000704180000000054e+00
1.000601220000000069e+00
1.000306480000000109e+00
1.000562200000000068e+00
1.000477510000000070e+00
1.000751689999999972e+00
1.000792410000000077e+00
1.000645970000000107e+00
1.000603759999999953e+00
1.000747110000000051e+00
1.000782740000000004e+00
1.000581659999999928e+00
1.000674110000000061e+00
1.000585819999999959e+00
1.000699140000000043e+00
1.000839159999999950e+00
1.000609939999999920e+00
1.000783100000000037e+00
1.000588330000000026e+00
1.000752089999999983e+00
1.000563120000000028e+00
1.000702449999999910e+00
1.000651549999999945e+00
1.000732200000000072e+00
1.000726669999999929e+00
1.000813149999999929e+00
1.000794750000000066e+00
1.000774959999999991e+00
1.000929720000000023e+00
1.000633190000000061e+00
1.000916300000000092e+00
1.000754740000000087e+00
1.000922209999999923e+00
1.000995470000000109e+00
1.000873979999999941e+00
1.000995979999999896e+00
1.000833639999999969e+00
1.000926240000000078e+00
1.000894050000000091e+00
1.001119730000000096e+00
1.001001000000000030e+00
1.001050620000000002e+00
1.001180229999999893e+00
1.001066130000000109e+00
1.001093760000000055e+00
1.001219499999999929e+00
1.001182479999999986e+00
1.001067750000000034e+00
1.001458970000000059e+00
1.001347769999999970e+00
1.001350430000000014e+00
1.001361139999999983e+00
1.001295100000000105e+00
1.001558390000000021e+00
1.001431739999999904e+00
1.001508920000000025e+00
1.001651850000000010e+00
1.001770140000000087e+00
1.001819320000000069e+00
1.001635180000000069e+00
1.001721950000000083e+00
1.001776250000000035e+00
1.002087100000000008e+00
1.001904640000000013e+00
1.002003149999999954e+00
1.002039099999999960e+00
1.002256459999999905e+00
1.002166069999999909e+00
1.002521100000000054e+00
1.002362570000000064e+00
1.002416879999999955e+00
1.002777150000000006e+00
1.002797939999999999e+00
1.003004500000000077e+00
1.003116109999999894e+00
1.003146169999999948e+00
1.003440490000000018e+00
1.003774429999999995e+00
1.003743719999999895e+00
1.003963589999999906e+00
1.004098729999999939e+00
1.004482679999999961e+00
1.004543069999999982e+00
1.004854930000000035e+00
1.005086020000000024e+00
1.005415210000000004e+00
1.005754559999999964e+00
1.006082410000000094e+00
1.006730530000000012e+00
1.007004009999999949e+00
1.007792170000000098e+00
1.008247759999999937e+00
1.008843300000000109e+00
1.009453670000000081e+00
1.010405269999999911e+00
1.011272390000000021e+00
1.012190200000000040e+00
1.013414690000000062e+00
1.014770670000000097e+00
1.016221510000000050e+00
1.018265329999999969e+00
1.020266820000000019e+00
1.022982040000000037e+00
1.025988359999999933e+00
1.029731780000000096e+00
1.034045169999999958e+00
1.039532450000000052e+00
1.046454449999999925e+00
1.054506649999999990e+00
1.065192270000000052e+00
1.078397749999999933e+00
1.095049949999999939e+00
1.115321409999999958e+00
1.139810570000000078e+00
1.166536510000000026e+00
1.191367319999999896e+00
1.207774190000000081e+00
1.210430810000000079e+00
1.197582759999999968e+00
1.174471040000000022e+00
1.147754310000000055e+00
1.122606640000000100e+00
1.100761019999999979e+00
1.083120269999999996e+00
1.068736700000000095e+00
1.057624499999999967e+00
1.048699470000000078e+00
1.041467149999999897e+00
1.035748169999999968e+00
1.030939070000000068e+00
1.027095609999999937e+00
1.023771280000000061e+00
1.021188879999999966e+00
1.018914040000000076e+00
1.016815470000000055e+00
1.015162349999999991e+00
1.013821810000000045e+00
1.012658349999999929e+00
1.011461790000000027e+00
1.010464849999999970e+00
1.009694969999999969e+00
1.009162469999999923e+00
1.008454139999999999e+00
1.007774539999999996e+00
1.007301750000000107e+00
1.006711920000000093e+00
1.006433630000000079e+00
1.006033629999999901e+00
1.005711620000000028e+00
1.005350860000000068e+00
1.004921420000000065e+00
1.004764310000000105e+00
1.004594420000000099e+00
1.004418140000000070e+00
1.003957849999999929e+00
1.003742759999999956e+00
1.003732389999999919e+00
1.003448260000000092e+00
1.003265410000000024e+00
1.003261050000000099e+00
1.003089569999999986e+00
1.002940219999999938e+00
1.002860510000000094e+00
1.002875629999999907e+00
1.002596199999999937e+00
1.002380129999999925e+00
1.002356800000000048e+00
1.002270329999999987e+00
1.002341139999999964e+00
1.002243729999999999e+00
1.001965919999999954e+00
1.002006369999999924e+00
1.001990189999999892e+00
1.001949060000000058e+00
1.001666100000000004e+00
1.001816030000000080e+00
1.001729700000000056e+00
1.001745679999999972e+00
1.001652690000000012e+00
1.001632599999999984e+00
1.001507570000000014e+00
1.001383700000000099e+00
1.001385629999999916e+00
1.001293999999999906e+00
1.001358699999999935e+00
1.001489080000000031e+00
1.001310659999999908e+00
1.001402349999999997e+00
1.001295070000000065e+00
1.001131839999999995e+00
1.001182550000000004e+00
1.001077970000000095e+00
1.001298570000000110e+00
1.001075970000000037e+00
1.000957730000000101e+00
1.001057560000000013e+00
1.001055129999999904e+00
1.000834900000000083e+00
1.001060159999999977e+00
1.001030419999999976e+00
1.001082390000000100e+00
1.000963899999999906e+00
1.000828489999999960e+00
1.000932390000000005e+00
1.001013340000000085e+00
1.000767720000000027e+00
1.000853669999999918e+00
1.000980039999999960e+00
1.000918490000000105e+00
1.000808169999999997e+00
1.000896489999999917e+00
1.000702100000000039e+00
1.000689259999999914e+00
1.000719219999999909e+00
1.000760419999999984e+00
1.000772620000000002e+00
1.000654769999999916e+00
1.000849089999999997e+00
1.000670299999999902e+00
1.000623040000000019e+00
1.000693679999999919e+00
1.000911799999999907e+00
1.000822950000000100e+00
1.000486699999999951e+00
1.000720419999999944e+00
1.000604459999999918e+00
1.000760630000000040e+00
1.000686909999999985e+00
1.000511310000000043e+00
1.000703660000000106e+00
1.000727659999999908e+00
1.000718910000000017e+00
1.000573490000000065e+00
1.000397069999999999e+00
1.000529980000000041e+00
1.000389779999999895e+00
1.000526550000000015e+00
1.000649860000000002e+00
1.000674700000000028e+00
1.000574910000000095e+00
1.000412780000000001e+00
1.000595340000000055e+00
1.000543249999999995e+00
1.000269400000000086e+00
1.000560969999999994e+00
1.000700719999999988e+00
1.000538380000000060e+00
1.000675179999999997e+00
1.000647410000000015e+00
1.000359140000000036e+00
1.000604550000000037e+00
1.000571300000000052e+00
1.000606909999999905e+00
1.000372389999999889e+00
1.000634199999999918e+00
1.000508759999999997e+00
1.000676969999999999e+00
1.000491019999999898e+00
1.000459250000000022e+00
1.000531199999999954e+00
1.000389039999999952e+00
1.000551170000000045e+00
1.000301729999999889e+00
1.000731430000000088e+00
1.000516650000000007e+00
1.000564980000000048e+00
1.000467100000000054e+00
1.000527479999999914e+00
1.000456570000000101e+00
1.000517410000000051e+00
1.000336239999999988e+00
1.000503289999999934e+00
1.000504339999999992e+00
1.000401560000000023e+00
1.000454270000000090e+00
1.000556709999999905e+00
1.000441099999999972e+00
1.000581020000000043e+00
1.000465919999999898e+00
1.000431539999999897e+00
1.000618730000000012e+00
1.000691819999999899e+00
1.000432479999999957e+00
1.000350580000000100e+00
1.000379789999999991e+00
1.000251989999999980e+00
1.000368949999999924e+00
1.000451600000000107e+00
1.000367910000000027e+00
1.000275129999999901e+00
1.000309279999999967e+00
1.000413559999999924e+00
1.000444200000000006e+00
1.000301480000000076e+00
1.000475999999999921e+00
1.000481769999999937e+00
1.000478919999999938e+00
1.000450180000000078e+00
1.000411369999999911e+00
1.000434159999999961e+00
1.000338280000000024e+00
1.000444639999999996e+00
1.000359519999999947e+00
1.000341799999999948e+00
1.000490990000000080e+00
1.000396590000000030e+00
1.000516439999999951e+00
1.000230909999999973e+00
1.000426199999999932e+00
1.000277209999999917e+00
1.000614300000000068e+00
1.000406569999999995e+00
1.000498359999999920e+00
1.000305119999999937e+00
1.000431740000000014e+00
1.000463340000000034e+00
1.000441149999999890e+00
1.000521360000000026e+00
1.000420859999999967e+00
1.000379340000000061e+00
1.000471080000000068e+00
1.000396379999999974e+00
1.000451889999999899e+00
1.000313240000000103e+00
1.000516989999999939e+00
1.000229859999999915e+00
1.000500930000000066e+00
1.000556039999999980e+00
1.000600149999999910e+00
1.000396319999999895e+00
1.000490499999999949e+00
1.000297819999999893e+00
1.000428080000000053e+00
1.000317050000000041e+00
1.000370100000000040e+00
1.000361599999999962e+00
1.000559799999999999e+00
1.000329999999999941e+00
1.000578659999999953e+00
1.000427589999999922e+00
1.000294430000000068e+00
1.000375519999999963e+00
1.000508900000000034e+00
1.000375529999999902e+00
1.000468260000000109e+00
1.000560129999999992e+00
1.000322509999999943e+00
1.000356819999999924e+00
1.000601419999999964e+00
1.000505690000000003e+00
1.000426370000000009e+00
1.000756680000000065e+00
1.000426730000000042e+00
1.000424149999999957e+00
1.000454259999999929e+00
1.000412059999999936e+00
1.000391349999999901e+00
1.000337980000000071e+00
1.000393759999999910e+00
1.000538619999999934e+00
1.000462949999999962e+00
1.000466190000000033e+00
1.000510159999999926e+00
1.000328450000000036e+00
1.000440959999999935e+00
1.000429749999999895e+00
1.000550030000000090e+00
1.000417880000000093e+00
1.000518159999999934e+00
1.000513360000000018e+00
1.000453899999999896e+00
1.000663810000000042e+00
1.000525000000000109e+00
1.000545129999999894e+00
1.000591519999999957e+00
1.000539550000000055e+00
1.000447400000000098e+00
1.000700460000000014e+00
1.000390080000000070e+00
1.000510840000000012e+00
1.000588040000000012e+00
1.000485880000000050e+00
1.000520580000000104e+00
1.000582620000000089e+00
1.000512639999999953e+00
1.000450429999999891e+00
1.000524259999999943e+00
1.000501890000000005e+00
1.000457380000000063e+00
1.000570909999999980e+00
1.000369789999999925e+00
1.000613839999999977e+00
1.000533239999999990e+00
1.000586409999999926e+00
1.000510269999999924e+00
1.000467180000000011e+00
1.000615830000000095e+00
1.000448269999999917e+00
1.000611370000000111e+00
1.000601719999999917e+00
1.000615100000000091e+00
1.000666529999999943e+00
1.000711509999999915e+00
1.000363639999999998e+00
1.000556699999999966e+00
1.000855000000000050e+00
1.000706179999999890e+00
1.000698520000000036e+00
1.000686890000000107e+00
1.000526320000000080e+00
1.000633770000000089e+00
1.000745709999999900e+00
1.000646530000000034e+00
1.000716500000000009e+00
1.000571569999999966e+00
1.000636529999999969e+00
1.000662479999999910e+00
1.000627209999999989e+00
1.000540930000000106e+00
1.000693080000000013e+00
1.000658330000000040e+00
1.000603810000000093e+00
1.000832909999999965e+00
1.000632460000000057e+00
1.000594250000000018e+00
1.000693260000000029e+00
1.000761550000000000e+00
1.000931669999999940e+00
1.000598380000000009e+00
1.000611810000000101e+00
1.000550990000000029e+00
1.000673069999999942e+00
1.000804589999999994e+00
1.000752319999999917e+00
1.000592879999999907e+00
1.000706340000000028e+00
1.000858269999999939e+00
1.000689610000000007e+00
1.000819930000000024e+00
1.000844089999999964e+00
1.000705769999999939e+00
1.000866140000000071e+00
1.001037759999999999e+00
1.000898330000000058e+00
1.000600120000000093e+00
1.000774889999999973e+00
1.000887389999999932e+00
1.000846549999999890e+00
1.000888439999999990e+00
1.000944250000000091e+00
1.000947859999999912e+00
1.000861599999999907e+00
1.000634220000000019e+00
1.000926489999999891e+00
1.000801880000000033e+00
1.000839049999999952e+00
1.000949249999999902e+00
1.000986919999999891e+00
1.000851380000000068e+00
1.000835279999999994e+00
1.000881970000000010e+00
1.001050530000000105e+00
1.001081459999999979e+00
1.000977849999999947e+00
1.000884630000000053e+00
1.000938359999999916e+00
1.001256240000000020e+00
1.001136309999999918e+00
1.000952239999999938e+00
1.001251310000000005e+00
1.001154829999999940e+00
1.001111529999999972e+00
1.001034610000000047e+00
1.001235429999999926e+00
1.001103220000000071e+00
1.001103789999999938e+00
1.001308829999999928e+00
1.001339409999999930e+00
1.001273379999999991e+00
1.001150519999999933e+00
1.001264609999999999e+00
1.001208480000000067e+00
1.001384870000000094e+00
1.001294609999999974e+00
1.001342979999999994e+00
1.001237350000000026e+00
1.001527229999999991e+00
1.001465309999999942e+00
1.001369930000000075e+00
1.001267579999999935e+00
1.001481370000000037e+00
1.001392040000000039e+00
1.001699239999999991e+00
1.001495770000000007e+00
1.001528580000000002e+00
1.001467080000000065e+00
1.001712069999999954e+00
1.001706949999999985e+00
1.001702400000000104e+00
1.001566179999999973e+00
1.001803929999999898e+00
1.001731900000000008e+00
1.001781620000000039e+00
1.001957310000000101e+00
1.001964360000000109e+00
1.001871940000000016e+00
1.001939960000000074e+00
1.001870089999999935e+00
1.002143959999999945e+00
1.002072639999999959e+00
1.001998839999999946e+00
1.002068750000000064e+00
1.002189730000000001e+00
1.002372749999999924e+00
1.002334840000000060e+00
1.002358819999999984e+00
1.002339459999999960e+00
1.002580489999999935e+00
1.002493269999999992e+00
1.002885060000000106e+00
1.002741850000000046e+00
1.002964619999999973e+00
1.002754909999999944e+00
1.002916209999999975e+00
1.002986509999999942e+00
1.003343309999999988e+00
1.003352709999999925e+00
1.003301009999999938e+00
1.003462110000000074e+00
1.003652409999999939e+00
1.003489059999999933e+00
1.003716959999999991e+00
1.003789800000000065e+00
1.004015319999999933e+00
1.004071139999999973e+00
1.004448519999999956e+00
1.004468560000000066e+00
1.004616869999999995e+00
1.005004699999999973e+00
1.005029979999999989e+00
1.005244969999999904e+00
1.005269849999999909e+00
1.005681339999999979e+00
1.005917299999999903e+00
1.006504300000000018e+00
1.006408809999999932e+00
1.006927560000000055e+00
1.007270979999999927e+00
1.007765739999999965e+00
1.008102859999999934e+00
1.008560990000000102e+00
1.008983699999999928e+00
1.009416099999999927e+00
1.009943720000000100e+00
1.010461599999999960e+00
1.011562829999999913e+00
1.012142400000000109e+00
1.013065719999999947e+00
1.014242759999999910e+00
1.015255900000000100e+00
1.016622619999999921e+00
1.018025439999999948e+00
1.019806860000000093e+00
1.021572469999999955e+00
1.024024910000000066e+00
1.026520150000000076e+00
1.029486549999999889e+00
1.032952689999999896e+00
1.037053400000000014e+00
1.041794040000000088e+00
1.047272299999999934e+00
1.053303719999999943e+00
1.059793090000000104e+00
1.066121300000000049e+00
1.071905740000000051e+00
1.076123830000000003e+00
1.078624290000000041e+00
1.078912759999999915e+00
1.076919350000000053e+00
1.073951899999999959e+00
1.070665980000000017e+00
1.067631299999999950e+00
1.065666640000000109e+00
1.064303699999999964e+00
1.064116269999999975e+00
1.065278890000000089e+00
1.067498779999999980e+00
1.071288220000000013e+00
1.075959619999999894e+00
1.082208779999999981e+00
1.089819040000000072e+00
1.098928970000000005e+00
1.108977480000000071e+00
1.119709840000000067e+00
1.130428229999999923e+00
1.140079840000000067e+00
1.146885670000000079e+00
1.150257939999999923e+00
1.148981110000000028e+00
1.143500369999999933e+00
1.134536659999999975e+00
1.123461229999999977e+00
1.111725690000000100e+00
1.099817370000000016e+00
1.088510209999999923e+00
1.078268549999999992e+00
1.069190319999999916e+00
1.061365459999999983e+00
1.054598920000000106e+00
1.048568740000000110e+00
1.043518189999999901e+00
1.039088309999999904e+00
1.035481890000000016e+00
1.031662859999999959e+00
1.028984279999999973e+00
1.026475390000000099e+00
1.024342290000000100e+00
1.022289159999999919e+00
1.020521599999999918e+00
1.018893580000000076e+00
1.017764490000000022e+00
1.016231410000000057e+00
1.015403590000000023e+00
1.014464110000000030e+00
1.013445240000000025e+00
1.012489909999999993e+00
1.011902800000000102e+00
1.011204449999999921e+00
1.010640489999999891e+00
1.009894759999999891e+00
1.009331219999999973e+00
1.009044510000000061e+00
1.008566070000000092e+00
1.008049299999999926e+00
1.007745590000000080e+00
1.007581129999999936e+00
1.007045739999999912e+00
1.006859210000000004e+00
1.006549539999999965e+00
1.006180719999999917e+00
1.005930280000000065e+00
1.005710190000000059e+00
1.005445169999999999e+00
1.005425620000000020e+00
1.005075780000000085e+00
1.005003070000000109e+00
1.004835850000000086e+00
1.004838649999999944e+00
1.004443970000000075e+00
1.004354210000000025e+00
1.004201010000000061e+00
1.004023399999999899e+00
1.004189049999999916e+00
1.003868409999999933e+00
1.003677280000000005e+00
1.003573770000000032e+00
1.003694689999999889e+00
1.003439360000000002e+00
1.003342930000000077e+00
1.003489499999999923e+00
1.003309460000000097e+00
1.002942640000000107e+00
1.003130899999999937e+00
1.002896859999999890e+00
1.002919279999999969e+00
1.002848020000000062e+00
1.002969750000000104e+00
1.002878949999999936e+00
1.002834000000000003e+00
1.002567900000000067e+00
1.002467009999999936e+00
1.002642430000000084e+00
1.002429900000000096e+00
1.002402479999999985e+00
1.002393819999999991e+00
1.002298970000000011e+00
1.002132250000000058e+00
1.002180040000000050e+00
1.002216329999999989e+00
1.002006930000000073e+00
1.002183690000000071e+00
1.002175009999999977e+00
1.001966960000000073e+00
1.002188719999999922e+00
1.001946900000000085e+00
1.002129819999999949e+00
1.002009530000000037e+00
1.001951830000000099e+00
1.002055270000000053e+00
1.001710300000000053e+00
1.001781849999999974e+00
1.001761640000000009e+00
1.001831759999999960e+00
1.001744640000000075e+00
1.001853419999999995e+00
1.001875220000000066e+00
1.001730460000000100e+00
1.001710419999999990e+00
1.001635089999999950e+00
1.001781000000000033e+00
1.001782890000000092e+00
1.001637899999999970e+00
1.001753719999999959e+00
1.001537349999999993e+00
1.001729869999999911e+00
1.001605599999999985e+00
1.001465819999999951e+00
1.001716489999999959e+00
1.001760149999999960e+00
1.001591440000000111e+00
1.001682299999999914e+00
1.001690140000000007e+00
1.001678910000000089e+00
1.001416499999999932e+00
1.001629389999999953e+00
1.001618530000000007e+00
1.001659319999999909e+00
1.001673999999999953e+00
1.001599970000000006e+00
1.001542960000000093e+00
1.001441629999999972e+00
1.001552629999999944e+00
1.001591399999999910e+00
1.001376800000000067e+00
1.001559749999999971e+00
1.001583349999999983e+00
1.001825270000000101e+00
1.001670929999999959e+00
1.001590060000000060e+00
1.001649130000000110e+00
1.001540440000000087e+00
1.001449610000000101e+00
1.001399120000000087e+00
1.001504490000000080e+00
1.001564160000000037e+00
1.001519840000000050e+00
1.001766839999999936e+00
1.001641760000000048e+00
1.001598879999999969e+00
1.001622089999999909e+00
1.001683230000000036e+00
1.001615149999999899e+00
1.001676610000000078e+00
1.001709079999999918e+00
1.001621880000000075e+00
1.001733210000000041e+00
1.001733259999999959e+00
1.001750410000000091e+00
1.001552390000000070e+00
1.001778480000000027e+00
1.001870919999999998e+00
1.001730009999999949e+00
1.001756489999999999e+00
1.001749470000000031e+00
1.001775180000000098e+00
1.001807069999999911e+00
1.001920549999999910e+00
1.001858570000000004e+00
1.001787189999999939e+00
1.001852329999999958e+00
1.001848630000000018e+00
1.001972800000000108e+00
1.001849280000000064e+00
1.002065280000000058e+00
1.002025310000000058e+00
1.002005079999999992e+00
1.002038020000000085e+00
1.002074109999999907e+00
1.002250349999999957e+00
1.002079429999999993e+00
1.002463560000000031e+00
1.002073940000000052e+00
1.002203750000000060e+00
1.002417300000000067e+00
1.002473949999999947e+00
1.002556299999999956e+00
1.002569189999999999e+00
1.002652890000000019e+00
1.002530029999999961e+00
1.002608399999999955e+00
1.002642940000000094e+00
1.002731309999999931e+00
1.002861940000000063e+00
1.002920870000000075e+00
1.003015509999999999e+00
1.003175280000000003e+00
1.003385729999999976e+00
1.003503449999999964e+00
1.003761630000000071e+00
1.003891609999999934e+00
1.003911199999999893e+00
1.004132409999999975e+00
1.004270559999999923e+00
1.004214919999999900e+00
1.004424320000000037e+00
1.004864350000000073e+00
1.005152499999999893e+00
1.005188170000000047e+00
1.005282819999999910e+00
1.005696460000000014e+00
1.006069349999999973e+00
1.006398340000000058e+00
1.006933999999999996e+00
1.007382210000000056e+00
1.007955350000000028e+00
1.008327030000000013e+00
1.009031379999999922e+00
1.009708360000000082e+00
1.010476829999999993e+00
1.011308749999999979e+00
1.012337480000000012e+00
1.013473910000000089e+00
1.014999769999999968e+00
1.016368280000000013e+00
1.017779460000000080e+00
1.019843129999999931e+00
1.021904319999999977e+00
1.024344979999999961e+00
1.026984539999999946e+00
1.030133449999999895e+00
1.033369999999999900e+00
1.036834800000000056e+00
1.040245679999999950e+00
1.043562620000000107e+00
1.046384170000000058e+00
1.048361630000000044e+00
1.049327759999999943e+00
1.049230890000000027e+00
1.047880719999999988e+00
1.045905190000000040e+00
1.042830469999999954e+00
1.039526589999999917e+00
1.036091630000000041e+00
1.032326560000000004e+00
1.029452339999999966e+00
1.026440049999999937e+00
1.023849830000000072e+00
1.021450479999999938e+00
1.019393339999999926e+00
1.017563060000000075e+00
1.015890329999999953e+00
1.014445899999999900e+00
1.013385690000000006e+00
1.012338139999999997e+00
1.011433089999999924e+00
1.010342419999999963e+00
1.009583209999999953e+00
1.009260449999999976e+00
1.008408289999999985e+00
1.008004799999999923e+00
1.007558490000000084e+00
1.007013670000000083e+00
1.006712559999999979e+00
1.006234319999999904e+00
1.005752999999999897e+00
1.005738129999999897e+00
1.005347769999999974e+00
1.005050130000000097e+00
1.005025220000000052e+00
1.004760050000000016e+00
1.004384979999999983e+00
1.004375550000000006e+00
1.004175419999999930e+00
1.004003350000000072e+00
1.003985179999999922e+00
1.003885700000000103e+00
1.003698500000000049e+00
1.003649039999999992e+00
1.003525519999999949e+00
1.003204479999999954e+00
1.003458249999999996e+00
1.003117830000000099e+00
1.003260400000000052e+00
1.003245729999999947e+00
1.003037710000000082e+00
1.002979459999999934e+00
1.002900750000000007e+00
1.002923070000000028e+00
1.002998650000000103e+00
1.002961159999999907e+00
1.002877929999999917e+00
1.002705289999999971e+00
1.002528269999999999e+00
1.002684799999999932e+00
1.002838569999999985e+00
1.002802160000000109e+00
1.002566410000000019e+00
1.002554879999999926e+00
1.002617089999999989e+00
1.002538839999999931e+00
1.002486320000000042e+00
1.002602159999999909e+00
1.002457300000000107e+00
1.002559809999999940e+00
1.002499720000000094e+00
1.002512690000000095e+00
1.002490509999999890e+00
1.002608069999999962e+00
1.002470919999999932e+00
1.002496630000000000e+00
1.002467049999999915e+00
1.002505170000000057e+00
1.002584279999999994e+00
1.002476909999999943e+00
1.002645000000000008e+00
1.002462870000000006e+00
1.002463579999999910e+00
1.002534409999999987e+00
1.002456940000000074e+00
1.002504319999999893e+00
1.002534320000000090e+00
1.002427670000000104e+00
1.002474410000000038e+00
1.002531540000000110e+00
1.002561400000000047e+00
1.002515639999999930e+00
1.002599730000000022e+00
1.002454670000000103e+00
1.002466740000000023e+00
1.002612740000000002e+00
1.002538090000000048e+00
1.002646989999999905e+00
1.002684970000000009e+00
1.002673930000000047e+00
1.002885830000000089e+00
1.002741410000000055e+00
1.003049300000000033e+00
1.002806730000000091e+00
1.002773120000000073e+00
1.002709850000000014e+00
1.002772049999999915e+00
1.002787890000000015e+00
1.002783049999999898e+00
1.002801330000000046e+00
1.002944999999999975e+00
1.002934809999999954e+00
1.002995450000000011e+00
1.003054389999999962e+00
1.003155070000000038e+00
1.003034079999999939e+00
1.003039680000000100e+00
1.002975759999999994e+00
1.003120999999999929e+00
1.003199720000000017e+00
1.003228599999999915e+00
1.003181670000000025e+00
1.003333290000000044e+00
1.003373719999999913e+00
1.003292180000000089e+00
1.003717299999999923e+00
1.003608480000000025e+00
1.003719969999999906e+00
1.003523079999999901e+00
1.003506070000000028e+00
1.003550649999999989e+00
1.003692290000000042e+00
1.003835800000000056e+00
1.003720429999999997e+00
1.004136059999999997e+00
1.004077509999999895e+00
1.004002770000000044e+00
1.003969120000000048e+00
1.004108020000000101e+00
1.004129470000000079e+00
1.004114799999999974e+00
1.004380309999999943e+00
1.004300409999999921e+00
1.004398380000000035e+00
1.004571389999999953e+00
1.004573479999999908e+00
1.004816130000000030e+00
1.004935659999999897e+00
1.004832780000000092e+00
1.005001140000000071e+00
1.005115479999999950e+00
1.005322410000000000e+00
1.005120070000000032e+00
1.005564700000000089e+00
1.005668379999999917e+00
1.005614879999999989e+00
1.005867150000000043e+00
1.005912509999999926e+00
1.005930750000000096e+00
1.006202290000000055e+00
1.006281640000000088e+00
1.006342700000000034e+00
1.006760649999999924e+00
1.006793679999999913e+00
1.006815009999999955e+00
1.007108399999999904e+00
1.007260180000000060e+00
1.007512780000000108e+00
1.007445069999999943e+00
1.007787540000000037e+00
1.008126349999999949e+00
1.008265610000000034e+00
1.008525880000000097e+00
1.008824509999999952e+00
1.008855239999999931e+00
1.009158320000000053e+00
1.009616290000000083e+00
1.009813829999999912e+00
1.010070040000000002e+00
1.010482050000000021e+00
1.010583790000000093e+00
1.011097480000000104e+00
1.011401980000000034e+00
1.011904700000000101e+00
1.011926050000000021e+00
1.012415939999999903e+00
1.012923849999999959e+00
1.013450980000000001e+00
1.013946060000000093e+00
1.014601730000000090e+00
1.015055040000000020e+00
1.015732150000000056e+00
1.016329250000000073e+00
1.016772229999999944e+00
1.017589029999999894e+00
1.018197720000000084e+00
1.018972889999999909e+00
1.019809259999999940e+00
1.020692179999999949e+00
1.021670630000000024e+00
1.022644859999999989e+00
1.023493369999999958e+00
1.024436630000000070e+00
1.025879269999999899e+00
1.026983390000000052e+00
1.028310540000000106e+00
1.029517039999999994e+00
1.030807559999999956e+00
1.032370540000000059e+00
1.033898830000000046e+00
1.035527379999999997e+00
1.037375359999999969e+00
1.039188840000000003e+00
1.040989280000000017e+00
1.042754650000000005e+00
1.044952789999999965e+00
1.046927879999999922e+00
1.049023339999999971e+00
1.051018009999999947e+00
1.053130410000000072e+00
1.054829790000000100e+00
1.056987600000000027e+00
1.058702089999999929e+00
1.060153679999999987e+00
1.061754599999999993e+00
1.063068239999999998e+00
1.063916209999999918e+00
1.064930809999999894e+00
1.065376019999999979e+00
1.065529759999999992e+00
1.065289680000000017e+00
1.065012800000000093e+00
1.064180490000000034e+00
1.063085980000000097e+00
1.061823790000000045e+00
1.060425629999999897e+00
1.059085599999999960e+00
1.057287620000000095e+00
1.055169320000000077e+00
1.053331739999999961e+00
1.051329610000000025e+00
1.049470590000000092e+00
1.047388090000000105e+00
1.045475780000000077e+00
1.043393299999999968e+00
1.041742069999999964e+00
1.040094770000000057e+00
1.038137349999999959e+00
1.036727409999999905e+00
1.034691980000000067e+00
1.033459240000000001e+00
1.032039420000000041e+00
1.030628969999999978e+00
1.029325080000000003e+00
1.028138580000000024e+00
1.027075189999999916e+00
1.025905550000000055e+00
1.024950569999999894e+00
1.024106849999999902e+00
1.023296489999999892e+00
1.022382270000000037e+00
1.021600609999999909e+00
1.020778160000000101e+00
1.020134400000000108e+00
1.019505209999999940e+00
1.018999980000000027e+00
1.018387769999999914e+00
1.017824290000000076e+00
1.017366919999999952e+00
1.016836209999999907e+00
1.016554469999999988e+00
1.016194250000000077e+00
1.015706790000000082e+00
1.015287190000000006e+00
1.014960929999999983e+00
1.014891549999999976e+00
1.014437449999999963e+00
1.014164580000000093e+00
1.013797990000000038e+00
1.013724770000000053e+00
1.013508080000000033e+00
1.013270139999999930e+00
1.013144669999999969e+00
1.013127639999999996e+00
1.012972570000000072e+00
1.012630600000000047e+00
1.012445739999999983e+00
1.012347340000000040e+00
1.012428630000000052e+00
1.012356189999999989e+00
1.012206219999999934e+00
1.012184289999999987e+00
1.012355410000000067e+00
1.012202489999999955e+00
1.012108400000000019e+00
1.012206820000000063e+00
1.012207300000000032e+00
1.012157909999999994e+00
1.012163960000000085e+00
1.012217389999999995e+00
1.012239450000000041e+00
1.012358340000000023e+00
1.012487099999999973e+00
1.012560150000000103e+00
1.012587480000000095e+00
1.012788610000000089e+00
1.012907690000000027e+00
1.013132560000000071e+00
1.013149319999999909e+00
1.013450320000000016e+00
1.013602820000000015e+00
1.013741840000000005e+00
1.013965999999999923e+00
1.014081009999999949e+00
1.014296319999999918e+00
1.014537849999999963e+00
1.014785349999999919e+00
1.015128990000000009e+00
1.015395159999999963e+00
1.015915490000000032e+00
1.016155579999999947e+00
1.016439620000000099e+00
1.016658719999999905e+00
1.017144950000000048e+00
1.017674790000000051e+00
1.018028949999999933e+00
1.018595879999999898e+00
1.018897500000000012e+00
1.019268880000000044e+00
1.020169550000000092e+00
1.020583809999999980e+00
1.021154150000000094e+00
1.021521660000000109e+00
1.022012879999999901e+00
1.022872020000000104e+00
1.023448370000000107e+00
1.024091489999999993e+00
1.024927300000000097e+00
1.025740319999999928e+00
1.026540159999999924e+00
1.027311960000000024e+00
1.028308449999999930e+00
1.029109239999999925e+00
1.030063890000000093e+00
1.030908219999999931e+00
1.031860240000000095e+00
1.032728300000000043e+00
1.033654789999999934e+00
1.034758140000000104e+00
1.035635880000000064e+00
1.036783350000000103e+00
1.037372189999999916e+00
1.038541820000000060e+00
1.039108069999999939e+00
1.040099859999999987e+00
1.040983999999999909e+00
1.041998240000000076e+00
1.042629660000000014e+00
1.043423439999999980e+00
1.044068189999999952e+00
1.044446809999999948e+00
1.044959009999999910e+00
1.045126329999999992e+00
1.045550760000000023e+00
1.045657990000000037e+00
1.045619660000000062e+00
1.045660690000000059e+00
1.045448780000000077e+00
1.044955859999999959e+00
1.044635570000000069e+00
1.043923509999999943e+00
1.043602480000000110e+00
1.043044850000000023e+00
1.042183520000000030e+00
1.041382030000000070e+00
1.040695609999999993e+00
1.039563440000000005e+00
1.038841619999999910e+00
1.037692239999999932e+00
1.036880519999999972e+00
1.035814210000000068e+00
1.034982129999999945e+00
1.034018040000000083e+00
1.032932659999999947e+00
1.031978740000000005e+00
1.030882450000000006e+00
1.030206710000000081e+00
1.029251340000000070e+00
1.028180539999999921e+00
1.027502179999999932e+00
1.026614069999999934e+00
1.025697429999999910e+00
1.025091490000000105e+00
1.024285330000000105e+00
1.023413300000000081e+00
1.022616930000000091e+00
1.022116339999999957e+00
1.021575600000000028e+00
1.020959430000000001e+00
1.020043079999999991e+00
1.019699420000000023e+00
1.019046689999999922e+00
1.018535890000000110e+00
1.018183550000000048e+00
1.017431090000000093e+00
1.017016820000000044e+00
1.016705039999999949e+00
1.016317370000000109e+00
1.015602190000000071e+00
1.015341499999999897e+00
1.014924890000000079e+00
1.014643329999999954e+00
1.014316269999999909e+00
1.014108369999999981e+00
1.013758010000000098e+00
1.013267509999999927e+00
1.012950299999999970e+00
1.012944379999999978e+00
1.012573439999999936e+00
1.012429360000000056e+00
1.012149210000000021e+00
1.011972469999999902e+00
1.011852179999999990e+00
1.011701289999999975e+00
1.011322190000000010e+00
1.011145720000000026e+00
1.011014529999999967e+00
1.011115870000000028e+00
1.010679129999999981e+00
1.010517839999999889e+00
1.010515590000000019e+00
1.010262439999999984e+00
1.010358239999999963e+00
1.010069749999999988e+00
1.010260619999999943e+00
1.010036429999999985e+00
1.010042950000000106e+00
1.009834949999999898e+00
1.009714739999999944e+00
1.010021829999999898e+00
1.009534939999999992e+00
1.009758820000000057e+00
1.009734190000000087e+00
1.009802730000000093e+00
1.009521420000000003e+00
1.009542759999999983e+00
1.009684550000000014e+00
1.009897590000000012e+00
1.009735110000000047e+00
1.009618349999999998e+00
1.009787009999999929e+00
1.009761839999999911e+00
1.010015300000000060e+00
1.009905009999999992e+00
1.009962679999999891e+00
1.009843800000000069e+00
1.010071460000000032e+00
1.010124360000000054e+00
1.010414979999999963e+00
1.010569129999999927e+00
1.010587219999999897e+00
1.010612300000000019e+00
1.010717410000000038e+00
1.010878689999999969e+00
1.011140829999999990e+00
1.011343759999999925e+00
1.011399780000000082e+00
1.011677720000000003e+00
1.011810600000000004e+00
1.012117099999999992e+00
1.012319060000000048e+00
1.012472129999999915e+00
1.012639969999999945e+00
1.013016759999999961e+00
1.013408660000000072e+00
1.013534289999999949e+00
1.013940349999999935e+00
1.014106629999999898e+00
1.014621130000000093e+00
1.014823789999999892e+00
1.015085259999999989e+00
1.015457309999999946e+00
1.015710670000000038e+00
1.016202540000000099e+00
1.016568640000000023e+00
1.016954270000000049e+00
1.017307629999999907e+00
1.017683120000000052e+00
1.018167349999999916e+00
1.018326829999999905e+00
1.018774290000000082e+00
1.019100370000000089e+00
1.019517879999999987e+00
1.020021639999999952e+00
1.020192809999999950e+00
1.020268780000000097e+00
1.020528059999999959e+00
1.021205200000000035e+00
1.021129619999999960e+00
1.021451000000000109e+00
1.021510490000000049e+00
1.021756480000000078e+00
1.021804179999999951e+00
1.021870899999999915e+00
1.021743470000000098e+00
1.021719019999999922e+00
1.021830129999999892e+00
1.021543780000000012e+00
1.021384660000000055e+00
1.021339089999999894e+00
1.021009009999999995e+00
1.020555639999999986e+00
1.020629250000000043e+00
1.020088590000000073e+00
1.019709790000000060e+00
1.019438990000000045e+00
1.019120409999999977e+00
1.018670600000000093e+00
1.018218080000000025e+00
1.017880469999999926e+00
1.017202280000000014e+00
1.017091430000000019e+00
1.016744639999999977e+00
1.016167950000000042e+00
1.015511999999999970e+00
1.015207460000000061e+00
1.014861070000000032e+00
1.014363480000000095e+00
1.014241280000000023e+00
1.013658429999999999e+00
1.013272879999999931e+00
1.012588929999999943e+00
1.012602709999999906e+00
1.012115330000000091e+00
1.011872309999999997e+00
1.011496170000000028e+00
1.011252690000000065e+00
1.011017250000000089e+00
1.010338249999999993e+00
1.010265390000000041e+00
1.009837069999999892e+00
1.009620310000000076e+00
1.009425999999999934e+00
1.008926200000000106e+00
1.008842220000000012e+00
