9.602089063711912731e-01
1.021498836565097212e+00
9.520369156786705478e-01
1.024222833462604010e+00
9.806388831024932529e-01
9.561229110249308549e-01
1.002430858282548742e+00
9.193489529085874246e-01
9.629329032686981815e-01
9.547609125761774562e-01
9.969828644875348145e-01
9.193489529085874246e-01
9.493129187811636394e-01
9.738288908587259263e-01
9.370549327423823849e-01
8.621450180609420144e-01
8.771270009972300663e-01
9.847248784487536710e-01
9.152629575623270064e-01
9.656569001662050900e-01
9.302449404986150583e-01
9.452269234349032212e-01
1.003792856731302141e+00
9.738288908587259263e-01
9.316069389473685680e-01
1.009240850526315958e+00
9.847248784487536710e-01
9.302449404986150583e-01
9.833628800000001613e-01
9.152629575623270064e-01
9.397789296398892933e-01
9.016429730747923532e-01
9.792768846537397431e-01
9.316069389473685680e-01
1.011964847423822977e+00
9.820008815512466516e-01
9.847248784487536710e-01
8.880229885872578111e-01
9.588469079224378744e-01
9.465889218836566199e-01
9.043669699722992616e-01
9.166249560110805161e-01
8.989189761772854448e-01
8.934709823822716279e-01
8.852989916897507916e-01
9.016429730747923532e-01
9.520369156786705478e-01
9.329689373961220777e-01
9.139009591135734967e-01
9.016429730747923532e-01
9.030049715235458629e-01
9.288829420498616596e-01
9.002809746260389545e-01
8.989189761772854448e-01
8.921089839335181182e-01
8.566970242659280865e-01
8.471630351246538515e-01
9.179869544598339148e-01
8.253710599445984730e-01
8.226470630470915646e-01
8.716790072022162494e-01
8.294570552908588912e-01
8.049410832132964932e-01
7.273071716343491033e-01
8.022170863157895848e-01
7.204971793905817767e-01
6.809992243767314379e-01
7.967690925207757680e-01
1.077340772963989002e+00
1.479130315346260716e+00
1.470958324653739879e+00
1.406944397562327032e+00
1.202644630249307678e+00
1.172680664376731574e+00
1.161784676786703718e+00
1.178128658171745391e+00
1.105942740387811707e+00
1.037842817950138663e+00
1.082788766759003041e+00
1.025584831911357409e+00
1.093684754349030674e+00
1.040566814847645682e+00
9.452269234349032212e-01
1.063720788476454571e+00
1.032394824155124846e+00
1.009240850526315958e+00
1.017412841218836794e+00
1.138630703157894830e+00
1.043290811745152480e+00
9.983448629362882132e-01
9.588469079224378744e-01
9.792768846537397431e-01
1.028308828808864428e+00
1.026946830360111029e+00
9.629329032686981815e-01
9.765528877562328347e-01
9.765528877562328347e-01
9.370549327423823849e-01
9.125389606648200980e-01
1.010602848975069357e+00
9.738288908587259263e-01
9.670188986149585997e-01
9.356929342936289862e-01
9.901728722437674879e-01
9.479509203324101296e-01
9.642949017174516912e-01
9.588469079224378744e-01
9.506749172299170381e-01
9.629329032686981815e-01
9.261589451523547512e-01
9.397789296398892933e-01
8.975569777285320461e-01
9.384169311911358946e-01
9.493129187811636394e-01
9.547609125761774562e-01
8.948329808310250266e-01
9.288829420498616596e-01
8.607830196121885047e-01
8.090270785595569114e-01
8.512490304709142697e-01
8.430770397783934333e-01
8.784889994459834650e-01
8.226470630470915646e-01
7.981310909695291667e-01
7.736151188919668797e-01
8.199230661495846562e-01
8.417150413296400346e-01
1.040566814847645682e+00
1.092322755900277276e+00
1.235332593019390801e+00
1.387876419279778561e+00
1.195834638005540462e+00
1.273468549584487741e+00
1.239418588365651219e+00
1.194472639556786842e+00
1.167232670581717535e+00
1.137268704709141431e+00
1.130458712465374216e+00
1.035118821052631644e+00
1.062358790027700950e+00
1.059634793130194153e+00
1.089598759002770256e+00
1.070530780720221786e+00
1.056910796232687133e+00
1.074616776066482204e+00
1.073254777617728806e+00
1.100494746592797890e+00
1.040566814847645682e+00
1.036480819501385264e+00
1.052824800886426715e+00
1.065082786925207969e+00
1.059634793130194153e+00
1.013326845872576376e+00
1.029670827257617827e+00
1.078702771412742623e+00
9.901728722437674879e-01
1.058272794681440532e+00
1.022860835013850611e+00
1.043290811745152480e+00
1.085512763656509838e+00
1.043290811745152480e+00
9.574849094736843647e-01
1.014688844321329775e+00
1.032394824155124846e+00
1.002430858282548742e+00
1.006516853628808938e+00
9.683808970637121094e-01
9.792768846537397431e-01
9.901728722437674879e-01
9.874488753462605795e-01
1.014688844321329775e+00
1.065082786925207969e+00
1.010602848975069357e+00
1.067806783822714767e+00
9.969828644875348145e-01
1.052824800886426715e+00
9.874488753462605795e-01
1.002430858282548742e+00
1.043290811745152480e+00
9.942588675900279060e-01
9.602089063711912731e-01
1.032394824155124846e+00
9.820008815512466516e-01
9.860868768975070697e-01
1.009240850526315958e+00
1.025584831911357409e+00
9.411409280886428030e-01
9.847248784487536710e-01
1.011964847423822977e+00
1.036480819501385264e+00
1.014688844321329775e+00
9.751908893074793250e-01
9.465889218836566199e-01
9.506749172299170381e-01
9.969828644875348145e-01
1.026946830360111029e+00
1.017412841218836794e+00
9.779148862049863444e-01
9.874488753462605795e-01
9.615709048199447828e-01
1.022860835013850611e+00
1.010602848975069357e+00
9.792768846537397431e-01
9.384169311911358946e-01
9.602089063711912731e-01
9.547609125761774562e-01
9.139009591135734967e-01
1.021498836565097212e+00
9.411409280886428030e-01
9.207109513573408233e-01
8.880229885872578111e-01
9.506749172299170381e-01
9.711048939612190178e-01
8.934709823822716279e-01
9.847248784487536710e-01
9.207109513573408233e-01
9.642949017174516912e-01
9.397789296398892933e-01
8.866609901385043013e-01
8.921089839335181182e-01
9.928968691412743963e-01
9.288829420498616596e-01
8.376290459833796165e-01
9.397789296398892933e-01
9.302449404986150583e-01
8.240090614958449633e-01
8.580590227146815963e-01
9.139009591135734967e-01
8.498870320221607599e-01
7.899591002770084414e-01
8.376290459833796165e-01
8.349050490858727080e-01
8.621450180609420144e-01
7.981310909695291667e-01
7.763391157894737882e-01
8.008550878670361861e-01
7.436511530193906649e-01
7.382031592243768481e-01
7.722531204432133700e-01
8.144750723545707283e-01
9.465889218836566199e-01
1.165870672132964136e+00
1.276192546481994761e+00
1.311604506149584681e+00
1.329310485983379753e+00
1.319776496842105518e+00
1.288450532520775793e+00
1.225798603878116566e+00
1.265296558891966905e+00
1.210816620941828514e+00
1.244866582160665036e+00
1.251676574404432252e+00
1.204006628698061077e+00
1.178128658171745391e+00
1.156336682991689901e+00
1.073254777617728806e+00
1.204006628698061077e+00
1.178128658171745391e+00
1.163146675235457339e+00
1.169956667479224555e+00
1.156336682991689901e+00
1.118200726426592961e+00
1.089598759002770256e+00
1.084150765207756439e+00
1.085512763656509838e+00
1.065082786925207969e+00
1.103218743490304909e+00
1.051462802437673316e+00
1.171318665927977953e+00
1.070530780720221786e+00
1.070530780720221786e+00
1.014688844321329775e+00
1.040566814847645682e+00
1.047376807091412898e+00
1.105942740387811707e+00
1.088236760554016858e+00
1.033756822603878245e+00
1.056910796232687133e+00
1.066444785373961368e+00
1.048738805540166297e+00
1.056910796232687133e+00
1.073254777617728806e+00
1.060996791578947551e+00
1.009240850526315958e+00
1.031032825706371447e+00
1.050100803988919917e+00
1.043290811745152480e+00
1.050100803988919917e+00
1.084150765207756439e+00
1.001068859833795122e+00
1.025584831911357409e+00
9.969828644875348145e-01
9.820008815512466516e-01
1.016050842770083174e+00
1.002430858282548742e+00
1.044652810193905879e+00
1.096408751246537472e+00
1.051462802437673316e+00
1.044652810193905879e+00
1.032394824155124846e+00
1.043290811745152480e+00
9.915348706925208866e-01
1.059634793130194153e+00
1.017412841218836794e+00
1.010602848975069357e+00
1.031032825706371447e+00
1.089598759002770256e+00
1.033756822603878245e+00
1.005154855180055540e+00
1.104580741939058308e+00
1.017412841218836794e+00
1.063720788476454571e+00
1.001068859833795122e+00
9.806388831024932529e-01
1.002430858282548742e+00
9.683808970637121094e-01
9.738288908587259263e-01
1.065082786925207969e+00
1.025584831911357409e+00
9.860868768975070697e-01
9.956208660387813048e-01
9.888108737950139782e-01
9.479509203324101296e-01
9.125389606648200980e-01
1.029670827257617827e+00
1.001068859833795122e+00
1.026946830360111029e+00
9.779148862049863444e-01
9.520369156786705478e-01
1.051462802437673316e+00
1.025584831911357409e+00
1.010602848975069357e+00
9.384169311911358946e-01
9.888108737950139782e-01
9.765528877562328347e-01
1.096408751246537472e+00
1.006516853628808938e+00
9.683808970637121094e-01
1.006516853628808938e+00
9.275209436011081499e-01
9.751908893074793250e-01
8.866609901385043013e-01
9.574849094736843647e-01
9.765528877562328347e-01
9.288829420498616596e-01
9.452269234349032212e-01
9.397789296398892933e-01
1.020136838116343592e+00
1.031032825706371447e+00
9.901728722437674879e-01
1.018774839667590193e+00
1.044652810193905879e+00
1.055548797783933734e+00
1.026946830360111029e+00
9.724668924099724165e-01
1.099132748144044491e+00
1.097770749695291093e+00
1.131820710914127615e+00
1.092322755900277276e+00
1.100494746592797890e+00
1.078702771412742623e+00
1.107304738836565328e+00
1.085512763656509838e+00
1.071892779168975185e+00
1.084150765207756439e+00
1.080064769861496021e+00
1.089598759002770256e+00
1.123648720221606778e+00
1.080064769861496021e+00
1.070530780720221786e+00
1.096408751246537472e+00
1.052824800886426715e+00
1.056910796232687133e+00
1.017412841218836794e+00
1.055548797783933734e+00
1.122286721772853380e+00
1.043290811745152480e+00
1.116838727977839563e+00
1.075978774515235603e+00
9.983448629362882132e-01
1.051462802437673316e+00
1.055548797783933734e+00
9.833628800000001613e-01
1.048738805540166297e+00
1.093684754349030674e+00
1.031032825706371447e+00
1.025584831911357409e+00
1.032394824155124846e+00
1.050100803988919917e+00
1.071892779168975185e+00
1.054186799335180114e+00
1.018774839667590193e+00
9.561229110249308549e-01
1.035118821052631644e+00
1.033756822603878245e+00
1.006516853628808938e+00
1.047376807091412898e+00
9.615709048199447828e-01
1.055548797783933734e+00
1.003792856731302141e+00
1.029670827257617827e+00
1.089598759002770256e+00
9.792768846537397431e-01
1.005154855180055540e+00
1.003792856731302141e+00
1.013326845872576376e+00
1.071892779168975185e+00
1.040566814847645682e+00
1.040566814847645682e+00
1.037842817950138663e+00
9.956208660387813048e-01
9.997068613850417229e-01
1.032394824155124846e+00
1.096408751246537472e+00
1.051462802437673316e+00
9.983448629362882132e-01
9.969828644875348145e-01
1.035118821052631644e+00
1.059634793130194153e+00
1.062358790027700950e+00
9.928968691412743963e-01
1.003792856731302141e+00
1.046014808642659499e+00
1.013326845872576376e+00
1.112752732631579144e+00
1.009240850526315958e+00
1.010602848975069357e+00
1.058272794681440532e+00
9.792768846537397431e-01
1.105942740387811707e+00
1.022860835013850611e+00
1.041928813296399081e+00
1.080064769861496021e+00
1.014688844321329775e+00
1.024222833462604010e+00
1.040566814847645682e+00
1.026946830360111029e+00
1.043290811745152480e+00
9.711048939612190178e-01
9.806388831024932529e-01
1.020136838116343592e+00
1.073254777617728806e+00
9.969828644875348145e-01
9.779148862049863444e-01
1.024222833462604010e+00
1.039204816398892062e+00
1.001068859833795122e+00
1.001068859833795122e+00
1.084150765207756439e+00
1.067806783822714767e+00
1.017412841218836794e+00
9.697428955124655081e-01
1.022860835013850611e+00
1.022860835013850611e+00
9.888108737950139782e-01
9.942588675900279060e-01
9.642949017174516912e-01
1.039204816398892062e+00
9.942588675900279060e-01
1.081426768310249420e+00
1.035118821052631644e+00
1.054186799335180114e+00
1.021498836565097212e+00
1.037842817950138663e+00
9.901728722437674879e-01
9.479509203324101296e-01
1.021498836565097212e+00
9.847248784487536710e-01
1.033756822603878245e+00
1.086874762105263237e+00
9.956208660387813048e-01
1.041928813296399081e+00
1.016050842770083174e+00
9.642949017174516912e-01
9.792768846537397431e-01
9.928968691412743963e-01
1.031032825706371447e+00
8.893849870360112098e-01
1.058272794681440532e+00
1.024222833462604010e+00
1.003792856731302141e+00
1.043290811745152480e+00
1.051462802437673316e+00
1.062358790027700950e+00
9.561229110249308549e-01
1.014688844321329775e+00
1.036480819501385264e+00
1.066444785373961368e+00
9.506749172299170381e-01
1.033756822603878245e+00
1.025584831911357409e+00
1.018774839667590193e+00
1.078702771412742623e+00
1.011964847423822977e+00
1.026946830360111029e+00
1.021498836565097212e+00
1.033756822603878245e+00
1.028308828808864428e+00
9.915348706925208866e-01
1.085512763656509838e+00
9.901728722437674879e-01
9.874488753462605795e-01
9.956208660387813048e-01
1.043290811745152480e+00
9.901728722437674879e-01
1.071892779168975185e+00
9.833628800000001613e-01
1.035118821052631644e+00
1.024222833462604010e+00
9.588469079224378744e-01
9.302449404986150583e-01
1.086874762105263237e+00
1.044652810193905879e+00
1.007878852077562559e+00
9.997068613850417229e-01
1.029670827257617827e+00
9.915348706925208866e-01
1.073254777617728806e+00
1.025584831911357409e+00
1.026946830360111029e+00
1.111390734182825746e+00
9.711048939612190178e-01
1.006516853628808938e+00
9.738288908587259263e-01
9.956208660387813048e-01
9.874488753462605795e-01
9.942588675900279060e-01
9.820008815512466516e-01
9.561229110249308549e-01
9.874488753462605795e-01
9.479509203324101296e-01
9.193489529085874246e-01
9.602089063711912731e-01
9.561229110249308549e-01
9.711048939612190178e-01
1.075978774515235603e+00
1.048738805540166297e+00
1.018774839667590193e+00
9.901728722437674879e-01
1.007878852077562559e+00
1.013326845872576376e+00
1.016050842770083174e+00
9.997068613850417229e-01
1.002430858282548742e+00
9.820008815512466516e-01
1.052824800886426715e+00
1.016050842770083174e+00
1.046014808642659499e+00
1.040566814847645682e+00
1.051462802437673316e+00
1.021498836565097212e+00
1.006516853628808938e+00
9.588469079224378744e-01
1.024222833462604010e+00
1.075978774515235603e+00
1.025584831911357409e+00
1.006516853628808938e+00
1.001068859833795122e+00
1.005154855180055540e+00
1.054186799335180114e+00
1.054186799335180114e+00
9.547609125761774562e-01
9.969828644875348145e-01
1.047376807091412898e+00
1.056910796232687133e+00
1.031032825706371447e+00
9.901728722437674879e-01
9.738288908587259263e-01
1.017412841218836794e+00
1.119562724875346360e+00
1.036480819501385264e+00
9.874488753462605795e-01
1.054186799335180114e+00
1.043290811745152480e+00
9.874488753462605795e-01
9.384169311911358946e-01
9.833628800000001613e-01
1.029670827257617827e+00
1.037842817950138663e+00
1.051462802437673316e+00
1.022860835013850611e+00
1.002430858282548742e+00
1.048738805540166297e+00
9.888108737950139782e-01
1.051462802437673316e+00
9.765528877562328347e-01
9.847248784487536710e-01
9.928968691412743963e-01
9.956208660387813048e-01
9.860868768975070697e-01
9.602089063711912731e-01
1.010602848975069357e+00
1.036480819501385264e+00
9.779148862049863444e-01
9.098149637673131895e-01
9.983448629362882132e-01
1.011964847423822977e+00
1.074616776066482204e+00
1.084150765207756439e+00
9.588469079224378744e-01
1.010602848975069357e+00
9.833628800000001613e-01
1.013326845872576376e+00
9.329689373961220777e-01
1.001068859833795122e+00
9.670188986149585997e-01
9.356929342936289862e-01
9.983448629362882132e-01
1.002430858282548742e+00
9.533989141274239465e-01
9.847248784487536710e-01
9.874488753462605795e-01
1.025584831911357409e+00
9.683808970637121094e-01
9.847248784487536710e-01
9.874488753462605795e-01
1.022860835013850611e+00
9.997068613850417229e-01
1.021498836565097212e+00
9.806388831024932529e-01
9.792768846537397431e-01
9.588469079224378744e-01
9.506749172299170381e-01
9.724668924099724165e-01
1.022860835013850611e+00
9.615709048199447828e-01
9.711048939612190178e-01
1.007878852077562559e+00
9.806388831024932529e-01
9.465889218836566199e-01
9.847248784487536710e-01
9.697428955124655081e-01
1.010602848975069357e+00
1.047376807091412898e+00
9.738288908587259263e-01
1.044652810193905879e+00
9.874488753462605795e-01
1.018774839667590193e+00
1.050100803988919917e+00
1.009240850526315958e+00
9.615709048199447828e-01
1.021498836565097212e+00
1.024222833462604010e+00
9.928968691412743963e-01
9.588469079224378744e-01
9.629329032686981815e-01
9.860868768975070697e-01
1.025584831911357409e+00
9.711048939612190178e-01
1.047376807091412898e+00
1.011964847423822977e+00
1.021498836565097212e+00
1.021498836565097212e+00
9.806388831024932529e-01
1.077340772963989002e+00
1.016050842770083174e+00
1.041928813296399081e+00
1.126372717119113798e+00
9.833628800000001613e-01
1.046014808642659499e+00
1.009240850526315958e+00
1.048738805540166297e+00
1.059634793130194153e+00
9.928968691412743963e-01
1.066444785373961368e+00
1.059634793130194153e+00
1.070530780720221786e+00
1.032394824155124846e+00
1.119562724875346360e+00
1.063720788476454571e+00
9.983448629362882132e-01
1.060996791578947551e+00
1.062358790027700950e+00
1.096408751246537472e+00
1.054186799335180114e+00
1.033756822603878245e+00
1.050100803988919917e+00
1.032394824155124846e+00
1.105942740387811707e+00
1.060996791578947551e+00
1.051462802437673316e+00
1.114114731080332543e+00
1.101856745041551511e+00
1.039204816398892062e+00
9.969828644875348145e-01
1.093684754349030674e+00
1.085512763656509838e+00
1.014688844321329775e+00
9.928968691412743963e-01
1.048738805540166297e+00
1.060996791578947551e+00
1.005154855180055540e+00
1.065082786925207969e+00
1.003792856731302141e+00
1.054186799335180114e+00
1.073254777617728806e+00
1.009240850526315958e+00
1.080064769861496021e+00
1.051462802437673316e+00
1.055548797783933734e+00
9.751908893074793250e-01
1.097770749695291093e+00
1.024222833462604010e+00
1.101856745041551511e+00
1.020136838116343592e+00
1.070530780720221786e+00
1.080064769861496021e+00
1.085512763656509838e+00
1.043290811745152480e+00
1.033756822603878245e+00
9.765528877562328347e-01
1.013326845872576376e+00
1.056910796232687133e+00
1.006516853628808938e+00
1.014688844321329775e+00
1.104580741939058308e+00
1.033756822603878245e+00
9.765528877562328347e-01
1.025584831911357409e+00
1.071892779168975185e+00
