1.035118821052631644e+00
9.956208660387813048e-01
1.060996791578947551e+00
1.069168782271468388e+00
1.017412841218836794e+00
1.010602848975069357e+00
1.007878852077562559e+00
1.001068859833795122e+00
1.016050842770083174e+00
9.561229110249308549e-01
1.047376807091412898e+00
1.003792856731302141e+00
9.765528877562328347e-01
9.751908893074793250e-01
9.193489529085874246e-01
9.792768846537397431e-01
1.040566814847645682e+00
1.014688844321329775e+00
9.711048939612190178e-01
9.792768846537397431e-01
1.041928813296399081e+00
9.533989141274239465e-01
1.020136838116343592e+00
9.928968691412743963e-01
1.033756822603878245e+00
9.969828644875348145e-01
9.928968691412743963e-01
1.021498836565097212e+00
9.888108737950139782e-01
1.005154855180055540e+00
9.356929342936289862e-01
9.629329032686981815e-01
1.006516853628808938e+00
1.006516853628808938e+00
9.615709048199447828e-01
1.032394824155124846e+00
1.018774839667590193e+00
9.901728722437674879e-01
9.860868768975070697e-01
9.642949017174516912e-01
1.052824800886426715e+00
9.425029265373963128e-01
9.888108737950139782e-01
9.506749172299170381e-01
1.026946830360111029e+00
1.009240850526315958e+00
9.942588675900279060e-01
1.011964847423822977e+00
9.983448629362882132e-01
1.013326845872576376e+00
1.021498836565097212e+00
1.016050842770083174e+00
1.005154855180055540e+00
9.751908893074793250e-01
1.065082786925207969e+00
1.065082786925207969e+00
1.025584831911357409e+00
1.026946830360111029e+00
1.032394824155124846e+00
9.642949017174516912e-01
1.058272794681440532e+00
9.874488753462605795e-01
9.642949017174516912e-01
1.021498836565097212e+00
1.014688844321329775e+00
1.085512763656509838e+00
1.022860835013850611e+00
1.118200726426592961e+00
1.206730625595568096e+00
1.152250687645429483e+00
1.126372717119113798e+00
1.065082786925207969e+00
1.069168782271468388e+00
1.010602848975069357e+00
1.060996791578947551e+00
1.099132748144044491e+00
9.670188986149585997e-01
9.724668924099724165e-01
9.942588675900279060e-01
1.039204816398892062e+00
1.022860835013850611e+00
1.021498836565097212e+00
1.039204816398892062e+00
1.006516853628808938e+00
1.028308828808864428e+00
9.888108737950139782e-01
1.029670827257617827e+00
1.021498836565097212e+00
9.969828644875348145e-01
9.792768846537397431e-01
9.452269234349032212e-01
1.062358790027700950e+00
1.078702771412742623e+00
1.022860835013850611e+00
9.833628800000001613e-01
1.020136838116343592e+00
1.005154855180055540e+00
9.806388831024932529e-01
9.629329032686981815e-01
9.915348706925208866e-01
9.602089063711912731e-01
9.179869544598339148e-01
9.561229110249308549e-01
1.006516853628808938e+00
1.026946830360111029e+00
1.002430858282548742e+00
9.901728722437674879e-01
1.051462802437673316e+00
1.024222833462604010e+00
9.942588675900279060e-01
1.002430858282548742e+00
9.711048939612190178e-01
1.022860835013850611e+00
1.010602848975069357e+00
1.024222833462604010e+00
9.942588675900279060e-01
1.031032825706371447e+00
1.063720788476454571e+00
9.629329032686981815e-01
9.779148862049863444e-01
9.711048939612190178e-01
1.032394824155124846e+00
9.547609125761774562e-01
1.097770749695291093e+00
1.050100803988919917e+00
1.050100803988919917e+00
1.090960757451523655e+00
1.123648720221606778e+00
1.138630703157894830e+00
1.104580741939058308e+00
1.029670827257617827e+00
1.089598759002770256e+00
1.050100803988919917e+00
1.035118821052631644e+00
9.901728722437674879e-01
9.479509203324101296e-01
1.035118821052631644e+00
1.001068859833795122e+00
1.013326845872576376e+00
1.044652810193905879e+00
9.670188986149585997e-01
9.969828644875348145e-01
9.683808970637121094e-01
1.017412841218836794e+00
1.050100803988919917e+00
9.533989141274239465e-01
9.956208660387813048e-01
9.833628800000001613e-01
9.629329032686981815e-01
9.493129187811636394e-01
9.860868768975070697e-01
1.039204816398892062e+00
1.013326845872576376e+00
1.028308828808864428e+00
1.007878852077562559e+00
1.031032825706371447e+00
1.054186799335180114e+00
9.302449404986150583e-01
1.011964847423822977e+00
9.806388831024932529e-01
1.018774839667590193e+00
1.054186799335180114e+00
9.779148862049863444e-01
9.792768846537397431e-01
1.002430858282548742e+00
9.397789296398892933e-01
1.044652810193905879e+00
1.017412841218836794e+00
9.942588675900279060e-01
1.029670827257617827e+00
9.588469079224378744e-01
1.037842817950138663e+00
9.915348706925208866e-01
9.820008815512466516e-01
9.779148862049863444e-01
1.043290811745152480e+00
9.765528877562328347e-01
9.779148862049863444e-01
9.533989141274239465e-01
9.356929342936289862e-01
1.001068859833795122e+00
1.028308828808864428e+00
9.833628800000001613e-01
9.738288908587259263e-01
9.847248784487536710e-01
1.051462802437673316e+00
1.021498836565097212e+00
1.032394824155124846e+00
1.022860835013850611e+00
9.670188986149585997e-01
9.820008815512466516e-01
9.561229110249308549e-01
9.888108737950139782e-01
9.642949017174516912e-01
1.017412841218836794e+00
9.751908893074793250e-01
9.874488753462605795e-01
1.001068859833795122e+00
1.016050842770083174e+00
9.792768846537397431e-01
9.942588675900279060e-01
1.013326845872576376e+00
9.806388831024932529e-01
1.063720788476454571e+00
1.014688844321329775e+00
1.006516853628808938e+00
9.901728722437674879e-01
9.642949017174516912e-01
1.002430858282548742e+00
9.111769622160665882e-01
9.520369156786705478e-01
9.561229110249308549e-01
9.397789296398892933e-01
1.013326845872576376e+00
9.928968691412743963e-01
1.026946830360111029e+00
1.011964847423822977e+00
1.006516853628808938e+00
9.574849094736843647e-01
9.711048939612190178e-01
1.046014808642659499e+00
1.075978774515235603e+00
1.010602848975069357e+00
9.329689373961220777e-01
1.009240850526315958e+00
1.013326845872576376e+00
9.956208660387813048e-01
1.014688844321329775e+00
9.506749172299170381e-01
9.275209436011081499e-01
1.025584831911357409e+00
1.055548797783933734e+00
1.051462802437673316e+00
9.697428955124655081e-01
1.013326845872576376e+00
1.070530780720221786e+00
1.050100803988919917e+00
1.059634793130194153e+00
1.001068859833795122e+00
1.066444785373961368e+00
1.051462802437673316e+00
1.054186799335180114e+00
1.097770749695291093e+00
9.874488753462605795e-01
1.058272794681440532e+00
1.069168782271468388e+00
1.020136838116343592e+00
1.009240850526315958e+00
9.751908893074793250e-01
1.003792856731302141e+00
1.014688844321329775e+00
9.779148862049863444e-01
9.956208660387813048e-01
9.356929342936289862e-01
9.139009591135734967e-01
1.021498836565097212e+00
1.054186799335180114e+00
1.062358790027700950e+00
1.039204816398892062e+00
9.425029265373963128e-01
9.738288908587259263e-01
1.041928813296399081e+00
9.506749172299170381e-01
1.002430858282548742e+00
9.438649249861497115e-01
9.888108737950139782e-01
1.001068859833795122e+00
1.001068859833795122e+00
9.888108737950139782e-01
9.098149637673131895e-01
1.056910796232687133e+00
9.629329032686981815e-01
9.915348706925208866e-01
1.062358790027700950e+00
1.011964847423822977e+00
1.040566814847645682e+00
9.574849094736843647e-01
9.983448629362882132e-01
9.452269234349032212e-01
1.018774839667590193e+00
9.506749172299170381e-01
1.001068859833795122e+00
9.765528877562328347e-01
1.033756822603878245e+00
1.035118821052631644e+00
9.847248784487536710e-01
1.041928813296399081e+00
9.847248784487536710e-01
1.013326845872576376e+00
1.014688844321329775e+00
9.860868768975070697e-01
9.642949017174516912e-01
1.035118821052631644e+00
1.078702771412742623e+00
1.026946830360111029e+00
1.069168782271468388e+00
9.493129187811636394e-01
1.031032825706371447e+00
1.060996791578947551e+00
1.051462802437673316e+00
1.028308828808864428e+00
9.956208660387813048e-01
1.002430858282548742e+00
1.020136838116343592e+00
1.005154855180055540e+00
1.002430858282548742e+00
9.779148862049863444e-01
9.656569001662050900e-01
1.005154855180055540e+00
1.026946830360111029e+00
1.059634793130194153e+00
1.009240850526315958e+00
1.018774839667590193e+00
1.003792856731302141e+00
1.075978774515235603e+00
1.021498836565097212e+00
9.452269234349032212e-01
1.018774839667590193e+00
9.247969467036012414e-01
9.888108737950139782e-01
9.969828644875348145e-01
9.779148862049863444e-01
1.003792856731302141e+00
9.711048939612190178e-01
1.028308828808864428e+00
9.615709048199447828e-01
1.007878852077562559e+00
1.041928813296399081e+00
9.465889218836566199e-01
1.040566814847645682e+00
1.014688844321329775e+00
1.011964847423822977e+00
1.016050842770083174e+00
9.711048939612190178e-01
1.001068859833795122e+00
9.479509203324101296e-01
1.044652810193905879e+00
9.425029265373963128e-01
1.016050842770083174e+00
1.017412841218836794e+00
1.001068859833795122e+00
1.016050842770083174e+00
9.928968691412743963e-01
1.014688844321329775e+00
9.765528877562328347e-01
9.493129187811636394e-01
9.602089063711912731e-01
1.085512763656509838e+00
1.099132748144044491e+00
1.032394824155124846e+00
9.642949017174516912e-01
9.983448629362882132e-01
1.032394824155124846e+00
9.888108737950139782e-01
1.035118821052631644e+00
1.089598759002770256e+00
1.097770749695291093e+00
1.018774839667590193e+00
1.009240850526315958e+00
1.037842817950138663e+00
1.062358790027700950e+00
1.055548797783933734e+00
1.026946830360111029e+00
1.013326845872576376e+00
1.056910796232687133e+00
1.002430858282548742e+00
1.024222833462604010e+00
9.983448629362882132e-01
9.969828644875348145e-01
1.044652810193905879e+00
1.036480819501385264e+00
1.063720788476454571e+00
9.220729498060943330e-01
9.792768846537397431e-01
9.751908893074793250e-01
9.847248784487536710e-01
9.765528877562328347e-01
1.005154855180055540e+00
9.847248784487536710e-01
1.020136838116343592e+00
1.056910796232687133e+00
9.356929342936289862e-01
1.097770749695291093e+00
1.009240850526315958e+00
1.035118821052631644e+00
1.032394824155124846e+00
9.942588675900279060e-01
1.016050842770083174e+00
9.874488753462605795e-01
1.040566814847645682e+00
1.007878852077562559e+00
9.847248784487536710e-01
1.009240850526315958e+00
1.047376807091412898e+00
9.493129187811636394e-01
9.956208660387813048e-01
1.016050842770083174e+00
9.969828644875348145e-01
9.820008815512466516e-01
1.024222833462604010e+00
1.010602848975069357e+00
1.009240850526315958e+00
9.792768846537397431e-01
1.035118821052631644e+00
1.052824800886426715e+00
9.779148862049863444e-01
1.031032825706371447e+00
9.656569001662050900e-01
1.033756822603878245e+00
1.033756822603878245e+00
1.040566814847645682e+00
9.670188986149585997e-01
1.043290811745152480e+00
1.014688844321329775e+00
1.026946830360111029e+00
1.021498836565097212e+00
1.002430858282548742e+00
1.024222833462604010e+00
9.942588675900279060e-01
9.561229110249308549e-01
9.874488753462605795e-01
9.738288908587259263e-01
9.983448629362882132e-01
1.084150765207756439e+00
9.942588675900279060e-01
1.065082786925207969e+00
1.021498836565097212e+00
9.942588675900279060e-01
1.002430858282548742e+00
9.806388831024932529e-01
1.013326845872576376e+00
9.356929342936289862e-01
1.017412841218836794e+00
1.058272794681440532e+00
1.028308828808864428e+00
1.007878852077562559e+00
9.384169311911358946e-01
1.007878852077562559e+00
1.009240850526315958e+00
1.026946830360111029e+00
1.014688844321329775e+00
9.683808970637121094e-01
9.888108737950139782e-01
1.071892779168975185e+00
9.452269234349032212e-01
9.765528877562328347e-01
1.046014808642659499e+00
1.046014808642659499e+00
9.397789296398892933e-01
1.101856745041551511e+00
1.018774839667590193e+00
9.520369156786705478e-01
1.044652810193905879e+00
9.738288908587259263e-01
9.683808970637121094e-01
1.020136838116343592e+00
9.928968691412743963e-01
1.026946830360111029e+00
1.081426768310249420e+00
1.080064769861496021e+00
9.683808970637121094e-01
9.465889218836566199e-01
9.656569001662050900e-01
9.874488753462605795e-01
1.011964847423822977e+00
1.017412841218836794e+00
9.860868768975070697e-01
1.035118821052631644e+00
1.029670827257617827e+00
1.001068859833795122e+00
1.003792856731302141e+00
1.005154855180055540e+00
9.711048939612190178e-01
9.152629575623270064e-01
1.051462802437673316e+00
1.035118821052631644e+00
9.874488753462605795e-01
9.888108737950139782e-01
9.751908893074793250e-01
1.036480819501385264e+00
9.860868768975070697e-01
1.031032825706371447e+00
1.016050842770083174e+00
9.547609125761774562e-01
9.438649249861497115e-01
1.002430858282548742e+00
1.055548797783933734e+00
9.642949017174516912e-01
9.983448629362882132e-01
9.738288908587259263e-01
9.724668924099724165e-01
1.032394824155124846e+00
1.014688844321329775e+00
1.035118821052631644e+00
9.847248784487536710e-01
9.724668924099724165e-01
1.039204816398892062e+00
1.010602848975069357e+00
1.025584831911357409e+00
9.479509203324101296e-01
9.574849094736843647e-01
1.014688844321329775e+00
9.901728722437674879e-01
9.711048939612190178e-01
9.397789296398892933e-01
9.806388831024932529e-01
9.656569001662050900e-01
9.942588675900279060e-01
1.017412841218836794e+00
1.052824800886426715e+00
9.329689373961220777e-01
1.037842817950138663e+00
9.547609125761774562e-01
1.017412841218836794e+00
1.074616776066482204e+00
9.942588675900279060e-01
9.942588675900279060e-01
1.011964847423822977e+00
9.751908893074793250e-01
9.860868768975070697e-01
9.602089063711912731e-01
9.683808970637121094e-01
9.629329032686981815e-01
1.017412841218836794e+00
9.928968691412743963e-01
9.370549327423823849e-01
1.055548797783933734e+00
9.833628800000001613e-01
1.032394824155124846e+00
9.493129187811636394e-01
1.001068859833795122e+00
1.021498836565097212e+00
1.067806783822714767e+00
9.833628800000001613e-01
9.765528877562328347e-01
9.928968691412743963e-01
9.670188986149585997e-01
1.005154855180055540e+00
1.024222833462604010e+00
1.050100803988919917e+00
9.956208660387813048e-01
9.956208660387813048e-01
9.765528877562328347e-01
1.005154855180055540e+00
9.751908893074793250e-01
1.025584831911357409e+00
9.765528877562328347e-01
1.067806783822714767e+00
9.969828644875348145e-01
1.046014808642659499e+00
1.032394824155124846e+00
9.901728722437674879e-01
1.016050842770083174e+00
9.942588675900279060e-01
1.006516853628808938e+00
8.812129963434904845e-01
9.465889218836566199e-01
9.792768846537397431e-01
9.765528877562328347e-01
9.928968691412743963e-01
1.070530780720221786e+00
9.711048939612190178e-01
1.028308828808864428e+00
1.007878852077562559e+00
1.010602848975069357e+00
1.006516853628808938e+00
1.018774839667590193e+00
9.751908893074793250e-01
9.683808970637121094e-01
1.058272794681440532e+00
9.520369156786705478e-01
9.574849094736843647e-01
1.022860835013850611e+00
9.397789296398892933e-01
9.561229110249308549e-01
1.007878852077562559e+00
1.007878852077562559e+00
1.020136838116343592e+00
9.629329032686981815e-01
1.060996791578947551e+00
9.561229110249308549e-01
1.009240850526315958e+00
1.021498836565097212e+00
9.520369156786705478e-01
9.833628800000001613e-01
1.021498836565097212e+00
9.656569001662050900e-01
1.060996791578947551e+00
9.847248784487536710e-01
1.007878852077562559e+00
1.035118821052631644e+00
9.874488753462605795e-01
1.039204816398892062e+00
9.724668924099724165e-01
1.028308828808864428e+00
9.724668924099724165e-01
9.983448629362882132e-01
9.697428955124655081e-01
1.021498836565097212e+00
1.035118821052631644e+00
1.029670827257617827e+00
1.035118821052631644e+00
9.642949017174516912e-01
1.022860835013850611e+00
9.820008815512466516e-01
1.006516853628808938e+00
1.020136838116343592e+00
9.588469079224378744e-01
9.697428955124655081e-01
9.942588675900279060e-01
1.078702771412742623e+00
1.028308828808864428e+00
1.021498836565097212e+00
9.057289684210527714e-01
1.009240850526315958e+00
9.479509203324101296e-01
1.026946830360111029e+00
1.025584831911357409e+00
1.043290811745152480e+00
1.009240850526315958e+00
1.010602848975069357e+00
9.506749172299170381e-01
1.022860835013850611e+00
9.792768846537397431e-01
9.588469079224378744e-01
1.043290811745152480e+00
9.997068613850417229e-01
9.452269234349032212e-01
1.006516853628808938e+00
1.024222833462604010e+00
1.011964847423822977e+00
9.983448629362882132e-01
1.003792856731302141e+00
1.011964847423822977e+00
1.046014808642659499e+00
9.670188986149585997e-01
1.058272794681440532e+00
9.901728722437674879e-01
9.506749172299170381e-01
9.901728722437674879e-01
1.009240850526315958e+00
1.011964847423822977e+00
9.574849094736843647e-01
1.080064769861496021e+00
9.806388831024932529e-01
9.343309358448754764e-01
9.997068613850417229e-01
9.956208660387813048e-01
1.071892779168975185e+00
9.942588675900279060e-01
1.051462802437673316e+00
1.058272794681440532e+00
1.006516853628808938e+00
9.697428955124655081e-01
1.067806783822714767e+00
1.063720788476454571e+00
9.847248784487536710e-01
1.056910796232687133e+00
1.055548797783933734e+00
1.048738805540166297e+00
8.934709823822716279e-01
1.048738805540166297e+00
1.020136838116343592e+00
9.792768846537397431e-01
1.031032825706371447e+00
1.009240850526315958e+00
1.009240850526315958e+00
9.820008815512466516e-01
9.860868768975070697e-01
1.039204816398892062e+00
9.833628800000001613e-01
9.928968691412743963e-01
1.043290811745152480e+00
1.020136838116343592e+00
1.018774839667590193e+00
9.983448629362882132e-01
1.025584831911357409e+00
1.006516853628808938e+00
1.046014808642659499e+00
9.874488753462605795e-01
9.561229110249308549e-01
9.806388831024932529e-01
9.901728722437674879e-01
1.006516853628808938e+00
1.041928813296399081e+00
1.120924723324099981e+00
9.792768846537397431e-01
1.032394824155124846e+00
1.024222833462604010e+00
9.670188986149585997e-01
1.013326845872576376e+00
1.013326845872576376e+00
1.002430858282548742e+00
1.047376807091412898e+00
9.956208660387813048e-01
1.084150765207756439e+00
1.028308828808864428e+00
1.021498836565097212e+00
1.036480819501385264e+00
1.009240850526315958e+00
9.956208660387813048e-01
1.026946830360111029e+00
9.928968691412743963e-01
1.025584831911357409e+00
1.059634793130194153e+00
1.081426768310249420e+00
1.022860835013850611e+00
1.011964847423822977e+00
1.029670827257617827e+00
1.063720788476454571e+00
9.615709048199447828e-01
9.561229110249308549e-01
1.059634793130194153e+00
9.533989141274239465e-01
1.010602848975069357e+00
1.021498836565097212e+00
1.020136838116343592e+00
1.010602848975069357e+00
9.683808970637121094e-01
9.711048939612190178e-01
