9.795741548882705985e-01 -1.034348230850197264e-15
9.793033604101054612e-01 -1.048659699527005923e-15
9.790253116134697287e-01 -1.062537487334820380e-15
9.787396905398156877e-01 -1.078149998618611644e-15
9.784461599062581616e-01 -1.093328829033408706e-15
9.781443616032757804e-01 -1.108941340317199969e-15
9.778339150497247223e-01 -1.124987532469985435e-15
9.775144153890900078e-01 -1.141901086360759304e-15
9.771854315087999954e-01 -1.158380959382538972e-15
9.768465038620112173e-01 -1.176161875011301244e-15
9.764971420684863679e-01 -1.194376471509057719e-15
9.761368222679746021e-01 -1.213024748875808395e-15
9.757649841957799497e-01 -1.232106707111553273e-15
9.753810279458902111e-01 -1.252489707954280757e-15
9.749843103820164947e-01 -1.272872708797008240e-15
9.745741411510403518e-01 -1.294556752246718329e-15
9.741497782465252664e-01 -1.316674476565422619e-15
9.737104230619241241e-01 -1.339659562622115313e-15
9.732552148636872680e-01 -1.363512010416796411e-15
9.727832246033542019e-01 -1.387364458211477508e-15
9.722934479745665159e-01 -1.413818991220123816e-15
9.717847976053324288e-01 -1.439839843359775923e-15
9.712560942573106315e-01 -1.467595418975404836e-15
9.707060568816940904e-01 -1.496218356329022153e-15
9.701332913546972803e-01 -1.524841293682639470e-15
9.695362776836599084e-01 -1.556066316250221998e-15
9.689133554361630818e-01 -1.588158700555792929e-15
9.682627070977165573e-01 -1.621118446599352264e-15
9.675823390065568796e-01 -1.655812916118888406e-15
9.668700594443665475e-01 -1.693976832590378162e-15
9.661234533760647558e-01 -1.732140749061867918e-15
9.653398532260957232e-01 -1.772039389009334481e-15
9.645163049474934081e-01 -1.815407475908754856e-15
9.636495284764778901e-01 -1.858775562808175033e-15
9.627358714603271306e-01 -1.907347820135525632e-15
9.617712548877724865e-01 -1.956787439200864634e-15
9.607511089232612100e-01 -2.009696505218157250e-15
9.596702968278594259e-01 -2.063472932973438270e-15
9.585230243116789062e-01 -2.121586169418661308e-15
9.573027309666516382e-01 -2.184903576291814767e-15
9.560019595210430543e-01 -2.252557791854910244e-15
9.546121974648330566e-01 -2.322814092631970931e-15
9.531236840156438461e-01 -2.399141925574950443e-15
9.515251732841476517e-01 -2.478071843731895166e-15
9.498036416509596513e-01 -2.566542741006712328e-15
9.479439234893067834e-01 -2.660217808709459911e-15
9.459282540308678877e-01 -2.762566493792091529e-15
9.437356907455489718e-01 -2.873588796254607183e-15
9.413413741496517995e-01 -2.991549992621030066e-15
9.387155740512258539e-01 -3.123388976795267405e-15
9.358224457123337503e-01 -3.267371025301342394e-15
9.326183888792036747e-01 -3.428700308567185454e-15
9.290498557844202310e-01 -3.603907379640842970e-15
9.250503835665315755e-01 -3.798196408950245365e-15
9.205365183456901690e-01 -4.016771566923323059e-15
9.154021300139534301e-01 -4.263102300512029666e-15
9.095103519242875301e-01 -4.537188609716365187e-15
9.026819586288548081e-01 -4.856377729296097692e-15
8.946783255827048809e-01 -5.217200212299273568e-15
8.851760743906221807e-01 -5.626594952629800042e-15
8.737290202197369737e-01 -6.101909185047445186e-15
8.597115263063013213e-01 -6.653551250408069842e-15
8.422389258874256601e-01 -7.257235020047998711e-15
8.200815058751951270e-01 -7.853979895784020352e-15
7.917116449512586751e-01 -8.284191317826268511e-15
7.563049385597241381e-01 -7.923368834823092635e-15
7.205311927854720633e-01 -4.509433034100736273e-15
7.397140607746445218e-01 6.898108543922747179e-15
1.051561992937269263e+00 1.006224416410444332e-14
1.492035461793156159e+00 -1.247528323578623445e-14
1.472625246145767619e+00 3.997650892089525718e-15
1.360413840991683498e+00 1.036755549587636137e-14
1.277656851307062968e+00 1.064250916681868529e-14
1.221729410042412756e+00 9.589532016900763386e-15
1.182784779355173344e+00 8.424665202782337422e-15
1.154499550357028337e+00 7.387300564148206780e-15
1.133162017877361150e+00 6.523408273111756847e-15
1.116546376919130390e+00 5.801763307105405096e-15
1.103263292595369816e+00 5.199814260941453034e-15
1.092409780181782031e+00 4.696744452908178977e-15
1.083377103042530099e+00 4.266533030865930817e-15
1.075741516512353169e+00 3.900506377434824520e-15
1.069199698013329813e+00 3.579582534379115208e-15
1.063529175109500180e+00 3.300292054746849266e-15
1.058563258892771808e+00 3.052226597682165851e-15
1.054174687745703887e+00 2.835386163185064964e-15
1.050264667912722771e+00 2.638495048661697359e-15
1.046755353817727219e+00 2.461553254112063035e-15
1.043584577417355330e+00 2.301958694322196783e-15
1.040702082282569441e+00 2.157976645816121794e-15
1.038066785559778937e+00 2.024402938165907648e-15
1.035644755392771454e+00 1.901237571371554344e-15
1.033407694886191663e+00 1.790215268909038690e-15
1.031331790256007297e+00 1.684397136874453654e-15
1.029396824472830430e+00 1.585517898743775650e-15
1.027585486859164954e+00 1.495312277992981681e-15
1.025882828889522980e+00 1.408576104194141326e-15
1.024275830069042659e+00 1.330513547775185007e-15
1.022753047268818438e+00 1.253318353094217091e-15
1.021304327589863448e+00 1.182194690579168000e-15
1.019920569573064872e+00 1.113673113278084120e-15
1.018593520938021024e+00 1.048620982928953854e-15
1.017315603395265722e+00 9.853035760558003953e-16
1.016079756679377555e+00 9.245882543966121470e-16
1.014879294946917421e+00 8.673423796893775128e-16
1.013707769152859539e+00 8.118312284581196858e-16
1.012558828978699532e+00 7.571874389648502624e-16
1.011426077285398240e+00 7.034110112095692424e-16
1.010302908774475705e+00 6.531040304062418367e-16
1.009182322316611868e+00 6.027970496029144310e-16
1.008056692828811052e+00 5.516227070615986217e-16
1.006917482940719699e+00 5.013157262582712159e-16
1.005754865789821206e+00 4.518761071929322137e-16
1.004557216060227853e+00 4.020028072585990098e-16
1.003310403187971822e+00 3.508284647172832005e-16
1.001996781872575459e+00 2.983530795689847859e-16
1.000593708188839859e+00 2.441429709447095642e-16
9.990712902547516094e-01 1.881981388444575354e-16
9.973888605000724716e-01 1.248807319713040764e-16
9.954892238862932397e-01 6.026228249116801217e-17
9.932888443384532140e-01 -1.389714610684049111e-17
9.906601658335014715e-01 -9.889859642970403874e-17
9.873975675306378985e-01 -2.003799197743472538e-16
9.831460380791264830e-01 -3.270147335206541717e-16
9.772342887484369855e-01 -4.957165915593986616e-16
9.682199654578593773e-01 -7.437820486240820761e-16
9.523336357679730302e-01 -1.159682001989521577e-15
9.156055501150972553e-01 -2.053931953855565831e-15
7.271386340702647999e-01 -5.502128543228464133e-15
1.258826916322815626e+00 8.877428030012284074e-15
1.091313277574948559e+00 2.759925691980073856e-15
1.056286259696302299e+00 1.654039476044859530e-15
1.040904319803852340e+00 1.182194690579168000e-15
1.032138251327641587e+00 9.137462326717571026e-16
1.026396326128668379e+00 7.359370763841343754e-16
1.022289341230621540e+00 6.067001774238622469e-16
1.019166599797845629e+00 5.056525349482132337e-16
1.016682632744214443e+00 4.245542124462975020e-16
1.014636932947998726e+00 3.555989542762194200e-16
1.012905076509708291e+00 2.953173134860253735e-16
1.011405711045529010e+00 2.424082474687327571e-16
1.010083361015190251e+00 1.942696710103763602e-16
1.008898862116004214e+00 1.500342223729677793e-16
1.007823747386155544e+00 1.088345398185186108e-16
1.006836802941184938e+00 7.067062334702885474e-17
1.005921874143835382e+00 3.424143035151590576e-17
1.005066422679423255e+00 -8.867200370144379032e-19
1.004260550760280424e+00 -3.471382781856217624e-17
1.003496324969656017e+00 -6.680621212413310749e-17
1.002767297544738812e+00 -9.803123469171563519e-17
1.002068160885521975e+00 -1.292562572592981629e-16
1.001394493883477121e+00 -1.578791946129154799e-16
1.000742572744803827e+00 -1.878031745735154023e-16
1.000109227895982666e+00 -2.168597927961269212e-16
9.994917343292969436e-01 -2.446153684117558347e-16
9.988877265579376719e-01 -2.736719866343673535e-16
9.982951319156936343e-01 -3.014275622499962670e-16
9.977121176920671353e-01 -3.291831378656251805e-16
9.971370488141598765e-01 -3.567218730467569931e-16
9.965684536472215749e-01 -3.846942890968830075e-16
9.960049961005056351e-01 -4.115825029745235175e-16
9.954454526696138172e-01 -4.395549190246495319e-16
9.948886933715751502e-01 -4.673104946402784454e-16
9.943336657690895475e-01 -4.954997511249015607e-16
9.937793814595528019e-01 -5.228216458715362724e-16
9.932249045393305442e-01 -5.510109023561593877e-16
9.926693416560724570e-01 -5.789833184062854021e-16
9.921118333400557043e-01 -6.076062557599027192e-16
9.915515463657028628e-01 -6.362291931135200362e-16
9.909876669409470873e-01 -6.657194922051257568e-16
9.904193945582582259e-01 -6.952097912967314774e-16
9.898459363693067337e-01 -7.251337712573313998e-16
9.892665019672025606e-01 -7.550577512179313222e-16
9.886802984773471747e-01 -7.858490929165196481e-16
9.880865258711868382e-01 -8.172909559185992767e-16
9.874843724273071333e-01 -8.480822976171876026e-16
9.868730102719396324e-01 -8.812588840952440383e-16
9.862515909364852895e-01 -9.142186301388033731e-16
9.856192408734228971e-01 -9.476120570513569097e-16
9.849750568741852952e-01 -9.816560052674017489e-16
9.843181013334241225e-01 -1.016350474786937891e-15
9.836473973036439222e-01 -1.052779667782450840e-15
9.829619232825200781e-01 -1.089208860777963789e-15
9.822606076723424673e-01 -1.125638053773476738e-15
9.815423228469092320e-01 -1.165103012851949099e-15
9.808058787557593083e-01 -1.203700610192433057e-15
9.800500159887789442e-01 -1.244249771443390923e-15
9.792733982157724171e-01 -1.285666294432337192e-15
9.784746039053565658e-01 -1.328383860028266067e-15
9.776521172152552452e-01 -1.372619308665674648e-15
9.768043179313996571e-01 -1.417505278606574531e-15
9.759294703157870288e-01 -1.463909131588954121e-15
9.750257107022920477e-01 -1.512481388916304720e-15
9.740910336549634119e-01 -1.561270486678152419e-15
9.731232764739901064e-01 -1.612661669653965329e-15
9.721201017995695359e-01 -1.666871778278240551e-15
9.710789780221741330e-01 -1.720648206033521571e-15
9.699971571577908902e-01 -1.777677240306259302e-15
9.688716497867984057e-01 -1.837091519358464945e-15
9.676991965830760156e-01 -1.897590000583156092e-15
9.664762358729310776e-01 -1.961991609628795055e-15
9.651988665580744087e-01 -2.028127942150410826e-15
9.638628056088196505e-01 -2.097300040754986009e-15
9.624633391775074820e-01 -2.168640543704532200e-15
9.609952661909467730e-01 -2.245185217082008814e-15
9.594528330456639775e-01 -2.322597252197473830e-15
9.578296577398006661e-01 -2.406297659913354772e-15
9.561186414162826663e-01 -2.492166471974206724e-15
9.543118648450604757e-01 -2.582588933159497793e-15
9.524004668141485830e-01 -2.678649245641713486e-15
9.503745006993332689e-01 -2.777962164641385692e-15
9.482227646012871825e-01 -2.882912934937982522e-15
9.459325993252606368e-01 -2.995019439572983680e-15
9.434896470663162171e-01 -3.111679593332423957e-15
9.408775618667544194e-01 -3.232893396216303353e-15
9.380776606223057978e-01 -3.365816582563026197e-15
9.350685004907391962e-01 -3.501775534992708453e-15
9.318253648279347656e-01 -3.650311232623222560e-15
9.283196350351867743e-01 -3.806002664592140997e-15
9.245180197167741643e-01 -3.973837160892897083e-15
9.203816051000690557e-01 -4.148827391532057499e-15
9.158646816490429998e-01 -4.340514335627494683e-15
9.109132914194435493e-01 -4.541308577971810104e-15
9.054634299941503039e-01 -4.748608033351038552e-15
8.994388287442927066e-01 -4.978458893917965492e-15
8.927482449307692081e-01 -5.213947605781817055e-15
8.852822156127735376e-01 -5.459410977632535259e-15
8.769093246354080495e-01 -5.711813243387160691e-15
8.674722763680091653e-01 -5.974407009563149865e-15
8.567846615407408439e-01 -6.223122987931324582e-15
8.446306920723174461e-01 -6.451455965456771816e-15
8.307734366435508555e-01 -6.613652610460603279e-15
8.149847544802935051e-01 -6.706026635556368257e-15
7.971283961776873817e-01 -6.555756214449877342e-15
7.773716724725909799e-01 -6.065479992051932237e-15
7.567056602055880488e-01 -4.930103477025111994e-15
7.381860928539374367e-01 -2.600586689222757167e-15
7.296928518833818433e-01 1.573808515280932202e-15
7.488106050398930513e-01 8.594017582124573215e-15
8.250788641306977533e-01 1.825057265158396701e-14
9.771351060042978709e-01 2.757449449452480804e-14
1.158848638662821617e+00 3.306771322163986796e-14
1.284904480323771692e+00 3.420330657710118530e-14
1.332352381348667958e+00 3.261928720309986333e-14
1.331200731046783492e+00 2.956443916190470603e-14
1.310250853294562479e+00 2.621750705544195069e-14
1.284166949327052665e+00 2.316233375359504774e-14
1.258761794120841104e+00 2.048901645689753946e-14
1.235908333627353972e+00 1.823853800746937791e-14
1.215943501594408671e+00 1.638379335099842547e-14
1.198665877268514368e+00 1.482059065870882518e-14
1.183723861636713837e+00 1.351423546108104089e-14
1.170758571524034508e+00 1.239869984581070537e-14
1.159450687115516576e+00 1.145631131748630492e-14
1.149530702463337439e+00 1.063763025704250052e-14
1.140776097246340548e+00 9.928019935150737871e-15
1.133004632150934166e+00 9.303411063581838766e-15
1.126067240797909985e+00 8.754371083435179321e-15
1.119841700657951522e+00 8.267672728206436380e-15
1.114227367486088971e+00 7.833124497474246203e-15
1.109140926639414104e+00 7.444329598420944313e-15
1.104513012020837293e+00 7.091530211494161170e-15
1.100285529569905218e+00 6.773642134521411270e-15
1.096409539595232241e+00 6.482642271426301880e-15
1.092843577593755944e+00 6.217988521122590248e-15
1.089552317738551324e+00 5.974368292965097402e-15
1.086505504123407517e+00 5.750914225215834938e-15
1.083677091690667948e+00 5.545891594398826049e-15
1.081044551956769517e+00 5.354313070520637416e-15
1.078588308834062204e+00 5.177479696188251643e-15
1.076291277660603729e+00 5.011705184015218015e-15
1.074138486531002856e+00 4.857206374436033633e-15
1.072116763603183198e+00 4.714200107885195598e-15
1.070214477573724343e+00 4.579325357627998846e-15
1.068421321224446219e+00 4.452256863012697727e-15
1.066728130039138245e+00 4.332452522953049487e-15
1.065126729518085735e+00 4.220779699187042530e-15
1.063609806089585108e+00 4.114744726717960196e-15
1.062170797515122889e+00 4.014456025763051036e-15
1.060803799471230935e+00 3.919371495236072297e-15
1.059503485613948470e+00 3.829382714919775429e-15
1.058265038927665325e+00 3.744056003945166230e-15
1.057084092556666022e+00 3.662740841008753398e-15
1.055956678636329915e+00 3.585437226110536932e-15
1.054879183898093764e+00 3.511711478381522630e-15
1.053848311030758600e+00 3.440804656300970640e-15
1.052861044950434088e+00 3.373258860955123714e-15
1.051914623270150173e+00 3.309507773212976053e-15
1.051006510374033587e+00 3.247708249381302300e-15
1.050134374594763109e+00 3.188293970329096658e-15
1.049296068070602050e+00 3.131590196708104776e-15
1.048489608922701821e+00 3.077380088083829554e-15
1.047713165447003769e+00 3.025013123152779690e-15
1.046965042059882389e+00 2.974380881697706633e-15
1.046243666774253178e+00 2.926025464804853135e-15
1.045547580014458244e+00 2.879404771387976444e-15
1.044875424604903014e+00 2.834410381229828010e-15
1.044225936789953790e+00 2.791042294330407833e-15
1.043597938161725747e+00 2.748975250037970261e-15
1.042990328388642363e+00 2.708100828135266744e-15
1.042402078651499364e+00 2.669286390360285685e-15
1.041832225705586756e+00 2.631339314323293030e-15
1.041279866497538897e+00 2.594476440458785879e-15
1.040744153274247186e+00 2.559239869853006985e-15
1.040224289128586443e+00 2.524436980116222293e-15
1.039719523933082534e+00 2.491151973420917306e-15
1.039229150618088404e+00 2.458517488029103623e-15
1.038752501755710433e+00 2.426858784592526894e-15
1.038288946414680503e+00 2.396067442893938568e-15
1.037837887254741354e+00 2.366360303367835746e-15
1.037398757831903273e+00 2.337303685145224227e-15
1.036971020088252038e+00 2.309114428660601112e-15
1.036554162001813495e+00 2.281684113696717850e-15
1.036147695373385247e+00 2.254687479601828789e-15
1.035751153728184271e+00 2.228449787027679582e-15
1.035364090310668228e+00 2.202862615757021677e-15
1.034986076150907097e+00 2.177817545572606525e-15
1.034616698180369276e+00 2.153422996691682675e-15
1.034255557373890078e+00 2.129353708462504477e-15
1.033902266892770871e+00 2.106043361754066131e-15
1.033556450201286170e+00 2.083058275697373437e-15
1.033217739125160239e+00 2.060398450292426395e-15
1.032885771815494902e+00 2.038497566408219205e-15
1.032560190574861592e+00 2.016705102741260566e-15
1.032240639493238632e+00 1.995346319943296129e-15
1.031926761829494277e+00 1.973987537145331691e-15
1.031618197058178588e+00 1.953496116085355658e-15
1.031314577480100692e+00 1.933004695025379624e-15
1.031015524266552408e+00 1.912730114399900691e-15
1.030720642768314210e+00 1.892780794426167409e-15
1.030429516867650941e+00 1.872397793583439926e-15
1.030141702078479549e+00 1.852665314044203745e-15
1.029856716997970212e+00 1.832932834504967565e-15
1.029574032568821851e+00 1.813200354965731384e-15
1.029293058405169825e+00 1.793359455209246653e-15
1.029013125135195938e+00 1.773301715018265018e-15
1.028733461270370464e+00 1.753352395044531736e-15
1.028453162444694202e+00 1.732752553767307152e-15
1.028171149844733678e+00 1.711935872055585467e-15
1.027886113048218863e+00 1.690360248823123929e-15
1.027596429914743315e+00 1.668025684069922537e-15
1.027300051925856383e+00 1.644823757578732742e-15
1.026994336153024046e+00 1.620320788480560342e-15
1.026675792333560544e+00 1.593866255471914034e-15
1.026339690309544084e+00 1.565351738335545267e-15
1.025979428653304826e+00 1.533909875333465639e-15
1.025585475721739304e+00 1.498022783424195442e-15
1.025143502184401756e+00 1.456280999783503521e-15
1.024630879601213573e+00 1.405974018980176116e-15
1.024009592151226222e+00 1.342439771672525556e-15
1.023210391846319789e+00 1.257329901132413458e-15
1.022092304329665913e+00 1.133188752382823200e-15
1.020317086833621323e+00 9.285998024348085134e-16
1.016818013409729771e+00 5.076040988586871416e-16
1.005548651402704996e+00 -9.396973811922127273e-16
1.149350283921889204e+00 9.493905385287541895e-15
1.041292485234899257e+00 3.323385561020790510e-15
1.033925153832972121e+00 2.546663124652175133e-15
1.031147779369257833e+00 2.247314904828927359e-15
1.029638718266657982e+00 2.085660360911338648e-15
1.028659606687582828e+00 1.982769574742464277e-15
1.027952811430044244e+00 1.910236449403184031e-15
1.027404936192026774e+00 1.855375819475417506e-15
1.026958259965794040e+00 1.811899312358748779e-15
1.026580291733631523e+00 1.776120640666727329e-15
1.026251334406510063e+00 1.746088240488878857e-15
1.025958744861417138e+00 1.719850547914729649e-15
1.025694030085587238e+00 1.696865461858036955e-15
1.025451268933932347e+00 1.676265620580812371e-15
1.025226203405600112e+00 1.657508922996813144e-15
1.025015689953314491e+00 1.640486948888790725e-15
1.024817354709555373e+00 1.624657597170502360e-15
1.024629369366219400e+00 1.609912447624699500e-15
1.024450301158206678e+00 1.596034659816885043e-15
1.024279009854531131e+00 1.583241074181556091e-15
1.024114575422030438e+00 1.571098009849718441e-15
1.023956246207403442e+00 1.559388626386874993e-15
1.023803401151855974e+00 1.548329764227522848e-15
1.023655521794574197e+00 1.537704582937164904e-15
1.023512171227414003e+00 1.527513082515801163e-15
1.023372978066062755e+00 1.518080523615177274e-15
1.023237624094953446e+00 1.508864805149050486e-15
1.023105834638954548e+00 1.499757506900172249e-15
1.022977370984040180e+00 1.491192309737536764e-15
1.022852024355204614e+00 1.482843953009398380e-15
1.022729611090390067e+00 1.474604016498508546e-15
1.022609968741996500e+00 1.466906181073861465e-15
1.022492952904351382e+00 1.459316765866462934e-15
1.022378434614197751e+00 1.452052611310810054e-15
1.022266298207102464e+00 1.445005297189654275e-15
1.022156439539354755e+00 1.438174823502995597e-15
1.022048764504961849e+00 1.431452770033585470e-15
1.021943187792524910e+00 1.425164397433169544e-15
1.021839631838384888e+00 1.418767604615505068e-15
1.021738025941362871e+00 1.412587652232337693e-15
1.021638305511366696e+00 1.406732960500915969e-15
1.021540411429551654e+00 1.400769848552245694e-15
1.021444289502006164e+00 1.395240417472569622e-15
1.021349889992313908e+00 1.389819406610142100e-15
1.021257167221048645e+00 1.384615236182211678e-15
1.021166079222437295e+00 1.379519485971529807e-15
1.021076587450170381e+00 1.374423735760847937e-15
1.020988656525785743e+00 1.369870086636408818e-15
1.020902254024214528e+00 1.365424857729218250e-15
1.020817350292055892e+00 1.360762788387530581e-15
1.020733918294960185e+00 1.356317559480340013e-15
1.020651933491182550e+00 1.352197591224895096e-15
1.020571373728956788e+00 1.348186043186698729e-15
1.020492219165851866e+00 1.344499755800248014e-15
1.020414452208717071e+00 1.340705048196548749e-15
1.020338057473235693e+00 1.337127181027346584e-15
1.020263021762475741e+00 1.333874574509890071e-15
1.020189334064191877e+00 1.330513547775185007e-15
1.020116985566976275e+00 1.327586201909474145e-15
1.020045969695712929e+00 1.324658856043763283e-15
1.019976282167160297e+00 1.321948350612549522e-15
1.019907921066876444e+00 1.319346265398584311e-15
1.019840886949136216e+00 1.317069440836364752e-15
1.019775182961978777e+00 1.314792616274145193e-15
1.019710815000074877e+00 1.312949472580919835e-15
1.019647791888753874e+00 1.311214749104943028e-15
1.019586125603294979e+00 1.309696866063463322e-15
1.019525831528496740e+00 1.308178983021983616e-15
1.019466928764635627e+00 1.307094780849498111e-15
1.019409440487261342e+00 1.306552679763255359e-15
1.019353394369906907e+00 1.305902158459764056e-15
1.019298823080808436e+00 1.305576897808018405e-15
1.019245764867232618e+00 1.305576897808018405e-15
1.019194264244138948e+00 1.305793738242515506e-15
1.019144372807842647e+00 1.306498469654631084e-15
1.019096150200339501e+00 1.307474251609868038e-15
1.019049665256322790e+00 1.308829504325474918e-15
1.019004997373114785e+00 1.310672648018700276e-15
1.018962238154337729e+00 1.313003682689544110e-15
1.018921493391995448e+00 1.315768398229382147e-15
1.018882885469857724e+00 1.318858374420965834e-15
1.018846556295223804e+00 1.322924132567786476e-15
1.018812670898575190e+00 1.327423571583601319e-15
1.018781421884506377e+00 1.332519321794283190e-15
1.018753034977383454e+00 1.338645064068826290e-15
1.018727775988275353e+00 1.345638168081357794e-15
1.018705959646146519e+00 1.353715474266374802e-15
1.018687960901610845e+00 1.362931192732501590e-15
1.018674229549655808e+00 1.373393743696986707e-15
1.018665309366103111e+00 1.385591018137448632e-15
1.018661863470966100e+00 1.399468805945263089e-15
1.018664708417812204e+00 1.415298157663551454e-15
1.018674860724515074e+00 1.433729594595805029e-15
1.018693601486129197e+00 1.454925747067896641e-15
1.018722567836190418e+00 1.479699766709190417e-15
1.018763885241713796e+00 1.508810595040426211e-15
1.018820363612672031e+00 1.543288224125465252e-15
1.018895796280721910e+00 1.584542116788538696e-15
1.018995430836169724e+00 1.634198576288374799e-15
1.019126739293107375e+00 1.695455999033805800e-15
1.019300735913668321e+00 1.772109092628530963e-15
1.019534358136472418e+00 1.870392019564341743e-15
1.019855066612940897e+00 2.000387860045353724e-15
1.020310521160171735e+00 2.179823319591704708e-15
1.020991339809979470e+00 2.441712354355578304e-15
1.022093583343911760e+00 2.858317039133133383e-15
1.024135051513423544e+00 3.620185905738697349e-15
1.029074417760860838e+00 5.448476029201003476e-15
1.056780571158173476e+00 1.568876554832659286e-14
9.858474451142077433e-01 -1.037155155040398592e-14
1.005656770342563844e+00 -3.120082160169186617e-15
1.009976857451931220e+00 -1.527009698027610479e-15
1.011851740330294680e+00 -8.298677011194311281e-16
1.012889750762530738e+00 -4.399885998936437337e-16
1.013542693604744471e+00 -1.914894619599661174e-16
1.013987003784808216e+00 -1.991446816413504072e-17
1.014305809155111815e+00 1.053108827579407214e-16
1.014543417493528388e+00 2.003412031762951850e-16
1.014725615954936933e+00 2.748258924260493397e-16
1.014868439706281267e+00 3.342943815868792579e-16
1.014982390552065183e+00 3.829208490228541317e-16
1.015074640893115498e+00 4.230363294048177958e-16
1.015150262870652353e+00 4.566465967518684332e-16
1.015212951305862976e+00 4.851611138882371999e-16
1.015265468159832762e+00 5.092846122260396735e-16
1.015309926250264727e+00 5.301012939377613587e-16
1.015347976338402791e+00 5.479906297837721818e-16
1.015380934077216857e+00 5.634947208503148952e-16
1.015409868399596460e+00 5.768304075718865998e-16
1.015435664542428729e+00 5.884313708174814972e-16
1.015459070021521804e+00 5.984602409129724132e-16
1.015480728942120159e+00 6.071880684014807239e-16
1.015501208223447582e+00 6.145064330657578788e-16
1.015521018177108159e+00 6.207948056661738046e-16
1.015540629148886875e+00 6.262700266372256019e-16
1.015560485460160534e+00 6.306068353271676197e-16
1.015581017578651268e+00 6.341847024963697843e-16
1.015602653254424448e+00 6.370578382534563711e-16
1.015625828243427842e+00 6.391178223811788295e-16
1.015650997189044613e+00 6.403646548795371596e-16
1.015678645233383692e+00 6.409067559657799118e-16
1.015709300983312469e+00 6.407983357485313614e-16
1.015743551567907188e+00 6.399851841191672330e-16
1.015782060708805279e+00 6.384673010776875268e-16
1.015825591009012152e+00 6.361904765154679675e-16
1.015875032091938079e+00 6.331547104325085551e-16
1.015931436859986325e+00 6.290889522856879135e-16
1.015996069103135557e+00 6.242642526181274187e-16
1.016070467157216495e+00 6.184637709953299700e-16
1.016156530599091168e+00 6.113080366569256408e-16
1.016256640605487815e+00 6.027970496029144310e-16
1.016373830539214929e+00 5.927139693987992397e-16
1.016512033289455053e+00 5.807335353928344157e-16
1.016676449158719242e+00 5.664220667160257572e-16
1.016874109129649817e+00 5.491832521735062367e-16
1.017114766555287542e+00 5.280955199186631754e-16
1.017412364964581650e+00 5.021830879962596195e-16
1.017787568897411177e+00 4.694943924958216608e-16
1.018272379528327054e+00 4.275899785292569144e-16
1.018919157818241938e+00 3.715909363203806104e-16
1.019819895242487950e+00 2.935825900100485664e-16
1.021152480515423067e+00 1.778440080972209680e-16
1.023311523425251446e+00 -1.113243056700245480e-17
1.027383001893542813e+00 -3.741775280237736145e-16
1.037838645269069104e+00 -1.351314735976334486e-15
1.122358679107108514e+00 -1.174122415490492367e-14
9.710583807181297766e-01 3.703615262911456915e-15
9.959668037590497791e-01 2.140195730187359521e-15
1.002522914220279837e+00 1.663146774293737767e-15
1.005538938694862328e+00 1.433621174378556479e-15
1.007266441416314162e+00 1.298800634229984002e-15
1.008381650961333476e+00 1.210058686412045464e-15
1.009158105177363263e+00 1.147337590733759033e-15
1.009727561901701653e+00 1.100445846773760966e-15
1.010161322573230214e+00 1.064070863886872292e-15
1.010501340704818896e+00 1.035068455772885049e-15
1.010773914075871804e+00 1.011432848412701052e-15
1.010996365506864114e+00 9.917003688734648714e-16
1.011180571605191147e+00 9.750036554171881031e-16
1.011334948009853907e+00 9.606379766317551694e-16
1.011465625285826508e+00 9.481696516481718684e-16
1.011577175934581962e+00 9.372734198146925488e-16
1.011673080484666087e+00 9.275156002623230089e-16
1.011756035752555904e+00 9.189504030996875239e-16
1.011828164301540767e+00 9.111441474577918920e-16
1.011891160176575211e+00 9.041510434452603884e-16
1.011946392447682808e+00 8.978084607362201874e-16
1.011994980162627344e+00 8.918453487875499131e-16
1.012037847520168121e+00 8.865327581423709413e-16
1.012075765103288560e+00 8.814912180403133457e-16
1.012109381122039631e+00 8.768833588072499519e-16
1.012139245387263742e+00 8.726007602259322094e-16
1.012165827921918337e+00 8.687518425136086686e-16
1.012189533566720145e+00 8.649571349099094031e-16
1.012210713559240860e+00 8.613792677407072385e-16
1.012229674802421986e+00 8.580724511146264499e-16
1.012246687352481134e+00 8.551451052489155880e-16
1.012261990523047661e+00 8.521093391659561756e-16
1.012275797905948904e+00 8.493446236261181392e-16
1.012288301538491586e+00 8.468509586294014790e-16
1.012299675394944032e+00 8.442488734154362684e-16
1.012310078341059905e+00 8.419720488532167091e-16
1.012319656661343048e+00 8.396410141823728746e-16
1.012328546246767269e+00 8.375268199460261409e-16
1.012336874514058849e+00 8.356294661441765082e-16
1.012344762115113816e+00 8.336779022337026002e-16
1.012352324485732868e+00 8.318347585404772426e-16
1.012359673275952998e+00 8.300458249558761603e-16
1.012366917699371260e+00 8.284737318057721789e-16
1.012374165835658646e+00 8.269016386556681975e-16
1.012381525918776282e+00 8.254379657228127665e-16
1.012389107643101083e+00 8.239742927899573355e-16
1.012397023520777983e+00 8.227274602915990054e-16
1.012405390326178711e+00 8.214806277932406753e-16
1.012414330667601225e+00 8.203422155121308956e-16
1.012423974732558296e+00 8.192580133396453912e-16
1.012434462261665002e+00 8.182822313844084372e-16
1.012445944817901067e+00 8.173606595377957584e-16
1.012458588433834406e+00 8.165475079084316301e-16
1.012472576740581776e+00 8.158969866049403275e-16
1.012488114710706100e+00 8.153006754100733000e-16
1.012505433185619363e+00 8.147585743238305478e-16
1.012524794410135875e+00 8.143248934548363460e-16
1.012546498868229117e+00 8.140538429117149699e-16
1.012570893812875239e+00 8.138370024772178690e-16
1.012598384021295539e+00 8.138912125858421443e-16
1.012629445503242298e+00 8.139996328030906947e-16
1.012664643172366263e+00 8.142706833462120708e-16
1.012704653903107710e+00 8.148127844324548230e-16
1.012750297008021105e+00 8.154633057359461257e-16
1.012802575096826585e+00 8.164932977998073549e-16
1.012862729708354337e+00 8.177401302981656850e-16
1.012932318363358508e+00 8.194206436655182169e-16
1.013013323337813576e+00 8.213722075759921248e-16
1.013108308531127877e+00 8.239742927899573355e-16
1.013220651230606562e+00 8.270100588729167479e-16
1.013354894116281990e+00 8.309673968024888391e-16
1.013517297192377153e+00 8.357920964700493338e-16
1.013716735994824925e+00 8.418636286359681587e-16
1.013966229154230181e+00 8.497783044951123410e-16
1.014285677836916255e+00 8.598613846992275323e-16
1.014707109675587970e+00 8.733597017466720625e-16
1.015285578733636784e+00 8.920079791134227387e-16
1.016124398664950190e+00 9.191130334255603496e-16
1.017442870085268680e+00 9.615595484783678482e-16
1.019802569814020066e+00 1.036477918597116205e-15
1.025202417730302074e+00 1.201168228597664328e-15
1.049847998297243512e+00 1.827999714620158519e-15
9.616741102224450888e-01 -1.374625082684772831e-15
9.961809028431372059e-01 1.950828226397404885e-16
1.002357400431985290e+00 4.326857287399387853e-16
1.004930399788730222e+00 5.277160491582932489e-16
1.006336191507754663e+00 5.785109209392391316e-16
1.007218750001551477e+00 6.098985738326944850e-16
1.007821890811160914e+00 6.312573566306589223e-16
1.008258296034873380e+00 6.465446072627045349e-16
1.008587225727286762e+00 6.579829401824266066e-16
1.008842821743530793e+00 6.667649777795591926e-16
1.009046140621198573e+00 6.737038716834664209e-16
1.009210873954508925e+00 6.794501431976395944e-16
1.009346309116810669e+00 6.840037923220787131e-16
1.009458967949736108e+00 6.879069201430265290e-16
1.009553564417703164e+00 6.909968963346102167e-16
1.009633590042227969e+00 6.938700320916968034e-16
1.009701685630034262e+00 6.962010667625406379e-16
1.009759885084279052e+00 6.982068407816388211e-16
1.009809779863629631e+00 6.999415642576156282e-16
1.009852632665424688e+00 7.014594472990953344e-16
1.009889457723027073e+00 7.028689101233264902e-16
1.009921078617627810e+00 7.040073224044362699e-16
1.009948170618080399e+00 7.050915245769217743e-16
1.009971292168146739e+00 7.059588863149101778e-16
1.009990908628066286e+00 7.069346682701471318e-16
1.010007410399983652e+00 7.076393996822627097e-16
1.010021126922076240e+00 7.083983412030025628e-16
1.010032337582958295e+00 7.091572827237424159e-16
1.010041280311734457e+00 7.096993838099851681e-16
1.010048158393368478e+00 7.104041152221007460e-16
1.010053145914073580e+00 7.109462163083434982e-16
1.010056392137875569e+00 7.114883173945862505e-16
1.010058025040578622e+00 7.120304184808290027e-16
1.010058154172473355e+00 7.126267296756960301e-16
1.010056872980426901e+00 7.131146206533145071e-16
1.010054260689464023e+00 7.137651419568058098e-16
1.010050383820721098e+00 7.142530329344242868e-16
1.010045297404755793e+00 7.149035542379155894e-16
1.010039045935166024e+00 7.155540755414068921e-16
1.010031664096236126e+00 7.160961766276496443e-16
1.010023177289116614e+00 7.168551181483894974e-16
1.010013601973218433e+00 7.175598495605050753e-16
1.010002945832579435e+00 7.183730011898692036e-16
1.009991207770525978e+00 7.192403629278576072e-16
1.009978377729606525e+00 7.202703549917188364e-16
1.009964436327153825e+00 7.211919268383315151e-16
1.009949354289513046e+00 7.221677087935684691e-16
1.009933091659488635e+00 7.234145412919267992e-16
1.009915596741288724e+00 7.247697940075336798e-16
1.009896804734446096e+00 7.261250467231405603e-16
1.009876635991777460e+00 7.276971398732445417e-16
1.009854993814984336e+00 7.294860734578456241e-16
1.009831761672963069e+00 7.312207969338224312e-16
1.009806799689340506e+00 7.333349911701691648e-16
1.009779940192936154e+00 7.355576056237644489e-16
1.009750982051502488e+00 7.381596908377296595e-16
1.009719683405747803e+00 7.409244063775676958e-16
1.009685752272914794e+00 7.441228027863999339e-16
1.009648834274708973e+00 7.475380396297292729e-16
1.009608496427732094e+00 7.516037977765499145e-16
1.009564205458599817e+00 7.559948165751162075e-16
1.009515298376175929e+00 7.610905667857980783e-16
1.009460941889882335e+00 7.668368382999712518e-16
1.009400075427712817e+00 7.735588917693813793e-16
1.009331329481576001e+00 7.812025170854041856e-16
1.009252905865968053e+00 7.903098153342824228e-16
1.009162397436694780e+00 8.009349966246403663e-16
1.009056508294505550e+00 8.137827923685935938e-16
1.008930603914631075e+00 8.292326733265120320e-16
1.008777957020895011e+00 8.485314719967540109e-16
1.008588418664454034e+00 8.729260208776778607e-16
1.008345929032180566e+00 9.046389344228788654e-16
1.008023484897708988e+00 9.477359707791776666e-16
1.007571909679973787e+00 1.009156023850481493e-15
1.006891222962178700e+00 1.103535822965344654e-15
1.005742202839357446e+00 1.266925090358910172e-15
1.003374536743212087e+00 1.616092400007866875e-15
9.955972012871556753e-01 2.869701161944231180e-15
1.109476975279916955e+00 1.769766463592325645e-16
1.021376940843059522e+00 -6.923908656482691659e-16
1.016080612435460218e+00 -1.039401365317616344e-16
1.014165492906430988e+00 1.255854633834196543e-16
1.013174112063965460e+00 2.472329471362932518e-16
1.012566010374589487e+00 3.225307880154115348e-16
1.012153526560743977e+00 3.734340800136059679e-16
1.011854314228371798e+00 4.102969538781131187e-16
1.011626554314525084e+00 4.378898991678692065e-16
1.011446754884265165e+00 4.594655224003307448e-16
1.011300703075341589e+00 4.767043369428502653e-16
1.011179295703714454e+00 4.907447550765375477e-16
1.011076432614683496e+00 5.025083486480052708e-16
1.010987872876302873e+00 5.122661682003748107e-16
1.010910576745977396e+00 5.206145249285131949e-16
1.010842308629867459e+00 5.277702592669175241e-16
1.010781387754883687e+00 5.340586318673334498e-16
1.010726526183887142e+00 5.393712225125124216e-16
1.010676720446522125e+00 5.441959221800729163e-16
1.010631177164369676e+00 5.483701005441421084e-16
1.010589260847843507e+00 5.521648081478413739e-16
1.010550456518868767e+00 5.554174146652978872e-16
1.010514342469220672e+00 5.583989706396330244e-16
1.010480570086752294e+00 5.610010558535982350e-16
1.010448848698915159e+00 5.634405107416906200e-16
1.010418934035833161e+00 5.655547049780373536e-16
1.010390619343172869e+00 5.675062688885112616e-16
1.010363728461025845e+00 5.692409923644880687e-16
1.010338110379511933e+00 5.709215057318406006e-16
1.010313634916193637e+00 5.722767584474474811e-16
1.010290189254631876e+00 5.735235909458058112e-16
1.010267675150416711e+00 5.747704234441641413e-16
1.010246006659223594e+00 5.758004155080253705e-16
1.010225108276577632e+00 5.768304075718865998e-16
1.010204913404863847e+00 5.776977693098750033e-16
1.010185363082362953e+00 5.784567108306148564e-16
1.010166404923530603e+00 5.792698624599789847e-16
1.010147992230685299e+00 5.798119635462217370e-16
1.010130083245623256e+00 5.804624848497130396e-16
