8.791690362758272093e-01
-6.132427587222616894e-248
6.009908102721618350e-01
8.451268207550731226e-247
5.457926019372592030e-01
1.069338547691793572e-245
3.080750329025740419e-01
6.665710939339461365e-245
-8.167415813360269228e-01
-9.068265427608925319e-245
9.384249012949433949e-03
3.922805733582422621e-245
-1.441354288075554213e-01
-4.643019924445329679e-245
-3.200366166473305740e-01
-2.387230445801605873e-245
-5.539009103377884324e-01
-2.096817025930972550e-246
-6.393865011671165943e-01
8.999374685925853773e-245
