9.907515426779759382e-01 6.731624801414416269e-245
9.878925727245203570e-01 7.878529096111127721e-245
9.839363060382793069e-01 9.493730326820282344e-245
9.779751252393481531e-01 1.192461140066133363e-244
9.675903362240022565e-01 1.591928337321869003e-244
9.431972045330269117e-01 2.280877630138687730e-244
7.773688995533433177e-01 -6.381903924894654550e-244
1.093964159409667181e+00 -1.181672979878288240e-243
1.028521076987777505e+00 -3.684840347308433528e-244
1.006772141500296369e+00 -2.164006968642611853e-244
9.887542613635587063e-01 -1.493496169375286370e-244
9.595496292287982731e-01 -7.474528568634872415e-245
8.230029642493962294e-01 9.365361689195467029e-244
1.158215411971164510e+00 1.011822574874721900e-243
1.052987117899435443e+00 1.205358648297842743e-244
9.875031860470454559e-01 -7.110019744215243742e-245
1.073874714977685274e+00 1.114173496107324421e-244
1.043155146240416942e+00 5.710881609072588631e-245
1.031994929311593090e+00 4.359985177683428114e-245
1.024106001147538247e+00 3.958596900251704489e-245
1.016272121425143782e+00 4.001570044924442055e-245
1.005545569428596853e+00 4.319855264938512692e-245
9.834385457522106799e-01 4.507133134282288400e-245
8.702759930758912077e-01 -1.160619753723942542e-244
1.174646502456980990e+00 -3.026594809061675409e-244
1.085556665710168067e+00 -2.795476432219354631e-245
1.069334294780179384e+00 1.684736400170651169e-245
1.067460813600709546e+00 4.885803673630332130e-245
1.079433632062863913e+00 1.066827760907951815e-244
1.161165712690932272e+00 5.443197859734555729e-244
8.788570331135088232e-01 4.174710505486617097e-244
9.747241180142257599e-01 7.504348922692195759e-245
9.890238416317548298e-01 8.842246568907014954e-245
9.891404342328419252e-01 1.492006244422342348e-244
9.696210145097166055e-01 3.852542547175480410e-244
1.208880838558398896e+00 -2.700736839445326436e-245
1.043912682939171166e+00 -1.964616206792837183e-244
1.031280700637702497e+00 -1.113345972301697910e-244
1.026907436447733524e+00 -7.288634355633437910e-245
1.024820422896071337e+00 -4.865464084816371164e-245
1.023732071714735570e+00 -2.941568392049967220e-245
1.023270620742951831e+00 -1.061789956358738007e-245
1.023430512146786597e+00 1.218972319134839702e-245
1.024663701209915789e+00 4.794842157082579076e-245
1.029424244807243261e+00 1.302033210240425954e-244
1.118424011668771145e+00 -7.746789538286169852e-245
1.001684416365642871e+00 -3.442939147628823329e-244
1.008935364842032500e+00 -1.708769535577857631e-244
1.010479338640392966e+00 -1.212675502799848627e-244
1.010472429051798127e+00 -9.706691796946989662e-245
1.009347163655246460e+00 -8.219754048757601558e-245
1.006382706519971082e+00 -7.134871280289137573e-245
9.975579291366212242e-01 -6.003254819089171095e-245
9.253730646635183188e-01 4.450539901147569343e-245
1.084423144404766504e+00 -1.834490247047037762e-245
1.141318700556080756e+00 -2.291487812758558844e-245
9.939945726520353908e-01 -6.050259860309005275e-245
1.008879452159472390e+00 -5.157201032049482787e-245
1.011743533069449974e+00 -4.798758205893967396e-245
1.012460558426911073e+00 -4.552096583064028202e-245
1.012378338784858167e+00 -4.358475402343033578e-245
1.011749917417623879e+00 -4.202167661641440087e-245
1.010406405890819537e+00 -4.082021740757093386e-245
1.007433695458832323e+00 -4.016889865733086214e-245
9.972080088043832058e-01 -4.142807943236825682e-245
1.108127922052969394e+00 -1.462748371081169941e-245
1.029166234216375653e+00 -3.150821462636573945e-245
1.022981640162558215e+00 -3.202034344854213895e-245
1.020667235673242690e+00 -3.168297180618270232e-245
1.019436724894520863e+00 -3.114925536811698508e-245
