8.474407313231863137e-01
-4.165187505346805933e-17
7.310419088231309148e-01
-1.868091110251748180e-17
4.865845619644473818e-01
2.638634812654151139e-17
2.189044050532650831e-01
-1.057163748872554085e-17
5.495246027434620706e-02
-1.596916779863684132e-17
-8.089256095161128091e-01
-4.200257253919236983e-18
-7.407242261541311379e-01
-5.135148949830476057e-18
-3.323964825690076119e-01
-9.482615346082098537e-03
-3.323964825690073899e-01
9.482615346082018740e-03
-6.439122147656776152e-01
-1.157381306585516899e-17
