1.005466521846142713e+00 0.000000000000000000e+00
1.005325428708320645e+00 0.000000000000000000e+00
1.005176877641515309e+00 0.000000000000000000e+00
1.005020247887347340e+00 0.000000000000000000e+00
1.004854847492054892e+00 0.000000000000000000e+00
1.004679902804351821e+00 0.000000000000000000e+00
1.004494546061723614e+00 0.000000000000000000e+00
1.004297800647528938e+00 0.000000000000000000e+00
1.004088563493884090e+00 0.000000000000000000e+00
1.003865583965888986e+00 0.000000000000000000e+00
1.003627438380347181e+00 0.000000000000000000e+00
1.003372499071510937e+00 0.000000000000000000e+00
1.003098896596211764e+00 0.000000000000000000e+00
1.002804473240704874e+00 0.000000000000000000e+00
1.002486725408246793e+00 0.000000000000000000e+00
1.002142731666731512e+00 0.000000000000000000e+00
1.001769062126836696e+00 0.000000000000000000e+00
1.001361663264591861e+00 0.000000000000000000e+00
1.000915710088304378e+00 0.000000000000000000e+00
1.000425414355393228e+00 0.000000000000000000e+00
9.998837728637010036e-01 0.000000000000000000e+00
9.992822328656086883e-01 0.000000000000000000e+00
9.986102410623528547e-01 0.000000000000000000e+00
9.978546262276454248e-01 0.000000000000000000e+00
9.969987395121413520e-01 0.000000000000000000e+00
9.960212342509695560e-01 0.000000000000000000e+00
9.948942965659552939e-01 0.000000000000000000e+00
9.935810165099346891e-01 0.000000000000000000e+00
9.920313724756965046e-01 0.000000000000000000e+00
9.901758980063499749e-01 0.000000000000000000e+00
9.879153134786451407e-01 0.000000000000000000e+00
9.851027848414630750e-01 0.000000000000000000e+00
9.815119077982161766e-01 0.000000000000000000e+00
9.767750268771977495e-01 0.000000000000000000e+00
9.702541694018438356e-01 0.000000000000000000e+00
9.607401466216359820e-01 0.000000000000000000e+00
9.456385791442768474e-01 0.000000000000000000e+00
9.182239802193066236e-01 0.000000000000000000e+00
8.541534926550702345e-01 0.000000000000000000e+00
5.472897038997330821e-01 0.000000000000000000e+00
1.576100320945903022e+00 0.000000000000000000e+00
1.202937585809617183e+00 0.000000000000000000e+00
1.139310616207481530e+00 0.000000000000000000e+00
1.125833907224789154e+00 0.000000000000000000e+00
1.183850015634202446e+00 0.000000000000000000e+00
9.036262893030821974e-01 0.000000000000000000e+00
1.003088014535002959e+00 0.000000000000000000e+00
1.016768202294491052e+00 0.000000000000000000e+00
1.020632680267387959e+00 0.000000000000000000e+00
1.021773146265698928e+00 0.000000000000000000e+00
1.021919836102793466e+00 0.000000000000000000e+00
1.021660314439470474e+00 0.000000000000000000e+00
1.021231305400694733e+00 0.000000000000000000e+00
1.020738035827755574e+00 0.000000000000000000e+00
1.020229859646327286e+00 0.000000000000000000e+00
1.019730310892454694e+00 0.000000000000000000e+00
1.019250293767697269e+00 0.000000000000000000e+00
1.018794305847700032e+00 0.000000000000000000e+00
1.018363535695067545e+00 0.000000000000000000e+00
1.017957466284098222e+00 0.000000000000000000e+00
1.017574727685538916e+00 0.000000000000000000e+00
1.017213557455342698e+00 0.000000000000000000e+00
1.016872049628849695e+00 0.000000000000000000e+00
1.016548287081105340e+00 0.000000000000000000e+00
1.016240408406698492e+00 0.000000000000000000e+00
1.015946637589877133e+00 0.000000000000000000e+00
1.015665292352933680e+00 0.000000000000000000e+00
1.015394780186225310e+00 0.000000000000000000e+00
1.015133587137663440e+00 0.000000000000000000e+00
1.014880262140585465e+00 0.000000000000000000e+00
1.014633398264993769e+00 0.000000000000000000e+00
1.014391611384019010e+00 0.000000000000000000e+00
1.014153516118400100e+00 0.000000000000000000e+00
1.013917698407601042e+00 0.000000000000000000e+00
1.013682683549838703e+00 0.000000000000000000e+00
1.013446897960653903e+00 0.000000000000000000e+00
1.013208622116030355e+00 0.000000000000000000e+00
1.012965931030768596e+00 0.000000000000000000e+00
1.012716616962967553e+00 0.000000000000000000e+00
1.012458086486725417e+00 0.000000000000000000e+00
1.012187220055532633e+00 0.000000000000000000e+00
1.011900175669466551e+00 0.000000000000000000e+00
1.011592107414863051e+00 0.000000000000000000e+00
1.011256751000251031e+00 0.000000000000000000e+00
1.010885795192596470e+00 0.000000000000000000e+00
1.010467896403611121e+00 0.000000000000000000e+00
1.009987073706936078e+00 0.000000000000000000e+00
1.009419974808684062e+00 0.000000000000000000e+00
1.008730961258113901e+00 0.000000000000000000e+00
1.007862670020973184e+00 0.000000000000000000e+00
1.006716310751910592e+00 0.000000000000000000e+00
1.005105789084705492e+00 0.000000000000000000e+00
1.002633548656512330e+00 0.000000000000000000e+00
9.982703535302424047e-01 0.000000000000000000e+00
9.882721427724061591e-01 0.000000000000000000e+00
9.398827016429089909e-01 0.000000000000000000e+00
1.091157186460786077e+00 0.000000000000000000e+00
1.038414530718915652e+00 0.000000000000000000e+00
1.028070355259343760e+00 0.000000000000000000e+00
1.023614320984899795e+00 0.000000000000000000e+00
1.021106648396916006e+00 0.000000000000000000e+00
1.019481150719808715e+00 0.000000000000000000e+00
1.018329254245329496e+00 0.000000000000000000e+00
1.017460633194156028e+00 0.000000000000000000e+00
1.016774574279350807e+00 0.000000000000000000e+00
1.016212721363269678e+00 0.000000000000000000e+00
1.015738862770793727e+00 0.000000000000000000e+00
1.015329276960317051e+00 0.000000000000000000e+00
1.014967715791818215e+00 0.000000000000000000e+00
1.014642617337811803e+00 0.000000000000000000e+00
1.014345470125273208e+00 0.000000000000000000e+00
1.014069807572155701e+00 0.000000000000000000e+00
1.013810564164294048e+00 0.000000000000000000e+00
1.013563647520093536e+00 0.000000000000000000e+00
1.013325643319964886e+00 0.000000000000000000e+00
1.013093603784162244e+00 0.000000000000000000e+00
1.012864889144475367e+00 0.000000000000000000e+00
1.012637042272859444e+00 0.000000000000000000e+00
1.012407682801879094e+00 0.000000000000000000e+00
1.012174410517932444e+00 0.000000000000000000e+00
1.011934709470663440e+00 0.000000000000000000e+00
1.011685844561804215e+00 0.000000000000000000e+00
1.011424741461188548e+00 0.000000000000000000e+00
1.011147838364626406e+00 0.000000000000000000e+00
1.010850893831743980e+00 0.000000000000000000e+00
1.010528727675720218e+00 0.000000000000000000e+00
1.010174859673782510e+00 0.000000000000000000e+00
1.009780990095594078e+00 0.000000000000000000e+00
1.009336229755659620e+00 0.000000000000000000e+00
1.008825921672064529e+00 0.000000000000000000e+00
1.008229772707936123e+00 0.000000000000000000e+00
1.007518768598322234e+00 0.000000000000000000e+00
1.006649831435300291e+00 0.000000000000000000e+00
1.005556020258785210e+00 0.000000000000000000e+00
1.004127231921879249e+00 0.000000000000000000e+00
1.002168582539175734e+00 0.000000000000000000e+00
9.992991581708214888e-01 0.000000000000000000e+00
9.946601771176388773e-01 0.000000000000000000e+00
9.858226587741710789e-01 0.000000000000000000e+00
9.621755937423160931e-01 0.000000000000000000e+00
6.866486617970157802e-01 0.000000000000000000e+00
1.089175967542751922e+00 0.000000000000000000e+00
1.047510271502359203e+00 0.000000000000000000e+00
1.035445503251810395e+00 0.000000000000000000e+00
1.029690297052866299e+00 0.000000000000000000e+00
1.026311986997491044e+00 0.000000000000000000e+00
1.024084185260305313e+00 0.000000000000000000e+00
1.022500547301414819e+00 0.000000000000000000e+00
1.021313950052055830e+00 0.000000000000000000e+00
1.020389418117205960e+00 0.000000000000000000e+00
1.019646979508306961e+00 0.000000000000000000e+00
1.019036231036144935e+00 0.000000000000000000e+00
1.018523822556532732e+00 0.000000000000000000e+00
1.018086801975311317e+00 0.000000000000000000e+00
1.017708850826252398e+00 0.000000000000000000e+00
1.017378044357737377e+00 0.000000000000000000e+00
1.017085461163786730e+00 0.000000000000000000e+00
1.016824288526560816e+00 0.000000000000000000e+00
1.016589228493816943e+00 0.000000000000000000e+00
1.016376092542643939e+00 0.000000000000000000e+00
1.016181517833597114e+00 0.000000000000000000e+00
1.016002763604033854e+00 0.000000000000000000e+00
1.015837561112382659e+00 0.000000000000000000e+00
1.015683999291034478e+00 0.000000000000000000e+00
1.015540433232928752e+00 0.000000000000000000e+00
1.015405404872319117e+00 0.000000000000000000e+00
1.015277564734045512e+00 0.000000000000000000e+00
1.015155578950695414e+00 0.000000000000000000e+00
1.015037991966732500e+00 0.000000000000000000e+00
1.014922977096552881e+00 0.000000000000000000e+00
1.014807791226972844e+00 0.000000000000000000e+00
1.014687337395586253e+00 0.000000000000000000e+00
1.014549358801312362e+00 0.000000000000000000e+00
1.014350863205996545e+00 0.000000000000000000e+00
1.013728946645696904e+00 0.000000000000000000e+00
1.015421741376642206e+00 0.000000000000000000e+00
1.014703852444702736e+00 0.000000000000000000e+00
1.014509209913572407e+00 0.000000000000000000e+00
1.014387109407326681e+00 0.000000000000000000e+00
1.014290178175012436e+00 0.000000000000000000e+00
1.014205555920209445e+00 0.000000000000000000e+00
1.014128225053763099e+00 0.000000000000000000e+00
1.014055767478244663e+00 0.000000000000000000e+00
1.013986835299438338e+00 0.000000000000000000e+00
1.013920589676859052e+00 0.000000000000000000e+00
1.013856460491663336e+00 0.000000000000000000e+00
1.013794031068830703e+00 0.000000000000000000e+00
1.013732977785852585e+00 0.000000000000000000e+00
1.013673036065879662e+00 0.000000000000000000e+00
1.013613980000682702e+00 0.000000000000000000e+00
1.013555609433825611e+00 0.000000000000000000e+00
1.013497741320489753e+00 0.000000000000000000e+00
1.013440203627375302e+00 0.000000000000000000e+00
1.013382830776931032e+00 0.000000000000000000e+00
1.013325460037060699e+00 0.000000000000000000e+00
1.013267928477894264e+00 0.000000000000000000e+00
1.013210070242702043e+00 0.000000000000000000e+00
1.013151713952021415e+00 0.000000000000000000e+00
1.013092680100327270e+00 0.000000000000000000e+00
1.013032778324812311e+00 0.000000000000000000e+00
1.012971804432248657e+00 0.000000000000000000e+00
1.012909537065587839e+00 0.000000000000000000e+00
1.012845733878011245e+00 0.000000000000000000e+00
1.012780127058210855e+00 0.000000000000000000e+00
1.012712418015142113e+00 0.000000000000000000e+00
1.012642270980278258e+00 0.000000000000000000e+00
1.012569305215753390e+00 0.000000000000000000e+00
1.012493085420430150e+00 0.000000000000000000e+00
1.012413109792139165e+00 0.000000000000000000e+00
1.012328795016964600e+00 0.000000000000000000e+00
1.012239457191178138e+00 0.000000000000000000e+00
1.012144287300977386e+00 0.000000000000000000e+00
1.012042319331563078e+00 0.000000000000000000e+00
1.011932388258346638e+00 0.000000000000000000e+00
1.011813073940416752e+00 0.000000000000000000e+00
1.011682625043726524e+00 0.000000000000000000e+00
1.011538854151375677e+00 0.000000000000000000e+00
1.011378990443581039e+00 0.000000000000000000e+00
1.011199468443828353e+00 0.000000000000000000e+00
1.010995617901969457e+00 0.000000000000000000e+00
1.010761196229885472e+00 0.000000000000000000e+00
1.010487661559801742e+00 0.000000000000000000e+00
1.010163001392059501e+00 0.000000000000000000e+00
1.009769763821105837e+00 0.000000000000000000e+00
1.009281576830845406e+00 0.000000000000000000e+00
1.008656602052368845e+00 0.000000000000000000e+00
1.007824230947254041e+00 0.000000000000000000e+00
1.006655193497772105e+00 0.000000000000000000e+00
1.004884620752632962e+00 0.000000000000000000e+00
1.001870953089530003e+00 0.000000000000000000e+00
9.955565879001125884e-01 0.000000000000000000e+00
9.737497657122597960e-01 0.000000000000000000e+00
1.183828514525838704e+00 0.000000000000000000e+00
1.040160675388211997e+00 0.000000000000000000e+00
1.027800400478737108e+00 0.000000000000000000e+00
1.023178022182567037e+00 0.000000000000000000e+00
1.020749892287210470e+00 0.000000000000000000e+00
1.019246585048042553e+00 0.000000000000000000e+00
1.018219177554085642e+00 0.000000000000000000e+00
1.017468482312348987e+00 0.000000000000000000e+00
1.016892530467850886e+00 0.000000000000000000e+00
1.016433650944104761e+00 0.000000000000000000e+00
1.016056713322683436e+00 0.000000000000000000e+00
1.015739035173905069e+00 0.000000000000000000e+00
1.015465253423971870e+00 0.000000000000000000e+00
1.015224523591339967e+00 0.000000000000000000e+00
1.015008896705454466e+00 0.000000000000000000e+00
1.014812328955167597e+00 0.000000000000000000e+00
1.014630047589365036e+00 0.000000000000000000e+00
1.014458124100564129e+00 0.000000000000000000e+00
1.014293169559422614e+00 0.000000000000000000e+00
1.014132099984297097e+00 0.000000000000000000e+00
1.013971936549823205e+00 0.000000000000000000e+00
1.013809612946881877e+00 0.000000000000000000e+00
1.013641762958606751e+00 0.000000000000000000e+00
1.013464455361176464e+00 0.000000000000000000e+00
1.013272827966974710e+00 0.000000000000000000e+00
1.013060541030748940e+00 0.000000000000000000e+00
1.012818906263868390e+00 0.000000000000000000e+00
1.012535413615767377e+00 0.000000000000000000e+00
1.012191079505186719e+00 0.000000000000000000e+00
1.011755320471218411e+00 0.000000000000000000e+00
1.011175134026725209e+00 0.000000000000000000e+00
1.010349504761264727e+00 0.000000000000000000e+00
1.009058520547655213e+00 0.000000000000000000e+00
1.006714528001945608e+00 0.000000000000000000e+00
1.001038901563350514e+00 0.000000000000000000e+00
9.663640547776988221e-01 0.000000000000000000e+00
1.045241685636068452e+00 0.000000000000000000e+00
1.026130847495282161e+00 0.000000000000000000e+00
1.021649744673447158e+00 0.000000000000000000e+00
1.019643316467263583e+00 0.000000000000000000e+00
1.018502385646733899e+00 0.000000000000000000e+00
1.017765043944394154e+00 0.000000000000000000e+00
1.017248875557168253e+00 0.000000000000000000e+00
1.016867336807493638e+00 0.000000000000000000e+00
1.016574089114865354e+00 0.000000000000000000e+00
1.016342086421794244e+00 0.000000000000000000e+00
1.016154488472652773e+00 0.000000000000000000e+00
1.016000270100551939e+00 0.000000000000000000e+00
1.015871919858389649e+00 0.000000000000000000e+00
1.015764153505556378e+00 0.000000000000000000e+00
1.015673156216968964e+00 0.000000000000000000e+00
1.015596116529131843e+00 0.000000000000000000e+00
1.015530929194116139e+00 0.000000000000000000e+00
1.015475999932625051e+00 0.000000000000000000e+00
1.015430113908982523e+00 0.000000000000000000e+00
1.015392345358115733e+00 0.000000000000000000e+00
1.015361994596008843e+00 0.000000000000000000e+00
1.015338543792998927e+00 0.000000000000000000e+00
1.015321626003344413e+00 0.000000000000000000e+00
1.015311003891315567e+00 0.000000000000000000e+00
1.015306555854892379e+00 0.000000000000000000e+00
1.015308268100346245e+00 0.000000000000000000e+00
1.015316231831281391e+00 0.000000000000000000e+00
1.015330645190174685e+00 0.000000000000000000e+00
1.015351820002868610e+00 0.000000000000000000e+00
1.015380193785803575e+00 0.000000000000000000e+00
1.015416347938974839e+00 0.000000000000000000e+00
1.015461033631324117e+00 0.000000000000000000e+00
1.015515207680366405e+00 0.000000000000000000e+00
1.015580081870530504e+00 0.000000000000000000e+00
1.015657190861973369e+00 0.000000000000000000e+00
1.015748486473630141e+00 0.000000000000000000e+00
1.015856470299300263e+00 0.000000000000000000e+00
1.015984383430276194e+00 0.000000000000000000e+00
1.016136483524692213e+00 0.000000000000000000e+00
1.016318459415669340e+00 0.000000000000000000e+00
1.016538069502183506e+00 0.000000000000000000e+00
1.016806158187038900e+00 0.000000000000000000e+00
1.017138339566134420e+00 0.000000000000000000e+00
1.017557921571279111e+00 0.000000000000000000e+00
1.018101285379833465e+00 0.000000000000000000e+00
1.018828515874131480e+00 0.000000000000000000e+00
1.019846424234792659e+00 0.000000000000000000e+00
1.021364878841156676e+00 0.000000000000000000e+00
1.023860527515936480e+00 0.000000000000000000e+00
1.028698004937803168e+00 0.000000000000000000e+00
1.041999990755599237e+00 0.000000000000000000e+00
1.236209917121911417e+00 0.000000000000000000e+00
9.748888917558793388e-01 0.000000000000000000e+00
9.956400618530076851e-01 0.000000000000000000e+00
1.001831744436816107e+00 0.000000000000000000e+00
1.004801064570538749e+00 0.000000000000000000e+00
1.006540214014473689e+00 0.000000000000000000e+00
1.007679821243864904e+00 0.000000000000000000e+00
1.008482393830007817e+00 0.000000000000000000e+00
1.009076707404371165e+00 0.000000000000000000e+00
1.009533335957682798e+00 0.000000000000000000e+00
1.009894186423495377e+00 0.000000000000000000e+00
1.010185704648062899e+00 0.000000000000000000e+00
1.010425396062256675e+00 0.000000000000000000e+00
1.010625302024837247e+00 0.000000000000000000e+00
1.010793970125174690e+00 0.000000000000000000e+00
1.010937628165679225e+00 0.000000000000000000e+00
1.011060913371239822e+00 0.000000000000000000e+00
1.011167341473153014e+00 0.000000000000000000e+00
1.011259617547509038e+00 0.000000000000000000e+00
1.011339847224786315e+00 0.000000000000000000e+00
1.011409683227144196e+00 0.000000000000000000e+00
1.011470428728355131e+00 0.000000000000000000e+00
1.011523111096467087e+00 0.000000000000000000e+00
1.011568534745857839e+00 0.000000000000000000e+00
1.011607318783297904e+00 0.000000000000000000e+00
1.011639923147132691e+00 0.000000000000000000e+00
1.011666665580464697e+00 0.000000000000000000e+00
1.011687730784028405e+00 0.000000000000000000e+00
1.011703172285355778e+00 0.000000000000000000e+00
1.011712906801019773e+00 0.000000000000000000e+00
1.011716700026765725e+00 0.000000000000000000e+00
1.011714141705611247e+00 0.000000000000000000e+00
1.011704606259083539e+00 0.000000000000000000e+00
1.011687192826295378e+00 0.000000000000000000e+00
1.011660634530788583e+00 0.000000000000000000e+00
1.011623159845687292e+00 0.000000000000000000e+00
1.011572276393127412e+00 0.000000000000000000e+00
1.011504423838956113e+00 0.000000000000000000e+00
1.011414395452330472e+00 0.000000000000000000e+00
1.011294328418491650e+00 0.000000000000000000e+00
1.011131837167623670e+00 0.000000000000000000e+00
1.010906304173828651e+00 0.000000000000000000e+00
1.010580792078215939e+00 0.000000000000000000e+00
1.010082074158406451e+00 0.000000000000000000e+00
1.009241823433144614e+00 0.000000000000000000e+00
1.007568558311824125e+00 0.000000000000000000e+00
1.002758457636154565e+00 0.000000000000000000e+00
8.840944602976573696e-01 0.000000000000000000e+00
1.024872193264361409e+00 0.000000000000000000e+00
1.018655380167400315e+00 0.000000000000000000e+00
1.016726088215914592e+00 0.000000000000000000e+00
1.015799700171929443e+00 0.000000000000000000e+00
1.015264876686459150e+00 0.000000000000000000e+00
1.014923822525713337e+00 0.000000000000000000e+00
1.014693280604477721e+00 0.000000000000000000e+00
1.014532191791462035e+00 0.000000000000000000e+00
1.014418044446372846e+00 0.000000000000000000e+00
1.014337539331629623e+00 0.000000000000000000e+00
1.014282389955099228e+00 0.000000000000000000e+00
1.014247242252420245e+00 0.000000000000000000e+00
1.014228566076143645e+00 0.000000000000000000e+00
1.014224031063177378e+00 0.000000000000000000e+00
1.014232141370836393e+00 0.000000000000000000e+00
1.014252017758277669e+00 0.000000000000000000e+00
1.014283269083933181e+00 0.000000000000000000e+00
1.014325922323969342e+00 0.000000000000000000e+00
1.014380394917321793e+00 0.000000000000000000e+00
1.014447502085881858e+00 0.000000000000000000e+00
1.014528498010970559e+00 0.000000000000000000e+00
1.014625155283904956e+00 0.000000000000000000e+00
1.014739893400126380e+00 0.000000000000000000e+00
1.014875975973422051e+00 0.000000000000000000e+00
1.015037810502769089e+00 0.000000000000000000e+00
1.015231408822917070e+00 0.000000000000000000e+00
1.015465110512578706e+00 0.000000000000000000e+00
1.015750756030901369e+00 0.000000000000000000e+00
1.016105667376670185e+00 0.000000000000000000e+00
1.016556163151107972e+00 0.000000000000000000e+00
1.017144194932990464e+00 0.000000000000000000e+00
1.017940894606899960e+00 0.000000000000000000e+00
1.019077186095179055e+00 0.000000000000000000e+00
1.020823194269290912e+00 0.000000000000000000e+00
1.023840023970540969e+00 0.000000000000000000e+00
1.030287846096087812e+00 0.000000000000000000e+00
1.053634169264141551e+00 0.000000000000000000e+00
8.789071591019995688e-01 0.000000000000000000e+00
9.869388690225034955e-01 0.000000000000000000e+00
9.983267378873647013e-01 0.000000000000000000e+00
1.002671710085726531e+00 0.000000000000000000e+00
1.004962068188069324e+00 0.000000000000000000e+00
1.006375189681884663e+00 0.000000000000000000e+00
1.007333206005844861e+00 0.000000000000000000e+00
1.008024883838741559e+00 0.000000000000000000e+00
1.008547302663576284e+00 0.000000000000000000e+00
1.008955492160847234e+00 0.000000000000000000e+00
1.009282973233883718e+00 0.000000000000000000e+00
1.009551329934127883e+00 0.000000000000000000e+00
1.009775087616170408e+00 0.000000000000000000e+00
1.009964379713188753e+00 0.000000000000000000e+00
1.010126490511424668e+00 0.000000000000000000e+00
1.010266790342558396e+00 0.000000000000000000e+00
