9.226428476177286342e-01
9.333092389196676608e-01
9.670861447091414487e-01
9.564197534072023110e-01
8.710886229916898760e-01
9.030877968975070669e-01
1.258634173628809139e+00
1.075527789612188423e+00
1.002640782382271611e+00
9.973075867313020426e-01
9.973075867313020426e-01
1.006196246149584583e+00
9.190873838504156623e-01
8.337562534349031163e-01
9.457533621052632844e-01
8.604222316897508493e-01
1.214190876537396324e+00
1.031084492520775830e+00
1.007973978033241069e+00
9.386424345706372296e-01
9.599752171745153939e-01
9.688638765927979346e-01
9.261983113850417171e-01
8.853104780609419855e-01
7.590915143213297078e-01
1.251523246094182973e+00
1.068416862077562479e+00
1.011529441800554041e+00
1.246190050443213515e+00
1.146637064958448970e+00
1.114637891052631780e+00
1.121748818587257723e+00
