9.506949031578947329e-01
9.521599379778392658e-01
9.533995828254847593e-01
9.670356761495844111e-01
9.568931273961218675e-01
9.807844644598336936e-01
9.724450354847644640e-01
9.732339003878115458e-01
9.476521385318559254e-01
9.590343321329639625e-01
9.617390118005539890e-01
9.595978070637118940e-01
9.475394435457062947e-01
9.593724170914126326e-01
9.706419157063711500e-01
9.695149658448752872e-01
9.698530508033240682e-01
9.754878001108032715e-01
9.599358920221605640e-01
9.639929115235456036e-01
9.541884477285318411e-01
9.453982388088641997e-01
9.618517067867035086e-01
9.422427791966758726e-01
9.556534825484763740e-01
9.529488028808863476e-01
9.121532178947368008e-01
9.762766650138503532e-01
1.024059339141274227e+00
9.704165257340719997e-01
9.639929115235456036e-01
9.618517067867035086e-01
9.585835521883655508e-01
9.615136218282548386e-01
9.571185173684210179e-01
9.556534825484763740e-01
9.575692973130193186e-01
9.581327722437672501e-01
9.530614978670359783e-01
9.265781761218836454e-01
9.499060382548475401e-01
9.372841998060941204e-01
9.466378836565096933e-01
9.354810800277008065e-01
9.414539142936287908e-01
9.583581622160664004e-01
9.519345480055401154e-01
9.239861914404431387e-01
9.511456831024930336e-01
9.350303000831023947e-01
9.253385312742381519e-01
9.257893112188365636e-01
9.396507945152353658e-01
9.198164769529085794e-01
9.121532178947368008e-01
9.055042137119112544e-01
8.994186844598337505e-01
8.984044295844875183e-01
8.949108850138504101e-01
8.976155646814404365e-01
8.749638724653738819e-01
8.411553766204985516e-01
8.576088445983378605e-01
8.279700632409972005e-01
7.894283779778392685e-01
7.565214420221606506e-01
7.068229531301938318e-01
7.640720060941827985e-01
1.273227953518005551e+00
1.419844130498614909e+00
1.292949576094182706e+00
1.192087563490304536e+00
1.167294666537395997e+00
1.133486170692520778e+00
1.094042925540166245e+00
1.099114199916897405e+00
1.064967619113573294e+00
1.065531094044321225e+00
1.059670954764542872e+00
1.051556915761772792e+00
1.017861114903046982e+00
1.038484297368420961e+00
1.020903879529085900e+00
1.024397424099722897e+00
1.022481609335180064e+00
1.011888280637118998e+00
1.023157779252077404e+00
1.011324805706371066e+00
1.014367570332409985e+00
1.016508775069252080e+00
1.003661546648199288e+00
9.965617625207755514e-01
9.859684338227145961e-01
9.824748892520774879e-01
9.823621942659279682e-01
9.916031831301937993e-01
9.930682179501384432e-01
9.962236775623267704e-01
9.851795689196675143e-01
9.798829045706370922e-01
9.852922639058171450e-01
9.857430438504154457e-01
9.737973753185594772e-01
9.878842485872575407e-01
9.909270132132963482e-01
9.761639700277007226e-01
1.000956866980609261e+00
9.852922639058171450e-01
9.849541789473683639e-01
9.775163098614957358e-01
9.887858084764542532e-01
9.638802165373960840e-01
9.678245410526314929e-01
9.663595062326869600e-01
9.825875842382271186e-01
9.847287889750692136e-01
9.884477235180054722e-01
9.734592903601106961e-01
9.652325563711910972e-01
9.823621942659279682e-01
9.740227652908586276e-01
9.527234129085871972e-01
9.593724170914126326e-01
9.404396594182824476e-01
9.721069505263156829e-01
9.537376677839334294e-01
9.581327722437672501e-01
9.624151817174514401e-01
9.650071663988919468e-01
9.476521385318559254e-01
9.668102861772852608e-01
9.476521385318559254e-01
9.540757527423822104e-01
9.426935591412741733e-01
9.694022708587256565e-01
9.774036148753462161e-01
9.582454672299168807e-01
9.475394435457062947e-01
9.713180856232686011e-01
9.311986705540166165e-01
9.364953349030470386e-01
9.369461148476453394e-01
9.208307318282548115e-01
9.561042624930747857e-01
9.593724170914126326e-01
9.472013585872575137e-01
9.373968947922437511e-01
9.247750563434902205e-01
9.211688167867035926e-01
9.231973265373960569e-01
9.262400911634348644e-01
9.350303000831023947e-01
9.009964142659279140e-01
9.337906552354570122e-01
9.379603697229916826e-01
9.243242763988919197e-01
9.171117972853185529e-01
9.193656970083101676e-01
9.257893112188365636e-01
8.876984059002769323e-01
8.896142206648198769e-01
8.968266997783933547e-01
8.913046454570636712e-01
8.624547290027699820e-01
8.968266997783933547e-01
8.707941579778393226e-01
8.618912540720221616e-01
8.510725354016620559e-01
8.297731830193905145e-01
8.199687192243766409e-01
8.057691509695290577e-01
8.132070200554015749e-01
8.549041649307478341e-01
8.391268668698060873e-01
7.855967484487533792e-01
7.784969643213296431e-01
9.464124936842104319e-01
1.267593204210526237e+00
1.365187062216066449e+00
1.329011971662049874e+00
1.280215042659279767e+00
1.232545063518005524e+00
1.191749478531855866e+00
1.151968148421052662e+00
1.115793057867035865e+00
1.127062556481994493e+00
1.097761860083102503e+00
1.065869179002770117e+00
1.064967619113573294e+00
1.063051804349030460e+00
1.052683865623268655e+00
1.062375634432132898e+00
1.028003663656509525e+00
1.031271818254847483e+00
1.031609903213296375e+00
1.026764018808864254e+00
1.019664234681440407e+00
1.023608559196675927e+00
1.007042396232686876e+00
1.020903879529085900e+00
1.015719910166204887e+00
1.015832605152354517e+00
1.000055307091412660e+00
1.008507431052631631e+00
1.007943956121883700e+00
9.910397081994459789e-01
1.012902535512465230e+00
9.838272290858725011e-01
1.005915446371191013e+00
9.789813446814403797e-01
1.003886936620498549e+00
9.868699937119113086e-01
9.849541789473683639e-01
9.828129742105262689e-01
9.848414839612187333e-01
9.827002792243766383e-01
9.804463795013850236e-01
9.488917833795013079e-01
9.660214212742381790e-01
9.630913516343490022e-01
9.743608502493074086e-01
9.588089421606648122e-01
9.493425633240997197e-01
9.348049101108032444e-01
9.547519226592797725e-01
9.647817764265927964e-01
9.495679532963988700e-01
9.488917833795013079e-01
9.895746733795013350e-01
1.040400112132964017e+00
1.017184944986149420e+00
1.022030829390581763e+00
1.005690056398891974e+00
9.941951678116343061e-01
9.851795689196675143e-01
9.928428279778392929e-01
9.710926956509694508e-01
9.611755368698060575e-01
9.479902234903047065e-01
9.582454672299168807e-01
9.700784407756232186e-01
9.598231970360110443e-01
9.727831204432132450e-01
9.462997986980609122e-01
9.321002304432132179e-01
9.486663934072021576e-01
9.459617137396121311e-01
9.577946872853184690e-01
9.246623613573407008e-01
9.279305159556786586e-01
9.212815117728531122e-01
9.292828557894736718e-01
9.324383154016619990e-01
9.071946385041550487e-01
9.392000145706370651e-01
9.291701608033240412e-01
9.257893112188365636e-01
9.105754880886426372e-01
9.018979741551246265e-01
8.739496175900276498e-01
8.880364908587257133e-01
8.820636565927977291e-01
8.901776955955678083e-01
8.777812471191135391e-01
8.623420340166204623e-01
8.474662958448753169e-01
8.294350980609417334e-01
8.409299866481994012e-01
8.288716231301939130e-01
8.250399936011080237e-01
8.046422011080331949e-01
8.011486565373960866e-01
7.750034197506924238e-01
7.649735659833795109e-01
7.711717902216066456e-01
7.769192345152353685e-01
7.556198821329639381e-01
8.074595757617728520e-01
8.760908223268697448e-01
9.654579463434902475e-01
1.078829102409972318e+00
1.139797089916897432e+00
1.196369972963988948e+00
1.223980244570637144e+00
1.242800307257617698e+00
1.234010098337950057e+00
1.225107194432132784e+00
1.223754854598337882e+00
1.162674172105263137e+00
1.150953893545706208e+00
1.148925383795013744e+00
1.132021135872576023e+00
1.113539158144044361e+00
1.100804624709141200e+00
1.095169875401661885e+00
1.064516839168974993e+00
1.053923510470914149e+00
1.052233085678670355e+00
1.047950676204986165e+00
1.027778273684210486e+00
1.014931045263157916e+00
1.003661546648199288e+00
9.856303488642659261e-01
1.017410334958448681e+00
1.003886936620498549e+00
1.009296295955678602e+00
1.024848204044321198e+00
1.037695432465373990e+00
1.058205919944598339e+00
1.064967619113573294e+00
1.088070091274238260e+00
1.145657229196675786e+00
1.166167716675900135e+00
1.192989123379501359e+00
1.195919193019390425e+00
1.209104506398891887e+00
1.219923225069251993e+00
1.200765077423822547e+00
1.187692459030470937e+00
1.168308921412742230e+00
1.175859485484764377e+00
1.182395794681440293e+00
1.139120919999999870e+00
1.172591330886426420e+00
1.134275035595567749e+00
1.143966804404431992e+00
1.122667452022160672e+00
1.115004192963988894e+00
1.135063900498614942e+00
1.098099945041551173e+00
1.112186818310249237e+00
1.103396609390581595e+00
1.101818879584487432e+00
1.118723127506925152e+00
1.102945829445983295e+00
1.116581922770083057e+00
1.104410864265927827e+00
1.072518183185595442e+00
1.104636254238227089e+00
1.113539158144044361e+00
1.119511992409972123e+00
1.113651853130193770e+00
1.105199729168975020e+00
1.101480794626038762e+00
1.133711560664819817e+00
1.116018447839335126e+00
1.120864332243767247e+00
1.131570355927977722e+00
1.128527591301939026e+00
1.140698649806094034e+00
1.095620655346260408e+00
1.114553413019390593e+00
