9.493129187811636394e-01
9.070909668698062811e-01
9.343309358448754764e-01
9.697428955124655081e-01
9.670188986149585997e-01
1.059634793130194153e+00
9.833628800000001613e-01
9.329689373961220777e-01
9.915348706925208866e-01
9.765528877562328347e-01
9.574849094736843647e-01
9.465889218836566199e-01
9.084529653185596798e-01
9.670188986149585997e-01
9.997068613850417229e-01
9.465889218836566199e-01
9.207109513573408233e-01
1.022860835013850611e+00
9.656569001662050900e-01
9.343309358448754764e-01
9.452269234349032212e-01
9.751908893074793250e-01
9.697428955124655081e-01
9.547609125761774562e-01
9.302449404986150583e-01
9.356929342936289862e-01
9.452269234349032212e-01
9.166249560110805161e-01
9.493129187811636394e-01
8.621450180609420144e-01
9.520369156786705478e-01
9.111769622160665882e-01
9.506749172299170381e-01
9.642949017174516912e-01
8.989189761772854448e-01
1.029670827257617827e+00
9.656569001662050900e-01
9.574849094736843647e-01
1.032394824155124846e+00
9.329689373961220777e-01
9.152629575623270064e-01
9.193489529085874246e-01
9.765528877562328347e-01
9.370549327423823849e-01
9.738288908587259263e-01
9.465889218836566199e-01
9.874488753462605795e-01
9.465889218836566199e-01
9.711048939612190178e-01
9.506749172299170381e-01
8.893849870360112098e-01
9.724668924099724165e-01
1.093684754349030674e+00
1.028308828808864428e+00
9.629329032686981815e-01
9.765528877562328347e-01
9.465889218836566199e-01
9.656569001662050900e-01
9.561229110249308549e-01
1.021498836565097212e+00
9.111769622160665882e-01
9.343309358448754764e-01
9.588469079224378744e-01
9.997068613850417229e-01
1.016050842770083174e+00
9.397789296398892933e-01
1.002430858282548742e+00
9.765528877562328347e-01
9.670188986149585997e-01
9.969828644875348145e-01
9.152629575623270064e-01
9.057289684210527714e-01
9.397789296398892933e-01
9.533989141274239465e-01
9.438649249861497115e-01
1.007878852077562559e+00
9.302449404986150583e-01
9.030049715235458629e-01
9.084529653185596798e-01
9.520369156786705478e-01
8.744030040997231579e-01
9.302449404986150583e-01
9.765528877562328347e-01
9.302449404986150583e-01
9.724668924099724165e-01
9.656569001662050900e-01
9.506749172299170381e-01
9.656569001662050900e-01
1.002430858282548742e+00
9.234349482548478427e-01
9.343309358448754764e-01
9.479509203324101296e-01
9.220729498060943330e-01
9.724668924099724165e-01
9.220729498060943330e-01
9.193489529085874246e-01
9.356929342936289862e-01
9.520369156786705478e-01
9.520369156786705478e-01
9.207109513573408233e-01
9.765528877562328347e-01
9.642949017174516912e-01
8.730410056509696481e-01
9.125389606648200980e-01
8.784889994459834650e-01
9.002809746260389545e-01
9.288829420498616596e-01
8.512490304709142697e-01
9.370549327423823849e-01
8.989189761772854448e-01
9.574849094736843647e-01
8.716790072022162494e-01
9.030049715235458629e-01
9.642949017174516912e-01
8.512490304709142697e-01
8.308190537396122899e-01
8.063030816620500030e-01
8.812129963434904845e-01
8.553350258171746878e-01
8.212850645983380549e-01
7.872351033795015329e-01
8.389910444321331262e-01
8.471630351246538515e-01
8.117510754570638198e-01
7.191351809418283780e-01
7.014292011080333067e-01
7.082391933518006333e-01
7.763391157894737882e-01
7.817871095844876050e-01
9.779148862049863444e-01
1.193110641108033443e+00
1.439632360332410155e+00
1.415116388254847868e+00
1.440994358781163553e+00
1.292536527867036211e+00
1.269382554238227323e+00
1.142716698504155248e+00
1.131820710914127615e+00
1.129096714016620595e+00
1.201282631800554279e+00
1.134544707811634634e+00
1.156336682991689901e+00
1.141354700055401850e+00
1.095046752797784073e+00
1.062358790027700950e+00
1.084150765207756439e+00
1.060996791578947551e+00
1.055548797783933734e+00
1.092322755900277276e+00
1.052824800886426715e+00
1.013326845872576376e+00
1.001068859833795122e+00
1.017412841218836794e+00
1.055548797783933734e+00
9.642949017174516912e-01
1.062358790027700950e+00
1.069168782271468388e+00
1.073254777617728806e+00
1.047376807091412898e+00
1.041928813296399081e+00
1.009240850526315958e+00
1.001068859833795122e+00
1.002430858282548742e+00
9.874488753462605795e-01
1.040566814847645682e+00
1.040566814847645682e+00
1.052824800886426715e+00
1.043290811745152480e+00
9.847248784487536710e-01
1.007878852077562559e+00
9.806388831024932529e-01
1.022860835013850611e+00
1.022860835013850611e+00
9.629329032686981815e-01
9.724668924099724165e-01
1.020136838116343592e+00
9.860868768975070697e-01
1.005154855180055540e+00
1.044652810193905879e+00
9.711048939612190178e-01
9.888108737950139782e-01
1.031032825706371447e+00
9.969828644875348145e-01
9.602089063711912731e-01
9.602089063711912731e-01
9.969828644875348145e-01
9.901728722437674879e-01
1.002430858282548742e+00
9.779148862049863444e-01
1.013326845872576376e+00
9.288829420498616596e-01
9.098149637673131895e-01
9.574849094736843647e-01
9.860868768975070697e-01
1.006516853628808938e+00
9.425029265373963128e-01
9.779148862049863444e-01
9.779148862049863444e-01
9.751908893074793250e-01
9.356929342936289862e-01
9.193489529085874246e-01
9.275209436011081499e-01
9.711048939612190178e-01
1.013326845872576376e+00
9.166249560110805161e-01
9.493129187811636394e-01
9.329689373961220777e-01
9.452269234349032212e-01
9.997068613850417229e-01
9.997068613850417229e-01
9.997068613850417229e-01
1.014688844321329775e+00
9.724668924099724165e-01
9.901728722437674879e-01
1.013326845872576376e+00
9.697428955124655081e-01
1.040566814847645682e+00
1.013326845872576376e+00
9.166249560110805161e-01
9.792768846537397431e-01
9.561229110249308549e-01
9.493129187811636394e-01
1.033756822603878245e+00
9.738288908587259263e-01
9.193489529085874246e-01
9.969828644875348145e-01
9.615709048199447828e-01
9.465889218836566199e-01
1.058272794681440532e+00
9.806388831024932529e-01
9.779148862049863444e-01
9.370549327423823849e-01
9.370549327423823849e-01
9.724668924099724165e-01
9.806388831024932529e-01
9.915348706925208866e-01
9.901728722437674879e-01
9.452269234349032212e-01
9.956208660387813048e-01
9.697428955124655081e-01
9.792768846537397431e-01
9.656569001662050900e-01
9.343309358448754764e-01
9.043669699722992616e-01
9.179869544598339148e-01
9.193489529085874246e-01
1.005154855180055540e+00
9.629329032686981815e-01
9.547609125761774562e-01
9.574849094736843647e-01
8.825749947922438832e-01
9.179869544598339148e-01
9.670188986149585997e-01
9.384169311911358946e-01
9.288829420498616596e-01
9.139009591135734967e-01
9.493129187811636394e-01
9.806388831024932529e-01
9.479509203324101296e-01
9.139009591135734967e-01
9.997068613850417229e-01
9.234349482548478427e-01
9.207109513573408233e-01
9.288829420498616596e-01
9.098149637673131895e-01
1.001068859833795122e+00
9.384169311911358946e-01
9.084529653185596798e-01
1.028308828808864428e+00
9.629329032686981815e-01
9.070909668698062811e-01
9.833628800000001613e-01
9.806388831024932529e-01
1.005154855180055540e+00
9.139009591135734967e-01
9.234349482548478427e-01
9.561229110249308549e-01
9.247969467036012414e-01
9.738288908587259263e-01
8.784889994459834650e-01
9.370549327423823849e-01
9.425029265373963128e-01
9.588469079224378744e-01
8.539730273684211781e-01
9.275209436011081499e-01
9.915348706925208866e-01
9.493129187811636394e-01
9.261589451523547512e-01
9.329689373961220777e-01
9.193489529085874246e-01
9.234349482548478427e-01
9.602089063711912731e-01
9.329689373961220777e-01
8.893849870360112098e-01
9.683808970637121094e-01
9.697428955124655081e-01
8.989189761772854448e-01
8.975569777285320461e-01
9.615709048199447828e-01
9.043669699722992616e-01
8.907469854847647195e-01
9.425029265373963128e-01
9.465889218836566199e-01
9.670188986149585997e-01
9.275209436011081499e-01
8.880229885872578111e-01
9.070909668698062811e-01
8.458010366759004528e-01
9.139009591135734967e-01
8.526110289196677794e-01
8.839369932409973929e-01
8.866609901385043013e-01
8.961949792797785364e-01
9.016429730747923532e-01
8.975569777285320461e-01
8.689550103047092300e-01
8.921089839335181182e-01
8.921089839335181182e-01
8.757650025484765566e-01
8.825749947922438832e-01
8.458010366759004528e-01
7.777011142382272979e-01
7.954070940720222582e-01
7.763391157894737882e-01
8.199230661495846562e-01
8.389910444321331262e-01
7.926830971745153498e-01
8.199230661495846562e-01
8.948329808310250266e-01
8.730410056509696481e-01
8.839369932409973929e-01
8.648690149584489228e-01
8.444390382271469431e-01
8.103890770083104211e-01
7.831491080332411148e-01
7.586331359556788279e-01
8.744030040997231579e-01
1.033756822603878245e+00
1.242142585263158017e+00
1.323862492188365936e+00
1.390600416177285581e+00
1.357912453407202458e+00
1.246228580609418435e+00
1.352464459612188641e+00
1.319776496842105518e+00
1.276192546481994761e+00
1.304794513905817466e+00
1.191748642659280044e+00
1.209454622493074893e+00
1.227160602326869965e+00
1.156336682991689901e+00
1.159060679889196921e+00
1.209454622493074893e+00
1.101856745041551511e+00
1.081426768310249420e+00
1.095046752797784073e+00
1.071892779168975185e+00
1.125010718670360177e+00
1.084150765207756439e+00
1.097770749695291093e+00
1.112752732631579144e+00
1.084150765207756439e+00
1.084150765207756439e+00
1.036480819501385264e+00
1.031032825706371447e+00
1.099132748144044491e+00
9.711048939612190178e-01
1.101856745041551511e+00
1.040566814847645682e+00
9.928968691412743963e-01
1.037842817950138663e+00
1.009240850526315958e+00
1.114114731080332543e+00
1.028308828808864428e+00
9.588469079224378744e-01
1.044652810193905879e+00
1.005154855180055540e+00
9.942588675900279060e-01
1.006516853628808938e+00
1.009240850526315958e+00
1.040566814847645682e+00
1.025584831911357409e+00
9.329689373961220777e-01
9.847248784487536710e-01
1.005154855180055540e+00
9.711048939612190178e-01
1.024222833462604010e+00
1.007878852077562559e+00
9.820008815512466516e-01
9.697428955124655081e-01
1.052824800886426715e+00
9.588469079224378744e-01
9.969828644875348145e-01
1.033756822603878245e+00
1.021498836565097212e+00
9.425029265373963128e-01
9.969828644875348145e-01
9.697428955124655081e-01
1.044652810193905879e+00
9.860868768975070697e-01
9.874488753462605795e-01
9.465889218836566199e-01
9.574849094736843647e-01
9.247969467036012414e-01
9.615709048199447828e-01
9.343309358448754764e-01
9.874488753462605795e-01
9.751908893074793250e-01
9.452269234349032212e-01
1.031032825706371447e+00
9.520369156786705478e-01
9.724668924099724165e-01
9.602089063711912731e-01
9.656569001662050900e-01
9.261589451523547512e-01
9.316069389473685680e-01
9.833628800000001613e-01
9.002809746260389545e-01
9.547609125761774562e-01
9.683808970637121094e-01
9.860868768975070697e-01
9.602089063711912731e-01
9.506749172299170381e-01
9.602089063711912731e-01
9.261589451523547512e-01
9.942588675900279060e-01
9.901728722437674879e-01
9.711048939612190178e-01
9.520369156786705478e-01
9.220729498060943330e-01
9.506749172299170381e-01
9.288829420498616596e-01
9.806388831024932529e-01
9.452269234349032212e-01
9.792768846537397431e-01
9.860868768975070697e-01
9.915348706925208866e-01
9.656569001662050900e-01
1.037842817950138663e+00
1.013326845872576376e+00
1.048738805540166297e+00
1.011964847423822977e+00
1.029670827257617827e+00
1.031032825706371447e+00
9.738288908587259263e-01
1.048738805540166297e+00
1.001068859833795122e+00
9.901728722437674879e-01
9.465889218836566199e-01
8.961949792797785364e-01
9.928968691412743963e-01
9.683808970637121094e-01
1.032394824155124846e+00
9.561229110249308549e-01
9.370549327423823849e-01
9.642949017174516912e-01
1.005154855180055540e+00
9.057289684210527714e-01
9.302449404986150583e-01
9.465889218836566199e-01
9.397789296398892933e-01
9.779148862049863444e-01
1.010602848975069357e+00
8.907469854847647195e-01
1.003792856731302141e+00
8.934709823822716279e-01
9.724668924099724165e-01
9.493129187811636394e-01
9.506749172299170381e-01
9.997068613850417229e-01
9.316069389473685680e-01
9.533989141274239465e-01
9.670188986149585997e-01
9.247969467036012414e-01
9.016429730747923532e-01
9.574849094736843647e-01
8.771270009972300663e-01
1.007878852077562559e+00
9.098149637673131895e-01
9.084529653185596798e-01
9.343309358448754764e-01
9.411409280886428030e-01
8.948329808310250266e-01
8.594210211634349950e-01
8.921089839335181182e-01
9.997068613850417229e-01
9.002809746260389545e-01
9.520369156786705478e-01
9.247969467036012414e-01
9.043669699722992616e-01
9.602089063711912731e-01
8.635070165096954131e-01
9.125389606648200980e-01
8.893849870360112098e-01
1.001068859833795122e+00
8.689550103047092300e-01
9.602089063711912731e-01
8.880229885872578111e-01
9.234349482548478427e-01
9.915348706925208866e-01
9.111769622160665882e-01
8.226470630470915646e-01
8.771270009972300663e-01
8.539730273684211781e-01
8.526110289196677794e-01
8.580590227146815963e-01
8.498870320221607599e-01
8.362670475346262178e-01
8.934709823822716279e-01
8.580590227146815963e-01
8.349050490858727080e-01
8.526110289196677794e-01
8.349050490858727080e-01
8.103890770083104211e-01
8.308190537396122899e-01
8.035790847645430945e-01
7.450131514681441747e-01
7.954070940720222582e-01
7.368411607756233384e-01
7.858731049307480232e-01
7.940450956232688595e-01
8.185610677008311464e-01
7.654431281994461544e-01
7.164111840443214696e-01
7.668051266481995532e-01
7.613571328531857363e-01
7.790631126869806966e-01
8.240090614958449633e-01
8.771270009972300663e-01
8.158370708033242380e-01
7.913210987257619511e-01
8.662310134072023216e-01
8.852989916897507916e-01
9.574849094736843647e-01
9.425029265373963128e-01
1.037842817950138663e+00
1.048738805540166297e+00
1.107304738836565328e+00
1.247590579058171834e+00
1.160422678337950320e+00
1.240780586814404618e+00
1.240780586814404618e+00
1.167232670581717535e+00
1.265296558891966905e+00
1.197196636454293861e+00
1.287088534072022394e+00
1.135906706260388033e+00
1.258486566648199689e+00
1.169956667479224555e+00
1.257124568199446291e+00
1.242142585263158017e+00
1.277554544930748159e+00
1.139992701606648451e+00
1.148164692299169065e+00
1.114114731080332543e+00
1.127734715567867196e+00
1.115476729529085942e+00
1.035118821052631644e+00
1.065082786925207969e+00
1.086874762105263237e+00
1.149526690747922686e+00
1.077340772963989002e+00
1.125010718670360177e+00
1.054186799335180114e+00
1.054186799335180114e+00
1.028308828808864428e+00
1.065082786925207969e+00
1.048738805540166297e+00
1.035118821052631644e+00
1.071892779168975185e+00
1.056910796232687133e+00
1.069168782271468388e+00
1.105942740387811707e+00
1.078702771412742623e+00
1.035118821052631644e+00
1.047376807091412898e+00
9.574849094736843647e-01
9.833628800000001613e-01
9.874488753462605795e-01
1.002430858282548742e+00
1.017412841218836794e+00
9.738288908587259263e-01
1.001068859833795122e+00
9.997068613850417229e-01
9.820008815512466516e-01
1.041928813296399081e+00
1.084150765207756439e+00
1.056910796232687133e+00
1.026946830360111029e+00
1.060996791578947551e+00
1.056910796232687133e+00
1.051462802437673316e+00
1.129096714016620595e+00
1.168594669030471156e+00
1.060996791578947551e+00
1.111390734182825746e+00
1.131820710914127615e+00
1.153612686094183104e+00
1.167232670581717535e+00
1.073254777617728806e+00
1.213540617839335312e+00
1.265296558891966905e+00
1.209454622493074893e+00
1.250314575955678853e+00
1.206730625595568096e+00
1.239418588365651219e+00
1.157698681440443300e+00
1.231246597673130383e+00
1.212178619390581913e+00
1.163146675235457339e+00
1.184938650415512607e+00
1.227160602326869965e+00
1.130458712465374216e+00
1.190386644210526423e+00
1.228522600775623363e+00
1.145440695401662268e+00
1.161784676786703718e+00
1.135906706260388033e+00
1.077340772963989002e+00
1.126372717119113798e+00
1.148164692299169065e+00
1.208092624044321495e+00
1.138630703157894830e+00
1.120924723324099981e+00
1.088236760554016858e+00
1.112752732631579144e+00
1.182214653518005809e+00
1.070530780720221786e+00
1.111390734182825746e+00
1.107304738836565328e+00
1.179490656620498790e+00
1.107304738836565328e+00
1.095046752797784073e+00
1.157698681440443300e+00
1.035118821052631644e+00
1.129096714016620595e+00
1.168594669030471156e+00
1.069168782271468388e+00
1.084150765207756439e+00
1.056910796232687133e+00
1.092322755900277276e+00
1.092322755900277276e+00
1.134544707811634634e+00
1.031032825706371447e+00
1.139992701606648451e+00
1.066444785373961368e+00
1.138630703157894830e+00
1.011964847423822977e+00
1.059634793130194153e+00
1.134544707811634634e+00
1.078702771412742623e+00
1.156336682991689901e+00
1.058272794681440532e+00
1.115476729529085942e+00
1.084150765207756439e+00
1.111390734182825746e+00
1.047376807091412898e+00
1.065082786925207969e+00
1.112752732631579144e+00
1.118200726426592961e+00
1.191748642659280044e+00
1.099132748144044491e+00
1.054186799335180114e+00
1.194472639556786842e+00
1.086874762105263237e+00
1.116838727977839563e+00
1.095046752797784073e+00
1.122286721772853380e+00
1.107304738836565328e+00
1.205368627146814697e+00
1.149526690747922686e+00
1.051462802437673316e+00
