9.476736514127422906e-01
9.658157686426591670e-01
9.292795603324098819e-01
9.713591933518004318e-01
9.315473249861494498e-01
8.844282149584485886e-01
7.813709101385040157e-01
1.211994220498614716e+00
1.045691479224376552e+00
9.781624873130192466e-01
9.658157686426591670e-01
9.146650770083101234e-01
8.302538371191134914e-01
1.164371162770083012e+00
1.076684262825484684e+00
1.012682904819944385e+00
1.004619741606648020e+00
1.008651323213296314e+00
9.640519516897505525e-01
9.592644485318558845e-01
9.602723439335179023e-01
9.227282402216064883e-01
8.287419940166204091e-01
9.265078479778392495e-01
1.216781723656509495e+00
1.118259948144044280e+00
1.079959922880886269e+00
1.028809231246537337e+00
1.035360551357340508e+00
1.026793440443213079e+00
9.975644737950136731e-01
1.002100003102492920e+00
9.907611798337948583e-01
9.741309057063710641e-01
1.067109256509695125e+00
1.071896759667589905e+00
1.063833596454293540e+00
1.050730956232686752e+00
1.034352655955678602e+00
1.035612525207756152e+00
1.034352655955678602e+00
1.017218434127423743e+00
1.027297388144044143e+00
1.039140159113573381e+00
9.907611798337948583e-01
1.024273701939057979e+00
1.013438826371191093e+00
1.003107898504155049e+00
9.821940689196674290e-01
9.882414413296397582e-01
1.023265806537396072e+00
1.003863820055401535e+00
1.007139480110803120e+00
1.013942774072021935e+00
9.900052582825483727e-01
9.900052582825483727e-01
1.028557257396121694e+00
1.015958564875346193e+00
1.003863820055401535e+00
9.963046045429361230e-01
9.847138074238226402e-01
9.796743304155123289e-01
1.003107898504155049e+00
1.043675688421052516e+00
1.077692158227146590e+00
1.046447400775623038e+00
1.036368446759002637e+00
1.019738172631578843e+00
1.025281597340720108e+00
1.000084212299168884e+00
