1.027801335844875208e+00
9.968085522437671875e-01
9.988243430470913342e-01
9.990763168975067554e-01
9.917690752354569872e-01
9.963046045429361230e-01
1.012430930969528964e+00
1.033596734404431894e+00
1.000588159999999949e+00
9.983203953462602698e-01
1.028305283545706272e+00
1.002855924653739406e+00
1.070384916565096711e+00
1.034100682105262958e+00
1.003107898504155049e+00
1.035360551357340508e+00
1.015958564875346193e+00
1.003107898504155049e+00
9.932809183379499585e-01
1.005375663157894506e+00
1.029817126648199244e+00
1.015454617174515128e+00
1.028305283545706272e+00
1.096086249307478999e+00
1.002100003102492920e+00
1.041659897617728481e+00
1.023517780387811493e+00
9.786664350138503110e-01
9.990763168975067554e-01
9.915171013850414550e-01
1.004367767756232599e+00
1.014446721772853000e+00
1.021753963434902879e+00
9.849657812742380614e-01
1.045943453074792195e+00
1.020746068033240972e+00
1.012178957119113543e+00
9.993282907479222876e-01
9.859736766759001902e-01
9.980684214958447376e-01
1.012178957119113543e+00
9.824460427700829612e-01
9.915171013850414550e-01
1.039392132963988802e+00
9.970605260941827197e-01
1.031832917451523501e+00
9.945407875900276196e-01
9.814381473684209434e-01
1.001092107700830791e+00
9.937848660387810229e-01
9.945407875900276196e-01
9.907611798337948583e-01
1.019738172631578843e+00
1.043675688421052516e+00
1.019234224930747779e+00
9.952967091412741052e-01
1.009407244764542799e+00
1.014698695623268643e+00
9.985723691966758020e-01
9.879894674792242260e-01
1.026289492742382237e+00
9.713591933518004318e-01
1.006887506260387699e+00
1.031580943601107858e+00
1.012682904819944385e+00
1.004619741606648020e+00
9.847138074238226402e-01
9.932809183379499585e-01
9.925249967867034728e-01
1.003611846204986113e+00
