8.300727093294629766e-01
2.027358770491372031e-02
8.300727093294683057e-01
-2.027358770491255804e-02
4.260436998361921135e-01
2.768402942729241838e-16
2.565646154157100733e-01
7.521325335295072570e-17
-2.863092213390157695e-02
-1.055664480135365610e-16
-8.095285484837624335e-01
8.781211520787106558e-17
-6.088885134148798173e-01
1.045437375631011182e-16
-6.359914323485360566e-01
-7.006786386261492342e-17
-3.317445696799694588e-01
6.949074351362570512e-03
-3.317445696799690702e-01
-6.949074351362663320e-03
