9.614898697717777498e-01 -1.014162712142940848e-15
9.574217105730483679e-01 -1.171155186718841890e-15
9.519045608341071274e-01 -1.386911419043457272e-15
9.438195284973787125e-01 -1.706967900361178181e-15
9.303601538142701743e-01 -2.244949018348485481e-15
9.017140904049458783e-01 -3.384445501630750641e-15
7.800097370850143097e-01 -7.820458690355192033e-15
1.212319160922967098e+00 1.196688147880875519e-14
1.033156534059186615e+00 2.581160112036240406e-15
9.952060862066837155e-01 9.230897296541584751e-16
9.703627201881517284e-01 -5.421010862427522170e-18
9.376529915375131363e-01 -1.028040499950755304e-15
8.239566800617214026e-01 -4.153361682357470386e-15
1.165333685759086135e+00 -1.585754097477298785e-15
1.076977797769169465e+00 5.935139532620148373e-15
1.027757092866450117e+00 2.345779820389637393e-15
1.008144505739486441e+00 1.470178145890344013e-15
9.946313739953238642e-01 1.009175382149507527e-15
9.823402565260725972e-01 6.834810495348619952e-16
9.684664730018637258e-01 4.020221655576250441e-16
9.492972824883918470e-01 1.019150042136374168e-16
9.158129820780229746e-01 -2.979387569990166185e-16
8.310973139693946798e-01 -8.252946936959659752e-16
9.263746663060191677e-01 1.484966663523046293e-14
1.218079966789044732e+00 2.054346276425533802e-15
1.111488788179730847e+00 1.407104684505999792e-15
1.074377649238330568e+00 9.942133921692075660e-16
1.055136476028051273e+00 7.244638916548140628e-16
1.042888680483631925e+00 5.102255423716783866e-16
1.033862725341040179e+00 3.066123743789006539e-16
1.026159816724249607e+00 7.632783294297951215e-17
1.018089184037346717e+00 -2.476317761956892127e-16
1.005872863079948276e+00 -8.866605366586455261e-16
9.597513847513291507e-01 -3.934569683949895591e-15
1.092000910813098358e+00 3.833305201039749477e-15
1.043794045527696834e+00 1.473213911973303425e-15
1.033117741049832894e+00 8.616154664742303737e-16
1.027906463671367510e+00 5.050213719437479654e-16
1.024665279784132244e+00 2.017700242995523752e-16
1.022472255049748258e+00 -1.311884628707460365e-16
1.021059393407140359e+00 -5.843849709696868899e-16
1.020561645962056563e+00 -1.352325369741169681e-15
1.022161868121526318e+00 -3.182783897548446816e-15
1.041797207998157004e+00 -1.536899947585101955e-14
9.966691165878486247e-01 9.708813614173195106e-15
1.004740363350950183e+00 4.439374215459146455e-15
1.005698976586030691e+00 3.152859917587846894e-15
1.005146251795542955e+00 2.599591548968493981e-15
1.003087898331263661e+00 2.376896422739971371e-15
9.830841072692433347e-01 4.265847657752841471e-15
1.011706539024127771e+00 1.562118490117114789e-15
1.007840686768888272e+00 1.576213118359426346e-15
1.006209221314516178e+00 1.551926989695751047e-15
1.004994285722319747e+00 1.534905015587728627e-15
1.003877631103147428e+00 1.534308704392861600e-15
1.002738095525149919e+00 1.555938537733947413e-15
1.001494007157234245e+00 1.605161316364789315e-15
1.000059044028132060e+00 1.693957474291352128e-15
9.983145689459663741e-01 1.847317871589426730e-15
9.960762188618029755e-01 2.111537941024144160e-15
9.930566903371330634e-01 2.615637741121279447e-15
9.890211342984887022e-01 3.726836547701672941e-15
9.874323626515419949e-01 6.593846562513716592e-15
1.050958837897008502e+00 -4.990799440385274011e-15
1.071230822209886524e+00 -4.978222695184442159e-15
1.040936515056507305e+00 -1.002615959005970225e-15
1.028472311958602115e+00 -3.642919299551294898e-16
1.022214927597513201e+00 -1.273937552670467710e-16
1.018488327247591085e+00 2.168404344971008868e-18
1.016006414555977067e+00 8.722406477645883172e-17
