9.720635594630000487e-01 0.000000000000000000e+00
9.705030733249341290e-01 0.000000000000000000e+00
9.686410907521986191e-01 0.000000000000000000e+00
9.663739115775518140e-01 0.000000000000000000e+00
9.635427082401893939e-01 0.000000000000000000e+00
9.598908330153250734e-01 0.000000000000000000e+00
9.549739668842444074e-01 0.000000000000000000e+00
9.479484807815058423e-01 0.000000000000000000e+00
9.369888398968015952e-01 0.000000000000000000e+00
9.172611963102972332e-01 0.000000000000000000e+00
8.703352037352849457e-01 0.000000000000000000e+00
6.022474355040028371e-01 0.000000000000000000e+00
1.255947571109933270e+00 0.000000000000000000e+00
1.081285201866325041e+00 0.000000000000000000e+00
1.041157775884124392e+00 0.000000000000000000e+00
1.022597043725224530e+00 0.000000000000000000e+00
1.011164295233492050e+00 0.000000000000000000e+00
1.002557115874100679e+00 0.000000000000000000e+00
9.946653531464086928e-01 0.000000000000000000e+00
9.854556290614711056e-01 0.000000000000000000e+00
9.703051492089183050e-01 0.000000000000000000e+00
9.222296524990668543e-01 0.000000000000000000e+00
1.243964482459475773e+00 0.000000000000000000e+00
1.048312696172524205e+00 0.000000000000000000e+00
1.025852911606742968e+00 0.000000000000000000e+00
1.017105954913495536e+00 0.000000000000000000e+00
1.013019393517905486e+00 0.000000000000000000e+00
1.012323204452089787e+00 0.000000000000000000e+00
1.018520256499313881e+00 0.000000000000000000e+00
1.122200019651200309e+00 0.000000000000000000e+00
9.584575089544218329e-01 0.000000000000000000e+00
9.732433612897156694e-01 0.000000000000000000e+00
9.748860644271899467e-01 0.000000000000000000e+00
9.732378759889301900e-01 0.000000000000000000e+00
9.695495466289426600e-01 0.000000000000000000e+00
9.635607598614250868e-01 0.000000000000000000e+00
9.538490708924548533e-01 0.000000000000000000e+00
9.363342335750904910e-01 0.000000000000000000e+00
8.960885720027262913e-01 0.000000000000000000e+00
7.086661126845064107e-01 0.000000000000000000e+00
1.350052696998588431e+00 0.000000000000000000e+00
1.108676212974816666e+00 0.000000000000000000e+00
1.064638703974050360e+00 0.000000000000000000e+00
1.046877643226927113e+00 0.000000000000000000e+00
1.038433115098255977e+00 0.000000000000000000e+00
1.035940967216970598e+00 0.000000000000000000e+00
1.043281711352841201e+00 0.000000000000000000e+00
1.197803985238470981e+00 0.000000000000000000e+00
9.707999073996572692e-01 0.000000000000000000e+00
9.887969192855313727e-01 0.000000000000000000e+00
9.922620208992585233e-01 0.000000000000000000e+00
9.925871123494401926e-01 0.000000000000000000e+00
9.915864705832336812e-01 0.000000000000000000e+00
9.896612967768232405e-01 0.000000000000000000e+00
9.867143157028483991e-01 0.000000000000000000e+00
9.821817027986411430e-01 0.000000000000000000e+00
9.744759068974199190e-01 0.000000000000000000e+00
9.582027619087516435e-01 0.000000000000000000e+00
8.982866719277960987e-01 0.000000000000000000e+00
1.280767832188697275e+00 0.000000000000000000e+00
1.060067274346854216e+00 0.000000000000000000e+00
1.033579919764765487e+00 0.000000000000000000e+00
1.023095622381937186e+00 0.000000000000000000e+00
1.017370653639956046e+00 0.000000000000000000e+00
1.013694746836733218e+00 0.000000000000000000e+00
1.011084696376129743e+00 0.000000000000000000e+00
1.009095681041588977e+00 0.000000000000000000e+00
1.007494716833269299e+00 0.000000000000000000e+00
1.006144900078436821e+00 0.000000000000000000e+00
1.004956273053604132e+00 0.000000000000000000e+00
1.003860988199968274e+00 0.000000000000000000e+00
1.002796880901037024e+00 0.000000000000000000e+00
1.001690092525002740e+00 0.000000000000000000e+00
1.000423271837949546e+00 0.000000000000000000e+00
9.987471424074058080e-01 0.000000000000000000e+00
9.959220791159680841e-01 0.000000000000000000e+00
9.880066129089861704e-01 0.000000000000000000e+00
1.146087810795519246e+00 0.000000000000000000e+00
1.013316396076145542e+00 0.000000000000000000e+00
1.007233847096026036e+00 0.000000000000000000e+00
1.004846332336895243e+00 0.000000000000000000e+00
1.003444230433967688e+00 0.000000000000000000e+00
1.002440174922914595e+00 0.000000000000000000e+00
1.001623129299074932e+00 0.000000000000000000e+00
1.000886065774391653e+00 0.000000000000000000e+00
1.000146188813139769e+00 0.000000000000000000e+00
9.992897148252710693e-01 0.000000000000000000e+00
9.980341282284469484e-01 0.000000000000000000e+00
9.949997103336386539e-01 0.000000000000000000e+00
1.150715595916151246e+00 0.000000000000000000e+00
1.004573510783553836e+00 0.000000000000000000e+00
1.001852741023889548e+00 0.000000000000000000e+00
1.000740488248396565e+00 0.000000000000000000e+00
1.000044699089810196e+00 0.000000000000000000e+00
9.995184205571620017e-01 0.000000000000000000e+00
9.990767363532048195e-01 0.000000000000000000e+00
9.986815755532626460e-01 0.000000000000000000e+00
9.983124830882137424e-01 0.000000000000000000e+00
9.979567656955667942e-01 0.000000000000000000e+00
9.976055614628684953e-01 0.000000000000000000e+00
9.972523274012429217e-01 0.000000000000000000e+00
9.968935966191162512e-01 0.000000000000000000e+00
9.965415714880146991e-01 0.000000000000000000e+00
1.075759589075071965e+00 0.000000000000000000e+00
9.954948326087451616e-01 0.000000000000000000e+00
9.950160376612505742e-01 0.000000000000000000e+00
9.944327799620942265e-01 0.000000000000000000e+00
9.937347004611321033e-01 0.000000000000000000e+00
9.928791438179891404e-01 0.000000000000000000e+00
9.917920109909978965e-01 0.000000000000000000e+00
9.903429884823190532e-01 0.000000000000000000e+00
9.882829699173018012e-01 0.000000000000000000e+00
9.850699787290431164e-01 0.000000000000000000e+00
9.792598648434662767e-01 0.000000000000000000e+00
9.652899189926794632e-01 0.000000000000000000e+00
8.823055725540186467e-01 0.000000000000000000e+00
1.076786013632765826e+00 0.000000000000000000e+00
1.027704079360003186e+00 0.000000000000000000e+00
1.016357073848474624e+00 0.000000000000000000e+00
1.011280009967719273e+00 0.000000000000000000e+00
