8.191904615351194296e-01
8.781933682568133941e-18
7.232157953925451022e-01
-4.704129014399946898e-17
4.694692111221937525e-01
1.754245551561660539e-18
3.019495939323083022e-01
1.657131645170847089e-18
-1.658617234492341594e-02
-7.067553429458831061e-18
-8.102974132744151792e-01
-4.055576545060334379e-18
-6.469106589839297428e-01
7.331300590863382323e-03
-6.469106589839298538e-01
-7.331300590862965122e-03
-3.312104121975078530e-01
-8.878715847509896161e-03
-3.312104121975079085e-01
8.878715847509916978e-03
