1.007344383497270179e+00 0.000000000000000000e+00
1.007264290512145610e+00 0.000000000000000000e+00
1.007181281425602259e+00 0.000000000000000000e+00
1.007095188088115822e+00 0.000000000000000000e+00
1.007005828973026818e+00 0.000000000000000000e+00
1.006913007810114946e+00 0.000000000000000000e+00
1.006816512047619794e+00 0.000000000000000000e+00
1.006716111116999546e+00 0.000000000000000000e+00
1.006611554470216330e+00 0.000000000000000000e+00
1.006502569353924459e+00 0.000000000000000000e+00
1.006388858278409737e+00 0.000000000000000000e+00
1.006270096131227865e+00 0.000000000000000000e+00
1.006145926875871899e+00 0.000000000000000000e+00
1.006015959764061440e+00 0.000000000000000000e+00
1.005879764975835311e+00 0.000000000000000000e+00
1.005736868583873678e+00 0.000000000000000000e+00
1.005586746716453650e+00 0.000000000000000000e+00
1.005428818766039178e+00 0.000000000000000000e+00
1.005262439456152235e+00 0.000000000000000000e+00
1.005086889535916628e+00 0.000000000000000000e+00
1.004901364816819243e+00 0.000000000000000000e+00
1.004704963196266787e+00 0.000000000000000000e+00
1.004496669222648908e+00 0.000000000000000000e+00
1.004275335640333555e+00 0.000000000000000000e+00
1.004039661201432398e+00 0.000000000000000000e+00
1.003788163831926816e+00 0.000000000000000000e+00
1.003519147975601378e+00 0.000000000000000000e+00
1.003230664585823106e+00 0.000000000000000000e+00
1.002920461757690784e+00 0.000000000000000000e+00
1.002585923341095198e+00 0.000000000000000000e+00
1.002223991974909856e+00 0.000000000000000000e+00
1.001831071724159861e+00 0.000000000000000000e+00
1.001402903720052251e+00 0.000000000000000000e+00
1.000934405643358005e+00 0.000000000000000000e+00
1.000419462158815831e+00 0.000000000000000000e+00
9.998506478720291524e-01 0.000000000000000000e+00
9.992188560178879575e-01 0.000000000000000000e+00
9.985127932012407559e-01 0.000000000000000000e+00
9.977182802006676621e-01 0.000000000000000000e+00
9.968172660416559916e-01 0.000000000000000000e+00
9.957864080787390826e-01 0.000000000000000000e+00
9.945949775449076657e-01 0.000000000000000000e+00
9.932016845543024663e-01 0.000000000000000000e+00
9.915497109637479989e-01 0.000000000000000000e+00
9.895586483079530371e-01 0.000000000000000000e+00
9.871108302442105353e-01 0.000000000000000000e+00
9.840269163888916149e-01 0.000000000000000000e+00
9.800193778863822702e-01 0.000000000000000000e+00
9.745964055992276664e-01 0.000000000000000000e+00
9.668412743558968403e-01 0.000000000000000000e+00
9.548269485009005519e-01 0.000000000000000000e+00
9.336948235176585342e-01 0.000000000000000000e+00
8.866582408592544873e-01 0.000000000000000000e+00
6.902275918388806053e-01 0.000000000000000000e+00
1.553353732378166541e+00 0.000000000000000000e+00
1.157049760293481722e+00 0.000000000000000000e+00
1.095047080923807536e+00 0.000000000000000000e+00
1.069809959393078547e+00 0.000000000000000000e+00
1.056101810701718158e+00 0.000000000000000000e+00
1.047481646829293345e+00 0.000000000000000000e+00
1.041552511034416817e+00 0.000000000000000000e+00
1.037218158613543162e+00 0.000000000000000000e+00
1.033906104982715624e+00 0.000000000000000000e+00
1.031288148832772533e+00 0.000000000000000000e+00
1.029162585655954310e+00 0.000000000000000000e+00
1.027398572121726694e+00 0.000000000000000000e+00
1.025907472783668783e+00 0.000000000000000000e+00
1.024627062645661058e+00 0.000000000000000000e+00
1.023512323067696572e+00 0.000000000000000000e+00
1.022529827851107909e+00 0.000000000000000000e+00
1.021654183804268534e+00 0.000000000000000000e+00
1.020865697207417266e+00 0.000000000000000000e+00
1.020148798247666910e+00 0.000000000000000000e+00
1.019490948528924523e+00 0.000000000000000000e+00
1.018881864442121365e+00 0.000000000000000000e+00
1.018312951423110402e+00 0.000000000000000000e+00
1.017776881206325035e+00 0.000000000000000000e+00
1.017267266820390148e+00 0.000000000000000000e+00
1.016778404126351232e+00 0.000000000000000000e+00
1.016305057456933669e+00 0.000000000000000000e+00
1.015842272244076083e+00 0.000000000000000000e+00
1.015385200465554583e+00 0.000000000000000000e+00
1.014928925823599615e+00 0.000000000000000000e+00
1.014468274932430303e+00 0.000000000000000000e+00
1.013997598226992647e+00 0.000000000000000000e+00
1.013510499167326939e+00 0.000000000000000000e+00
1.012999481297486959e+00 0.000000000000000000e+00
1.012455467381393692e+00 0.000000000000000000e+00
1.011867118618896333e+00 0.000000000000000000e+00
1.011219836128159466e+00 0.000000000000000000e+00
1.010494244200073055e+00 0.000000000000000000e+00
1.009663799506421711e+00 0.000000000000000000e+00
1.008690864245836760e+00 0.000000000000000000e+00
1.007519941931440233e+00 0.000000000000000000e+00
1.006065344537010464e+00 0.000000000000000000e+00
1.004187079533899851e+00 0.000000000000000000e+00
1.001639330439113351e+00 0.000000000000000000e+00
9.979466816060635903e-01 0.000000000000000000e+00
9.920537766853112505e-01 0.000000000000000000e+00
9.810521398278637673e-01 0.000000000000000000e+00
9.529287496721744466e-01 0.000000000000000000e+00
7.227040572074108216e-01 0.000000000000000000e+00
1.129953023108204002e+00 0.000000000000000000e+00
1.064229989703761925e+00 0.000000000000000000e+00
1.046786911136167619e+00 0.000000000000000000e+00
1.038719684900418772e+00 0.000000000000000000e+00
1.034079288699092602e+00 0.000000000000000000e+00
1.031076096550687993e+00 0.000000000000000000e+00
1.028986313999466162e+00 0.000000000000000000e+00
1.027462116293405003e+00 0.000000000000000000e+00
1.026316416416873656e+00 0.000000000000000000e+00
1.025440556647470913e+00 0.000000000000000000e+00
1.024768183416445488e+00 0.000000000000000000e+00
1.024257782459313759e+00 0.000000000000000000e+00
1.023883689035916866e+00 0.000000000000000000e+00
1.023631375126865306e+00 0.000000000000000000e+00
1.023495178858437660e+00 0.000000000000000000e+00
1.023477718617664234e+00 0.000000000000000000e+00
1.023590861479166891e+00 0.000000000000000000e+00
1.023858692856174368e+00 0.000000000000000000e+00
1.024323833380533122e+00 0.000000000000000000e+00
1.025060399923275911e+00 0.000000000000000000e+00
1.026201994312359256e+00 0.000000000000000000e+00
1.028008577746112318e+00 0.000000000000000000e+00
1.031052829390959324e+00 0.000000000000000000e+00
1.036878776628527232e+00 0.000000000000000000e+00
1.051546172257568079e+00 0.000000000000000000e+00
1.146706324050866588e+00 0.000000000000000000e+00
9.393214320283242991e-01 0.000000000000000000e+00
9.861216395081775499e-01 0.000000000000000000e+00
9.972088275569431781e-01 0.000000000000000000e+00
1.002100490612469752e+00 0.000000000000000000e+00
1.004814304121836255e+00 0.000000000000000000e+00
1.006513183129309486e+00 0.000000000000000000e+00
1.007658130664518481e+00 0.000000000000000000e+00
1.008468219963609025e+00 0.000000000000000000e+00
1.009060781314678579e+00 0.000000000000000000e+00
1.009504243840448012e+00 0.000000000000000000e+00
1.009841148927866250e+00 0.000000000000000000e+00
1.010099288674530138e+00 0.000000000000000000e+00
1.010297551042853348e+00 0.000000000000000000e+00
1.010449190375045436e+00 0.000000000000000000e+00
1.010563755282652743e+00 0.000000000000000000e+00
1.010648275305366051e+00 0.000000000000000000e+00
1.010708018398670971e+00 0.000000000000000000e+00
1.010746989679330188e+00 0.000000000000000000e+00
1.010768268648517543e+00 0.000000000000000000e+00
1.010774242468558182e+00 0.000000000000000000e+00
1.010766770519790247e+00 0.000000000000000000e+00
1.010747302412594584e+00 0.000000000000000000e+00
1.010716963766569831e+00 0.000000000000000000e+00
1.010676619197429016e+00 0.000000000000000000e+00
1.010626918856690537e+00 0.000000000000000000e+00
1.010568332855332985e+00 0.000000000000000000e+00
1.010501176562505155e+00 0.000000000000000000e+00
1.010425628858212743e+00 0.000000000000000000e+00
1.010341744782619955e+00 0.000000000000000000e+00
1.010249463567909123e+00 0.000000000000000000e+00
1.010148612698703374e+00 0.000000000000000000e+00
1.010038908381609035e+00 0.000000000000000000e+00
1.009919952583530511e+00 0.000000000000000000e+00
1.009791226599416669e+00 0.000000000000000000e+00
1.009652080914043237e+00 0.000000000000000000e+00
1.009501720911363698e+00 0.000000000000000000e+00
1.009339187739450194e+00 0.000000000000000000e+00
1.009163333335550972e+00 0.000000000000000000e+00
1.008972788223311268e+00 0.000000000000000000e+00
1.008765920169561126e+00 0.000000000000000000e+00
1.008540781068741898e+00 0.000000000000000000e+00
1.008295038416107792e+00 0.000000000000000000e+00
1.008025886294850126e+00 0.000000000000000000e+00
1.007729928717679524e+00 0.000000000000000000e+00
1.007403025082019843e+00 0.000000000000000000e+00
1.007040082855985563e+00 0.000000000000000000e+00
1.006634775475218069e+00 0.000000000000000000e+00
1.006179152210254335e+00 0.000000000000000000e+00
1.005663088685383233e+00 0.000000000000000000e+00
1.005073496793053911e+00 0.000000000000000000e+00
1.004393161628741815e+00 0.000000000000000000e+00
1.003598982693454822e+00 0.000000000000000000e+00
1.002659230347428432e+00 0.000000000000000000e+00
1.001529108264786805e+00 0.000000000000000000e+00
1.000143261832968200e+00 0.000000000000000000e+00
9.984024627766535653e-01 0.000000000000000000e+00
9.961484022576985176e-01 0.000000000000000000e+00
9.931120361062345525e-01 0.000000000000000000e+00
9.887962462034167732e-01 0.000000000000000000e+00
9.821691694704774989e-01 0.000000000000000000e+00
9.706806726152654718e-01 0.000000000000000000e+00
9.458449236822886741e-01 0.000000000000000000e+00
8.519340384017694001e-01 0.000000000000000000e+00
1.425080946497220502e+00 0.000000000000000000e+00
1.103701693469744560e+00 0.000000000000000000e+00
1.064028058941802080e+00 0.000000000000000000e+00
1.048519920414740625e+00 0.000000000000000000e+00
1.040244308260413808e+00 0.000000000000000000e+00
1.035092572727319027e+00 0.000000000000000000e+00
1.031572377318005662e+00 0.000000000000000000e+00
1.029011146958668688e+00 0.000000000000000000e+00
1.027061128460314832e+00 0.000000000000000000e+00
1.025524402582866257e+00 0.000000000000000000e+00
1.024280013573839021e+00 0.000000000000000000e+00
1.023249853734498949e+00 0.000000000000000000e+00
1.022381213955965373e+00 0.000000000000000000e+00
1.021637216293409978e+00 0.000000000000000000e+00
1.020991265063800668e+00 0.000000000000000000e+00
1.020423675494048554e+00 0.000000000000000000e+00
1.019919543466695222e+00 0.000000000000000000e+00
1.019467353352311534e+00 0.000000000000000000e+00
1.019058040956843270e+00 0.000000000000000000e+00
1.018684345919141476e+00 0.000000000000000000e+00
1.018340353112968666e+00 0.000000000000000000e+00
1.018021160202326580e+00 0.000000000000000000e+00
1.017722630849881460e+00 0.000000000000000000e+00
1.017441206709117418e+00 0.000000000000000000e+00
1.017173759798400745e+00 0.000000000000000000e+00
1.016917472151535495e+00 0.000000000000000000e+00
1.016669732896672507e+00 0.000000000000000000e+00
1.016428044768153516e+00 0.000000000000000000e+00
1.016189932826018660e+00 0.000000000000000000e+00
1.015952847938877968e+00 0.000000000000000000e+00
1.015714056255979436e+00 0.000000000000000000e+00
1.015470503061292495e+00 0.000000000000000000e+00
1.015218634247783580e+00 0.000000000000000000e+00
1.014954149590237886e+00 0.000000000000000000e+00
1.014671645962748725e+00 0.000000000000000000e+00
1.014364079528056184e+00 0.000000000000000000e+00
1.014021921000239912e+00 0.000000000000000000e+00
1.013631769447391306e+00 0.000000000000000000e+00
1.013173962543684858e+00 0.000000000000000000e+00
1.012618210259093710e+00 0.000000000000000000e+00
1.011915029902503482e+00 0.000000000000000000e+00
1.010977361929540352e+00 0.000000000000000000e+00
1.009636116933227967e+00 0.000000000000000000e+00
1.007513161196724516e+00 0.000000000000000000e+00
1.003552608466765195e+00 0.000000000000000000e+00
9.932662348579234246e-01 0.000000000000000000e+00
8.942027506255800784e-01 0.000000000000000000e+00
1.052375531305654865e+00 0.000000000000000000e+00
1.031729608116029873e+00 0.000000000000000000e+00
1.025952205419641050e+00 0.000000000000000000e+00
1.023212309000776088e+00 0.000000000000000000e+00
1.021600544764329266e+00 0.000000000000000000e+00
1.020531183438456502e+00 0.000000000000000000e+00
1.019764526723154097e+00 0.000000000000000000e+00
1.019184232756698449e+00 0.000000000000000000e+00
1.018726988643869902e+00 0.000000000000000000e+00
1.018355373662866326e+00 0.000000000000000000e+00
1.018045840560280357e+00 0.000000000000000000e+00
1.017782823542815018e+00 0.000000000000000000e+00
1.017555614508799611e+00 0.000000000000000000e+00
1.017356600270238998e+00 0.000000000000000000e+00
1.017180215747609084e+00 0.000000000000000000e+00
1.017022295335595627e+00 0.000000000000000000e+00
1.016879656243521612e+00 0.000000000000000000e+00
1.016749822434846795e+00 0.000000000000000000e+00
1.016630836734704113e+00 0.000000000000000000e+00
1.016521129889897068e+00 0.000000000000000000e+00
1.016419427388104424e+00 0.000000000000000000e+00
1.016324681895107274e+00 0.000000000000000000e+00
1.016236023433467528e+00 0.000000000000000000e+00
1.016152722075881032e+00 0.000000000000000000e+00
1.016074159613339578e+00 0.000000000000000000e+00
1.015999807755811890e+00 0.000000000000000000e+00
1.015929211151558542e+00 0.000000000000000000e+00
1.015861974003239521e+00 0.000000000000000000e+00
1.015797749396803784e+00 0.000000000000000000e+00
1.015736230694419095e+00 0.000000000000000000e+00
1.015677144508670970e+00 0.000000000000000000e+00
1.015620244893564283e+00 0.000000000000000000e+00
1.015565308472883510e+00 0.000000000000000000e+00
1.015512130287806070e+00 0.000000000000000000e+00
1.015460520189830129e+00 0.000000000000000000e+00
1.015410299636449354e+00 0.000000000000000000e+00
1.015361298768523435e+00 0.000000000000000000e+00
1.015313353661828621e+00 0.000000000000000000e+00
1.015266303651880975e+00 0.000000000000000000e+00
1.015219988631187009e+00 0.000000000000000000e+00
1.015174246211291820e+00 0.000000000000000000e+00
1.015128908627330073e+00 0.000000000000000000e+00
1.015083799238277518e+00 0.000000000000000000e+00
1.015038728438481197e+00 0.000000000000000000e+00
1.014993488740183691e+00 0.000000000000000000e+00
1.014947848704565114e+00 0.000000000000000000e+00
1.014901545277659300e+00 0.000000000000000000e+00
1.014854273907204840e+00 0.000000000000000000e+00
1.014805675544499852e+00 0.000000000000000000e+00
1.014755319217837348e+00 0.000000000000000000e+00
1.014702678210188225e+00 0.000000000000000000e+00
1.014647096825586070e+00 0.000000000000000000e+00
1.014587743003871223e+00 0.000000000000000000e+00
1.014523539120018913e+00 0.000000000000000000e+00
1.014453058180033507e+00 0.000000000000000000e+00
1.014374363291963510e+00 0.000000000000000000e+00
1.014284750521204481e+00 0.000000000000000000e+00
1.014180319616673875e+00 0.000000000000000000e+00
1.014055221184485323e+00 0.000000000000000000e+00
1.013900254787512223e+00 0.000000000000000000e+00
1.013700055361578256e+00 0.000000000000000000e+00
1.013426874825761326e+00 0.000000000000000000e+00
1.013024937204449527e+00 0.000000000000000000e+00
1.012363059666739451e+00 0.000000000000000000e+00
1.011042086692520270e+00 0.000000000000000000e+00
1.006996254116213851e+00 0.000000000000000000e+00
1.194819083176270613e+00 0.000000000000000000e+00
1.022116137898090971e+00 0.000000000000000000e+00
1.018549486400171622e+00 0.000000000000000000e+00
1.017319499165873831e+00 0.000000000000000000e+00
1.016692283752135051e+00 0.000000000000000000e+00
1.016309501263836346e+00 0.000000000000000000e+00
1.016050044137306152e+00 0.000000000000000000e+00
1.015861597051300746e+00 0.000000000000000000e+00
1.015717867146580744e+00 0.000000000000000000e+00
1.015604194961276407e+00 0.000000000000000000e+00
1.015511762710588739e+00 0.000000000000000000e+00
1.015434949697668898e+00 0.000000000000000000e+00
1.015370005440570544e+00 0.000000000000000000e+00
1.015314333267746560e+00 0.000000000000000000e+00
1.015266080067373400e+00 0.000000000000000000e+00
1.015223889724344186e+00 0.000000000000000000e+00
1.015186748826090835e+00 0.000000000000000000e+00
1.015153886745317813e+00 0.000000000000000000e+00
1.015124709010382764e+00 0.000000000000000000e+00
1.015098751735321381e+00 0.000000000000000000e+00
1.015075649763763188e+00 0.000000000000000000e+00
1.015055113975279033e+00 0.000000000000000000e+00
1.015036914856322081e+00 0.000000000000000000e+00
1.015020870445987766e+00 0.000000000000000000e+00
1.015006837397900652e+00 0.000000000000000000e+00
1.014994704304263751e+00 0.000000000000000000e+00
1.014984386693490226e+00 0.000000000000000000e+00
1.014975823290546142e+00 0.000000000000000000e+00
1.014968973250568895e+00 0.000000000000000000e+00
1.014963814161055078e+00 0.000000000000000000e+00
1.014960340668396466e+00 0.000000000000000000e+00
1.014958563628865829e+00 0.000000000000000000e+00
1.014958509717738933e+00 0.000000000000000000e+00
1.014960221456791434e+00 0.000000000000000000e+00
1.014963757642598274e+00 0.000000000000000000e+00
1.014969194177884670e+00 0.000000000000000000e+00
1.014976625327303150e+00 0.000000000000000000e+00
1.014986165438910737e+00 0.000000000000000000e+00
1.014997951194845038e+00 0.000000000000000000e+00
1.015012144480933021e+00 0.000000000000000000e+00
1.015028935997342563e+00 0.000000000000000000e+00
1.015048549773654996e+00 0.000000000000000000e+00
1.015071248805636372e+00 0.000000000000000000e+00
1.015097342102764033e+00 0.000000000000000000e+00
1.015127193532748828e+00 0.000000000000000000e+00
1.015161232982782158e+00 0.000000000000000000e+00
1.015199970543287700e+00 0.000000000000000000e+00
1.015244014682941343e+00 0.000000000000000000e+00
1.015294095761063220e+00 0.000000000000000000e+00
1.015351096773507544e+00 0.000000000000000000e+00
1.015416094043641637e+00 0.000000000000000000e+00
1.015490411801519777e+00 0.000000000000000000e+00
1.015575696492163171e+00 0.000000000000000000e+00
1.015674019644251969e+00 0.000000000000000000e+00
1.015788022960373960e+00 0.000000000000000000e+00
1.015921127308802241e+00 0.000000000000000000e+00
1.016077841029483064e+00 0.000000000000000000e+00
1.016264227326485026e+00 0.000000000000000000e+00
1.016488635502358351e+00 0.000000000000000000e+00
1.016762887812090010e+00 0.000000000000000000e+00
1.017104291486675915e+00 0.000000000000000000e+00
1.017539232932798798e+00 0.000000000000000000e+00
1.018110024507557831e+00 0.000000000000000000e+00
1.018889047714602647e+00 0.000000000000000000e+00
1.020011223439599490e+00 0.000000000000000000e+00
1.021760147807270647e+00 0.000000000000000000e+00
1.024850714198728863e+00 0.000000000000000000e+00
1.031751877193000766e+00 0.000000000000000000e+00
1.060601382472904586e+00 0.000000000000000000e+00
9.332995322364453505e-01 0.000000000000000000e+00
9.918556103216762398e-01 0.000000000000000000e+00
1.000977493555264219e+00 0.000000000000000000e+00
1.004675516647208333e+00 0.000000000000000000e+00
1.006673269015359473e+00 0.000000000000000000e+00
1.007920552201231335e+00 0.000000000000000000e+00
1.008770705386397015e+00 0.000000000000000000e+00
1.009385275937116466e+00 0.000000000000000000e+00
1.009848593388625426e+00 0.000000000000000000e+00
1.010208974567700091e+00 0.000000000000000000e+00
1.010496086971797824e+00 0.000000000000000000e+00
1.010729149056710741e+00 0.000000000000000000e+00
1.010921152794721722e+00 0.000000000000000000e+00
1.011081191110328348e+00 0.000000000000000000e+00
1.011215813354554349e+00 0.000000000000000000e+00
1.011329851465887719e+00 0.000000000000000000e+00
1.011426943136200185e+00 0.000000000000000000e+00
1.011509874059221215e+00 0.000000000000000000e+00
1.011580808168700552e+00 0.000000000000000000e+00
1.011641446306950076e+00 0.000000000000000000e+00
1.011693137873877157e+00 0.000000000000000000e+00
1.011736960806605801e+00 0.000000000000000000e+00
1.011773779738900592e+00 0.000000000000000000e+00
1.011804288804377006e+00 0.000000000000000000e+00
1.011829043408894124e+00 0.000000000000000000e+00
1.011848483913185826e+00 0.000000000000000000e+00
1.011862953249242469e+00 0.000000000000000000e+00
1.011872709870907494e+00 0.000000000000000000e+00
1.011877937004356021e+00 0.000000000000000000e+00
1.011878748850310039e+00 0.000000000000000000e+00
1.011875194152796142e+00 0.000000000000000000e+00
1.011867257358521233e+00 0.000000000000000000e+00
1.011854857423898135e+00 0.000000000000000000e+00
1.011837844164541922e+00 0.000000000000000000e+00
1.011815991866482856e+00 0.000000000000000000e+00
1.011788989668786165e+00 0.000000000000000000e+00
1.011756427957059223e+00 0.000000000000000000e+00
1.011717779638604764e+00 0.000000000000000000e+00
1.011672374645625982e+00 0.000000000000000000e+00
1.011619365243077384e+00 0.000000000000000000e+00
1.011557678556668005e+00 0.000000000000000000e+00
1.011485950940564260e+00 0.000000000000000000e+00
1.011402435954866341e+00 0.000000000000000000e+00
1.011304873078561872e+00 0.000000000000000000e+00
1.011190296487612494e+00 0.000000000000000000e+00
1.011054749704686895e+00 0.000000000000000000e+00
1.010892847581787102e+00 0.000000000000000000e+00
1.010697081343215453e+00 0.000000000000000000e+00
1.010456672152363788e+00 0.000000000000000000e+00
1.010155589847530067e+00 0.000000000000000000e+00
1.009768930045405133e+00 0.000000000000000000e+00
1.009255808893108508e+00 0.000000000000000000e+00
1.008544125945380676e+00 0.000000000000000000e+00
1.007493778592346345e+00 0.000000000000000000e+00
1.005791811993146379e+00 0.000000000000000000e+00
1.002567061917416957e+00 0.000000000000000000e+00
9.941442608813373383e-01 0.000000000000000000e+00
9.162821859048714268e-01 0.000000000000000000e+00
1.044070121276090779e+00 0.000000000000000000e+00
1.026423345290383260e+00 0.000000000000000000e+00
1.021579299800478680e+00 0.000000000000000000e+00
1.019315444318226627e+00 0.000000000000000000e+00
1.018004548081837601e+00 0.000000000000000000e+00
1.017149945628361030e+00 0.000000000000000000e+00
1.016548981565697174e+00 0.000000000000000000e+00
1.016103504040545280e+00 0.000000000000000000e+00
1.015760197694851819e+00 0.000000000000000000e+00
1.015487607473220644e+00 0.000000000000000000e+00
1.015265977709670864e+00 0.000000000000000000e+00
1.015082276578593179e+00 0.000000000000000000e+00
1.014927560664398820e+00 0.000000000000000000e+00
1.014795488945295920e+00 0.000000000000000000e+00
1.014681440974525506e+00 0.000000000000000000e+00
1.014581970850243930e+00 0.000000000000000000e+00
1.014494456705040459e+00 0.000000000000000000e+00
1.014416868640190206e+00 0.000000000000000000e+00
1.014347610902444741e+00 0.000000000000000000e+00
1.014285411999420017e+00 0.000000000000000000e+00
1.014229246587533328e+00 0.000000000000000000e+00
1.014178278910758957e+00 0.000000000000000000e+00
1.014131821161971869e+00 0.000000000000000000e+00
1.014089302370840162e+00 0.000000000000000000e+00
1.014050244842997106e+00 0.000000000000000000e+00
1.014014246099579797e+00 0.000000000000000000e+00
1.013980964879742430e+00 0.000000000000000000e+00
1.013950110183391651e+00 0.000000000000000000e+00
1.013921432616361029e+00 0.000000000000000000e+00
1.013894717499118414e+00 0.000000000000000000e+00
1.013869779340923927e+00 0.000000000000000000e+00
1.013846457382421962e+00 0.000000000000000000e+00
1.013824611983171531e+00 0.000000000000000000e+00
1.013804121684800386e+00 0.000000000000000000e+00
1.013784880820968182e+00 0.000000000000000000e+00
1.013766797576081569e+00 0.000000000000000000e+00
1.013749792418526141e+00 0.000000000000000000e+00
1.013733796853115265e+00 0.000000000000000000e+00
1.013718752453046212e+00 0.000000000000000000e+00
1.013704610145167440e+00 0.000000000000000000e+00
1.013691329734856428e+00 0.000000000000000000e+00
1.013678879669371202e+00 0.000000000000000000e+00
1.013667237052346293e+00 0.000000000000000000e+00
1.013656387938636216e+00 0.000000000000000000e+00
1.013646327960033178e+00 0.000000000000000000e+00
1.013637063361505275e+00 0.000000000000000000e+00
1.013628612569246856e+00 0.000000000000000000e+00
1.013621008473503338e+00 0.000000000000000000e+00
1.013614301703339216e+00 0.000000000000000000e+00
1.013608565318549593e+00 0.000000000000000000e+00
1.013603901583201461e+00 0.000000000000000000e+00
1.013600451883825082e+00 0.000000000000000000e+00
1.013598411541002386e+00 0.000000000000000000e+00
1.013598052486754497e+00 0.000000000000000000e+00
1.013599759056102778e+00 0.000000000000000000e+00
1.013604086581915809e+00 0.000000000000000000e+00
1.013611861646494194e+00 0.000000000000000000e+00
1.013624363063084788e+00 0.000000000000000000e+00
1.013643671048651829e+00 0.000000000000000000e+00
1.013673400193924490e+00 0.000000000000000000e+00
1.013720418554137082e+00 0.000000000000000000e+00
1.013799547738786000e+00 0.000000000000000000e+00
1.013949725616341890e+00 0.000000000000000000e+00
1.014316579718563816e+00 0.000000000000000000e+00
1.016311447023036552e+00 0.000000000000000000e+00
1.010886290347517313e+00 0.000000000000000000e+00
1.012498350150933257e+00 0.000000000000000000e+00
1.012835251865071839e+00 0.000000000000000000e+00
1.012977804344378008e+00 0.000000000000000000e+00
1.013054501386046580e+00 0.000000000000000000e+00
1.013101051735683544e+00 0.000000000000000000e+00
1.013131318565380523e+00 0.000000000000000000e+00
1.013151806492798679e+00 0.000000000000000000e+00
1.013165970035080354e+00 0.000000000000000000e+00
1.013175812246378538e+00 0.000000000000000000e+00
1.013182573270262177e+00 0.000000000000000000e+00
1.013187060862923206e+00 0.000000000000000000e+00
1.013189822746761060e+00 0.000000000000000000e+00
1.013191242565889993e+00 0.000000000000000000e+00
1.013191596222680513e+00 0.000000000000000000e+00
1.013191086439783284e+00 0.000000000000000000e+00
1.013189864760510872e+00 0.000000000000000000e+00
1.013188045997831521e+00 0.000000000000000000e+00
1.013185717979628642e+00 0.000000000000000000e+00
1.013182948271234896e+00 0.000000000000000000e+00
1.013179788900643752e+00 0.000000000000000000e+00
1.013176279729928408e+00 0.000000000000000000e+00
1.013172450886760334e+00 0.000000000000000000e+00
1.013168324527789377e+00 0.000000000000000000e+00
1.013163916115265017e+00 0.000000000000000000e+00
1.013159235329289976e+00 0.000000000000000000e+00
1.013154286698518813e+00 0.000000000000000000e+00
1.013149070004728536e+00 0.000000000000000000e+00
1.013143580496965734e+00 0.000000000000000000e+00
1.013137808936023232e+00 0.000000000000000000e+00
1.013131741477796721e+00 0.000000000000000000e+00
1.013125359393171498e+00 0.000000000000000000e+00
1.013118638611285149e+00 0.000000000000000000e+00
1.013111549061106009e+00 0.000000000000000000e+00
1.013104053772005075e+00 0.000000000000000000e+00
1.013096107675693247e+00 0.000000000000000000e+00
1.013087656027292116e+00 0.000000000000000000e+00
1.013078632329047268e+00 0.000000000000000000e+00
1.013068955591223119e+00 0.000000000000000000e+00
1.013058526693063177e+00 0.000000000000000000e+00
1.013047223499617289e+00 0.000000000000000000e+00
1.013034894226743754e+00 0.000000000000000000e+00
1.013021348291269774e+00 0.000000000000000000e+00
1.013006343474763371e+00 0.000000000000000000e+00
1.012989567557947890e+00 0.000000000000000000e+00
1.012970611445789926e+00 0.000000000000000000e+00
1.012948928811932214e+00 0.000000000000000000e+00
1.012923773666877691e+00 0.000000000000000000e+00
1.012894100360192340e+00 0.000000000000000000e+00
1.012858396719624521e+00 0.000000000000000000e+00
1.012814391640840084e+00 0.000000000000000000e+00
1.012758511131031325e+00 0.000000000000000000e+00
1.012684788111776646e+00 0.000000000000000000e+00
1.012582457408971903e+00 0.000000000000000000e+00
1.012429920559969387e+00 0.000000000000000000e+00
1.012176538941615744e+00 0.000000000000000000e+00
1.011669115914604289e+00 0.000000000000000000e+00
1.010125978795964441e+00 0.000000000000000000e+00
1.132021402892935180e+00 0.000000000000000000e+00
1.016058585322840102e+00 0.000000000000000000e+00
1.014626664773733644e+00 0.000000000000000000e+00
1.014139882395342473e+00 0.000000000000000000e+00
1.013893790575176368e+00 0.000000000000000000e+00
1.013744700266665522e+00 0.000000000000000000e+00
1.013644318265048971e+00 0.000000000000000000e+00
1.013571849435977335e+00 0.000000000000000000e+00
1.013516863872030660e+00 0.000000000000000000e+00
1.013473554353741424e+00 0.000000000000000000e+00
1.013438430755368325e+00 0.000000000000000000e+00
1.013409269200757912e+00 0.000000000000000000e+00
1.013384585551085681e+00 0.000000000000000000e+00
1.013363351432964743e+00 0.000000000000000000e+00
1.013344831752535979e+00 0.000000000000000000e+00
1.013328487096231578e+00 0.000000000000000000e+00
