9.386365396398850258e-01 -1.180315872066298249e-15
9.218449867036181411e-01 -2.255071970846825339e-16
1.108805968725756541e+00 -6.534174587332769767e-16
9.093358432409935910e-01 -2.264662784795183995e-15
1.047612591246545044e+00 1.597587949794118709e-15
1.005013886481996632e+00 4.820624223233963735e-16
8.730480577008317145e-01 1.504354026063461952e-15
1.095057180415514475e+00 -1.729932939206866972e-15
1.025749763933520242e+00 -2.018820044175097546e-15
9.874334686426622376e-01 -2.776401400016744417e-15
1.055163155318559642e+00 -2.009238411979908123e-15
1.028567138587261232e+00 -1.484506855980355225e-15
1.026764018808868029e+00 -9.668145532340827931e-16
1.002647291772856608e+00 -5.541747907475037042e-16
1.023833949168977187e+00 2.416409706840153161e-16
1.027778273684211818e+00 2.565415893291373953e-15
9.952094226869784288e-01 -3.107801416887672236e-15
9.770655299168928831e-01 3.604740868429252823e-16
1.038709687340719778e+00 -7.990272718876089428e-16
1.019326149722989960e+00 -4.182255767802317251e-16
