-8.092206913149609937e-01
0.000000000000000000e+00
9.055074902744076892e-01
0.000000000000000000e+00
6.812075077254223787e-01
0.000000000000000000e+00
3.644300169824586932e-01
0.000000000000000000e+00
4.875894953677608057e-01
0.000000000000000000e+00
-7.375465428754657271e-01
0.000000000000000000e+00
-3.280090628167628974e-01
0.000000000000000000e+00
-5.331344883621168540e-01
0.000000000000000000e+00
3.360240275067959831e-02
0.000000000000000000e+00
-1.733171943010009541e-01
0.000000000000000000e+00
