1.001350467233487640e+00 0.000000000000000000e+00
1.001183163523674757e+00 0.000000000000000000e+00
1.001004083273577594e+00 0.000000000000000000e+00
1.000811946845572731e+00 0.000000000000000000e+00
1.000605282384762651e+00 0.000000000000000000e+00
1.000382388277886836e+00 0.000000000000000000e+00
1.000141286441253552e+00 0.000000000000000000e+00
9.998796637086352357e-01 0.000000000000000000e+00
9.995947976194868856e-01 0.000000000000000000e+00
9.992834615304245771e-01 0.000000000000000000e+00
9.989418019898055334e-01 0.000000000000000000e+00
9.985651784151130528e-01 0.000000000000000000e+00
9.981479507986327215e-01 0.000000000000000000e+00
9.976831946281050634e-01 0.000000000000000000e+00
9.971623120928256867e-01 0.000000000000000000e+00
9.965744926352634314e-01 0.000000000000000000e+00
9.959059499215798805e-01 0.000000000000000000e+00
9.951388189169912968e-01 0.000000000000000000e+00
9.942495219707148113e-01 0.000000000000000000e+00
9.932062791834013193e-01 0.000000000000000000e+00
9.919651894372975010e-01 0.000000000000000000e+00
9.904638221093922112e-01 0.000000000000000000e+00
9.886102539967975833e-01 0.000000000000000000e+00
9.862632626948039105e-01 0.000000000000000000e+00
9.831940526211839781e-01 0.000000000000000000e+00
9.790057120054275197e-01 0.000000000000000000e+00
9.729436147860545114e-01 0.000000000000000000e+00
9.633741909856882168e-01 0.000000000000000000e+00
9.459765408324817271e-01 0.000000000000000000e+00
9.043432277582963419e-01 0.000000000000000000e+00
6.692182191507524136e-01 0.000000000000000000e+00
1.257619147687389916e+00 0.000000000000000000e+00
1.096574327537705784e+00 0.000000000000000000e+00
1.060634033461115955e+00 0.000000000000000000e+00
1.044633434891838686e+00 0.000000000000000000e+00
1.035415865169776684e+00 0.000000000000000000e+00
1.029232536291695643e+00 0.000000000000000000e+00
1.024549356690156010e+00 0.000000000000000000e+00
1.020508392459950064e+00 0.000000000000000000e+00
1.016325861616324655e+00 0.000000000000000000e+00
1.010468379240252901e+00 0.000000000000000000e+00
9.953455999220903738e-01 0.000000000000000000e+00
1.178558342305718654e+00 0.000000000000000000e+00
1.038160323935996887e+00 0.000000000000000000e+00
1.028318745920913546e+00 0.000000000000000000e+00
1.024358321357436541e+00 0.000000000000000000e+00
1.022080610593825378e+00 0.000000000000000000e+00
1.020543637116714253e+00 0.000000000000000000e+00
1.019412388788250690e+00 0.000000000000000000e+00
1.018535419628332273e+00 0.000000000000000000e+00
1.017833155293166758e+00 0.000000000000000000e+00
1.017259284055237689e+00 0.000000000000000000e+00
1.016784854443613106e+00 0.000000000000000000e+00
1.016390860369110749e+00 0.000000000000000000e+00
1.016064453584542004e+00 0.000000000000000000e+00
1.015796877013289023e+00 0.000000000000000000e+00
1.015582289877633437e+00 0.000000000000000000e+00
1.015417095760050570e+00 0.000000000000000000e+00
1.015299583025205843e+00 0.000000000000000000e+00
1.015229785862896028e+00 0.000000000000000000e+00
1.015209530907366986e+00 0.000000000000000000e+00
1.015242675456539123e+00 0.000000000000000000e+00
1.015335584684364578e+00 0.000000000000000000e+00
1.015497952102757395e+00 0.000000000000000000e+00
1.015744162977625376e+00 0.000000000000000000e+00
1.016095580048087310e+00 0.000000000000000000e+00
1.016584497180156310e+00 0.000000000000000000e+00
1.017261311441082228e+00 0.000000000000000000e+00
1.018208387182670149e+00 0.000000000000000000e+00
1.019569174177964888e+00 0.000000000000000000e+00
1.021616485547959030e+00 0.000000000000000000e+00
1.024939036938333548e+00 0.000000000000000000e+00
1.031082064987736580e+00 0.000000000000000000e+00
1.045811604042288012e+00 0.000000000000000000e+00
1.124494157227696745e+00 0.000000000000000000e+00
9.084986500850324997e-01 0.000000000000000000e+00
9.737659500303567084e-01 0.000000000000000000e+00
9.874360142703908494e-01 0.000000000000000000e+00
9.932984342414621359e-01 0.000000000000000000e+00
9.965182092635108679e-01 0.000000000000000000e+00
9.985272666477418291e-01 0.000000000000000000e+00
9.998806705583346277e-01 0.000000000000000000e+00
1.000838452412206481e+00 0.000000000000000000e+00
1.001538408360479471e+00 0.000000000000000000e+00
1.002060149313385606e+00 0.000000000000000000e+00
1.002452658207509950e+00 0.000000000000000000e+00
1.002747496254384307e+00 0.000000000000000000e+00
1.002965667226613400e+00 0.000000000000000000e+00
1.003121412978795313e+00 0.000000000000000000e+00
1.003224409053891319e+00 0.000000000000000000e+00
1.003281068847314605e+00 0.000000000000000000e+00
1.003295316230012446e+00 0.000000000000000000e+00
1.003269013633985018e+00 0.000000000000000000e+00
1.003202138441686042e+00 0.000000000000000000e+00
1.003092741033794866e+00 0.000000000000000000e+00
1.002936669353512888e+00 0.000000000000000000e+00
1.002726989376638178e+00 0.000000000000000000e+00
1.002452945965258913e+00 0.000000000000000000e+00
1.002098152939177256e+00 0.000000000000000000e+00
1.001637382669095411e+00 0.000000000000000000e+00
1.001030613596120888e+00 0.000000000000000000e+00
1.000211250039301891e+00 0.000000000000000000e+00
9.990606590933188702e-01 0.000000000000000000e+00
9.973461393171243472e-01 0.000000000000000000e+00
9.945419041940590787e-01 0.000000000000000000e+00
9.891578956032881509e-01 0.000000000000000000e+00
9.746631057315531255e-01 0.000000000000000000e+00
8.014209275215855577e-01 0.000000000000000000e+00
1.052010586383051338e+00 0.000000000000000000e+00
1.026817604945753359e+00 0.000000000000000000e+00
1.019487939666304355e+00 0.000000000000000000e+00
1.015978784605182428e+00 0.000000000000000000e+00
1.013906906976935307e+00 0.000000000000000000e+00
1.012527305560879887e+00 0.000000000000000000e+00
1.011531572321867856e+00 0.000000000000000000e+00
1.010768490617450333e+00 0.000000000000000000e+00
1.010154708548759439e+00 0.000000000000000000e+00
1.009639939357320104e+00 0.000000000000000000e+00
1.009191373752118759e+00 0.000000000000000000e+00
1.008785878878360576e+00 0.000000000000000000e+00
1.008405661684745880e+00 0.000000000000000000e+00
1.008035529342644621e+00 0.000000000000000000e+00
1.007660802650676590e+00 0.000000000000000000e+00
1.007265255459090625e+00 0.000000000000000000e+00
1.006828427734808296e+00 0.000000000000000000e+00
1.006321246278196746e+00 0.000000000000000000e+00
1.005697643154186416e+00 0.000000000000000000e+00
1.004876196115177311e+00 0.000000000000000000e+00
1.003693517176593941e+00 0.000000000000000000e+00
1.001760005926411790e+00 0.000000000000000000e+00
9.978495767387864923e-01 0.000000000000000000e+00
9.850117919772368724e-01 0.000000000000000000e+00
1.149212305004204016e+00 0.000000000000000000e+00
1.026236825913175554e+00 0.000000000000000000e+00
1.017903771913726496e+00 0.000000000000000000e+00
1.014826402659977367e+00 0.000000000000000000e+00
1.013200690893555356e+00 0.000000000000000000e+00
1.012180132968801605e+00 0.000000000000000000e+00
1.011468947815301611e+00 0.000000000000000000e+00
1.010936626917001702e+00 0.000000000000000000e+00
1.010516445684291664e+00 0.000000000000000000e+00
1.010170556423443111e+00 0.000000000000000000e+00
1.009875715949313690e+00 0.000000000000000000e+00
1.009616683894405176e+00 0.000000000000000000e+00
1.009382866742468909e+00 0.000000000000000000e+00
1.009166474378650591e+00 0.000000000000000000e+00
1.008961434313381700e+00 0.000000000000000000e+00
1.008762704775255648e+00 0.000000000000000000e+00
1.008565801781996951e+00 0.000000000000000000e+00
1.008366435850771570e+00 0.000000000000000000e+00
1.008160191339781742e+00 0.000000000000000000e+00
1.007942195863855028e+00 0.000000000000000000e+00
1.007706726214719462e+00 0.000000000000000000e+00
1.007446680818298690e+00 0.000000000000000000e+00
1.007152810016322952e+00 0.000000000000000000e+00
1.006812515869055069e+00 0.000000000000000000e+00
1.006407869161088264e+00 0.000000000000000000e+00
1.005912137037972887e+00 0.000000000000000000e+00
1.005283293936828137e+00 0.000000000000000000e+00
1.004450905789550319e+00 0.000000000000000000e+00
1.003286836650622016e+00 0.000000000000000000e+00
1.001530432093077128e+00 0.000000000000000000e+00
9.985567377355070162e-01 0.000000000000000000e+00
9.923968868667982779e-01 0.000000000000000000e+00
9.719207009725598923e-01 0.000000000000000000e+00
1.243056163504223433e+00 0.000000000000000000e+00
1.038691731990478484e+00 0.000000000000000000e+00
1.025289919584994935e+00 0.000000000000000000e+00
1.020429029796516618e+00 0.000000000000000000e+00
1.017922455117205027e+00 0.000000000000000000e+00
1.016397678982539299e+00 0.000000000000000000e+00
1.015376283819678038e+00 0.000000000000000000e+00
1.014647877533382037e+00 0.000000000000000000e+00
1.014105475643048537e+00 0.000000000000000000e+00
1.013688942921030511e+00 0.000000000000000000e+00
1.013361900454265774e+00 0.000000000000000000e+00
1.013101070510741275e+00 0.000000000000000000e+00
1.012890887876455537e+00 0.000000000000000000e+00
1.012720572312775236e+00 0.000000000000000000e+00
1.012582443940145183e+00 0.000000000000000000e+00
1.012470907053798497e+00 0.000000000000000000e+00
1.012381812651867330e+00 0.000000000000000000e+00
1.012312045210196798e+00 0.000000000000000000e+00
1.012259247397131023e+00 0.000000000000000000e+00
1.012221632541900673e+00 0.000000000000000000e+00
1.012197854662508112e+00 0.000000000000000000e+00
1.012186917355945015e+00 0.000000000000000000e+00
1.012188109697082394e+00 0.000000000000000000e+00
1.012200961499966301e+00 0.000000000000000000e+00
1.012225212967013066e+00 0.000000000000000000e+00
1.012260795509927647e+00 0.000000000000000000e+00
1.012307821735930480e+00 0.000000000000000000e+00
1.012366583477503523e+00 0.000000000000000000e+00
1.012437557448517600e+00 0.000000000000000000e+00
1.012521418738038026e+00 0.000000000000000000e+00
1.012619062990847807e+00 0.000000000000000000e+00
1.012731638855787875e+00 0.000000000000000000e+00
1.012860593210643367e+00 0.000000000000000000e+00
1.013007732934165350e+00 0.000000000000000000e+00
1.013175308799033392e+00 0.000000000000000000e+00
1.013366129731316789e+00 0.000000000000000000e+00
1.013583719759231450e+00 0.000000000000000000e+00
1.013832536366865211e+00 0.000000000000000000e+00
1.014118279268036105e+00 0.000000000000000000e+00
1.014448335694047687e+00 0.000000000000000000e+00
1.014832437519468389e+00 0.000000000000000000e+00
1.015283657385867677e+00 0.000000000000000000e+00
1.015819966697443677e+00 0.000000000000000000e+00
1.016466763532864581e+00 0.000000000000000000e+00
1.017261156837827585e+00 0.000000000000000000e+00
1.018259617981595921e+00 0.000000000000000000e+00
1.019552555508511649e+00 0.000000000000000000e+00
1.021294424262409795e+00 0.000000000000000000e+00
1.023772869264400143e+00 0.000000000000000000e+00
1.027592243678522976e+00 0.000000000000000000e+00
1.034276304558187753e+00 0.000000000000000000e+00
1.049093991751064880e+00 0.000000000000000000e+00
1.110943655335056901e+00 0.000000000000000000e+00
8.420572790705980193e-01 0.000000000000000000e+00
9.649034988273400559e-01 0.000000000000000000e+00
9.843512213833220947e-01 0.000000000000000000e+00
9.923708345876672832e-01 0.000000000000000000e+00
9.968183243813750760e-01 0.000000000000000000e+00
9.997053032708659304e-01 0.000000000000000000e+00
1.001785140504950045e+00 0.000000000000000000e+00
1.003407691378315425e+00 0.000000000000000000e+00
1.004762268583591078e+00 0.000000000000000000e+00
1.005966139289633299e+00 0.000000000000000000e+00
1.007103506324936060e+00 0.000000000000000000e+00
1.008246738790076424e+00 0.000000000000000000e+00
1.009472384038046400e+00 0.000000000000000000e+00
1.010879935398294682e+00 0.000000000000000000e+00
1.012624295793787210e+00 0.000000000000000000e+00
1.014988695979964994e+00 0.000000000000000000e+00
1.018587530981427625e+00 0.000000000000000000e+00
1.025101886768069237e+00 0.000000000000000000e+00
1.041484888080300264e+00 0.000000000000000000e+00
1.177426989582734951e+00 0.000000000000000000e+00
9.411633786848113692e-01 0.000000000000000000e+00
9.783093028324968410e-01 0.000000000000000000e+00
9.883452485866530690e-01 0.000000000000000000e+00
9.930720217973988406e-01 0.000000000000000000e+00
9.958535561254453494e-01 0.000000000000000000e+00
9.977062643883273241e-01 0.000000000000000000e+00
9.990431693721095741e-01 0.000000000000000000e+00
1.000064187240754077e+00 0.000000000000000000e+00
1.000878185693600209e+00 0.000000000000000000e+00
1.001549795209732308e+00 0.000000000000000000e+00
1.002120067232095568e+00 0.000000000000000000e+00
1.002616591221830555e+00 0.000000000000000000e+00
1.003058873621242464e+00 0.000000000000000000e+00
1.003461403860461898e+00 0.000000000000000000e+00
1.003835520224395150e+00 0.000000000000000000e+00
1.004190629519781552e+00 0.000000000000000000e+00
1.004535080419578730e+00 0.000000000000000000e+00
1.004876872193472881e+00 0.000000000000000000e+00
1.005224331114885628e+00 0.000000000000000000e+00
1.005586881520129428e+00 0.000000000000000000e+00
1.005976076230932437e+00 0.000000000000000000e+00
1.006407154500105205e+00 0.000000000000000000e+00
1.006901631282440368e+00 0.000000000000000000e+00
1.007491965651314825e+00 0.000000000000000000e+00
1.008230704212683460e+00 0.000000000000000000e+00
1.009210204002499500e+00 0.000000000000000000e+00
1.010610790448403185e+00 0.000000000000000000e+00
1.012840507902392995e+00 0.000000000000000000e+00
1.017064333081616478e+00 0.000000000000000000e+00
1.028488182699152542e+00 0.000000000000000000e+00
1.188766674994383266e+00 0.000000000000000000e+00
9.709030529723898795e-01 0.000000000000000000e+00
9.889558244374763163e-01 0.000000000000000000e+00
9.943611922216636367e-01 0.000000000000000000e+00
9.969780455589373203e-01 0.000000000000000000e+00
9.985300237716494554e-01 0.000000000000000000e+00
9.995617820985917001e-01 0.000000000000000000e+00
1.000299868178389229e+00 0.000000000000000000e+00
1.000855386642434564e+00 0.000000000000000000e+00
1.001289223636690373e+00 0.000000000000000000e+00
1.001637529610039046e+00 0.000000000000000000e+00
1.001923105750374132e+00 0.000000000000000000e+00
1.002161022212797903e+00 0.000000000000000000e+00
1.002361610251448543e+00 0.000000000000000000e+00
1.002532154883638560e+00 0.000000000000000000e+00
1.002677899626766234e+00 0.000000000000000000e+00
1.002802665744989330e+00 0.000000000000000000e+00
1.002909244285244306e+00 0.000000000000000000e+00
1.002999647457347487e+00 0.000000000000000000e+00
1.003075268043602364e+00 0.000000000000000000e+00
1.003136974217127886e+00 0.000000000000000000e+00
1.003185154072149476e+00 0.000000000000000000e+00
1.003219714894014292e+00 0.000000000000000000e+00
1.003240033885437699e+00 0.000000000000000000e+00
1.003244847154255437e+00 0.000000000000000000e+00
1.003232048741107718e+00 0.000000000000000000e+00
1.003198344873302172e+00 0.000000000000000000e+00
1.003138656668730144e+00 0.000000000000000000e+00
1.003045054601992225e+00 0.000000000000000000e+00
1.002904756133291109e+00 0.000000000000000000e+00
1.002696084163007040e+00 0.000000000000000000e+00
1.002379493437056457e+00 0.000000000000000000e+00
1.001874879820178643e+00 0.000000000000000000e+00
1.000992386995150030e+00 0.000000000000000000e+00
9.991479161715964841e-01 0.000000000000000000e+00
9.932401152739074313e-01 0.000000000000000000e+00
1.153544693727734938e+00 0.000000000000000000e+00
1.014717082590999908e+00 0.000000000000000000e+00
1.009954385982926972e+00 0.000000000000000000e+00
1.008313455162461292e+00 0.000000000000000000e+00
1.007493131610282644e+00 0.000000000000000000e+00
1.007007276642601257e+00 0.000000000000000000e+00
1.006690074291512804e+00 0.000000000000000000e+00
1.006469540012258967e+00 0.000000000000000000e+00
1.006309392470930986e+00 0.000000000000000000e+00
1.006189372190686271e+00 0.000000000000000000e+00
1.006097285410962217e+00 0.000000000000000000e+00
1.006025359844898048e+00 0.000000000000000000e+00
1.005968411940492802e+00 0.000000000000000000e+00
1.005922855536706795e+00 0.000000000000000000e+00
1.005886133338071975e+00 0.000000000000000000e+00
1.005856374814872556e+00 0.000000000000000000e+00
