1.040965111357340600e+00
1.081002231024930760e+00
8.808166326869806273e-01
1.177091318227146743e+00
1.089009654958448703e+00
9.849131438227146651e-01
1.369269492631578933e+00
1.081002231024930760e+00
9.288611762880886191e-01
1.169083894293628800e+00
1.145061622493074749e+00
8.808166326869806273e-01
1.040965111357340600e+00
1.008935415623268606e+00
1.000927991689750662e+00
1.048972535290858765e+00
9.448760241551246164e-01
1.008935415623268606e+00
1.249158133628808898e+00
9.368686002216066733e-01
1.089009654958448703e+00
1.056979959224376708e+00
9.929205677562327192e-01
9.128463284210526218e-01
1.024950263490304714e+00
9.688982959556786678e-01
1.008935415623268606e+00
9.448760241551246164e-01
1.113031926759002754e+00
1.024950263490304714e+00
1.097017078891966646e+00
9.929205677562327192e-01
