8.252544242331649738e-01
3.523241488110118169e-02
8.252544242331681934e-01
-3.523241488110378378e-02
5.163972600944232161e-01
7.819811119524025982e-17
-1.467702101955312838e-02
2.326267832237955552e-02
-1.467702101955339032e-02
-2.326267832237969777e-02
-8.093199790433274199e-01
1.169390447330484139e-17
-6.448540893907541705e-01
8.600355282404775412e-03
-6.448540893907540594e-01
-8.600355282405979310e-03
-3.313414111560770703e-01
1.118109755913656092e-02
-3.313414111560767372e-01
-1.118109755913664072e-02
