1.007358262548476713e+00
9.151353230193908228e-01
9.718879011911359944e-01
8.796649616620501044e-01
9.576997566481997293e-01
1.106675274349030680e+00
1.057016768448753696e+00
1.021546407091413089e+00
1.014452334819944790e+00
1.120863418891967056e+00
1.078298985263158150e+00
1.035734551634349243e+00
9.293234675623270880e-01
9.718879011911359944e-01
8.654768171191138393e-01
9.718879011911359944e-01
9.931701180055404476e-01
7.803479498614960264e-01
1.035734551634349243e+00
1.007358262548476713e+00
1.028640479362881166e+00
9.080412507479226347e-01
9.080412507479226347e-01
9.364175398337952760e-01
9.718879011911359944e-01
1.149239707977839586e+00
1.000264190277008636e+00
9.222293952908590109e-01
8.725708893905819163e-01
1.085393057534626227e+00
1.035734551634349243e+00
1.120863418891967056e+00
7.803479498614960264e-01
9.151353230193908228e-01
1.007358262548476713e+00
9.647938289196678063e-01
1.326591514764543289e+00
9.506056843767315412e-01
1.000264190277008636e+00
9.151353230193908228e-01
9.151353230193908228e-01
8.016301666759004796e-01
8.441946003047093861e-01
1.227274502963989322e+00
1.092487129806094526e+00
1.035734551634349243e+00
8.441946003047093861e-01
1.000264190277008636e+00
8.229123834903049328e-01
8.229123834903049328e-01
9.506056843767315412e-01
8.158183112188367447e-01
1.042828623905817542e+00
9.151353230193908228e-01
8.867590339335182925e-01
9.222293952908590109e-01
9.009471784764545577e-01
9.576997566481997293e-01
1.106675274349030680e+00
9.293234675623270880e-01
1.156333780249307885e+00
9.931701180055404476e-01
8.371005280332411980e-01
9.080412507479226347e-01
9.860760457340722596e-01
1.035734551634349243e+00
9.860760457340722596e-01
9.647938289196678063e-01
9.506056843767315412e-01
1.021546407091413089e+00
9.009471784764545577e-01
9.151353230193908228e-01
8.583827448476456512e-01
9.931701180055404476e-01
8.938531062049863696e-01
1.035734551634349243e+00
9.222293952908590109e-01
1.149239707977839586e+00
8.654768171191138393e-01
1.085393057534626227e+00
1.028640479362881166e+00
8.867590339335182925e-01
9.222293952908590109e-01
8.583827448476456512e-01
1.000264190277008636e+00
1.021546407091413089e+00
1.021546407091413089e+00
9.222293952908590109e-01
1.028640479362881166e+00
9.931701180055404476e-01
8.087242389473686677e-01
1.035734551634349243e+00
8.938531062049863696e-01
8.654768171191138393e-01
9.789819734626041825e-01
9.718879011911359944e-01
9.151353230193908228e-01
9.789819734626041825e-01
9.435116121052634641e-01
1.014452334819944790e+00
1.092487129806094526e+00
8.867590339335182925e-01
7.448775885041553080e-01
1.021546407091413089e+00
9.931701180055404476e-01
1.085393057534626227e+00
9.789819734626041825e-01
9.789819734626041825e-01
1.071204912991690072e+00
1.021546407091413089e+00
9.293234675623270880e-01
9.718879011911359944e-01
8.796649616620501044e-01
1.021546407091413089e+00
9.151353230193908228e-01
9.860760457340722596e-01
1.035734551634349243e+00
9.080412507479226347e-01
1.021546407091413089e+00
1.042828623905817542e+00
1.000264190277008636e+00
8.796649616620501044e-01
9.860760457340722596e-01
9.576997566481997293e-01
8.441946003047093861e-01
8.938531062049863696e-01
9.009471784764545577e-01
9.151353230193908228e-01
1.064110840720221995e+00
1.014452334819944790e+00
9.080412507479226347e-01
1.092487129806094526e+00
1.042828623905817542e+00
8.300064557617731209e-01
8.229123834903049328e-01
1.049922696177285619e+00
1.241462647506925476e+00
9.931701180055404476e-01
1.000264190277008636e+00
9.718879011911359944e-01
8.867590339335182925e-01
8.087242389473686677e-01
9.506056843767315412e-01
1.000264190277008636e+00
8.938531062049863696e-01
9.151353230193908228e-01
9.364175398337952760e-01
9.647938289196678063e-01
9.080412507479226347e-01
8.938531062049863696e-01
9.718879011911359944e-01
8.796649616620501044e-01
1.078298985263158150e+00
1.092487129806094526e+00
1.000264190277008636e+00
9.647938289196678063e-01
8.512886725761775741e-01
9.222293952908590109e-01
9.151353230193908228e-01
8.016301666759004796e-01
1.049922696177285619e+00
1.078298985263158150e+00
1.071204912991690072e+00
9.009471784764545577e-01
9.293234675623270880e-01
9.293234675623270880e-01
8.229123834903049328e-01
1.049922696177285619e+00
9.931701180055404476e-01
1.028640479362881166e+00
9.151353230193908228e-01
8.867590339335182925e-01
9.080412507479226347e-01
9.364175398337952760e-01
1.021546407091413089e+00
8.938531062049863696e-01
9.222293952908590109e-01
9.364175398337952760e-01
1.049922696177285619e+00
9.931701180055404476e-01
9.364175398337952760e-01
9.931701180055404476e-01
1.007358262548476713e+00
8.229123834903049328e-01
9.080412507479226347e-01
9.435116121052634641e-01
1.156333780249307885e+00
8.938531062049863696e-01
1.021546407091413089e+00
8.158183112188367447e-01
1.099581202077562603e+00
8.725708893905819163e-01
8.725708893905819163e-01
9.222293952908590109e-01
8.016301666759004796e-01
1.000264190277008636e+00
1.007358262548476713e+00
9.151353230193908228e-01
9.293234675623270880e-01
9.293234675623270880e-01
8.796649616620501044e-01
8.867590339335182925e-01
9.222293952908590109e-01
9.364175398337952760e-01
9.789819734626041825e-01
9.080412507479226347e-01
1.028640479362881166e+00
9.789819734626041825e-01
8.229123834903049328e-01
8.938531062049863696e-01
9.931701180055404476e-01
8.300064557617731209e-01
9.789819734626041825e-01
9.293234675623270880e-01
9.718879011911359944e-01
6.668427935180056831e-01
8.654768171191138393e-01
9.789819734626041825e-01
1.142145635706371509e+00
8.654768171191138393e-01
8.158183112188367447e-01
1.049922696177285619e+00
9.931701180055404476e-01
8.583827448476456512e-01
9.647938289196678063e-01
8.300064557617731209e-01
8.371005280332411980e-01
9.009471784764545577e-01
9.151353230193908228e-01
9.506056843767315412e-01
9.576997566481997293e-01
1.014452334819944790e+00
8.512886725761775741e-01
7.732538775900279493e-01
9.364175398337952760e-01
1.021546407091413089e+00
9.151353230193908228e-01
8.938531062049863696e-01
8.654768171191138393e-01
9.009471784764545577e-01
9.151353230193908228e-01
8.654768171191138393e-01
8.441946003047093861e-01
6.668427935180056831e-01
8.300064557617731209e-01
8.796649616620501044e-01
8.938531062049863696e-01
8.654768171191138393e-01
8.371005280332411980e-01
9.009471784764545577e-01
9.506056843767315412e-01
7.448775885041553080e-01
7.235953716897508547e-01
7.165012994182827777e-01
8.583827448476456512e-01
7.023131548753464015e-01
7.023131548753464015e-01
8.087242389473686677e-01
6.597487212465376061e-01
8.371005280332411980e-01
6.384665044321331528e-01
6.171842876177286996e-01
7.448775885041553080e-01
6.029961430747924345e-01
7.590657330470915731e-01
7.803479498614960264e-01
8.654768171191138393e-01
9.506056843767315412e-01
1.071204912991690072e+00
1.064110840720221995e+00
1.269838936592798229e+00
1.333685587036011366e+00
1.503943321551246992e+00
1.454284815650970009e+00
1.241462647506925476e+00
1.404626309750692803e+00
1.347873731578947742e+00
1.468472960193906163e+00
1.376250020664820273e+00
1.354967803850415820e+00
1.255650792049861852e+00
1.198898213878116570e+00
1.135051563434903432e+00
1.198898213878116570e+00
1.092487129806094526e+00
1.127957491163435133e+00
1.170521924792244040e+00
1.177615997063712339e+00
1.057016768448753696e+00
1.049922696177285619e+00
1.071204912991690072e+00
1.078298985263158150e+00
1.127957491163435133e+00
1.007358262548476713e+00
1.092487129806094526e+00
1.156333780249307885e+00
1.198898213878116570e+00
1.135051563434903432e+00
1.099581202077562603e+00
1.085393057534626227e+00
1.241462647506925476e+00
1.028640479362881166e+00
1.021546407091413089e+00
1.198898213878116570e+00
1.106675274349030680e+00
1.120863418891967056e+00
1.177615997063712339e+00
9.647938289196678063e-01
1.163427852520775962e+00
1.099581202077562603e+00
1.028640479362881166e+00
8.654768171191138393e-01
1.014452334819944790e+00
1.007358262548476713e+00
9.931701180055404476e-01
1.092487129806094526e+00
1.106675274349030680e+00
1.071204912991690072e+00
1.021546407091413089e+00
9.931701180055404476e-01
1.170521924792244040e+00
9.647938289196678063e-01
9.506056843767315412e-01
1.007358262548476713e+00
8.441946003047093861e-01
1.085393057534626227e+00
9.576997566481997293e-01
9.506056843767315412e-01
1.092487129806094526e+00
9.576997566481997293e-01
9.576997566481997293e-01
9.576997566481997293e-01
1.106675274349030680e+00
1.007358262548476713e+00
8.938531062049863696e-01
9.506056843767315412e-01
1.078298985263158150e+00
1.092487129806094526e+00
1.007358262548476713e+00
1.042828623905817542e+00
1.106675274349030680e+00
1.035734551634349243e+00
8.796649616620501044e-01
9.647938289196678063e-01
9.860760457340722596e-01
1.092487129806094526e+00
1.071204912991690072e+00
9.222293952908590109e-01
8.300064557617731209e-01
1.007358262548476713e+00
1.042828623905817542e+00
9.293234675623270880e-01
9.080412507479226347e-01
9.789819734626041825e-01
9.860760457340722596e-01
9.222293952908590109e-01
9.647938289196678063e-01
9.718879011911359944e-01
1.205992286149584869e+00
8.158183112188367447e-01
9.647938289196678063e-01
1.085393057534626227e+00
8.654768171191138393e-01
8.512886725761775741e-01
9.931701180055404476e-01
1.035734551634349243e+00
9.435116121052634641e-01
1.014452334819944790e+00
8.867590339335182925e-01
9.080412507479226347e-01
1.092487129806094526e+00
1.149239707977839586e+00
8.300064557617731209e-01
9.860760457340722596e-01
1.057016768448753696e+00
1.057016768448753696e+00
8.512886725761775741e-01
8.654768171191138393e-01
1.198898213878116570e+00
9.718879011911359944e-01
9.009471784764545577e-01
9.435116121052634641e-01
1.071204912991690072e+00
1.014452334819944790e+00
8.016301666759004796e-01
1.220180430692521023e+00
9.789819734626041825e-01
1.092487129806094526e+00
1.028640479362881166e+00
9.435116121052634641e-01
7.732538775900279493e-01
1.127957491163435133e+00
9.364175398337952760e-01
9.931701180055404476e-01
1.078298985263158150e+00
9.647938289196678063e-01
9.506056843767315412e-01
9.151353230193908228e-01
9.293234675623270880e-01
8.725708893905819163e-01
9.718879011911359944e-01
9.647938289196678063e-01
1.000264190277008636e+00
1.035734551634349243e+00
9.364175398337952760e-01
1.177615997063712339e+00
9.080412507479226347e-01
8.796649616620501044e-01
1.007358262548476713e+00
9.009471784764545577e-01
7.874420221329642144e-01
1.000264190277008636e+00
1.057016768448753696e+00
8.796649616620501044e-01
9.576997566481997293e-01
9.435116121052634641e-01
1.007358262548476713e+00
1.071204912991690072e+00
9.293234675623270880e-01
7.945360944044324025e-01
9.576997566481997293e-01
1.106675274349030680e+00
8.654768171191138393e-01
9.647938289196678063e-01
1.078298985263158150e+00
1.071204912991690072e+00
1.092487129806094526e+00
9.860760457340722596e-01
1.000264190277008636e+00
9.009471784764545577e-01
1.049922696177285619e+00
8.300064557617731209e-01
1.035734551634349243e+00
1.170521924792244040e+00
9.080412507479226347e-01
9.151353230193908228e-01
8.158183112188367447e-01
8.583827448476456512e-01
9.293234675623270880e-01
1.028640479362881166e+00
1.028640479362881166e+00
1.035734551634349243e+00
1.007358262548476713e+00
1.028640479362881166e+00
8.725708893905819163e-01
9.860760457340722596e-01
9.647938289196678063e-01
1.113769346620498979e+00
9.789819734626041825e-01
9.506056843767315412e-01
8.938531062049863696e-01
9.080412507479226347e-01
1.142145635706371509e+00
8.371005280332411980e-01
9.647938289196678063e-01
1.035734551634349243e+00
1.021546407091413089e+00
1.099581202077562603e+00
1.064110840720221995e+00
9.931701180055404476e-01
9.151353230193908228e-01
9.931701180055404476e-01
9.222293952908590109e-01
8.938531062049863696e-01
8.300064557617731209e-01
1.099581202077562603e+00
1.014452334819944790e+00
8.725708893905819163e-01
1.042828623905817542e+00
9.718879011911359944e-01
8.796649616620501044e-01
1.028640479362881166e+00
8.158183112188367447e-01
9.435116121052634641e-01
9.718879011911359944e-01
8.583827448476456512e-01
1.007358262548476713e+00
9.576997566481997293e-01
8.725708893905819163e-01
1.049922696177285619e+00
8.867590339335182925e-01
1.092487129806094526e+00
1.000264190277008636e+00
9.718879011911359944e-01
1.064110840720221995e+00
9.435116121052634641e-01
1.007358262548476713e+00
1.021546407091413089e+00
9.860760457340722596e-01
8.867590339335182925e-01
7.661598053185597612e-01
1.014452334819944790e+00
1.028640479362881166e+00
9.931701180055404476e-01
9.080412507479226347e-01
8.229123834903049328e-01
9.931701180055404476e-01
8.371005280332411980e-01
7.874420221329642144e-01
9.506056843767315412e-01
9.506056843767315412e-01
1.007358262548476713e+00
7.945360944044324025e-01
9.009471784764545577e-01
1.035734551634349243e+00
1.085393057534626227e+00
9.789819734626041825e-01
9.789819734626041825e-01
9.718879011911359944e-01
9.860760457340722596e-01
9.576997566481997293e-01
1.106675274349030680e+00
1.014452334819944790e+00
9.506056843767315412e-01
9.151353230193908228e-01
8.796649616620501044e-01
9.718879011911359944e-01
9.293234675623270880e-01
9.647938289196678063e-01
8.300064557617731209e-01
7.448775885041553080e-01
1.035734551634349243e+00
9.293234675623270880e-01
1.106675274349030680e+00
8.583827448476456512e-01
1.049922696177285619e+00
1.007358262548476713e+00
8.796649616620501044e-01
8.512886725761775741e-01
9.789819734626041825e-01
1.007358262548476713e+00
8.441946003047093861e-01
1.000264190277008636e+00
8.938531062049863696e-01
9.931701180055404476e-01
1.000264190277008636e+00
9.860760457340722596e-01
1.049922696177285619e+00
9.222293952908590109e-01
1.000264190277008636e+00
9.506056843767315412e-01
1.057016768448753696e+00
9.576997566481997293e-01
1.057016768448753696e+00
9.222293952908590109e-01
9.435116121052634641e-01
9.009471784764545577e-01
9.151353230193908228e-01
9.222293952908590109e-01
7.945360944044324025e-01
9.718879011911359944e-01
9.151353230193908228e-01
1.014452334819944790e+00
9.080412507479226347e-01
9.860760457340722596e-01
1.014452334819944790e+00
1.021546407091413089e+00
9.080412507479226347e-01
1.014452334819944790e+00
9.364175398337952760e-01
8.512886725761775741e-01
9.009471784764545577e-01
8.158183112188367447e-01
1.035734551634349243e+00
8.796649616620501044e-01
1.113769346620498979e+00
9.718879011911359944e-01
9.435116121052634641e-01
8.087242389473686677e-01
9.718879011911359944e-01
1.064110840720221995e+00
8.938531062049863696e-01
9.860760457340722596e-01
8.583827448476456512e-01
9.080412507479226347e-01
1.071204912991690072e+00
9.931701180055404476e-01
9.931701180055404476e-01
7.945360944044324025e-01
8.938531062049863696e-01
8.725708893905819163e-01
9.435116121052634641e-01
1.000264190277008636e+00
9.789819734626041825e-01
9.506056843767315412e-01
9.080412507479226347e-01
8.938531062049863696e-01
9.647938289196678063e-01
8.300064557617731209e-01
1.092487129806094526e+00
1.035734551634349243e+00
8.441946003047093861e-01
1.064110840720221995e+00
9.009471784764545577e-01
9.576997566481997293e-01
9.506056843767315412e-01
9.364175398337952760e-01
1.028640479362881166e+00
7.023131548753464015e-01
8.938531062049863696e-01
7.945360944044324025e-01
9.718879011911359944e-01
7.803479498614960264e-01
9.576997566481997293e-01
9.364175398337952760e-01
1.014452334819944790e+00
1.042828623905817542e+00
9.293234675623270880e-01
8.654768171191138393e-01
9.151353230193908228e-01
8.867590339335182925e-01
9.080412507479226347e-01
7.803479498614960264e-01
1.000264190277008636e+00
1.028640479362881166e+00
1.000264190277008636e+00
8.796649616620501044e-01
9.576997566481997293e-01
9.789819734626041825e-01
9.009471784764545577e-01
8.796649616620501044e-01
1.028640479362881166e+00
9.718879011911359944e-01
9.435116121052634641e-01
8.654768171191138393e-01
8.300064557617731209e-01
8.938531062049863696e-01
1.057016768448753696e+00
9.647938289196678063e-01
8.654768171191138393e-01
9.576997566481997293e-01
9.293234675623270880e-01
1.092487129806094526e+00
1.092487129806094526e+00
8.583827448476456512e-01
9.576997566481997293e-01
1.042828623905817542e+00
8.371005280332411980e-01
8.300064557617731209e-01
8.938531062049863696e-01
8.158183112188367447e-01
8.938531062049863696e-01
1.007358262548476713e+00
8.512886725761775741e-01
9.222293952908590109e-01
9.222293952908590109e-01
8.938531062049863696e-01
7.519716607756234961e-01
9.931701180055404476e-01
8.796649616620501044e-01
7.803479498614960264e-01
8.725708893905819163e-01
7.094072271468145896e-01
8.725708893905819163e-01
9.364175398337952760e-01
8.016301666759004796e-01
9.293234675623270880e-01
1.007358262548476713e+00
8.654768171191138393e-01
8.512886725761775741e-01
8.867590339335182925e-01
8.016301666759004796e-01
7.306894439612190428e-01
8.229123834903049328e-01
8.300064557617731209e-01
8.158183112188367447e-01
8.229123834903049328e-01
8.938531062049863696e-01
7.094072271468145896e-01
7.803479498614960264e-01
7.448775885041553080e-01
9.222293952908590109e-01
9.789819734626041825e-01
7.874420221329642144e-01
9.080412507479226347e-01
7.661598053185597612e-01
8.796649616620501044e-01
9.647938289196678063e-01
7.661598053185597612e-01
8.300064557617731209e-01
7.519716607756234961e-01
9.009471784764545577e-01
8.654768171191138393e-01
8.867590339335182925e-01
9.576997566481997293e-01
9.080412507479226347e-01
9.293234675623270880e-01
9.860760457340722596e-01
8.229123834903049328e-01
7.732538775900279493e-01
7.377835162326872309e-01
6.242783598891968877e-01
8.087242389473686677e-01
6.739368657894738712e-01
9.151353230193908228e-01
8.654768171191138393e-01
8.725708893905819163e-01
8.229123834903049328e-01
7.732538775900279493e-01
9.576997566481997293e-01
1.064110840720221995e+00
1.234368575235457399e+00
1.362061876121884119e+00
1.369155948393352196e+00
1.482661104736842539e+00
1.347873731578947742e+00
1.354967803850415820e+00
1.496849249279778915e+00
1.347873731578947742e+00
1.241462647506925476e+00
1.319497442493075212e+00
1.418814454293629179e+00
1.362061876121884119e+00
1.369155948393352196e+00
1.589072188808864805e+00
1.248556719778393775e+00
1.078298985263158150e+00
1.248556719778393775e+00
1.262744864321329930e+00
1.042828623905817542e+00
1.163427852520775962e+00
1.213086358421052946e+00
1.234368575235457399e+00
1.205992286149584869e+00
1.198898213878116570e+00
1.071204912991690072e+00
1.085393057534626227e+00
1.078298985263158150e+00
1.071204912991690072e+00
1.191804141606648493e+00
1.156333780249307885e+00
9.506056843767315412e-01
1.177615997063712339e+00
1.078298985263158150e+00
1.064110840720221995e+00
1.007358262548476713e+00
1.220180430692521023e+00
1.099581202077562603e+00
1.106675274349030680e+00
1.127957491163435133e+00
1.163427852520775962e+00
9.860760457340722596e-01
1.120863418891967056e+00
1.205992286149584869e+00
1.071204912991690072e+00
9.222293952908590109e-01
1.078298985263158150e+00
9.931701180055404476e-01
9.435116121052634641e-01
1.078298985263158150e+00
1.035734551634349243e+00
1.298215225678670759e+00
1.099581202077562603e+00
1.057016768448753696e+00
1.149239707977839586e+00
1.078298985263158150e+00
9.364175398337952760e-01
1.085393057534626227e+00
9.080412507479226347e-01
1.092487129806094526e+00
9.293234675623270880e-01
1.021546407091413089e+00
1.085393057534626227e+00
1.000264190277008636e+00
1.078298985263158150e+00
1.135051563434903432e+00
9.718879011911359944e-01
1.163427852520775962e+00
1.035734551634349243e+00
1.042828623905817542e+00
9.435116121052634641e-01
1.135051563434903432e+00
9.647938289196678063e-01
1.049922696177285619e+00
9.506056843767315412e-01
8.512886725761775741e-01
1.127957491163435133e+00
1.227274502963989322e+00
1.113769346620498979e+00
9.009471784764545577e-01
9.080412507479226347e-01
9.931701180055404476e-01
1.035734551634349243e+00
9.860760457340722596e-01
9.222293952908590109e-01
1.035734551634349243e+00
9.647938289196678063e-01
1.035734551634349243e+00
1.014452334819944790e+00
9.222293952908590109e-01
1.021546407091413089e+00
9.860760457340722596e-01
1.035734551634349243e+00
1.078298985263158150e+00
9.647938289196678063e-01
1.085393057534626227e+00
1.085393057534626227e+00
8.229123834903049328e-01
1.000264190277008636e+00
9.151353230193908228e-01
1.248556719778393775e+00
1.007358262548476713e+00
1.163427852520775962e+00
1.000264190277008636e+00
1.035734551634349243e+00
1.014452334819944790e+00
9.860760457340722596e-01
1.000264190277008636e+00
9.647938289196678063e-01
1.057016768448753696e+00
9.931701180055404476e-01
9.506056843767315412e-01
9.151353230193908228e-01
9.364175398337952760e-01
1.042828623905817542e+00
1.021546407091413089e+00
9.506056843767315412e-01
9.364175398337952760e-01
9.151353230193908228e-01
1.085393057534626227e+00
9.506056843767315412e-01
8.796649616620501044e-01
1.099581202077562603e+00
1.156333780249307885e+00
9.364175398337952760e-01
8.796649616620501044e-01
1.049922696177285619e+00
9.222293952908590109e-01
9.009471784764545577e-01
9.080412507479226347e-01
9.718879011911359944e-01
9.151353230193908228e-01
1.014452334819944790e+00
1.071204912991690072e+00
1.014452334819944790e+00
1.042828623905817542e+00
1.057016768448753696e+00
9.009471784764545577e-01
1.014452334819944790e+00
1.085393057534626227e+00
8.654768171191138393e-01
9.435116121052634641e-01
9.506056843767315412e-01
9.931701180055404476e-01
9.151353230193908228e-01
8.796649616620501044e-01
8.938531062049863696e-01
1.099581202077562603e+00
1.163427852520775962e+00
1.085393057534626227e+00
1.057016768448753696e+00
1.078298985263158150e+00
9.293234675623270880e-01
8.867590339335182925e-01
9.647938289196678063e-01
9.931701180055404476e-01
1.007358262548476713e+00
1.057016768448753696e+00
1.042828623905817542e+00
1.028640479362881166e+00
1.085393057534626227e+00
1.057016768448753696e+00
9.435116121052634641e-01
7.377835162326872309e-01
8.371005280332411980e-01
9.718879011911359944e-01
1.106675274349030680e+00
9.080412507479226347e-01
9.718879011911359944e-01
1.113769346620498979e+00
1.000264190277008636e+00
9.647938289196678063e-01
8.938531062049863696e-01
9.435116121052634641e-01
9.860760457340722596e-01
9.860760457340722596e-01
1.021546407091413089e+00
1.049922696177285619e+00
9.931701180055404476e-01
8.796649616620501044e-01
9.860760457340722596e-01
1.142145635706371509e+00
9.293234675623270880e-01
9.506056843767315412e-01
9.435116121052634641e-01
9.151353230193908228e-01
1.113769346620498979e+00
1.099581202077562603e+00
8.371005280332411980e-01
9.151353230193908228e-01
1.071204912991690072e+00
1.078298985263158150e+00
8.229123834903049328e-01
8.654768171191138393e-01
1.057016768448753696e+00
9.576997566481997293e-01
9.080412507479226347e-01
1.064110840720221995e+00
8.158183112188367447e-01
1.000264190277008636e+00
1.142145635706371509e+00
1.099581202077562603e+00
1.007358262548476713e+00
9.293234675623270880e-01
1.163427852520775962e+00
1.035734551634349243e+00
1.078298985263158150e+00
1.071204912991690072e+00
9.009471784764545577e-01
1.007358262548476713e+00
9.364175398337952760e-01
1.149239707977839586e+00
9.364175398337952760e-01
9.931701180055404476e-01
9.222293952908590109e-01
1.000264190277008636e+00
1.021546407091413089e+00
9.364175398337952760e-01
9.647938289196678063e-01
9.647938289196678063e-01
1.049922696177285619e+00
9.364175398337952760e-01
9.789819734626041825e-01
1.000264190277008636e+00
1.049922696177285619e+00
8.512886725761775741e-01
9.718879011911359944e-01
1.021546407091413089e+00
9.789819734626041825e-01
9.789819734626041825e-01
1.042828623905817542e+00
1.035734551634349243e+00
1.142145635706371509e+00
1.156333780249307885e+00
1.142145635706371509e+00
1.149239707977839586e+00
9.718879011911359944e-01
9.293234675623270880e-01
7.732538775900279493e-01
9.080412507479226347e-01
1.198898213878116570e+00
9.860760457340722596e-01
1.071204912991690072e+00
1.106675274349030680e+00
8.441946003047093861e-01
9.293234675623270880e-01
8.654768171191138393e-01
1.064110840720221995e+00
8.796649616620501044e-01
9.222293952908590109e-01
1.064110840720221995e+00
1.184710069335180416e+00
8.867590339335182925e-01
1.071204912991690072e+00
9.364175398337952760e-01
9.931701180055404476e-01
1.049922696177285619e+00
9.789819734626041825e-01
9.506056843767315412e-01
8.512886725761775741e-01
9.293234675623270880e-01
1.106675274349030680e+00
1.021546407091413089e+00
8.867590339335182925e-01
8.867590339335182925e-01
9.647938289196678063e-01
9.506056843767315412e-01
1.000264190277008636e+00
1.120863418891967056e+00
8.654768171191138393e-01
9.222293952908590109e-01
9.789819734626041825e-01
1.028640479362881166e+00
1.007358262548476713e+00
9.931701180055404476e-01
8.938531062049863696e-01
9.009471784764545577e-01
1.021546407091413089e+00
9.860760457340722596e-01
9.435116121052634641e-01
1.007358262548476713e+00
8.725708893905819163e-01
8.938531062049863696e-01
7.377835162326872309e-01
9.080412507479226347e-01
9.364175398337952760e-01
8.512886725761775741e-01
9.435116121052634641e-01
9.151353230193908228e-01
9.576997566481997293e-01
1.064110840720221995e+00
9.222293952908590109e-01
8.583827448476456512e-01
9.789819734626041825e-01
9.222293952908590109e-01
1.000264190277008636e+00
7.945360944044324025e-01
8.016301666759004796e-01
9.009471784764545577e-01
8.796649616620501044e-01
8.867590339335182925e-01
8.583827448476456512e-01
7.803479498614960264e-01
9.293234675623270880e-01
7.874420221329642144e-01
8.512886725761775741e-01
9.576997566481997293e-01
9.151353230193908228e-01
8.300064557617731209e-01
9.789819734626041825e-01
8.867590339335182925e-01
9.576997566481997293e-01
8.371005280332411980e-01
9.080412507479226347e-01
8.441946003047093861e-01
8.725708893905819163e-01
7.874420221329642144e-01
8.725708893905819163e-01
8.796649616620501044e-01
9.435116121052634641e-01
9.080412507479226347e-01
9.931701180055404476e-01
8.087242389473686677e-01
8.441946003047093861e-01
8.158183112188367447e-01
7.235953716897508547e-01
9.506056843767315412e-01
8.300064557617731209e-01
8.867590339335182925e-01
8.867590339335182925e-01
8.229123834903049328e-01
9.293234675623270880e-01
1.057016768448753696e+00
7.874420221329642144e-01
9.009471784764545577e-01
8.725708893905819163e-01
7.165012994182827777e-01
8.725708893905819163e-01
9.931701180055404476e-01
7.661598053185597612e-01
8.583827448476456512e-01
8.725708893905819163e-01
9.222293952908590109e-01
8.583827448476456512e-01
8.300064557617731209e-01
8.087242389473686677e-01
9.718879011911359944e-01
9.009471784764545577e-01
9.506056843767315412e-01
9.364175398337952760e-01
8.016301666759004796e-01
1.156333780249307885e+00
9.293234675623270880e-01
7.732538775900279493e-01
8.229123834903049328e-01
9.293234675623270880e-01
7.306894439612190428e-01
9.222293952908590109e-01
7.803479498614960264e-01
8.867590339335182925e-01
8.796649616620501044e-01
7.590657330470915731e-01
7.874420221329642144e-01
8.087242389473686677e-01
8.441946003047093861e-01
8.087242389473686677e-01
8.158183112188367447e-01
7.519716607756234961e-01
7.945360944044324025e-01
7.874420221329642144e-01
7.519716607756234961e-01
7.235953716897508547e-01
7.590657330470915731e-01
8.087242389473686677e-01
7.803479498614960264e-01
7.165012994182827777e-01
7.945360944044324025e-01
8.229123834903049328e-01
6.597487212465376061e-01
8.158183112188367447e-01
8.512886725761775741e-01
6.668427935180056831e-01
8.158183112188367447e-01
6.952190826038783245e-01
6.952190826038783245e-01
7.945360944044324025e-01
6.668427935180056831e-01
7.165012994182827777e-01
7.306894439612190428e-01
6.597487212465376061e-01
8.796649616620501044e-01
7.519716607756234961e-01
7.235953716897508547e-01
8.087242389473686677e-01
8.158183112188367447e-01
7.661598053185597612e-01
7.448775885041553080e-01
9.789819734626041825e-01
8.654768171191138393e-01
8.016301666759004796e-01
7.803479498614960264e-01
7.377835162326872309e-01
9.151353230193908228e-01
6.526546489750694180e-01
8.158183112188367447e-01
1.113769346620498979e+00
1.007358262548476713e+00
1.042828623905817542e+00
1.028640479362881166e+00
9.576997566481997293e-01
1.064110840720221995e+00
1.127957491163435133e+00
9.931701180055404476e-01
9.576997566481997293e-01
1.120863418891967056e+00
9.789819734626041825e-01
1.177615997063712339e+00
1.220180430692521023e+00
1.298215225678670759e+00
1.163427852520775962e+00
1.326591514764543289e+00
1.291121153407202460e+00
1.191804141606648493e+00
1.135051563434903432e+00
1.184710069335180416e+00
1.269838936592798229e+00
1.262744864321329930e+00
1.220180430692521023e+00
1.177615997063712339e+00
1.255650792049861852e+00
1.248556719778393775e+00
1.205992286149584869e+00
1.106675274349030680e+00
1.269838936592798229e+00
1.177615997063712339e+00
1.234368575235457399e+00
1.177615997063712339e+00
1.347873731578947742e+00
1.340779659307479665e+00
1.170521924792244040e+00
1.213086358421052946e+00
1.135051563434903432e+00
1.120863418891967056e+00
1.291121153407202460e+00
1.092487129806094526e+00
1.064110840720221995e+00
1.021546407091413089e+00
1.205992286149584869e+00
1.135051563434903432e+00
1.049922696177285619e+00
1.042828623905817542e+00
9.293234675623270880e-01
1.057016768448753696e+00
1.135051563434903432e+00
1.120863418891967056e+00
1.127957491163435133e+00
1.042828623905817542e+00
1.078298985263158150e+00
1.184710069335180416e+00
1.064110840720221995e+00
1.014452334819944790e+00
9.860760457340722596e-01
1.035734551634349243e+00
9.364175398337952760e-01
1.035734551634349243e+00
9.222293952908590109e-01
1.071204912991690072e+00
1.071204912991690072e+00
1.220180430692521023e+00
1.028640479362881166e+00
1.007358262548476713e+00
9.789819734626041825e-01
1.127957491163435133e+00
1.071204912991690072e+00
1.049922696177285619e+00
9.009471784764545577e-01
1.127957491163435133e+00
1.085393057534626227e+00
1.014452334819944790e+00
1.156333780249307885e+00
1.113769346620498979e+00
9.860760457340722596e-01
1.028640479362881166e+00
1.127957491163435133e+00
1.071204912991690072e+00
1.170521924792244040e+00
1.127957491163435133e+00
1.057016768448753696e+00
9.506056843767315412e-01
9.151353230193908228e-01
1.057016768448753696e+00
9.506056843767315412e-01
1.042828623905817542e+00
1.085393057534626227e+00
1.049922696177285619e+00
9.293234675623270880e-01
1.198898213878116570e+00
9.860760457340722596e-01
1.064110840720221995e+00
1.092487129806094526e+00
1.085393057534626227e+00
1.106675274349030680e+00
8.725708893905819163e-01
1.000264190277008636e+00
9.860760457340722596e-01
1.021546407091413089e+00
1.042828623905817542e+00
1.021546407091413089e+00
9.647938289196678063e-01
1.135051563434903432e+00
1.028640479362881166e+00
8.371005280332411980e-01
1.120863418891967056e+00
9.860760457340722596e-01
1.021546407091413089e+00
1.163427852520775962e+00
9.364175398337952760e-01
1.028640479362881166e+00
9.576997566481997293e-01
1.049922696177285619e+00
9.506056843767315412e-01
1.057016768448753696e+00
9.647938289196678063e-01
9.080412507479226347e-01
1.078298985263158150e+00
1.205992286149584869e+00
1.127957491163435133e+00
1.276933008864266306e+00
1.000264190277008636e+00
1.064110840720221995e+00
1.170521924792244040e+00
1.057016768448753696e+00
1.269838936592798229e+00
1.142145635706371509e+00
1.135051563434903432e+00
1.064110840720221995e+00
1.234368575235457399e+00
1.035734551634349243e+00
1.113769346620498979e+00
1.085393057534626227e+00
1.177615997063712339e+00
1.120863418891967056e+00
1.198898213878116570e+00
1.234368575235457399e+00
1.241462647506925476e+00
1.092487129806094526e+00
1.276933008864266306e+00
9.860760457340722596e-01
1.262744864321329930e+00
1.227274502963989322e+00
1.127957491163435133e+00
1.269838936592798229e+00
1.213086358421052946e+00
1.135051563434903432e+00
1.071204912991690072e+00
1.333685587036011366e+00
1.220180430692521023e+00
1.205992286149584869e+00
1.014452334819944790e+00
1.205992286149584869e+00
1.383344092936288572e+00
1.205992286149584869e+00
1.184710069335180416e+00
1.262744864321329930e+00
1.064110840720221995e+00
1.184710069335180416e+00
1.120863418891967056e+00
1.142145635706371509e+00
1.120863418891967056e+00
1.092487129806094526e+00
1.205992286149584869e+00
1.170521924792244040e+00
1.276933008864266306e+00
1.170521924792244040e+00
1.191804141606648493e+00
1.305309297950138836e+00
1.078298985263158150e+00
1.156333780249307885e+00
1.028640479362881166e+00
1.184710069335180416e+00
1.241462647506925476e+00
1.269838936592798229e+00
1.234368575235457399e+00
1.383344092936288572e+00
1.248556719778393775e+00
1.383344092936288572e+00
1.149239707977839586e+00
1.135051563434903432e+00
1.120863418891967056e+00
1.198898213878116570e+00
1.113769346620498979e+00
1.177615997063712339e+00
1.227274502963989322e+00
1.078298985263158150e+00
1.262744864321329930e+00
1.149239707977839586e+00
1.234368575235457399e+00
1.149239707977839586e+00
1.149239707977839586e+00
1.049922696177285619e+00
1.078298985263158150e+00
1.127957491163435133e+00
1.092487129806094526e+00
1.205992286149584869e+00
1.135051563434903432e+00
1.028640479362881166e+00
1.177615997063712339e+00
1.156333780249307885e+00
1.113769346620498979e+00
1.135051563434903432e+00
1.099581202077562603e+00
1.007358262548476713e+00
1.149239707977839586e+00
1.156333780249307885e+00
1.156333780249307885e+00
1.049922696177285619e+00
1.205992286149584869e+00
1.135051563434903432e+00
9.364175398337952760e-01
9.860760457340722596e-01
1.085393057534626227e+00
9.293234675623270880e-01
1.241462647506925476e+00
1.234368575235457399e+00
1.028640479362881166e+00
9.931701180055404476e-01
1.135051563434903432e+00
1.014452334819944790e+00
1.163427852520775962e+00
1.213086358421052946e+00
1.149239707977839586e+00
9.080412507479226347e-01
1.213086358421052946e+00
1.099581202077562603e+00
1.184710069335180416e+00
1.106675274349030680e+00
1.234368575235457399e+00
1.042828623905817542e+00
1.064110840720221995e+00
1.028640479362881166e+00
1.000264190277008636e+00
1.234368575235457399e+00
1.057016768448753696e+00
1.049922696177285619e+00
1.078298985263158150e+00
1.120863418891967056e+00
1.127957491163435133e+00
1.163427852520775962e+00
1.035734551634349243e+00
1.099581202077562603e+00
1.000264190277008636e+00
1.035734551634349243e+00
1.042828623905817542e+00
1.106675274349030680e+00
1.220180430692521023e+00
1.312403370221606913e+00
1.135051563434903432e+00
1.106675274349030680e+00
9.293234675623270880e-01
1.120863418891967056e+00
1.113769346620498979e+00
1.106675274349030680e+00
1.014452334819944790e+00
1.049922696177285619e+00
1.071204912991690072e+00
1.099581202077562603e+00
1.248556719778393775e+00
1.042828623905817542e+00
1.262744864321329930e+00
1.127957491163435133e+00
1.028640479362881166e+00
1.163427852520775962e+00
1.198898213878116570e+00
1.071204912991690072e+00
1.234368575235457399e+00
1.113769346620498979e+00
1.092487129806094526e+00
1.071204912991690072e+00
1.184710069335180416e+00
1.163427852520775962e+00
1.064110840720221995e+00
1.106675274349030680e+00
1.220180430692521023e+00
1.298215225678670759e+00
1.227274502963989322e+00
1.163427852520775962e+00
1.000264190277008636e+00
1.156333780249307885e+00
9.718879011911359944e-01
1.142145635706371509e+00
1.269838936592798229e+00
1.057016768448753696e+00
