9.903724046936847047e-01 0.000000000000000000e+00
9.891890265110714342e-01 0.000000000000000000e+00
9.877983948102252443e-01 0.000000000000000000e+00
9.861341723707288676e-01 0.000000000000000000e+00
9.840965327908933746e-01 0.000000000000000000e+00
9.815273162449911215e-01 0.000000000000000000e+00
9.781588775414944426e-01 0.000000000000000000e+00
9.734969201612895251e-01 0.000000000000000000e+00
9.665100517680471626e-01 0.000000000000000000e+00
9.546110167232598753e-01 0.000000000000000000e+00
9.288779607865094157e-01 0.000000000000000000e+00
8.233385930285775922e-01 0.000000000000000000e+00
1.273310518590200502e+00 0.000000000000000000e+00
1.067200952581858875e+00 0.000000000000000000e+00
1.032890094987756857e+00 0.000000000000000000e+00
1.017155067166724214e+00 0.000000000000000000e+00
1.006465051949525957e+00 0.000000000000000000e+00
9.966561634584534257e-01 0.000000000000000000e+00
9.844606155660188263e-01 0.000000000000000000e+00
9.623069642297169546e-01 0.000000000000000000e+00
8.771862983611575793e-01 0.000000000000000000e+00
1.219110545995661044e+00 0.000000000000000000e+00
1.065787189438933913e+00 0.000000000000000000e+00
1.039447796119471246e+00 0.000000000000000000e+00
1.027673156024742296e+00 0.000000000000000000e+00
1.020460313865684698e+00 0.000000000000000000e+00
1.015184987473241485e+00 0.000000000000000000e+00
1.010817620135981310e+00 0.000000000000000000e+00
1.006827993713391267e+00 0.000000000000000000e+00
1.002860740208704859e+00 0.000000000000000000e+00
9.985964865874810137e-01 0.000000000000000000e+00
9.936505637849156747e-01 0.000000000000000000e+00
9.874289700816869519e-01 0.000000000000000000e+00
9.787943779084999907e-01 0.000000000000000000e+00
9.649649539152568289e-01 0.000000000000000000e+00
9.357176125331699845e-01 0.000000000000000000e+00
7.621466991650871492e-01 0.000000000000000000e+00
1.058278687759925729e+00 0.000000000000000000e+00
9.508060826033374324e-01 0.000000000000000000e+00
6.064556274090340260e-01 0.000000000000000000e+00
1.263805005262985226e+00 0.000000000000000000e+00
1.125045660898416955e+00 0.000000000000000000e+00
1.089075938723510273e+00 0.000000000000000000e+00
1.072310154228693246e+00 0.000000000000000000e+00
1.062680864958747584e+00 0.000000000000000000e+00
1.056600452208278806e+00 0.000000000000000000e+00
1.052647286091847212e+00 0.000000000000000000e+00
1.050193631415288653e+00 0.000000000000000000e+00
1.049005594602096636e+00 0.000000000000000000e+00
1.049151150566269397e+00 0.000000000000000000e+00
1.051124821158322842e+00 0.000000000000000000e+00
1.056471058446327493e+00 0.000000000000000000e+00
1.070930510165501559e+00 0.000000000000000000e+00
1.140379949507802859e+00 0.000000000000000000e+00
8.740100252655904622e-01 0.000000000000000000e+00
9.812696275135858182e-01 0.000000000000000000e+00
9.992500865467589533e-01 0.000000000000000000e+00
1.006329953284287759e+00 0.000000000000000000e+00
1.009955547726675285e+00 0.000000000000000000e+00
1.012070034340528224e+00 0.000000000000000000e+00
1.013398745713949944e+00 0.000000000000000000e+00
1.014267240371722778e+00 0.000000000000000000e+00
1.014831077329156450e+00 0.000000000000000000e+00
1.015143058548192867e+00 0.000000000000000000e+00
1.015114570340359457e+00 0.000000000000000000e+00
1.013996024386610850e+00 0.000000000000000000e+00
1.232867916663794583e+00 0.000000000000000000e+00
1.021331858026550243e+00 0.000000000000000000e+00
1.020573659112842257e+00 0.000000000000000000e+00
1.021160882178741458e+00 0.000000000000000000e+00
1.022680574299722256e+00 0.000000000000000000e+00
1.025953945357726882e+00 0.000000000000000000e+00
1.035332361723212635e+00 0.000000000000000000e+00
1.191250664539001747e+00 0.000000000000000000e+00
9.889439121451590875e-01 0.000000000000000000e+00
1.002933490543278738e+00 0.000000000000000000e+00
1.007225085571656242e+00 0.000000000000000000e+00
1.009379391956437111e+00 0.000000000000000000e+00
1.010768173029524153e+00 0.000000000000000000e+00
1.011861112589196088e+00 0.000000000000000000e+00
1.012913052115005152e+00 0.000000000000000000e+00
1.014171507139355777e+00 0.000000000000000000e+00
1.016086726654940042e+00 0.000000000000000000e+00
1.020067096720776112e+00 0.000000000000000000e+00
1.035992541357278585e+00 0.000000000000000000e+00
9.603910639701143115e-01 0.000000000000000000e+00
9.968098944598604572e-01 0.000000000000000000e+00
1.002058708802129106e+00 0.000000000000000000e+00
1.004005581843547601e+00 0.000000000000000000e+00
1.004866548822780814e+00 0.000000000000000000e+00
1.005177028847686893e+00 0.000000000000000000e+00
1.005098910635981557e+00 0.000000000000000000e+00
1.004645257467643660e+00 0.000000000000000000e+00
1.003709641962150512e+00 0.000000000000000000e+00
1.001986963333287184e+00 0.000000000000000000e+00
9.986386448997544019e-01 0.000000000000000000e+00
9.906376952055544471e-01 0.000000000000000000e+00
9.538060975197939495e-01 0.000000000000000000e+00
1.091958397029616723e+00 0.000000000000000000e+00
1.036610039913481218e+00 0.000000000000000000e+00
1.027257616333244084e+00 0.000000000000000000e+00
1.023677365537025485e+00 0.000000000000000000e+00
1.022048726296365118e+00 0.000000000000000000e+00
1.021424704313332210e+00 0.000000000000000000e+00
1.021543710032267738e+00 0.000000000000000000e+00
1.022475766570728695e+00 0.000000000000000000e+00
1.024723429389798657e+00 0.000000000000000000e+00
1.030138400560500989e+00 0.000000000000000000e+00
1.049936499607039497e+00 0.000000000000000000e+00
8.517888664002001287e-01 0.000000000000000000e+00
9.877124642653398734e-01 0.000000000000000000e+00
9.990214714324865408e-01 0.000000000000000000e+00
1.003126436987110681e+00 0.000000000000000000e+00
1.005205473954030815e+00 0.000000000000000000e+00
1.006439075008503048e+00 0.000000000000000000e+00
1.007242628964863496e+00 0.000000000000000000e+00
1.007799258737644754e+00 0.000000000000000000e+00
1.008201944081498880e+00 0.000000000000000000e+00
1.008502739419725902e+00 0.000000000000000000e+00
1.008732959100739679e+00 0.000000000000000000e+00
