8.823707725484765119e-01
9.184267859556787261e-01
9.374563485872576818e-01
9.765170297783934972e-01
8.683489895567868544e-01
8.773629929085873247e-01
7.892260712465374306e-01
1.236921571052631785e+00
1.047627500664820133e+00
9.785201416343491942e-01
9.494750197229917532e-01
8.973941114681441844e-01
8.142649694459834775e-01
1.101711520775623399e+00
1.087689737783933630e+00
1.019583934681440596e+00
1.002557483905817337e+00
1.034607273601108046e+00
1.010569931329639903e+00
9.735123619944598961e-01
1.033605717673130364e+00
9.374563485872576818e-01
8.062525220221608002e-01
9.304454570914127975e-01
1.212884228781163642e+00
1.147783093462604098e+00
1.077674178504155256e+00
9.634968027146815217e-01
1.038613497313019440e+00
1.033605717673130364e+00
9.795216975623269873e-01
1.033605717673130364e+00
1.012573043185595711e+00
9.935434805540167558e-01
1.017580822825484788e+00
1.063652395512465487e+00
1.095702185207756418e+00
1.022588602465374086e+00
1.029599493961218970e+00
1.047627500664820133e+00
9.765170297783934972e-01
1.002557483905817337e+00
1.071664842936288276e+00
1.035608829529085950e+00
1.016579266897507106e+00
1.039615053240997344e+00
1.069661731080332467e+00
1.037611941385041758e+00
1.019583934681440596e+00
1.033605717673130364e+00
1.031602605817174556e+00
1.038613497313019440e+00
9.855310331301939675e-01
1.022588602465374086e+00
1.029599493961218970e+00
1.009568375401662221e+00
9.805232534903047803e-01
1.005562151689750827e+00
9.745139179224378001e-01
9.654999145706372188e-01
9.755154738504155931e-01
9.975497042659280389e-01
1.053636836232687113e+00
1.109723968199446187e+00
1.062650839584487583e+00
1.051633724376731527e+00
1.010569931329639903e+00
1.038613497313019440e+00
1.052635280304709209e+00
1.004560595761772923e+00
