9.947852015128042513e-01 6.942618741186617416e-16
9.946015730123038967e-01 6.980967931136951592e-16
9.944112470430083173e-01 7.018225055706503193e-16
9.942137780655841972e-01 7.059811014101982090e-16
9.940086775976716416e-01 7.095967873158740665e-16
9.937954088199804081e-01 7.138621741163966343e-16
9.935733803446449297e-01 7.178014680914877889e-16
9.933419389898279217e-01 7.221735987884790586e-16
9.931003613704508792e-01 7.263280327176525123e-16
9.928478440721708598e-01 7.309152787788905660e-16
9.925834921218551488e-01 7.351763828257836853e-16
9.923063053994783944e-01 7.398702735265435920e-16
9.920151625491815395e-01 7.443464164933724741e-16
9.917088018351830625e-01 7.492553197086304040e-16
9.913857982432130456e-01 7.540548685229443418e-16
9.910445359389877806e-01 7.589618895603710377e-16
9.906831749465213610e-01 7.641932091922130524e-16
9.902996105791731507e-01 7.694235524451859393e-16
9.898914237147177220e-01 7.747613249509223492e-16
9.894558194087197389e-01 7.803149320710931230e-16
9.889895505248652574e-01 7.861927788913683649e-16
9.884888219339181825e-01 7.918527489117270729e-16
9.879491692567374805e-01 7.982706083850649988e-16
9.873653038930733095e-01 8.041452987069632198e-16
9.867309128671588603e-01 8.108862664024137745e-16
9.860383973343539443e-01 8.174092926910009086e-16
9.852785266357158012e-01 8.245817223870195044e-16
9.844399742675390419e-01 8.315361765057581688e-16
9.835086859015419458e-01 8.395736800769854102e-16
9.824670039818009792e-01 8.471763321438489855e-16
9.812924320030397274e-01 8.560788379209187367e-16
9.799558526951566151e-01 8.645464553166821598e-16
9.784188961683686347e-01 8.746391494808801261e-16
9.766299440346311034e-01 8.846221775885584796e-16
9.745178667553293650e-01 8.962302433869351759e-16
9.719818373465257677e-01 9.082707043687009818e-16
9.688740191199470830e-01 9.228035241458988021e-16
9.649685439241920681e-01 9.387444796227096483e-16
9.599021890828828285e-01 9.588040548895371677e-16
9.530512288427058776e-01 9.829822281779926617e-16
9.432468409380345697e-01 1.016699988144145690e-15
9.280131060353852268e-01 1.067113046471382318e-15
9.010306696637168100e-01 1.157531726753462647e-15
8.399488144162454706e-01 1.387594185056147735e-15
5.674023972406182503e-01 2.975726798750362406e-15
1.582199212007418421e+00 2.003514471693342465e-15
1.170829751147669739e+00 7.967876792311253786e-16
1.098886478873203343e+00 8.203035308020915749e-16
1.068909144265035138e+00 8.563945403654765648e-16
1.052433717171911143e+00 8.865208241032494545e-16
1.041990150723685504e+00 9.118749771764996362e-16
1.034760226937451399e+00 9.345169559098891323e-16
1.029444274595626707e+00 9.557477745181919667e-16
1.025359764047640621e+00 9.761095050911123395e-16
1.022113845402932819e+00 9.962526393156295247e-16
1.019464383664474560e+00 1.016610827808124746e-15
1.017253981993160306e+00 1.037617720532256584e-15
1.015375866133984895e+00 1.060032227433566457e-15
1.013755013201682820e+00 1.083854316249320064e-15
1.012337123519646775e+00 1.109734475314512307e-15
1.011081871176380487e+00 1.138323192239574674e-15
1.009958601361471420e+00 1.171355156063466001e-15
1.008943476089704916e+00 1.209155592236942611e-15
1.008017487271084978e+00 1.254760230857353811e-15
1.007164957721660814e+00 1.311638482085104156e-15
1.006372201333160188e+00 1.386512361770116595e-15
1.005625842266185233e+00 1.491524895774083502e-15
1.004909397412321548e+00 1.655298982106363421e-15
1.004191947764143000e+00 1.958716062591774425e-15
1.003361561065000407e+00 2.751539716908173070e-15
1.000055655797916332e+00 1.189141672781181745e-14
1.003544646129467477e+00 -1.423186146798110873e-15
1.002613254307761714e+00 -3.449209559306776029e-17
1.002001967485247835e+00 3.771164965113336358e-16
1.001472857614326584e+00 5.801220831844751497e-16
1.000984094731585339e+00 7.054962395821640565e-16
1.000521448085357923e+00 7.931375572477741027e-16
1.000078192719263237e+00 8.601763809461966171e-16
9.996504289520221631e-01 9.146357560033892453e-16
9.992355745829991642e-01 9.608524391338646255e-16
9.988317698362485508e-01 1.002078983618493032e-15
9.984376070019014282e-01 1.039616377529077986e-15
9.980519948257432494e-01 1.074982448034571710e-15
9.976740862787453201e-01 1.108610818753954099e-15
9.973032397968996099e-01 1.140935111887145647e-15
9.969390005089012741e-01 1.172822629040935368e-15
9.965810952337964546e-01 1.204923829880862247e-15
9.962294386422806403e-01 1.237238651215969931e-15
9.958841500748716324e-01 1.269983868688852703e-15
9.955455820367252739e-01 1.303593096725945602e-15
9.952143628362725147e-01 1.338716788485973358e-15
9.948914575554550499e-01 1.375354874068491807e-15
9.945782539007533840e-01 1.413724122196398471e-15
9.942766829971855236e-01 1.454474980592862336e-15
9.939893906752735875e-01 1.498257895052574816e-15
9.937199836915765472e-01 1.545506468945220184e-15
9.934733902130211680e-01 1.597738505758037820e-15
9.932563997026403468e-01 1.654737083380453254e-15
9.930784937953913705e-01 1.719321043593505487e-15
9.929531670177458302e-01 1.792140821569681956e-15
9.929001084658276577e-01 1.876882616225774440e-15
9.929489759820916417e-01 1.977232624061865219e-15
9.931463028949523153e-01 2.099479124294125791e-15
9.935690522348239462e-01 2.254680883115361229e-15
9.943537007474884115e-01 2.459100834476161561e-15
9.957664981756749745e-01 2.747650186932311981e-15
9.984038889360407065e-01 3.197090350040819988e-15
1.003930034871670651e+00 4.012985948494177827e-15
1.019385879729083788e+00 6.022799970063569542e-15
1.169669709686369741e+00 1.887896740251669077e-14
9.231643918706522456e-01 -7.283571868683547936e-15
9.557928033797218337e-01 -2.084484458054207019e-15
9.642267412149899686e-01 -7.182740507088901258e-16
9.677407264503953277e-01 -7.284685801640522451e-17
9.694136253257842339e-01 3.123660718473545694e-16
9.701847915620727125e-01 5.757088011290170966e-16
9.704361406003410018e-01 7.731260229072042095e-16
9.703511031323364122e-01 9.289037226141541757e-16
9.700277239144380337e-01 1.062123710886963759e-15
9.695222144682755783e-01 1.176688963416255617e-15
9.688681950975276402e-01 1.280405579010030683e-15
9.680860910047330847e-01 1.376742842903062606e-15
9.671880782138855270e-01 1.467868992651902179e-15
9.661808370876807661e-01 1.555084898807235333e-15
9.650671462791255983e-01 1.641426149922057223e-15
9.638468241651971802e-01 1.726025201039307323e-15
9.625172809482807068e-01 1.814086033453110999e-15
9.610738238252387600e-01 1.901271643188616730e-15
9.595097941604985303e-01 1.990183913776055103e-15
9.578165802546046992e-01 2.081689998611148953e-15
9.559835282731631301e-01 2.180993852848656072e-15
9.539977602748651586e-01 2.282023721832810706e-15
9.518438983487067517e-01 2.386514099033135641e-15
9.495036854750924515e-01 2.500536278777565444e-15
9.469554854157833379e-01 2.619753206375845831e-15
9.441736345415223663e-01 2.748501436007680793e-15
9.411276068491750690e-01 2.887648066025478795e-15
9.377809381052077953e-01 3.038060185522009253e-15
9.340898342356335204e-01 3.204074320878024304e-15
9.300013602066367069e-01 3.378751285790874959e-15
9.254510650993941212e-01 3.575968565131921079e-15
9.203598418400578129e-01 3.792256398002914677e-15
9.146297393435914858e-01 4.039757523281940275e-15
9.081383325244354321e-01 4.304593815675246894e-15
9.007311048247432783e-01 4.617989947678748322e-15
8.922111129795615714e-01 4.959128874339063134e-15
8.823250329429896954e-01 5.357500517719178978e-15
8.707447233088521088e-01 5.818308656779643300e-15
8.570443462778646326e-01 6.348491778829213287e-15
8.406769960399091968e-01 6.979274483983900896e-15
8.209687035543867806e-01 7.679431310597120364e-15
7.971952486647551073e-01 8.511411847281323078e-15
7.689713611001487426e-01 9.378071104550738543e-15
7.377602323566974096e-01 1.019614186150265905e-14
7.122904075991118855e-01 1.047296213670726312e-14
7.255474452295369581e-01 8.917897128557689063e-15
8.599771983475111847e-01 3.532544834926007534e-15
1.142332117440291617e+00 -5.849628779169724469e-15
1.345625875913911251e+00 -1.362199804538244650e-14
1.379290336205825973e+00 -1.581551628272399523e-14
1.344738622517692717e+00 -1.474777471458250105e-14
1.300249936897582836e+00 -1.301392034942932441e-14
1.261073523734029145e+00 -1.129396550877294344e-14
1.229164754688835792e+00 -9.872405593808802504e-15
1.203511246916685984e+00 -8.724955261026185514e-15
1.182757860739713784e+00 -7.780491669011643305e-15
1.165765319828986568e+00 -7.002586483883594484e-15
1.151666511314099139e+00 -6.357413497193932873e-15
1.139817739170140287e+00 -5.814615990028552562e-15
1.129741435208458711e+00 -5.355112991179939304e-15
1.121080216290933240e+00 -4.959823577266374846e-15
1.113563392057192125e+00 -4.617473131284750601e-15
1.106983237181152768e+00 -4.316787090094489969e-15
1.101178259662844772e+00 -4.053429841680918333e-15
1.096021338979730864e+00 -3.818295345306155133e-15
1.091411234113312201e+00 -3.608565997559258160e-15
1.087266433056873538e+00 -3.420827952753826633e-15
1.083520643495949010e+00 -3.250718761744740942e-15
1.080119446311245124e+00 -3.096794929248652071e-15
1.077017782613027164e+00 -2.956345882296553126e-15
1.074178045339619469e+00 -2.828182408406314501e-15
1.071568614445539191e+00 -2.709983754576221184e-15
1.069162721217320922e+00 -2.601968674783479175e-15
1.066937559407292069e+00 -2.502024997815289822e-15
1.064873583343929786e+00 -2.409341712455064418e-15
1.062953949050716496e+00 -2.323758454782618332e-15
1.061164065740222817e+00 -2.243976583960988988e-15
1.059491233228644580e+00 -2.169673386693091725e-15
1.057924346776459856e+00 -2.099875785123339275e-15
1.056453655246613721e+00 -2.035128753385483573e-15
1.055070561728388423e+00 -1.974134304228802486e-15
1.053767458214678099e+00 -1.916462009098548151e-15
1.052537587763067162e+00 -1.862440594003683111e-15
1.051374928973970224e+00 -1.811748494380366108e-15
1.050274098695199720e+00 -1.763739135223728938e-15
1.049230269693693041e+00 -1.718633574965604511e-15
1.048239100681817471e+00 -1.676111066392106724e-15
1.047296676591976672e+00 -1.635634343571869806e-15
1.046399457392084731e+00 -1.597317012726839749e-15
1.045544234050521659e+00 -1.561273063287033377e-15
1.044728090511025442e+00 -1.526857962378218904e-15
1.043948370739719911e+00 -1.494511838663614570e-15
1.043202650068918436e+00 -1.463699543071215546e-15
1.042488710193754997e+00 -1.434428582053833464e-15
1.041804517284488085e+00 -1.406707072848812470e-15
1.041148202764478503e+00 -1.380543806842255321e-15
1.040518046375240591e+00 -1.355514640124609419e-15
1.039912461208682082e+00 -1.331846776370909032e-15
1.039329980435049539e+00 -1.309226235881585060e-15
1.038769245495131832e+00 -1.288099002043398383e-15
1.038228995558412970e+00 -1.268044836364180821e-15
1.037708058076341588e+00 -1.249403716863586928e-15
1.037205340282615351e+00 -1.231324428998962382e-15
1.036719821511144390e+00 -1.214583669291682618e-15
1.036250546217741375e+00 -1.198984165372758717e-15
1.035796617604012759e+00 -1.184113855053946177e-15
1.035357191751783867e+00 -1.170105103778396320e-15
1.034931472183840961e+00 -1.157635026367605869e-15
1.034518704772003472e+00 -1.145757459372371386e-15
1.034118172916528522e+00 -1.135481271160343425e-15
1.033729192921522433e+00 -1.125434076363936643e-15
1.033351109489174080e+00 -1.116524926063416003e-15
1.032983291250825664e+00 -1.108800862011437373e-15
1.032625126244568925e+00 -1.102315166398461468e-15
1.032276017236298138e+00 -1.096911592412662467e-15
1.031935376762682433e+00 -1.092334083975522905e-15
1.031602621748445969e+00 -1.089420985174125741e-15
1.031277167514011994e+00 -1.087721747125954633e-15
1.030958420939041220e+00 -1.087125649117795324e-15
1.030645772476984190e+00 -1.088298498948718034e-15
1.030338586617005170e+00 -1.090951712737421292e-15
1.030036190249860928e+00 -1.095473453421130791e-15
1.029737858194211597e+00 -1.101850637970234494e-15
1.029442794849567910e+00 -1.110327520548189394e-15
1.029150110514561733e+00 -1.121524705624959344e-15
1.028858790268902146e+00 -1.135477468297805529e-15
1.028567652340028671e+00 -1.152739003920031921e-15
1.028275291352298559e+00 -1.173864468492792387e-15
1.027979999426786417e+00 -1.199447500786986623e-15
1.027679654121965713e+00 -1.230389115727286193e-15
1.027371555500678157e+00 -1.267756740913576768e-15
1.027052182928827051e+00 -1.313331370655839367e-15
1.026716821086270492e+00 -1.369348644562319758e-15
1.026358964776938665e+00 -1.438343650203472226e-15
1.025969332906885523e+00 -1.524913882086894699e-15
1.025534155087288068e+00 -1.635221893832728069e-15
1.025032016726495687e+00 -1.779344668224487671e-15
1.024427616526416784e+00 -1.973885911600974038e-15
1.023658223430781833e+00 -2.247821285873124340e-15
1.022600459884807078e+00 -2.659730052600871567e-15
1.020973416155437796e+00 -3.342313926525496610e-15
1.017968879518427183e+00 -4.678945383965076099e-15
1.009918613969776224e+00 -8.440444105520261256e-15
8.805048010817440041e-01 -7.938777830953392273e-14
1.048358053541703860e+00 9.411921858896821180e-15
1.036522302702204135e+00 4.193757520500717809e-15
1.032846628991384685e+00 2.588617755514989555e-15
1.031008261990104424e+00 1.811684950535981072e-15
1.029877935109815734e+00 1.355234875362383811e-15
1.029095938390454545e+00 1.055688583570264611e-15
1.028512022335830833e+00 8.448049439867169812e-16
1.028052327177181535e+00 6.890398141850627891e-16
1.027676329546449718e+00 5.694930676903580040e-16
1.027359962966529316e+00 4.747743200615398605e-16
1.027088056684800632e+00 3.988562913938119205e-16
1.026850597701325585e+00 3.362224469955608940e-16
1.026640736738789750e+00 2.842064086033867427e-16
1.026453658252443502e+00 2.400878972665885875e-16
1.026285908028047089e+00 2.026260553254827733e-16
1.026134976879923277e+00 1.702402458271336868e-16
1.025999034596615012e+00 1.420782366706819246e-16
1.025876755775427362e+00 1.174997430990468787e-16
1.025767204060058724e+00 9.569459897359163446e-17
1.025669754943018486e+00 7.651051653364949841e-17
1.025584045109988907e+00 5.923211935790700241e-17
1.025509940973383216e+00 4.353600734653718607e-17
1.025447521970022979e+00 2.947529701376874026e-17
1.025397076151883358e+00 1.649204823655688697e-17
1.025359107026165617e+00 4.600669286777389213e-18
1.025334351785595510e+00 -6.486866689921305049e-18
1.025323812221091480e+00 -1.671670377104627190e-17
1.025328800917921113e+00 -2.667432440168517544e-17
1.025351007024070560e+00 -3.618015055483954995e-17
1.025392588252185710e+00 -4.537880755733428984e-17
1.025456299309851493e+00 -5.463616990392604606e-17
1.025545672436639189e+00 -6.378679250957379622e-17
1.025665274531012638e+00 -7.311765954276475144e-17
1.025821079948432191e+00 -8.316192072237876873e-17
1.026021023075450067e+00 -9.373788677355022607e-17
1.026275839269190637e+00 -1.054342937697283615e-16
1.026600385147712791e+00 -1.184505730572885455e-16
1.027015789215900421e+00 -1.334622573808134129e-16
1.027553112148444026e+00 -1.514367726864355809e-16
1.028259915597210972e+00 -1.733516499009191643e-16
1.029212846112715241e+00 -2.009646183219670530e-16
1.030543816109306121e+00 -2.376490924647209983e-16
1.032500685018281628e+00 -2.889283397672879029e-16
1.035610405609996398e+00 -3.658147470269999925e-16
1.041225547560765463e+00 -4.939932726494327073e-16
1.054181889521930149e+00 -7.442593888576525938e-16
1.114274489176612537e+00 -1.126668582240721815e-15
9.049428687802049120e-01 5.690474490082314806e-15
9.848947920938684319e-01 1.266267566946046301e-15
9.994279457789714272e-01 7.025340146585944757e-16
1.005483981370246305e+00 4.891784771146574923e-16
1.008782910634148156e+00 3.779772134089188194e-16
1.010843995784127092e+00 3.103655437858478769e-16
1.012243817837142457e+00 2.651232641288546514e-16
1.013249230845219451e+00 2.331758123875294769e-16
1.014000704969075128e+00 2.094664445393208645e-16
1.014579220401938597e+00 1.914543908575958925e-16
1.015034741081050296e+00 1.774431469147988022e-16
1.015399763323465487e+00 1.665400878005920947e-16
1.015696333230682757e+00 1.577651715683366630e-16
1.015939932855897343e+00 1.506786544772119785e-16
1.016141752346528371e+00 1.451427495395292685e-16
1.016310079494303631e+00 1.407337428850437353e-16
1.016451182341628900e+00 1.372010867806820078e-16
1.016569888242923936e+00 1.345570877099797039e-16
1.016669974569084589e+00 1.325222643829112576e-16
1.016754438856888987e+00 1.311672610775703589e-16
1.016825689676825961e+00 1.300394482325208437e-16
1.016885684097005305e+00 1.298391209335752850e-16
1.016936028397942948e+00 1.297600701861355511e-16
1.016978053010351601e+00 1.300893622821657503e-16
1.017012869057479785e+00 1.307961615332579875e-16
1.017041411562870534e+00 1.317472873397406552e-16
1.017064472853495438e+00 1.331399324059298579e-16
1.017082728659299162e+00 1.347962126995637469e-16
1.017096758706807380e+00 1.367047405108003953e-16
1.017107063116049037e+00 1.388576198063707251e-16
1.017114075566001308e+00 1.413586211229336333e-16
1.017118173948198923e+00 1.439893690980956365e-16
1.017119689050676845e+00 1.470766788963013271e-16
1.017118911684689486e+00 1.502458043689434385e-16
1.017116098570803207e+00 1.538843044793985788e-16
1.017111477229414751e+00 1.575702713841231813e-16
1.017105250066830946e+00 1.617533175334550089e-16
1.017097597807028686e+00 1.661831464733914514e-16
1.017088682387695897e+00 1.711030850272043084e-16
1.017078649414701719e+00 1.762755382923237745e-16
1.017067630249899990e+00 1.820136651379274523e-16
1.017055743791773770e+00 1.880452728398079802e-16
1.017043097995751433e+00 1.948712669600437345e-16
1.017029791170074526e+00 2.020896354854069092e-16
1.017015913072875311e+00 2.101366154624425806e-16
1.017001545825302999e+00 2.192661329056367813e-16
1.016986764642142660e+00 2.292929122452897734e-16
1.016971638361731101e+00 2.407527811922205333e-16
1.016956229723809502e+00 2.539619225636585487e-16
1.016940595281209392e+00 2.693463162888363631e-16
1.016924784701234374e+00 2.878691821835483798e-16
1.016908838918294977e+00 3.107328462770402317e-16
1.016892785866351012e+00 3.398666557903678755e-16
1.016876630469926601e+00 3.793581389419407595e-16
1.016860328913261613e+00 4.364558323609310279e-16
1.016843710573525073e+00 5.288600672341245556e-16
1.016826164526757115e+00 7.090055536568533449e-16
1.016804442873598058e+00 1.239923685699259882e-15
8.543295584262392550e-01 1.481096594823233003e-15
1.016801400208113604e+00 -8.533701803048088207e-16
1.016780620964759629e+00 -3.216273816790947661e-16
1.016764650318158658e+00 -1.403026031797747115e-16
1.016750242819488115e+00 -4.645225828698433653e-17
1.016736792512473064e+00 1.249633983870501192e-17
1.016724135503681792e+00 5.425892697201398009e-17
1.016712236546228221e+00 8.636942528808814827e-17
1.016701111162391369e+00 1.124975907691890255e-16
1.016690800166663688e+00 1.348079760291362867e-16
1.016681359975952548e+00 1.544700014717683477e-16
1.016672858736464846e+00 1.724173185164971117e-16
1.016665374960590063e+00 1.892669253482303980e-16
1.016658997421337807e+00 2.053133898849504137e-16
1.016653825790187815e+00 2.209672503435676808e-16
1.016649971805239083e+00 2.364112160100367046e-16
1.016647560895277635e+00 2.517312411723482535e-16
1.016646734259443852e+00 2.671484386553180026e-16
1.016647651450312217e+00 2.829754023004171601e-16
1.016650493547678114e+00 2.991360923082483049e-16
1.016655467050364248e+00 3.159308977744037121e-16
1.016662808660170336e+00 3.334455114509383978e-16
1.016672791191447267e+00 3.517183191286689436e-16
1.016685730918493347e+00 3.710703887947082104e-16
1.016701996780105421e+00 3.915684174930729725e-16
1.016722022009207915e+00 4.135725526036596432e-16
1.016746318964919737e+00 4.369842429560963784e-16
1.016775498244105957e+00 4.624472230283598628e-16
1.016810293585199032e+00 4.900028476866585464e-16
1.016851594721258856e+00 5.201338033403148891e-16
1.016900491309111532e+00 5.533485687876999288e-16
1.016958332550866650e+00 5.901516582974922587e-16
1.017026809462140191e+00 6.311856384589246276e-16
1.017108070501387296e+00 6.773866403308087832e-16
1.017204887487621390e+00 7.298349712206103569e-16
1.017320899316214833e+00 7.900709134297966950e-16
1.017460979638498575e+00 8.600812487449829798e-16
1.017631808878326050e+00 9.425853371485995925e-16
1.017842796591847288e+00 1.041408728737510880e-15
1.018107632959749154e+00 1.162165353600096073e-15
1.018447034260266504e+00 1.312988374485666791e-15
1.018893912021718196e+00 1.507594393757467660e-15
1.019503892655425403e+00 1.768227232694556218e-15
1.020378995726833882e+00 2.136389494960508128e-15
1.021728731532898449e+00 2.696207723438965851e-15
1.024062276606821253e+00 3.652766540928922590e-15
1.029022410538741550e+00 5.662945073704674171e-15
1.046499875435109583e+00 1.262416240856183003e-14
8.917799637364522969e-01 -5.365429343518079881e-14
9.941757449413139991e-01 -8.560256902296051996e-15
1.003599653262648106e+00 -4.635126867686431710e-15
1.007122927207419361e+00 -3.169284078834197839e-15
1.008956874285505290e+00 -2.401685530365266856e-15
1.010075371193203342e+00 -1.928773219270381951e-15
1.010824304947037122e+00 -1.607502259922667548e-15
1.011357475280180163e+00 -1.374719322213980439e-15
1.011753672061675324e+00 -1.197783671329690176e-15
1.012057424968835218e+00 -1.058596333758314351e-15
1.012295790215354208e+00 -9.459177437885544009e-16
1.012486146709347556e+00 -8.525361061173054663e-16
1.012640158706537230e+00 -7.737451703952844757e-16
1.012765937295739604e+00 -7.061299799905893842e-16
1.012869288323215544e+00 -6.473246868530587010e-16
1.012954467280804405e+00 -5.953766137205343111e-16
1.013024654031770666e+00 -5.492010359442577681e-16
1.013082261222970182e+00 -5.074235346991215721e-16
1.013129140155838437e+00 -4.695409996896589160e-16
1.013166721267980019e+00 -4.346696725138298466e-16
1.013196111596869287e+00 -4.022619721422452120e-16
1.013218163065821020e+00 -3.719673730975785414e-16
1.013233520325227843e+00 -3.433925278966253922e-16
1.013242653708551932e+00 -3.160291758624533746e-16
1.013245880802133847e+00 -2.897817688070873732e-16
1.013243378706601749e+00 -2.643045857755202696e-16
1.013235187992577613e+00 -2.391530703326532172e-16
1.013221208420921116e+00 -2.142063498586939595e-16
1.013201185536072968e+00 -1.890047081341237235e-16
1.013174686062068952e+00 -1.634945091398912946e-16
1.013141058373946413e+00 -1.371432368993634809e-16
1.013099371759738743e+00 -1.094581163792411052e-16
1.013048323977151277e+00 -8.006157615078523561e-17
1.012986099317846778e+00 -4.799238336112917437e-17
1.012910146174177184e+00 -1.260753263479086065e-17
1.012816817969870886e+00 2.745707922034528855e-17
1.012700770915548887e+00 7.399509861422731483e-17
1.012553904528052717e+00 1.296287033481295880e-16
1.012363383840390041e+00 1.987237447462925894e-16
1.012107660717319391e+00 2.880924199036105370e-16
1.011747656925008121e+00 4.106698388366476484e-16
1.011204504198278231e+00 5.921243961282091875e-16
1.010291788382571943e+00 8.939279708687213213e-16
1.008437778485583358e+00 1.507033912512898114e-15
1.002626622366286524e+00 3.473595514598176244e-15
1.177648188706557963e+00 -1.780241057915241510e-14
1.023746745555899729e+00 -3.234150159378781775e-15
1.018953158935180126e+00 -1.805775582256271894e-15
1.017284889920745838e+00 -1.292684963441859914e-15
1.016434742220749143e+00 -1.027114308456277949e-15
1.015917885229129514e+00 -8.637034093250369919e-16
1.015569300194405500e+00 -7.524216639407195516e-16
1.015317419059706516e+00 -6.713107210589813991e-16
1.015126182015989142e+00 -6.092545648946022234e-16
1.014975449708667155e+00 -5.599887624098634513e-16
1.014853093186534050e+00 -5.198501308929768706e-16
1.014751373436716841e+00 -4.863146989260285423e-16
1.014665121563198324e+00 -4.577360468205568048e-16
1.014590754793348371e+00 -4.331501420199772239e-16
1.014525712302756455e+00 -4.115858575383751789e-16
1.014468115774982859e+00 -3.924747676561603656e-16
1.014416556764938360e+00 -3.754495994871982470e-16
1.014369958846796704e+00 -3.601658325761574247e-16
