-8.105178877626662004e-01
0.000000000000000000e+00
-7.252323008314480735e-01
0.000000000000000000e+00
9.354294691751702251e-01
0.000000000000000000e+00
-5.395169084466635567e-01
0.000000000000000000e+00
7.406797145382862935e-01
0.000000000000000000e+00
5.288293267251370500e-01
0.000000000000000000e+00
-3.302262178612602184e-01
0.000000000000000000e+00
3.237234004332035786e-01
0.000000000000000000e+00
-1.447342935922743545e-01
0.000000000000000000e+00
-3.069782388543288928e-02
0.000000000000000000e+00
