9.652737599999999807e-01
9.646097399999999933e-01
9.638396799999999764e-01
9.634556699999999863e-01
9.626860299999999704e-01
9.619087200000000504e-01
9.608898099999999554e-01
9.598964800000000519e-01
9.590596099999999513e-01
9.577332100000000015e-01
9.562334999999999585e-01
9.544368300000000138e-01
9.517075400000000185e-01
9.471969500000000375e-01
9.370071100000000319e-01
1.061562319999999948e+00
9.746717799999999876e-01
9.636681999999999748e-01
9.591537900000000061e-01
9.558113000000000303e-01
9.533542099999999797e-01
9.506508700000000367e-01
9.482053900000000368e-01
9.452779599999999727e-01
9.425770300000000379e-01
9.393526199999999715e-01
9.356663899999999590e-01
9.314114799999999583e-01
9.261935500000000321e-01
9.200529899999999595e-01
9.120046600000000225e-01
9.018812600000000179e-01
8.881185099999999721e-01
8.680753399999999731e-01
8.370300200000000412e-01
7.844597399999999610e-01
7.132434899999999800e-01
1.283763250000000022e+00
1.322624349999999893e+00
1.178752529999999910e+00
1.113508109999999940e+00
1.078292580000000056e+00
1.056423829999999953e+00
1.041412320000000058e+00
1.030312129999999993e+00
1.022282370000000107e+00
1.015725959999999928e+00
1.010040410000000000e+00
1.005640799999999890e+00
1.001883960000000018e+00
9.984971999999999737e-01
9.956770000000000342e-01
9.929608399999999557e-01
9.905023600000000261e-01
9.882512700000000150e-01
9.861731299999999534e-01
9.842226499999999767e-01
9.824047099999999588e-01
9.806852499999999528e-01
9.790212900000000440e-01
9.774171999999999860e-01
9.758636899999999503e-01
9.743554300000000223e-01
9.726535400000000386e-01
9.710652300000000015e-01
9.694495400000000540e-01
9.679644800000000160e-01
9.663670399999999550e-01
9.648147900000000332e-01
9.634568199999999916e-01
9.615481900000000248e-01
9.597044000000000130e-01
9.577925499999999648e-01
9.558679900000000007e-01
9.539618800000000398e-01
9.518695900000000432e-01
9.497320599999999891e-01
9.473059900000000422e-01
9.445690900000000001e-01
9.418337199999999854e-01
9.385911999999999589e-01
9.352979999999999627e-01
9.313787799999999617e-01
9.269119300000000505e-01
9.221194799999999914e-01
9.164685200000000087e-01
9.095604200000000361e-01
9.017866399999999727e-01
8.918194099999999791e-01
8.794499799999999645e-01
8.635675000000000434e-01
8.428411399999999887e-01
8.172884700000000446e-01
8.181613399999999592e-01
8.441847900000000182e-01
7.795624799999999466e-01
1.085337079999999954e+00
1.381156519999999999e+00
1.270152359999999980e+00
1.185561389999999937e+00
1.134731189999999890e+00
1.101713689999999968e+00
1.079008860000000070e+00
1.062108089999999949e+00
1.049067079999999930e+00
1.038550679999999948e+00
1.029989990000000022e+00
1.022573270000000090e+00
1.016214680000000037e+00
1.010620950000000073e+00
1.005592440000000032e+00
1.000950039999999985e+00
9.966161799999999626e-01
9.924770899999999507e-01
9.886194699999999447e-01
9.844412099999999555e-01
9.805546000000000539e-01
9.767601299999999487e-01
9.725544299999999698e-01
9.682364799999999549e-01
9.636195600000000416e-01
9.583027499999999810e-01
9.534340399999999827e-01
9.546243500000000104e-01
9.938814099999999652e-01
1.031691689999999939e+00
1.008757829999999966e+00
9.907904299999999997e-01
9.791270499999999988e-01
9.706379499999999716e-01
9.638301999999999703e-01
9.578490100000000007e-01
9.520209200000000482e-01
9.468179199999999796e-01
9.414900000000000491e-01
9.357548300000000374e-01
9.299979200000000334e-01
9.236762800000000162e-01
9.171199300000000276e-01
9.099753499999999606e-01
9.018413699999999755e-01
8.929209000000000174e-01
8.824897800000000014e-01
8.710873900000000170e-01
8.578530800000000456e-01
8.424897399999999870e-01
8.247004399999999791e-01
8.047553400000000412e-01
7.837070800000000004e-01
7.669175000000000297e-01
7.712034599999999518e-01
8.352821299999999560e-01
9.936427899999999980e-01
1.163839169999999923e+00
1.234028569999999991e+00
1.228366520000000017e+00
1.197125510000000004e+00
1.163597189999999948e+00
1.132997899999999891e+00
1.106543449999999984e+00
1.083160829999999963e+00
1.062684409999999913e+00
1.044012439999999931e+00
1.027285879999999985e+00
1.013641830000000077e+00
1.004491170000000100e+00
1.004747180000000073e+00
1.022289659999999989e+00
1.064669330000000080e+00
1.124640110000000082e+00
1.176414059999999928e+00
1.201808290000000001e+00
1.203473350000000108e+00
1.193447930000000046e+00
1.179253200000000001e+00
1.164903940000000082e+00
1.151386070000000039e+00
1.138783450000000030e+00
1.128127749999999985e+00
1.118609540000000013e+00
1.110229810000000095e+00
1.103633010000000025e+00
1.098578999999999972e+00
1.096235770000000054e+00
1.097509950000000067e+00
1.104077589999999942e+00
1.113727160000000049e+00
1.121408210000000016e+00
1.123937890000000106e+00
1.121755059999999915e+00
1.117056959999999988e+00
1.111437500000000078e+00
