9.504000000000000226e-01
9.747000000000000108e-01
9.875000000000000444e-01
9.761999999999999567e-01
9.690999999999999615e-01
9.610999999999999543e-01
9.482000000000000428e-01
9.449999999999999512e-01
9.554000000000000270e-01
9.472000000000000419e-01
9.362000000000000322e-01
9.456999999999999851e-01
9.393000000000000238e-01
9.334000000000000075e-01
9.415999999999999925e-01
9.320000000000000506e-01
9.322000000000000286e-01
9.312000000000000277e-01
8.970000000000000195e-01
9.134999999999999787e-01
8.977000000000000535e-01
9.111000000000000210e-01
8.898000000000000353e-01
8.790999999999999925e-01
8.600999999999999757e-01
8.411999999999999478e-01
7.861000000000000210e-01
7.167000000000000037e-01
7.811000000000000165e-01
1.463300000000000045e+00
1.269200000000000106e+00
1.143199999999999994e+00
1.099800000000000111e+00
1.072599999999999998e+00
1.041900000000000048e+00
1.005500000000000060e+00
9.931999999999999718e-01
1.008000000000000007e+00
9.826000000000000290e-01
9.629999999999999671e-01
9.806000000000000272e-01
9.567999999999999838e-01
9.678999999999999826e-01
9.379999999999999449e-01
9.566999999999999948e-01
9.488999999999999657e-01
9.478999999999999648e-01
9.163000000000000034e-01
8.953999999999999737e-01
8.713999999999999524e-01
8.377999999999999892e-01
8.253000000000000336e-01
8.254000000000000226e-01
1.034599999999999964e+00
1.278899999999999926e+00
1.238799999999999901e+00
1.182500000000000107e+00
1.136500000000000066e+00
1.116200000000000081e+00
1.065800000000000081e+00
1.100500000000000034e+00
1.064500000000000002e+00
1.052899999999999947e+00
1.045500000000000096e+00
1.036599999999999966e+00
1.020799999999999930e+00
1.024000000000000021e+00
1.016799999999999926e+00
1.026299999999999990e+00
1.023400000000000087e+00
1.005900000000000016e+00
1.002999999999999892e+00
9.997000000000000330e-01
9.917000000000000259e-01
9.903999999999999471e-01
9.870999999999999774e-01
1.003600000000000048e+00
9.869999999999999885e-01
9.840999999999999748e-01
9.911999999999999700e-01
9.952999999999999625e-01
9.698999999999999844e-01
9.644000000000000350e-01
9.765000000000000346e-01
9.627000000000000002e-01
9.660999999999999588e-01
9.552000000000000490e-01
9.524000000000000243e-01
9.538999999999999702e-01
9.507999999999999785e-01
9.308999999999999497e-01
9.169000000000000483e-01
9.295999999999999819e-01
9.000000000000000222e-01
8.860000000000000098e-01
8.681999999999999718e-01
8.154000000000000137e-01
8.145000000000000018e-01
7.781000000000000139e-01
7.862999999999999989e-01
1.039900000000000047e+00
1.319900000000000073e+00
1.318999999999999950e+00
1.273700000000000054e+00
1.224800000000000111e+00
1.175499999999999989e+00
1.159799999999999942e+00
1.145599999999999952e+00
1.101399999999999935e+00
1.104300000000000059e+00
1.087599999999999900e+00
1.083199999999999941e+00
1.066000000000000059e+00
1.078300000000000036e+00
1.056799999999999962e+00
1.046399999999999997e+00
1.052100000000000035e+00
1.035900000000000043e+00
1.060300000000000020e+00
1.043800000000000061e+00
1.039500000000000091e+00
1.046399999999999997e+00
1.024199999999999999e+00
1.043299999999999894e+00
1.043800000000000061e+00
1.029800000000000049e+00
1.022399999999999975e+00
1.009300000000000086e+00
1.020499999999999963e+00
1.020000000000000018e+00
1.020100000000000007e+00
1.016799999999999926e+00
1.017500000000000071e+00
1.023800000000000043e+00
1.014000000000000012e+00
1.001100000000000101e+00
1.002699999999999925e+00
9.989999999999999991e-01
9.772999999999999465e-01
9.928000000000000158e-01
9.817000000000000171e-01
9.909000000000000030e-01
1.007200000000000095e+00
9.830999999999999739e-01
9.915000000000000480e-01
1.000000000000000000e+00
1.007500000000000062e+00
1.063800000000000079e+00
1.078000000000000069e+00
1.115099999999999980e+00
1.084500000000000020e+00
1.097800000000000109e+00
1.108600000000000030e+00
1.077800000000000091e+00
1.086799999999999988e+00
1.058999999999999941e+00
1.053299999999999903e+00
1.045600000000000085e+00
1.054000000000000048e+00
1.042699999999999960e+00
1.041299999999999892e+00
1.052400000000000002e+00
1.049900000000000055e+00
1.046799999999999953e+00
1.051600000000000090e+00
1.037400000000000100e+00
1.046300000000000008e+00
1.041400000000000103e+00
1.031800000000000050e+00
1.034100000000000019e+00
1.026899999999999924e+00
1.026399999999999979e+00
1.022799999999999931e+00
1.032399999999999984e+00
1.021700000000000053e+00
1.024000000000000021e+00
1.015800000000000036e+00
9.992999999999999661e-01
1.035900000000000043e+00
1.041400000000000103e+00
1.045600000000000085e+00
1.039400000000000102e+00
1.039800000000000058e+00
1.044399999999999995e+00
1.037900000000000045e+00
1.026000000000000023e+00
1.020399999999999974e+00
1.022000000000000020e+00
1.024299999999999988e+00
1.041800000000000059e+00
1.029500000000000082e+00
1.040000000000000036e+00
1.022599999999999953e+00
1.017700000000000049e+00
1.013700000000000045e+00
1.020100000000000007e+00
1.009700000000000042e+00
1.028000000000000025e+00
1.025099999999999900e+00
1.017099999999999893e+00
1.011200000000000099e+00
1.019300000000000095e+00
1.010199999999999987e+00
1.015099999999999891e+00
1.024199999999999999e+00
9.925000000000000488e-01
1.018199999999999994e+00
1.013400000000000079e+00
1.035500000000000087e+00
1.015700000000000047e+00
1.003300000000000081e+00
1.006299999999999972e+00
1.004399999999999959e+00
1.005300000000000082e+00
1.015900000000000025e+00
1.020899999999999919e+00
1.010799999999999921e+00
1.019600000000000062e+00
1.019400000000000084e+00
9.998000000000000220e-01
1.024999999999999911e+00
1.005300000000000082e+00
1.011700000000000044e+00
1.014299999999999979e+00
1.015200000000000102e+00
1.012799999999999923e+00
1.005300000000000082e+00
1.002000000000000002e+00
1.007900000000000018e+00
1.021200000000000108e+00
1.021400000000000086e+00
1.024799999999999933e+00
1.022699999999999942e+00
1.007500000000000062e+00
1.022299999999999986e+00
1.014899999999999913e+00
1.023600000000000065e+00
1.020399999999999974e+00
1.024699999999999944e+00
1.013099999999999890e+00
1.027400000000000091e+00
1.017099999999999893e+00
1.026599999999999957e+00
1.008399999999999963e+00
9.929999999999999938e-01
1.003200000000000092e+00
9.933999999999999497e-01
9.936000000000000387e-01
1.018299999999999983e+00
1.013200000000000101e+00
1.000699999999999923e+00
1.018799999999999928e+00
9.980999999999999872e-01
9.798999999999999932e-01
9.948000000000000176e-01
9.910999999999999810e-01
1.010299999999999976e+00
9.842999999999999527e-01
1.005600000000000049e+00
9.747999999999999998e-01
1.009300000000000086e+00
9.778000000000000025e-01
9.928000000000000158e-01
9.985000000000000542e-01
9.865000000000000435e-01
9.872999999999999554e-01
9.716000000000000192e-01
9.864000000000000545e-01
9.778999999999999915e-01
9.988000000000000211e-01
9.997000000000000330e-01
1.017099999999999893e+00
1.013200000000000101e+00
1.044399999999999995e+00
1.050999999999999934e+00
1.075599999999999890e+00
1.082999999999999963e+00
1.073800000000000088e+00
1.062799999999999967e+00
1.058300000000000018e+00
1.061099999999999932e+00
1.062799999999999967e+00
1.056400000000000006e+00
1.056999999999999940e+00
1.055099999999999927e+00
1.069099999999999939e+00
1.039500000000000091e+00
1.047500000000000098e+00
1.041800000000000059e+00
1.031199999999999894e+00
1.032100000000000017e+00
1.041299999999999892e+00
1.025700000000000056e+00
1.047600000000000087e+00
1.038899999999999935e+00
1.040999999999999925e+00
1.014399999999999968e+00
1.035500000000000087e+00
1.028299999999999992e+00
1.032399999999999984e+00
