9.503099999999999881e-01
9.491500000000000492e-01
9.571290000000000076e-01
9.778970000000000162e-01
1.005174000000000012e+00
9.964920000000000444e-01
9.843359999999999888e-01
9.762260000000000382e-01
9.721819999999999906e-01
9.688539999999999930e-01
9.652020000000000044e-01
9.641600000000000170e-01
9.609069999999999556e-01
9.608179999999999499e-01
9.593479999999999785e-01
9.581229999999999469e-01
9.582629999999999759e-01
9.579339999999999522e-01
9.558950000000000502e-01
9.549239999999999950e-01
9.553319999999999590e-01
9.519079999999999764e-01
9.528450000000000530e-01
9.516740000000000199e-01
9.515310000000000157e-01
9.500380000000000491e-01
9.510079999999999645e-01
9.500659999999999661e-01
9.486580000000000013e-01
9.488799999999999457e-01
9.468330000000000357e-01
9.482230000000000381e-01
9.441310000000000535e-01
9.458039999999999781e-01
9.462000000000000410e-01
9.456040000000000001e-01
9.435740000000000238e-01
9.421910000000000007e-01
9.401159999999999517e-01
9.397459999999999702e-01
9.401789999999999869e-01
9.395040000000000058e-01
9.377280000000000060e-01
9.367309999999999803e-01
9.357170000000000210e-01
9.342949999999999866e-01
9.326299999999999590e-01
9.340309999999999446e-01
9.321760000000000046e-01
9.301070000000000171e-01
9.286729999999999707e-01
9.265719999999999512e-01
9.237779999999999880e-01
9.235740000000000061e-01
9.215689999999999715e-01
9.211650000000000116e-01
9.204750000000000432e-01
9.164529999999999621e-01
9.152649999999999952e-01
9.134210000000000385e-01
9.099960000000000271e-01
9.079970000000000541e-01
9.052149999999999919e-01
9.031099999999999683e-01
8.991329999999999600e-01
8.956279999999999797e-01
8.939240000000000519e-01
8.896070000000000366e-01
8.858759999999999968e-01
8.801579999999999959e-01
8.742630000000000123e-01
8.679630000000000400e-01
8.627059999999999729e-01
8.553290000000000060e-01
8.459710000000000285e-01
8.342600000000000016e-01
8.241370000000000084e-01
8.104780000000000317e-01
7.939920000000000311e-01
7.713640000000000496e-01
7.469280000000000364e-01
7.197689999999999921e-01
6.905510000000000259e-01
6.767379999999999507e-01
7.398289999999999589e-01
1.017033000000000076e+00
1.390946999999999933e+00
1.477965999999999891e+00
1.410169000000000006e+00
1.326408999999999949e+00
1.263970000000000038e+00
1.212406000000000095e+00
1.177435999999999927e+00
1.148957999999999924e+00
1.128047999999999940e+00
1.108915000000000095e+00
1.094686999999999966e+00
1.084017000000000008e+00
1.070392999999999928e+00
1.061469999999999914e+00
1.053376000000000090e+00
1.047989000000000059e+00
1.038429999999999964e+00
1.034505000000000008e+00
1.027422000000000057e+00
1.023697000000000079e+00
1.018153000000000086e+00
1.014656000000000002e+00
1.012161000000000088e+00
1.006841000000000097e+00
1.002712999999999965e+00
1.001908000000000021e+00
9.991229999999999833e-01
9.960510000000000197e-01
9.926760000000000028e-01
9.919569999999999776e-01
9.869430000000000147e-01
9.845099999999999962e-01
9.837630000000000541e-01
9.805369999999999919e-01
9.802480000000000082e-01
9.747679999999999678e-01
9.729889999999999928e-01
9.691950000000000287e-01
9.697519999999999474e-01
9.660530000000000506e-01
9.625550000000000495e-01
9.610999999999999543e-01
9.595399999999999485e-01
9.560720000000000329e-01
9.539370000000000349e-01
9.534920000000000062e-01
9.476790000000000491e-01
9.447959999999999692e-01
9.418130000000000113e-01
9.395010000000000305e-01
9.368610000000000548e-01
9.314900000000000402e-01
9.282160000000000410e-01
9.231559999999999766e-01
9.195010000000000128e-01
9.139110000000000289e-01
9.122179999999999733e-01
9.061219999999999830e-01
9.000120000000000342e-01
8.945229999999999571e-01
8.887800000000000145e-01
8.802499999999999769e-01
8.733870000000000244e-01
8.636810000000000320e-01
8.570740000000000025e-01
8.455120000000000413e-01
8.352009999999999712e-01
8.291950000000000154e-01
8.218370000000000397e-01
8.184989999999999766e-01
8.286390000000000144e-01
8.536289999999999711e-01
9.092510000000000314e-01
1.002245999999999970e+00
1.117199999999999971e+00
1.213263999999999898e+00
1.270432000000000006e+00
1.287533999999999956e+00
1.279244000000000048e+00
1.262342999999999993e+00
1.239120999999999917e+00
1.216903999999999986e+00
1.198649999999999993e+00
1.181014000000000008e+00
1.164897000000000071e+00
1.149661000000000044e+00
1.139998000000000067e+00
1.128371999999999931e+00
1.119977000000000000e+00
1.113312999999999997e+00
1.102457000000000020e+00
1.096978000000000009e+00
1.091957999999999984e+00
1.083234999999999948e+00
1.080008999999999997e+00
1.074694000000000038e+00
1.070656000000000052e+00
1.066343999999999959e+00
1.063793999999999906e+00
1.059487000000000068e+00
1.055709000000000009e+00
1.052529000000000048e+00
1.049766999999999895e+00
1.049590999999999941e+00
1.046921999999999908e+00
1.043142000000000014e+00
1.042022999999999922e+00
1.039187000000000083e+00
1.035500000000000087e+00
1.032774999999999999e+00
1.032717000000000107e+00
1.032000000000000028e+00
1.029668999999999945e+00
1.026429999999999954e+00
1.027566999999999897e+00
1.025503999999999971e+00
1.023582999999999910e+00
1.021844999999999892e+00
1.018612999999999991e+00
1.020952000000000082e+00
1.018920999999999966e+00
1.018844000000000083e+00
1.016181000000000001e+00
1.015344000000000024e+00
1.010871000000000075e+00
1.011479999999999935e+00
1.009833999999999898e+00
1.009090999999999960e+00
1.009225000000000039e+00
1.007533000000000012e+00
1.006197000000000008e+00
1.003584999999999949e+00
1.004321999999999937e+00
1.001781999999999950e+00
1.002966999999999942e+00
1.000126999999999988e+00
1.000315999999999983e+00
9.993379999999999486e-01
9.987530000000000019e-01
9.982429999999999914e-01
9.959500000000000020e-01
9.947310000000000318e-01
9.935000000000000497e-01
9.928329999999999655e-01
9.894910000000000094e-01
9.890919999999999712e-01
9.889320000000000332e-01
9.891229999999999745e-01
9.880919999999999703e-01
9.860060000000000491e-01
9.858890000000000153e-01
9.844270000000000520e-01
9.840619999999999923e-01
9.850590000000000179e-01
9.820560000000000400e-01
9.817850000000000188e-01
9.780790000000000317e-01
9.800590000000000135e-01
9.767780000000000351e-01
9.777050000000000463e-01
9.750889999999999835e-01
9.735800000000000010e-01
9.737200000000000299e-01
9.705819999999999448e-01
9.706050000000000511e-01
9.691659999999999719e-01
9.689640000000000475e-01
9.667379999999999862e-01
9.646130000000000537e-01
9.633249999999999869e-01
9.623159999999999492e-01
9.606139999999999679e-01
9.585289999999999644e-01
9.567350000000000021e-01
9.552110000000000323e-01
9.548100000000000476e-01
9.512850000000000472e-01
9.495829999999999549e-01
9.475449999999999706e-01
9.476489999999999636e-01
9.437130000000000241e-01
9.421239999999999615e-01
9.391979999999999773e-01
9.375890000000000057e-01
9.341920000000000224e-01
9.309840000000000337e-01
9.293179999999999774e-01
9.260359999999999703e-01
9.227070000000000549e-01
9.200530000000000097e-01
9.167290000000000161e-01
9.117610000000000436e-01
9.067990000000000217e-01
9.030860000000000554e-01
8.977739999999999609e-01
8.952480000000000437e-01
8.891329999999999512e-01
8.831059999999999466e-01
8.759299999999999864e-01
8.699529999999999763e-01
8.602539999999999631e-01
8.520309999999999828e-01
8.453739999999999588e-01
8.351760000000000295e-01
8.255630000000000468e-01
8.137130000000000196e-01
8.037450000000000427e-01
7.938279999999999781e-01
7.835029999999999495e-01
7.768850000000000477e-01
7.740080000000000293e-01
7.865020000000000344e-01
8.169079999999999675e-01
8.738749999999999574e-01
9.633869999999999933e-01
1.075855999999999923e+00
1.185483000000000064e+00
1.267738999999999949e+00
1.315981000000000067e+00
1.330338000000000021e+00
1.328737999999999975e+00
1.311623999999999901e+00
1.295099999999999918e+00
1.277042000000000010e+00
1.256723000000000035e+00
1.240356000000000014e+00
1.224852999999999970e+00
1.209289999999999976e+00
1.196892000000000067e+00
1.184247999999999967e+00
1.176009000000000082e+00
1.163289000000000017e+00
1.156795000000000018e+00
1.148099999999999898e+00
1.143667999999999907e+00
1.134711000000000025e+00
1.130014999999999992e+00
1.123836999999999975e+00
1.119683999999999902e+00
1.114389000000000074e+00
1.110370999999999997e+00
1.109162999999999899e+00
1.103774999999999951e+00
1.099202999999999930e+00
1.096324999999999994e+00
1.095247000000000082e+00
1.090997999999999912e+00
1.087387000000000103e+00
1.083585999999999938e+00
1.080295999999999923e+00
1.079012000000000082e+00
1.077045000000000030e+00
1.073220999999999981e+00
1.072777000000000092e+00
1.070856999999999948e+00
1.071004000000000067e+00
1.066943999999999892e+00
1.065074000000000076e+00
1.062824999999999909e+00
1.062027999999999972e+00
1.060214999999999907e+00
1.058418000000000081e+00
1.056257000000000001e+00
1.054068999999999923e+00
1.053417000000000048e+00
1.052937000000000012e+00
1.050206999999999891e+00
1.049682999999999922e+00
1.049085999999999963e+00
1.047247999999999957e+00
1.047404999999999919e+00
1.046384999999999899e+00
1.044902999999999915e+00
1.044057999999999931e+00
1.043206999999999995e+00
1.041004000000000040e+00
1.039846999999999966e+00
1.039954999999999963e+00
1.040289999999999937e+00
1.038386999999999949e+00
1.035822000000000020e+00
1.038310999999999984e+00
1.035436999999999941e+00
1.035484000000000071e+00
1.033427000000000096e+00
1.032397999999999927e+00
1.031541999999999959e+00
1.032168999999999892e+00
1.032467999999999941e+00
1.029713000000000100e+00
1.027911000000000019e+00
1.027209999999999956e+00
1.027239999999999931e+00
1.028348999999999958e+00
1.025679000000000007e+00
1.026203999999999894e+00
1.023206000000000060e+00
1.023233999999999977e+00
1.022523000000000071e+00
1.021128999999999953e+00
1.021180999999999894e+00
1.021433000000000035e+00
1.020156999999999980e+00
1.019490000000000007e+00
1.020373999999999892e+00
1.018488000000000060e+00
1.017767000000000088e+00
1.016123000000000109e+00
1.015843000000000051e+00
1.015682999999999891e+00
1.014903000000000111e+00
1.013492999999999977e+00
1.013735999999999970e+00
1.011976999999999904e+00
1.012280999999999986e+00
1.010758000000000045e+00
1.009935000000000027e+00
1.007436999999999916e+00
1.007717999999999892e+00
1.007986999999999966e+00
1.006280000000000063e+00
1.006200999999999901e+00
1.005142999999999898e+00
1.004237000000000046e+00
1.001584000000000030e+00
1.001548000000000105e+00
1.001881000000000022e+00
9.996429999999999483e-01
1.000531999999999977e+00
1.000375000000000014e+00
9.981799999999999562e-01
9.978010000000000490e-01
9.967460000000000209e-01
9.938439999999999497e-01
9.935910000000000020e-01
9.908540000000000125e-01
9.907299999999999995e-01
9.906000000000000361e-01
9.903349999999999653e-01
9.879970000000000141e-01
9.882109999999999506e-01
9.890339999999999687e-01
9.869569999999999732e-01
9.853319999999999856e-01
9.849660000000000082e-01
9.875300000000000189e-01
9.864460000000000450e-01
9.889499999999999957e-01
9.897409999999999819e-01
9.927439999999999598e-01
9.954499999999999460e-01
1.001935000000000020e+00
1.006726999999999927e+00
1.013737000000000110e+00
1.022486000000000006e+00
1.032481999999999900e+00
1.042500999999999900e+00
1.055020999999999987e+00
1.066596000000000100e+00
1.074681999999999915e+00
1.084816000000000003e+00
1.092999000000000054e+00
1.094295000000000018e+00
1.097898000000000041e+00
1.100066999999999906e+00
1.099267999999999912e+00
1.100648999999999988e+00
1.098635000000000028e+00
1.098255999999999899e+00
1.095625000000000071e+00
1.091436000000000073e+00
1.089854000000000100e+00
1.087788999999999895e+00
1.086270000000000069e+00
1.082063999999999915e+00
1.080184000000000033e+00
1.078570000000000029e+00
1.074748000000000037e+00
1.073220000000000063e+00
1.069226999999999927e+00
1.069047999999999998e+00
1.068146999999999958e+00
1.065163000000000082e+00
1.063411000000000106e+00
1.062710000000000043e+00
1.058141999999999916e+00
1.059765000000000068e+00
1.058122000000000007e+00
1.055223000000000022e+00
1.056194999999999995e+00
1.052777000000000074e+00
1.053236000000000061e+00
1.053630999999999984e+00
1.050065999999999944e+00
1.049160000000000093e+00
1.049274000000000040e+00
1.048945000000000016e+00
1.045504999999999907e+00
1.047554000000000096e+00
1.043571000000000026e+00
1.042745999999999951e+00
1.044901999999999997e+00
1.042634000000000061e+00
1.041552999999999951e+00
1.040488000000000079e+00
1.042548999999999948e+00
1.039565000000000072e+00
1.039439000000000002e+00
1.039517000000000024e+00
1.036189999999999944e+00
1.037652000000000019e+00
1.037414999999999976e+00
1.036439000000000110e+00
1.038931000000000049e+00
1.035209999999999964e+00
1.034637000000000029e+00
1.035420000000000007e+00
1.034076999999999913e+00
1.032983999999999902e+00
1.033112000000000030e+00
1.032980000000000009e+00
1.033652000000000015e+00
1.033069999999999933e+00
1.032896999999999954e+00
1.031536999999999926e+00
1.033042999999999934e+00
1.031778000000000084e+00
1.029752000000000001e+00
1.030315000000000092e+00
1.030146999999999924e+00
1.027620999999999896e+00
1.028705999999999898e+00
1.029071000000000069e+00
1.028528000000000109e+00
1.027543000000000095e+00
1.027865999999999946e+00
1.026915999999999940e+00
1.029057000000000111e+00
1.029949999999999921e+00
1.028110999999999997e+00
1.027809999999999890e+00
1.028176999999999897e+00
1.029619999999999980e+00
1.028837999999999919e+00
1.029612999999999889e+00
1.030418999999999974e+00
1.029398000000000035e+00
1.030496999999999996e+00
1.032130999999999910e+00
1.032173000000000007e+00
1.033352999999999966e+00
1.032072000000000100e+00
1.034381999999999913e+00
1.034720000000000084e+00
1.037293999999999938e+00
1.036364999999999981e+00
1.036286000000000040e+00
1.035768000000000022e+00
1.036737999999999937e+00
1.037768999999999942e+00
1.034132000000000051e+00
1.034893000000000063e+00
1.034313000000000038e+00
1.033991000000000104e+00
1.030755000000000088e+00
1.033252999999999977e+00
1.032305999999999946e+00
1.032324999999999937e+00
1.030958000000000041e+00
1.030996000000000024e+00
1.029554000000000080e+00
1.030915000000000026e+00
1.030483999999999956e+00
1.029625000000000012e+00
1.029546000000000072e+00
1.028610000000000024e+00
1.027403000000000066e+00
1.028704999999999981e+00
1.028135999999999939e+00
1.026062000000000030e+00
1.025114999999999998e+00
1.022640999999999911e+00
1.027107999999999910e+00
1.026348000000000038e+00
1.023748000000000102e+00
1.024904999999999955e+00
1.024326000000000070e+00
1.022669000000000050e+00
1.024270000000000014e+00
1.023203000000000085e+00
1.023657000000000039e+00
1.023093999999999948e+00
1.022321000000000035e+00
1.021967000000000070e+00
1.021873999999999949e+00
1.021776999999999935e+00
1.022051999999999961e+00
1.023223999999999911e+00
1.020831000000000044e+00
1.020968000000000098e+00
1.019760000000000000e+00
1.019735999999999976e+00
1.021528999999999909e+00
1.020388999999999990e+00
1.020051999999999959e+00
1.019336000000000020e+00
1.019530000000000047e+00
1.020142000000000104e+00
1.016561000000000048e+00
1.019274000000000013e+00
1.017749999999999932e+00
1.018456000000000028e+00
1.019336999999999938e+00
1.017101000000000033e+00
1.019892999999999939e+00
1.017824000000000062e+00
1.018949000000000105e+00
1.017498000000000014e+00
1.015522999999999954e+00
1.016582000000000097e+00
1.016377000000000086e+00
1.017203999999999997e+00
1.017263999999999946e+00
1.015675000000000106e+00
1.016726000000000019e+00
1.016855999999999982e+00
1.018464000000000036e+00
1.016391000000000044e+00
1.016094000000000053e+00
1.015355000000000008e+00
1.015614999999999934e+00
1.014256999999999964e+00
1.015687000000000006e+00
1.014696000000000042e+00
1.014404000000000083e+00
1.013940999999999981e+00
1.013292999999999999e+00
1.014669000000000043e+00
1.012048999999999976e+00
1.012945999999999902e+00
1.012750000000000039e+00
1.012942999999999927e+00
1.012385000000000090e+00
1.014094000000000051e+00
1.013127000000000111e+00
1.014693000000000067e+00
1.012237999999999971e+00
1.011546000000000056e+00
1.013177999999999912e+00
1.010501000000000094e+00
1.012103999999999893e+00
1.011060999999999988e+00
1.012435999999999892e+00
1.012847999999999971e+00
1.012906000000000084e+00
1.011808999999999958e+00
1.012907000000000002e+00
1.012596999999999969e+00
1.009856000000000087e+00
1.011169999999999902e+00
1.009449000000000041e+00
1.009492999999999974e+00
1.008810999999999902e+00
1.009767000000000081e+00
1.009921999999999986e+00
1.010143000000000013e+00
1.009781000000000040e+00
1.009754000000000040e+00
1.008434000000000053e+00
1.009897999999999962e+00
1.009368000000000043e+00
1.009900999999999938e+00
1.008213999999999944e+00
1.009562000000000070e+00
1.010807000000000011e+00
1.006988999999999912e+00
1.010162999999999922e+00
1.010578999999999894e+00
1.009317999999999937e+00
1.010694999999999899e+00
1.013038000000000105e+00
1.011905999999999972e+00
1.011656000000000111e+00
1.012720999999999982e+00
1.013014000000000081e+00
1.014054000000000011e+00
1.014148999999999967e+00
1.015792000000000028e+00
1.014796000000000031e+00
1.017096999999999918e+00
1.018621999999999916e+00
1.020944000000000074e+00
1.017436999999999925e+00
1.019195999999999991e+00
1.022971999999999992e+00
1.021584000000000048e+00
1.023398000000000030e+00
1.021667000000000103e+00
1.023074000000000039e+00
1.022623999999999977e+00
1.022712999999999983e+00
1.021776000000000018e+00
1.020726000000000022e+00
1.021554999999999991e+00
1.020351999999999926e+00
1.022847999999999979e+00
1.017967999999999984e+00
1.019271999999999956e+00
1.018558000000000074e+00
1.019066000000000027e+00
1.017708999999999975e+00
1.018920999999999966e+00
1.016286999999999940e+00
1.015702000000000105e+00
1.016502999999999934e+00
1.016310000000000047e+00
1.015886000000000067e+00
1.015948999999999991e+00
1.015044000000000057e+00
1.016207000000000082e+00
1.014267999999999947e+00
1.013916000000000039e+00
1.012507000000000046e+00
1.011327000000000087e+00
1.013171999999999962e+00
1.013355000000000006e+00
1.012934999999999919e+00
1.011252999999999957e+00
1.011335000000000095e+00
1.012151000000000023e+00
1.010833000000000093e+00
1.011493999999999893e+00
1.009708999999999968e+00
1.010548999999999920e+00
1.008928999999999965e+00
1.009684000000000026e+00
1.008648999999999907e+00
1.009905999999999970e+00
1.011241999999999974e+00
1.008315999999999990e+00
1.009805999999999981e+00
1.008096000000000103e+00
1.005975000000000064e+00
1.006826999999999916e+00
1.004601000000000077e+00
1.006192999999999893e+00
1.005138000000000087e+00
1.004979000000000067e+00
1.005287999999999959e+00
1.006212000000000106e+00
1.004958000000000018e+00
1.006243999999999916e+00
1.003497000000000083e+00
1.006790999999999991e+00
1.003543999999999992e+00
1.005098999999999965e+00
1.004402999999999935e+00
1.004208999999999907e+00
1.001935000000000020e+00
1.003813000000000066e+00
1.002148000000000039e+00
1.002275999999999945e+00
1.002318000000000042e+00
1.000647000000000064e+00
1.001479999999999926e+00
1.004180000000000073e+00
1.001381000000000077e+00
1.002293000000000101e+00
1.002242000000000077e+00
9.984600000000000142e-01
1.000815000000000010e+00
1.001617999999999897e+00
9.979839999999999822e-01
9.985960000000000392e-01
9.976779999999999538e-01
9.969860000000000388e-01
9.974030000000000395e-01
9.991250000000000409e-01
9.961079999999999934e-01
9.967409999999999881e-01
9.963239999999999874e-01
9.954720000000000235e-01
9.970560000000000533e-01
9.953070000000000528e-01
9.965479999999999894e-01
9.950480000000000436e-01
9.949339999999999851e-01
9.932269999999999710e-01
9.912649999999999517e-01
9.940639999999999477e-01
9.941959999999999686e-01
9.922929999999999806e-01
9.921839999999999549e-01
9.913790000000000102e-01
9.931100000000000483e-01
9.907529999999999948e-01
9.911200000000000010e-01
9.883180000000000298e-01
9.888139999999999707e-01
9.907559999999999700e-01
9.892090000000000050e-01
9.888980000000000548e-01
9.861149999999999638e-01
9.883669999999999956e-01
9.868630000000000457e-01
9.891619999999999857e-01
9.871820000000000039e-01
9.850370000000000514e-01
9.864220000000000210e-01
9.850149999999999739e-01
9.858019999999999561e-01
9.872140000000000359e-01
9.865530000000000133e-01
9.844939999999999802e-01
9.854060000000000041e-01
9.874619999999999509e-01
9.853380000000000472e-01
9.877780000000000449e-01
9.863680000000000225e-01
9.872090000000000032e-01
9.898799999999999821e-01
9.933589999999999920e-01
9.938979999999999482e-01
9.980529999999999680e-01
9.994499999999999496e-01
1.001684999999999937e+00
1.007697000000000065e+00
1.007973999999999926e+00
1.011408000000000085e+00
1.017819999999999947e+00
1.021447999999999912e+00
1.026280999999999999e+00
1.031368000000000062e+00
1.037268000000000079e+00
1.040918000000000010e+00
1.045112000000000041e+00
1.051473000000000102e+00
1.054613000000000023e+00
1.056883999999999935e+00
1.061728000000000005e+00
1.063514999999999988e+00
1.064562999999999926e+00
1.068036999999999903e+00
1.069372999999999907e+00
1.067857999999999974e+00
1.070411000000000001e+00
1.070403999999999911e+00
1.069946999999999981e+00
1.070381000000000027e+00
1.068146999999999958e+00
1.070389000000000035e+00
1.067944999999999922e+00
1.067099999999999937e+00
1.067460999999999993e+00
1.064670000000000005e+00
1.065636999999999945e+00
1.065072999999999936e+00
1.064132000000000078e+00
1.062891999999999948e+00
1.059155999999999986e+00
1.058829000000000020e+00
1.058291000000000093e+00
1.056737000000000037e+00
1.056189999999999962e+00
1.055377000000000010e+00
1.056008999999999975e+00
1.052173000000000025e+00
1.052248000000000072e+00
1.052024000000000070e+00
1.050708999999999893e+00
1.050373999999999919e+00
1.049177999999999944e+00
1.048203999999999914e+00
1.046477000000000102e+00
1.047457000000000082e+00
1.044732999999999912e+00
1.044534000000000074e+00
1.045520999999999923e+00
1.043131999999999948e+00
1.045311000000000101e+00
1.044118000000000102e+00
1.040593000000000101e+00
1.039987999999999913e+00
1.041952999999999907e+00
1.040726999999999958e+00
1.037811000000000039e+00
1.039339000000000013e+00
1.040526999999999980e+00
1.038871000000000100e+00
1.038567999999999936e+00
1.038397000000000014e+00
1.039449000000000067e+00
1.036504000000000092e+00
1.036637000000000031e+00
1.036410999999999971e+00
1.035436000000000023e+00
1.034124000000000043e+00
1.034709000000000101e+00
1.034254999999999924e+00
1.034512000000000098e+00
1.035538999999999987e+00
1.034818999999999933e+00
1.034478000000000009e+00
1.035180999999999907e+00
1.032367000000000035e+00
1.033301000000000025e+00
1.030278999999999945e+00
1.032993000000000050e+00
1.031169999999999920e+00
1.031242999999999910e+00
1.030140999999999973e+00
1.033673000000000064e+00
1.030356999999999967e+00
1.030917000000000083e+00
