8.249098662534218862e-01
3.538001274775359750e-02
8.249098662534174453e-01
-3.538001274775383342e-02
-1.506201314477436173e-02
2.285880813549448845e-02
-1.506201314477376499e-02
-2.285880813549291679e-02
-3.301004860692658416e-01
-1.063643473154395926e-02
-3.301004860692660636e-01
1.063643473154363139e-02
-8.099536793981644278e-01
-4.141468195695041481e-03
-8.099536793981644278e-01
4.141468195694306825e-03
-6.442509540155705317e-01
8.874985280673304208e-03
-6.442509540155699765e-01
-8.874985280672906957e-03
