1.007612284489425081e+00 0.000000000000000000e+00
1.007536629353993796e+00 0.000000000000000000e+00
1.007458462107261532e+00 0.000000000000000000e+00
1.007377651249534933e+00 0.000000000000000000e+00
1.007294055788213516e+00 0.000000000000000000e+00
1.007207524358189721e+00 0.000000000000000000e+00
1.007117894242166134e+00 0.000000000000000000e+00
1.007024990277318288e+00 0.000000000000000000e+00
1.006928623632582287e+00 0.000000000000000000e+00
1.006828590438306748e+00 0.000000000000000000e+00
1.006724670247004516e+00 0.000000000000000000e+00
1.006616624300354479e+00 0.000000000000000000e+00
1.006504193573338535e+00 0.000000000000000000e+00
1.006387096561278449e+00 0.000000000000000000e+00
1.006265026769392890e+00 0.000000000000000000e+00
1.006137649857064886e+00 0.000000000000000000e+00
1.006004600380026481e+00 0.000000000000000000e+00
1.005865478062715423e+00 0.000000000000000000e+00
1.005719843519691015e+00 0.000000000000000000e+00
1.005567213328567799e+00 0.000000000000000000e+00
1.005407054336676209e+00 0.000000000000000000e+00
1.005238777058524047e+00 0.000000000000000000e+00
1.005061727989833731e+00 0.000000000000000000e+00
1.004875180624658526e+00 0.000000000000000000e+00
1.004678324912606335e+00 0.000000000000000000e+00
1.004470254830390319e+00 0.000000000000000000e+00
1.004249953661765060e+00 0.000000000000000000e+00
1.004016276476805913e+00 0.000000000000000000e+00
1.003767929167991291e+00 0.000000000000000000e+00
1.003503443226303693e+00 0.000000000000000000e+00
1.003221145211298682e+00 0.000000000000000000e+00
1.002919119564783523e+00 0.000000000000000000e+00
1.002595163010083779e+00 0.000000000000000000e+00
1.002246728227305983e+00 0.000000000000000000e+00
1.001870853740806311e+00 0.000000000000000000e+00
1.001464075911973284e+00 0.000000000000000000e+00
1.001022317470050771e+00 0.000000000000000000e+00
1.000540744941901261e+00 0.000000000000000000e+00
1.000013584360051500e+00 0.000000000000000000e+00
9.994338802704338942e-01 0.000000000000000000e+00
9.987931765827963160e-01 0.000000000000000000e+00
9.980810879958194048e-01 0.000000000000000000e+00
9.972847155653609130e-01 0.000000000000000000e+00
9.963878360137317092e-01 0.000000000000000000e+00
9.953697555250975437e-01 0.000000000000000000e+00
9.942036540098599939e-01 0.000000000000000000e+00
9.928541344150372261e-01 0.000000000000000000e+00
9.912734930346083218e-01 0.000000000000000000e+00
9.893958578380245283e-01 0.000000000000000000e+00
9.871276232350578717e-01 0.000000000000000000e+00
9.843311298686653332e-01 0.000000000000000000e+00
9.807952814677202147e-01 0.000000000000000000e+00
9.761790223896009699e-01 0.000000000000000000e+00
9.698931099557196456e-01 0.000000000000000000e+00
9.608241108678388098e-01 0.000000000000000000e+00
9.465847110909614281e-01 0.000000000000000000e+00
9.209619044961692147e-01 0.000000000000000000e+00
8.611308127325626449e-01 0.000000000000000000e+00
5.602045981751482273e-01 0.000000000000000000e+00
1.453334467780409867e+00 0.000000000000000000e+00
1.158717862249349695e+00 0.000000000000000000e+00
1.099385631799751684e+00 0.000000000000000000e+00
1.073892735061337644e+00 0.000000000000000000e+00
1.059698232683735419e+00 0.000000000000000000e+00
1.050642661332637617e+00 0.000000000000000000e+00
1.044354591834920409e+00 0.000000000000000000e+00
1.039726602200784056e+00 0.000000000000000000e+00
1.036172082732502053e+00 0.000000000000000000e+00
1.033351229886414036e+00 0.000000000000000000e+00
1.031053554592570976e+00 0.000000000000000000e+00
1.029141668088471073e+00 0.000000000000000000e+00
1.027522040550358451e+00 0.000000000000000000e+00
1.026128750498496389e+00 0.000000000000000000e+00
1.024913955008101896e+00 0.000000000000000000e+00
1.023842045981712356e+00 0.000000000000000000e+00
1.022885928705850933e+00 0.000000000000000000e+00
1.022024573538813819e+00 0.000000000000000000e+00
1.021241358598390381e+00 0.000000000000000000e+00
1.020522918952909697e+00 0.000000000000000000e+00
1.019858328669689174e+00 0.000000000000000000e+00
1.019238506487853968e+00 0.000000000000000000e+00
1.018655774478300247e+00 0.000000000000000000e+00
1.018103522796868665e+00 0.000000000000000000e+00
1.017575948562218890e+00 0.000000000000000000e+00
1.017067846418424848e+00 0.000000000000000000e+00
1.016574434459300846e+00 0.000000000000000000e+00
1.016091203065465187e+00 0.000000000000000000e+00
1.015613776519900258e+00 0.000000000000000000e+00
1.015137778401379309e+00 0.000000000000000000e+00
1.014658691871599183e+00 0.000000000000000000e+00
1.014171705056566397e+00 0.000000000000000000e+00
1.013671529572451657e+00 0.000000000000000000e+00
1.013152176408279592e+00 0.000000000000000000e+00
1.012606667015477635e+00 0.000000000000000000e+00
1.012026647080298547e+00 0.000000000000000000e+00
1.011401853418286478e+00 0.000000000000000000e+00
1.010719355901414929e+00 0.000000000000000000e+00
1.009962447236532279e+00 0.000000000000000000e+00
1.009108966056778467e+00 0.000000000000000000e+00
1.008128677059129341e+00 0.000000000000000000e+00
1.006979018276522586e+00 0.000000000000000000e+00
1.005597883126157610e+00 0.000000000000000000e+00
1.003890700282416892e+00 0.000000000000000000e+00
1.001705750689771524e+00 0.000000000000000000e+00
9.987829832864993929e-01 0.000000000000000000e+00
9.946358876355050338e-01 0.000000000000000000e+00
9.882357904998845255e-01 0.000000000000000000e+00
9.769640074536671825e-01 0.000000000000000000e+00
9.516028816666191048e-01 0.000000000000000000e+00
8.401453816155549648e-01 0.000000000000000000e+00
1.268326375071312295e+00 0.000000000000000000e+00
1.090263745663031081e+00 0.000000000000000000e+00
1.059747527311965420e+00 0.000000000000000000e+00
1.047081917040474819e+00 0.000000000000000000e+00
1.040134439249175813e+00 0.000000000000000000e+00
1.035738465345990011e+00 0.000000000000000000e+00
1.032702669818420516e+00 0.000000000000000000e+00
1.030478716036878906e+00 0.000000000000000000e+00
1.028779157015774715e+00 0.000000000000000000e+00
1.027438909912886666e+00 0.000000000000000000e+00
1.026356566396479097e+00 0.000000000000000000e+00
1.025466577792287559e+00 0.000000000000000000e+00
1.024724911845426023e+00 0.000000000000000000e+00
1.024101161948893113e+00 0.000000000000000000e+00
1.023573991822636753e+00 0.000000000000000000e+00
1.023128426077352771e+00 0.000000000000000000e+00
1.022754238796351078e+00 0.000000000000000000e+00
1.022445062538280158e+00 0.000000000000000000e+00
1.022198051857279522e+00 0.000000000000000000e+00
1.022014093514345134e+00 0.000000000000000000e+00
1.021898738350111024e+00 0.000000000000000000e+00
1.021864351952225469e+00 0.000000000000000000e+00
1.021934717412673832e+00 0.000000000000000000e+00
1.022155310264665662e+00 0.000000000000000000e+00
1.022618749926999637e+00 0.000000000000000000e+00
1.023539247890533410e+00 0.000000000000000000e+00
1.025536790132778320e+00 0.000000000000000000e+00
1.031427298149021343e+00 0.000000000000000000e+00
1.129080138443361747e+00 0.000000000000000000e+00
1.001198599937620726e+00 0.000000000000000000e+00
1.010101317822470035e+00 0.000000000000000000e+00
1.012692075307187078e+00 0.000000000000000000e+00
1.013872513241709905e+00 0.000000000000000000e+00
1.014515707167583880e+00 0.000000000000000000e+00
1.014899173547974875e+00 0.000000000000000000e+00
1.015138518078029461e+00 0.000000000000000000e+00
1.015290364393049094e+00 0.000000000000000000e+00
1.015385633991021219e+00 0.000000000000000000e+00
1.015442586874643061e+00 0.000000000000000000e+00
1.015472659987867177e+00 0.000000000000000000e+00
1.015483352008855977e+00 0.000000000000000000e+00
1.015479761573012896e+00 0.000000000000000000e+00
1.015465458848687774e+00 0.000000000000000000e+00
1.015443004494628543e+00 0.000000000000000000e+00
1.015414271675124214e+00 0.000000000000000000e+00
1.015380652953088658e+00 0.000000000000000000e+00
1.015343197230876182e+00 0.000000000000000000e+00
1.015302702743453578e+00 0.000000000000000000e+00
1.015259781627126268e+00 0.000000000000000000e+00
1.015214905627556785e+00 0.000000000000000000e+00
1.015168439005063261e+00 0.000000000000000000e+00
1.015120662569882537e+00 0.000000000000000000e+00
1.015071791456614303e+00 0.000000000000000000e+00
1.015021988402786013e+00 0.000000000000000000e+00
1.014971373745982675e+00 0.000000000000000000e+00
1.014920032987732812e+00 0.000000000000000000e+00
1.014868022524056945e+00 0.000000000000000000e+00
1.014815373971200474e+00 0.000000000000000000e+00
1.014762097394638074e+00 0.000000000000000000e+00
1.014708183663166174e+00 0.000000000000000000e+00
1.014653606086806104e+00 0.000000000000000000e+00
1.014598321449852403e+00 0.000000000000000000e+00
1.014542270513647315e+00 0.000000000000000000e+00
1.014485378033857632e+00 0.000000000000000000e+00
1.014427552311502279e+00 0.000000000000000000e+00
1.014368684273511567e+00 0.000000000000000000e+00
1.014308646055374297e+00 0.000000000000000000e+00
1.014247289033568755e+00 0.000000000000000000e+00
1.014184441227044875e+00 0.000000000000000000e+00
1.014119903952656276e+00 0.000000000000000000e+00
1.014053447576099831e+00 0.000000000000000000e+00
1.013984806143528594e+00 0.000000000000000000e+00
1.013913670603797890e+00 0.000000000000000000e+00
1.013839680229026596e+00 0.000000000000000000e+00
1.013762411699654642e+00 0.000000000000000000e+00
1.013681365121245070e+00 0.000000000000000000e+00
1.013595945956203614e+00 0.000000000000000000e+00
1.013505441441271637e+00 0.000000000000000000e+00
1.013408989452980302e+00 0.000000000000000000e+00
1.013305536868055023e+00 0.000000000000000000e+00
1.013193783062073416e+00 0.000000000000000000e+00
1.013072101989143103e+00 0.000000000000000000e+00
1.012938432751327555e+00 0.000000000000000000e+00
1.012790122735973464e+00 0.000000000000000000e+00
1.012623697484567931e+00 0.000000000000000000e+00
1.012434514011416598e+00 0.000000000000000000e+00
1.012216222372402274e+00 0.000000000000000000e+00
1.011959899197962143e+00 0.000000000000000000e+00
1.011652593686124924e+00 0.000000000000000000e+00
1.011274762036141084e+00 0.000000000000000000e+00
1.010795454171418362e+00 0.000000000000000000e+00
1.010162562479165693e+00 0.000000000000000000e+00
1.009281003319048908e+00 0.000000000000000000e+00
1.007956882094322104e+00 0.000000000000000000e+00
1.005724047508025354e+00 0.000000000000000000e+00
1.001107649782668307e+00 0.000000000000000000e+00
9.856798361603309466e-01 0.000000000000000000e+00
1.173467507023189249e+00 0.000000000000000000e+00
1.035053253154913699e+00 0.000000000000000000e+00
1.025276128302706313e+00 0.000000000000000000e+00
1.021684437348620911e+00 0.000000000000000000e+00
1.019808343666140926e+00 0.000000000000000000e+00
1.018648671159093189e+00 0.000000000000000000e+00
1.017855935770448639e+00 0.000000000000000000e+00
1.017276112637471197e+00 0.000000000000000000e+00
1.016830744448489421e+00 0.000000000000000000e+00
1.016475653950446256e+00 0.000000000000000000e+00
1.016184059077682500e+00 0.000000000000000000e+00
1.015938772782371213e+00 0.000000000000000000e+00
1.015728254238855488e+00 0.000000000000000000e+00
1.015544461493317785e+00 0.000000000000000000e+00
1.015381614473055860e+00 0.000000000000000000e+00
1.015235447760931331e+00 0.000000000000000000e+00
1.015102740863410569e+00 0.000000000000000000e+00
1.014981012709161412e+00 0.000000000000000000e+00
1.014868317032519229e+00 0.000000000000000000e+00
1.014763101755275621e+00 0.000000000000000000e+00
1.014664110122015295e+00 0.000000000000000000e+00
1.014570309755598920e+00 0.000000000000000000e+00
1.014480840792896688e+00 0.000000000000000000e+00
1.014394977312772061e+00 0.000000000000000000e+00
1.014312098182416522e+00 0.000000000000000000e+00
1.014231664676716660e+00 0.000000000000000000e+00
1.014153203030419670e+00 0.000000000000000000e+00
1.014076290620234522e+00 0.000000000000000000e+00
1.014000544838621343e+00 0.000000000000000000e+00
1.013925613971866424e+00 0.000000000000000000e+00
1.013851169569605526e+00 0.000000000000000000e+00
1.013776899915354690e+00 0.000000000000000000e+00
1.013702504293645390e+00 0.000000000000000000e+00
1.013627687809452782e+00 0.000000000000000000e+00
1.013552156556669859e+00 0.000000000000000000e+00
1.013475612958954164e+00 0.000000000000000000e+00
1.013397751121242640e+00 0.000000000000000000e+00
1.013318252035272815e+00 0.000000000000000000e+00
1.013236778478288969e+00 0.000000000000000000e+00
1.013152969430605399e+00 0.000000000000000000e+00
1.013066433813900824e+00 0.000000000000000000e+00
1.012976743316123862e+00 0.000000000000000000e+00
1.012883424017626988e+00 0.000000000000000000e+00
1.012785946462033682e+00 0.000000000000000000e+00
1.012683713717590583e+00 0.000000000000000000e+00
1.012576046840549360e+00 0.000000000000000000e+00
1.012462166967002419e+00 0.000000000000000000e+00
1.012341173002338612e+00 0.000000000000000000e+00
1.012212013516317732e+00 0.000000000000000000e+00
1.012073450938685282e+00 0.000000000000000000e+00
1.011924015411450384e+00 0.000000000000000000e+00
1.011761944573975835e+00 0.000000000000000000e+00
1.011585103951917919e+00 0.000000000000000000e+00
1.011390880191254560e+00 0.000000000000000000e+00
1.011176035625325653e+00 0.000000000000000000e+00
1.010936506733639773e+00 0.000000000000000000e+00
1.010667119448560358e+00 0.000000000000000000e+00
1.010361178274299165e+00 0.000000000000000000e+00
1.010009858702035190e+00 0.000000000000000000e+00
1.009601283468844590e+00 0.000000000000000000e+00
1.009119072436108988e+00 0.000000000000000000e+00
1.008539979344323712e+00 0.000000000000000000e+00
1.007829865882353682e+00 0.000000000000000000e+00
1.006936466896457327e+00 0.000000000000000000e+00
1.005775505591264718e+00 0.000000000000000000e+00
1.004201737146773743e+00 0.000000000000000000e+00
1.001941618325888017e+00 0.000000000000000000e+00
9.984114527328864508e-01 0.000000000000000000e+00
9.921038286778639526e-01 0.000000000000000000e+00
9.775639450982026579e-01 0.000000000000000000e+00
9.079714172307892239e-01 0.000000000000000000e+00
1.132842565097641252e+00 0.000000000000000000e+00
1.052263486894867484e+00 0.000000000000000000e+00
1.036846194449032588e+00 0.000000000000000000e+00
1.030295568651223848e+00 0.000000000000000000e+00
1.026663876739774661e+00 0.000000000000000000e+00
1.024350674757401380e+00 0.000000000000000000e+00
1.022744541941494445e+00 0.000000000000000000e+00
1.021561302677985061e+00 0.000000000000000000e+00
1.020650899451112981e+00 0.000000000000000000e+00
1.019926593422323835e+00 0.000000000000000000e+00
1.019334726752377351e+00 0.000000000000000000e+00
1.018840297529184369e+00 0.000000000000000000e+00
1.018419472424342498e+00 0.000000000000000000e+00
1.018055432021606199e+00 0.000000000000000000e+00
1.017735936420189446e+00 0.000000000000000000e+00
1.017451832254292032e+00 0.000000000000000000e+00
1.017196100341061671e+00 0.000000000000000000e+00
1.016963226426730094e+00 0.000000000000000000e+00
1.016748771374386351e+00 0.000000000000000000e+00
1.016549067483115465e+00 0.000000000000000000e+00
1.016360995639493003e+00 0.000000000000000000e+00
1.016181813975201464e+00 0.000000000000000000e+00
1.016009017831490446e+00 0.000000000000000000e+00
1.015840215765578369e+00 0.000000000000000000e+00
1.015673008355219897e+00 0.000000000000000000e+00
1.015504856072297235e+00 0.000000000000000000e+00
1.015332919156712643e+00 0.000000000000000000e+00
1.015153844905975600e+00 0.000000000000000000e+00
1.014963463079212591e+00 0.000000000000000000e+00
1.014756321677490414e+00 0.000000000000000000e+00
1.014524938811039334e+00 0.000000000000000000e+00
1.014258528152053307e+00 0.000000000000000000e+00
1.013940691568607777e+00 0.000000000000000000e+00
1.013544932643879237e+00 0.000000000000000000e+00
1.013025122598013361e+00 0.000000000000000000e+00
1.012292741852665712e+00 0.000000000000000000e+00
1.011153032706848087e+00 0.000000000000000000e+00
1.009076216408328230e+00 0.000000000000000000e+00
1.003930737300686493e+00 0.000000000000000000e+00
9.671458745504456500e-01 0.000000000000000000e+00
1.038822492188256952e+00 0.000000000000000000e+00
1.024999062114432702e+00 0.000000000000000000e+00
1.021474343477080993e+00 0.000000000000000000e+00
1.019848320296380395e+00 0.000000000000000000e+00
1.018904166153021595e+00 0.000000000000000000e+00
1.018282285114999519e+00 0.000000000000000000e+00
1.017838441728713850e+00 0.000000000000000000e+00
1.017503511827737350e+00 0.000000000000000000e+00
1.017240206777506595e+00 0.000000000000000000e+00
1.017026627992442256e+00 0.000000000000000000e+00
1.016849062339574949e+00 0.000000000000000000e+00
1.016698479095903052e+00 0.000000000000000000e+00
1.016568684646379506e+00 0.000000000000000000e+00
1.016455286532768287e+00 0.000000000000000000e+00
1.016355080875858796e+00 0.000000000000000000e+00
1.016265674149451570e+00 0.000000000000000000e+00
1.016185240953941582e+00 0.000000000000000000e+00
1.016112363945372854e+00 0.000000000000000000e+00
1.016045925137338823e+00 0.000000000000000000e+00
1.015985030307052339e+00 0.000000000000000000e+00
1.015928955304241432e+00 0.000000000000000000e+00
1.015877107194767648e+00 0.000000000000000000e+00
1.015828995663863310e+00 0.000000000000000000e+00
1.015784211649341406e+00 0.000000000000000000e+00
1.015742411157015246e+00 0.000000000000000000e+00
1.015703302848369072e+00 0.000000000000000000e+00
1.015666638413181833e+00 0.000000000000000000e+00
1.015632205025088997e+00 0.000000000000000000e+00
1.015599819373841806e+00 0.000000000000000000e+00
1.015569322904482874e+00 0.000000000000000000e+00
1.015540577990095672e+00 0.000000000000000000e+00
1.015513464833881496e+00 0.000000000000000000e+00
1.015487878946400135e+00 0.000000000000000000e+00
1.015463729080559929e+00 0.000000000000000000e+00
1.015440935534183797e+00 0.000000000000000000e+00
1.015419428750394815e+00 0.000000000000000000e+00
1.015399148161518772e+00 0.000000000000000000e+00
1.015380041234013930e+00 0.000000000000000000e+00
1.015362062681063327e+00 0.000000000000000000e+00
1.015345173816589952e+00 0.000000000000000000e+00
1.015329342030083071e+00 0.000000000000000000e+00
1.015314540366126339e+00 0.000000000000000000e+00
1.015300747196185682e+00 0.000000000000000000e+00
1.015287945973251560e+00 0.000000000000000000e+00
1.015276125062508639e+00 0.000000000000000000e+00
1.015265277643467856e+00 0.000000000000000000e+00
1.015255401681026903e+00 0.000000000000000000e+00
1.015246499964863824e+00 0.000000000000000000e+00
1.015238580218450704e+00 0.000000000000000000e+00
1.015231655280937950e+00 0.000000000000000000e+00
1.015225743367248468e+00 0.000000000000000000e+00
1.015220868414069333e+00 0.000000000000000000e+00
1.015217060522128456e+00 0.000000000000000000e+00
1.015214356508349791e+00 0.000000000000000000e+00
1.015212800585356234e+00 0.000000000000000000e+00
1.015212445190583068e+00 0.000000000000000000e+00
1.015213351993245361e+00 0.000000000000000000e+00
1.015215593114991988e+00 0.000000000000000000e+00
1.015219252609795841e+00 0.000000000000000000e+00
1.015224428261205292e+00 0.000000000000000000e+00
1.015231233771516139e+00 0.000000000000000000e+00
1.015239801439104417e+00 0.000000000000000000e+00
1.015250285449061263e+00 0.000000000000000000e+00
1.015262865941164883e+00 0.000000000000000000e+00
1.015277754072157368e+00 0.000000000000000000e+00
1.015295198362119677e+00 0.000000000000000000e+00
1.015315492716168499e+00 0.000000000000000000e+00
1.015338986655797138e+00 0.000000000000000000e+00
1.015366098498885705e+00 0.000000000000000000e+00
1.015397332524682561e+00 0.000000000000000000e+00
1.015433301598912319e+00 0.000000000000000000e+00
1.015474757393683092e+00 0.000000000000000000e+00
1.015522631347669291e+00 0.000000000000000000e+00
1.015578091095100222e+00 0.000000000000000000e+00
1.015642619631546451e+00 0.000000000000000000e+00
1.015718128668583020e+00 0.000000000000000000e+00
1.015807124733366429e+00 0.000000000000000000e+00
1.015912959047305275e+00 0.000000000000000000e+00
1.016040215002305347e+00 0.000000000000000000e+00
1.016195330557164489e+00 0.000000000000000000e+00
1.016387640389863734e+00 0.000000000000000000e+00
1.016631209894401700e+00 0.000000000000000000e+00
1.016948264722282280e+00 0.000000000000000000e+00
1.017376109935141049e+00 0.000000000000000000e+00
1.017982527250519631e+00 0.000000000000000000e+00
1.018904880220759424e+00 0.000000000000000000e+00
1.020470217893399978e+00 0.000000000000000000e+00
1.023695306118348025e+00 0.000000000000000000e+00
1.034132338868471335e+00 0.000000000000000000e+00
8.422678278248276751e-01 0.000000000000000000e+00
9.982007375074518629e-01 0.000000000000000000e+00
1.005849108914302459e+00 0.000000000000000000e+00
1.008563237018385461e+00 0.000000000000000000e+00
1.009950755633466146e+00 0.000000000000000000e+00
1.010791590217048785e+00 0.000000000000000000e+00
1.011354511680762069e+00 0.000000000000000000e+00
1.011756938957338203e+00 0.000000000000000000e+00
1.012058328534960250e+00 0.000000000000000000e+00
1.012292010555812860e+00 0.000000000000000000e+00
1.012478118488747914e+00 0.000000000000000000e+00
1.012629531840911312e+00 0.000000000000000000e+00
1.012754872861193922e+00 0.000000000000000000e+00
1.012860131045754120e+00 0.000000000000000000e+00
1.012949596520529294e+00 0.000000000000000000e+00
1.013026422619187183e+00 0.000000000000000000e+00
1.013092978842694114e+00 0.000000000000000000e+00
1.013151079992232306e+00 0.000000000000000000e+00
1.013202139354912656e+00 0.000000000000000000e+00
1.013247273770793599e+00 0.000000000000000000e+00
1.013287377335327921e+00 0.000000000000000000e+00
1.013323174139862282e+00 0.000000000000000000e+00
1.013355256687482830e+00 0.000000000000000000e+00
1.013384114322905205e+00 0.000000000000000000e+00
1.013410154574728939e+00 0.000000000000000000e+00
1.013433719384300824e+00 0.000000000000000000e+00
1.013455097589862408e+00 0.000000000000000000e+00
1.013474534630011803e+00 0.000000000000000000e+00
1.013492240155283275e+00 0.000000000000000000e+00
1.013508394046275018e+00 0.000000000000000000e+00
1.013523151202983863e+00 0.000000000000000000e+00
1.013536645374527589e+00 0.000000000000000000e+00
1.013548992229138745e+00 0.000000000000000000e+00
1.013560291813099257e+00 0.000000000000000000e+00
1.013570630508525694e+00 0.000000000000000000e+00
1.013580082569597307e+00 0.000000000000000000e+00
1.013588711291990796e+00 0.000000000000000000e+00
1.013596569848452589e+00 0.000000000000000000e+00
1.013603701802387791e+00 0.000000000000000000e+00
1.013610141288592059e+00 0.000000000000000000e+00
1.013615912822720455e+00 0.000000000000000000e+00
1.013621030664201506e+00 0.000000000000000000e+00
1.013625497603967807e+00 0.000000000000000000e+00
1.013629302966493340e+00 0.000000000000000000e+00
1.013632419483996294e+00 0.000000000000000000e+00
1.013634798480300248e+00 0.000000000000000000e+00
1.013636362418187442e+00 0.000000000000000000e+00
1.013636993168171463e+00 0.000000000000000000e+00
1.013636513035615749e+00 0.000000000000000000e+00
1.013634652941828973e+00 0.000000000000000000e+00
1.013630996541487805e+00 0.000000000000000000e+00
1.013624876224715088e+00 0.000000000000000000e+00
1.013615164853211015e+00 0.000000000000000000e+00
1.013599817150006022e+00 0.000000000000000000e+00
1.013574722155831331e+00 0.000000000000000000e+00
1.013530256776481231e+00 0.000000000000000000e+00
1.013437475514727071e+00 0.000000000000000000e+00
1.013151050538213971e+00 0.000000000000000000e+00
1.137442975207050511e+00 0.000000000000000000e+00
1.014309323502395443e+00 0.000000000000000000e+00
1.014026755067534813e+00 0.000000000000000000e+00
1.013934445279572660e+00 0.000000000000000000e+00
1.013889855494629622e+00 0.000000000000000000e+00
1.013864381126648118e+00 0.000000000000000000e+00
1.013848480064139856e+00 0.000000000000000000e+00
1.013838065606669891e+00 0.000000000000000000e+00
1.013831098807667086e+00 0.000000000000000000e+00
1.013826451451766752e+00 0.000000000000000000e+00
1.013823450962091588e+00 0.000000000000000000e+00
1.013821673466174689e+00 0.000000000000000000e+00
1.013820840318357952e+00 0.000000000000000000e+00
1.013820762392499519e+00 0.000000000000000000e+00
1.013821308269275079e+00 0.000000000000000000e+00
1.013822385172505003e+00 0.000000000000000000e+00
1.013823927080482967e+00 0.000000000000000000e+00
1.013825887061041708e+00 0.000000000000000000e+00
1.013828232190855827e+00 0.000000000000000000e+00
1.013830940110096890e+00 0.000000000000000000e+00
1.013833996643530355e+00 0.000000000000000000e+00
1.013837394136385406e+00 0.000000000000000000e+00
1.013841130281806668e+00 0.000000000000000000e+00
1.013845207295014372e+00 0.000000000000000000e+00
1.013849631338375135e+00 0.000000000000000000e+00
1.013854412133131211e+00 0.000000000000000000e+00
1.013859562714339857e+00 0.000000000000000000e+00
1.013865099299625427e+00 0.000000000000000000e+00
1.013871041252125238e+00 0.000000000000000000e+00
1.013877411125015726e+00 0.000000000000000000e+00
1.013884234780245475e+00 0.000000000000000000e+00
1.013891541578212374e+00 0.000000000000000000e+00
1.013899364638547018e+00 0.000000000000000000e+00
1.013907741175245958e+00 0.000000000000000000e+00
1.013916712912362295e+00 0.000000000000000000e+00
1.013926326589548177e+00 0.000000000000000000e+00
1.013936634570135276e+00 0.000000000000000000e+00
1.013947695568367280e+00 0.000000000000000000e+00
1.013959575517097589e+00 0.000000000000000000e+00
1.013972348603041196e+00 0.000000000000000000e+00
1.013986098503906419e+00 0.000000000000000000e+00
1.014000919870928774e+00 0.000000000000000000e+00
1.014016920112179365e+00 0.000000000000000000e+00
1.014034221547420067e+00 0.000000000000000000e+00
1.014052964025548453e+00 0.000000000000000000e+00
1.014073308122565242e+00 0.000000000000000000e+00
1.014095439074071292e+00 0.000000000000000000e+00
1.014119571645202500e+00 0.000000000000000000e+00
1.014145956207896049e+00 0.000000000000000000e+00
1.014174886388282681e+00 0.000000000000000000e+00
1.014206708777410926e+00 0.000000000000000000e+00
1.014241835384090296e+00 0.000000000000000000e+00
1.014280759776624574e+00 0.000000000000000000e+00
1.014324078253334260e+00 0.000000000000000000e+00
1.014372517968561427e+00 0.000000000000000000e+00
1.014426974833454231e+00 0.000000000000000000e+00
1.014488565397209774e+00 0.000000000000000000e+00
1.014558699117997342e+00 0.000000000000000000e+00
1.014639181026191439e+00 0.000000000000000000e+00
1.014732360813211942e+00 0.000000000000000000e+00
1.014841354833784681e+00 0.000000000000000000e+00
1.014970386313360118e+00 0.000000000000000000e+00
1.015125324336481505e+00 0.000000000000000000e+00
1.015314571735689730e+00 0.000000000000000000e+00
1.015550597235302943e+00 0.000000000000000000e+00
1.015852732257394919e+00 0.000000000000000000e+00
1.016252644502158464e+00 0.000000000000000000e+00
1.016806044414034993e+00 0.000000000000000000e+00
1.017620844588274842e+00 0.000000000000000000e+00
1.018937002418580651e+00 0.000000000000000000e+00
1.021417486401179575e+00 0.000000000000000000e+00
1.027814885461611372e+00 0.000000000000000000e+00
1.081800721030713230e+00 0.000000000000000000e+00
9.880524173974570834e-01 0.000000000000000000e+00
1.002619652632350755e+00 0.000000000000000000e+00
1.006514429494335117e+00 0.000000000000000000e+00
1.008318271202005123e+00 0.000000000000000000e+00
1.009357007737302858e+00 0.000000000000000000e+00
1.010031076968906039e+00 0.000000000000000000e+00
1.010502942741022370e+00 0.000000000000000000e+00
1.010851004964467004e+00 0.000000000000000000e+00
1.011117740708221024e+00 0.000000000000000000e+00
1.011328161879929466e+00 0.000000000000000000e+00
1.011497952585855620e+00 0.000000000000000000e+00
1.011637444439376532e+00 0.000000000000000000e+00
1.011753718283876724e+00 0.000000000000000000e+00
1.011851787473917241e+00 0.000000000000000000e+00
1.011935299142417533e+00 0.000000000000000000e+00
1.012006967933923196e+00 0.000000000000000000e+00
1.012068854127585960e+00 0.000000000000000000e+00
1.012122547573151454e+00 0.000000000000000000e+00
1.012169292627447481e+00 0.000000000000000000e+00
1.012210075009791543e+00 0.000000000000000000e+00
1.012245683419894515e+00 0.000000000000000000e+00
1.012276754030698056e+00 0.000000000000000000e+00
1.012303803110004452e+00 0.000000000000000000e+00
1.012327251249500071e+00 0.000000000000000000e+00
1.012347441549563021e+00 0.000000000000000000e+00
1.012364653372134216e+00 0.000000000000000000e+00
1.012379112784122848e+00 0.000000000000000000e+00
1.012391000481062120e+00 0.000000000000000000e+00
1.012400457749767169e+00 0.000000000000000000e+00
1.012407590864582430e+00 0.000000000000000000e+00
1.012412474191697775e+00 0.000000000000000000e+00
1.012415152184709788e+00 0.000000000000000000e+00
1.012415640381498338e+00 0.000000000000000000e+00
1.012413925449676011e+00 0.000000000000000000e+00
1.012409964268921714e+00 0.000000000000000000e+00
1.012403681977517511e+00 0.000000000000000000e+00
1.012394968841014986e+00 0.000000000000000000e+00
1.012383675715473830e+00 0.000000000000000000e+00
1.012369607765744473e+00 0.000000000000000000e+00
1.012352515945818876e+00 0.000000000000000000e+00
1.012332085530728065e+00 0.000000000000000000e+00
1.012307920672473660e+00 0.000000000000000000e+00
1.012279523479326482e+00 0.000000000000000000e+00
1.012246265395075451e+00 0.000000000000000000e+00
1.012207347524515022e+00 0.000000000000000000e+00
1.012161744738917957e+00 0.000000000000000000e+00
1.012108125408119008e+00 0.000000000000000000e+00
1.012044733530917062e+00 0.000000000000000000e+00
1.011969211113394440e+00 0.000000000000000000e+00
1.011878322335297620e+00 0.000000000000000000e+00
1.011767509861677405e+00 0.000000000000000000e+00
1.011630150828725982e+00 0.000000000000000000e+00
1.011456245340130566e+00 0.000000000000000000e+00
1.011229959120698130e+00 0.000000000000000000e+00
1.010924653522491834e+00 0.000000000000000000e+00
1.010491790012848945e+00 0.000000000000000000e+00
1.009832624463528949e+00 0.000000000000000000e+00
1.008710689855784715e+00 0.000000000000000000e+00
1.006383214560658823e+00 0.000000000000000000e+00
9.986855327100426782e-01 0.000000000000000000e+00
1.107914006402898721e+00 0.000000000000000000e+00
1.024119280958168288e+00 0.000000000000000000e+00
1.018944179954890172e+00 0.000000000000000000e+00
1.017075917759508119e+00 0.000000000000000000e+00
1.016113340311361135e+00 0.000000000000000000e+00
1.015526912258016168e+00 0.000000000000000000e+00
1.015132541541599487e+00 0.000000000000000000e+00
1.014849391565488368e+00 0.000000000000000000e+00
1.014636391764095036e+00 0.000000000000000000e+00
1.014470463895893015e+00 0.000000000000000000e+00
1.014337642715420262e+00 0.000000000000000000e+00
1.014228982611141028e+00 0.000000000000000000e+00
1.014138488709211527e+00 0.000000000000000000e+00
1.014061993280614304e+00 0.000000000000000000e+00
1.013996509205232543e+00 0.000000000000000000e+00
1.013939839803871257e+00 0.000000000000000000e+00
1.013890333792720977e+00 0.000000000000000000e+00
1.013846726063083903e+00 0.000000000000000000e+00
1.013808031152054312e+00 0.000000000000000000e+00
1.013773470125101328e+00 0.000000000000000000e+00
1.013742419252684046e+00 0.000000000000000000e+00
1.013714373261317192e+00 0.000000000000000000e+00
