1.000259009999999948e+00
1.000015890000000018e+00
1.000247399999999898e+00
1.000309649999999939e+00
1.000085560000000040e+00
1.000266990000000078e+00
1.000267250000000052e+00
1.000114460000000038e+00
1.000266719999999943e+00
1.000062599999999913e+00
1.000253049999999977e+00
1.000024210000000080e+00
1.000291870000000083e+00
1.000242709999999979e+00
1.000391360000000063e+00
1.000183810000000006e+00
1.000199510000000069e+00
1.000218049999999970e+00
1.000263829999999965e+00
1.000048620000000055e+00
1.000322799999999956e+00
1.000245540000000100e+00
1.000419610000000015e+00
1.000210599999999950e+00
1.000255869999999936e+00
1.000218159999999967e+00
1.000348089999999912e+00
1.000493880000000058e+00
1.000556280000000076e+00
1.000445199999999923e+00
1.000637149999999975e+00
1.000383089999999919e+00
1.000628709999999977e+00
1.000958229999999949e+00
1.000954490000000030e+00
1.001398980000000050e+00
1.001948669999999986e+00
1.003855530000000051e+00
1.009152070000000068e+00
1.040909850000000025e+00
1.063151060000000037e+00
1.011809359999999991e+00
1.004360989999999898e+00
1.002464770000000005e+00
1.001664139999999925e+00
1.001167570000000007e+00
1.000990040000000025e+00
1.000735319999999984e+00
1.000661840000000025e+00
1.000626330000000008e+00
1.000633410000000056e+00
1.000575189999999948e+00
1.000666250000000090e+00
1.000639499999999904e+00
1.000513919999999946e+00
1.000477059999999918e+00
1.000453899999999896e+00
1.000417520000000060e+00
1.000458360000000102e+00
1.000621479999999952e+00
1.000608740000000108e+00
1.000485459999999938e+00
1.000540690000000010e+00
1.000845710000000111e+00
1.000635109999999939e+00
1.000759729999999958e+00
1.000743939999999998e+00
1.000686980000000004e+00
1.000666209999999889e+00
1.000618350000000101e+00
1.000706660000000081e+00
1.000820409999999994e+00
1.000819509999999912e+00
1.001136159999999942e+00
1.001207659999999944e+00
1.001172849999999892e+00
1.001382690000000020e+00
1.001204200000000100e+00
1.001525430000000050e+00
1.001671760000000022e+00
1.001523289999999955e+00
1.002045800000000098e+00
1.002168460000000039e+00
1.002370970000000083e+00
1.002883060000000048e+00
1.003391130000000020e+00
1.003898659999999943e+00
1.004427839999999961e+00
1.005119419999999986e+00
1.006301319999999944e+00
1.007763449999999894e+00
1.009628470000000000e+00
1.012785080000000004e+00
1.016820489999999966e+00
1.023717680000000074e+00
1.036021850000000022e+00
1.058276910000000015e+00
1.102996379999999998e+00
1.178157829999999962e+00
1.205869719999999923e+00
1.134278370000000091e+00
1.074648159999999963e+00
1.044088799999999928e+00
1.028372529999999951e+00
1.019440109999999899e+00
1.014543779999999895e+00
1.010927289999999923e+00
1.008443369999999950e+00
1.006883799999999995e+00
1.005730840000000015e+00
1.004835890000000065e+00
1.003916749999999913e+00
1.003422819999999938e+00
1.002989219999999904e+00
1.002721280000000048e+00
1.002290909999999924e+00
1.002163279999999990e+00
1.001939939999999973e+00
1.001731139999999964e+00
1.001550310000000055e+00
1.001426080000000107e+00
1.001521909999999904e+00
1.001387720000000092e+00
1.001147250000000044e+00
1.000963419999999937e+00
1.001007390000000052e+00
1.000889930000000039e+00
1.000840790000000036e+00
1.000845250000000020e+00
1.000838539999999943e+00
1.000815870000000052e+00
1.000627750000000038e+00
1.000776480000000079e+00
1.000654820000000056e+00
1.000762329999999922e+00
1.000681970000000032e+00
1.000577150000000026e+00
1.000678710000000082e+00
1.000638029999999956e+00
1.000626720000000081e+00
1.000526500000000096e+00
1.000479050000000036e+00
1.000439859999999959e+00
1.000498289999999901e+00
1.000496379999999963e+00
1.000634150000000000e+00
1.000547859999999956e+00
1.000355319999999937e+00
1.000441810000000098e+00
1.000587539999999942e+00
1.000397739999999924e+00
1.000478989999999957e+00
1.000339880000000070e+00
1.000322939999999994e+00
1.000730469999999928e+00
1.000454579999999982e+00
1.000569389999999892e+00
1.000246500000000038e+00
1.000508430000000004e+00
1.000338900000000031e+00
1.000186959999999958e+00
1.000402779999999936e+00
1.000291470000000071e+00
1.000409740000000047e+00
1.000462060000000042e+00
1.000355850000000046e+00
1.000527130000000042e+00
1.000451100000000038e+00
1.000536239999999966e+00
1.000415520000000003e+00
1.000382880000000085e+00
1.000534580000000062e+00
1.000544190000000055e+00
1.000446860000000049e+00
1.000472629999999974e+00
1.000376369999999904e+00
1.000517199999999995e+00
1.000435879999999944e+00
1.000398389999999971e+00
1.000293110000000096e+00
1.000588320000000087e+00
1.000442990000000032e+00
1.000331730000000086e+00
1.000530059999999999e+00
1.000689909999999960e+00
1.000397259999999955e+00
1.000533770000000100e+00
1.000536649999999916e+00
1.000476069999999940e+00
1.000495370000000106e+00
1.000476069999999940e+00
1.000527750000000049e+00
1.000604220000000044e+00
1.000700179999999939e+00
1.000591390000000080e+00
1.000721179999999988e+00
1.000628889999999993e+00
1.000628950000000073e+00
1.000623480000000010e+00
1.000589989999999929e+00
1.000645910000000027e+00
1.000434920000000005e+00
1.000530640000000027e+00
1.000615800000000055e+00
1.000584649999999964e+00
1.000766309999999937e+00
1.000795380000000012e+00
1.000770790000000021e+00
1.000866079999999991e+00
1.000937399999999977e+00
1.000980729999999985e+00
1.001086759999999964e+00
1.000790199999999963e+00
1.001059869999999963e+00
1.001225690000000057e+00
1.001146740000000035e+00
1.001127270000000014e+00
1.001098559999999971e+00
1.001319220000000065e+00
1.001184239999999948e+00
1.001383539999999961e+00
1.001324920000000063e+00
1.001432780000000022e+00
1.001459630000000045e+00
1.001564949999999898e+00
1.001708290000000057e+00
1.001881079999999979e+00
1.001965699999999959e+00
1.002106289999999955e+00
1.002178009999999952e+00
1.002535320000000008e+00
1.002634900000000107e+00
1.002805230000000103e+00
1.003091119999999892e+00
1.003470459999999953e+00
1.003841690000000009e+00
1.004135089999999897e+00
1.004612159999999976e+00
1.004982019999999920e+00
1.006131169999999964e+00
1.006766899999999909e+00
1.008043089999999919e+00
1.009207650000000012e+00
1.011008590000000096e+00
1.013709240000000067e+00
1.017341690000000076e+00
1.023114609999999924e+00
1.031936399999999976e+00
1.045851169999999941e+00
1.064718320000000107e+00
1.078230149999999998e+00
1.074431270000000049e+00
1.065820109999999987e+00
1.065016490000000093e+00
1.075859200000000016e+00
1.098769209999999941e+00
1.130626609999999976e+00
1.150133239999999946e+00
1.133629519999999946e+00
1.098260800000000037e+00
1.067857339999999988e+00
1.047565859999999960e+00
1.034420679999999981e+00
1.025643850000000024e+00
1.020237590000000028e+00
1.016058020000000006e+00
1.012902989999999948e+00
1.010894799999999982e+00
1.009086750000000032e+00
1.007775840000000089e+00
1.006805720000000015e+00
1.006141230000000109e+00
1.005615090000000045e+00
1.004747690000000082e+00
1.004456620000000022e+00
1.004063970000000028e+00
1.003626659999999893e+00
1.003396619999999961e+00
1.003144540000000084e+00
1.002882899999999911e+00
1.002669620000000039e+00
1.002591240000000106e+00
1.002454900000000038e+00
1.002298670000000058e+00
1.002271039999999891e+00
1.002157540000000013e+00
1.002085319999999946e+00
1.001906930000000084e+00
1.001940309999999945e+00
1.001958090000000023e+00
1.001779619999999982e+00
1.001815750000000005e+00
1.001470379999999993e+00
1.001653260000000101e+00
1.001711360000000051e+00
1.001701710000000078e+00
1.001483880000000104e+00
1.001501779999999897e+00
1.001615769999999905e+00
1.001494469999999914e+00
1.001531720000000014e+00
1.001776809999999962e+00
1.001607920000000096e+00
1.001486440000000089e+00
1.001549620000000029e+00
1.001440450000000038e+00
1.001560800000000029e+00
1.001611999999999947e+00
1.001928659999999915e+00
1.001720259999999918e+00
1.001791620000000105e+00
1.001916840000000031e+00
1.002038090000000103e+00
1.001969420000000000e+00
1.002258709999999997e+00
1.002294989999999997e+00
1.002491129999999897e+00
1.002682099999999910e+00
1.002900679999999989e+00
1.003219939999999921e+00
1.003553190000000095e+00
1.003908760000000067e+00
1.004658559999999978e+00
1.005262920000000060e+00
1.006205129999999892e+00
1.007531009999999894e+00
1.009284000000000070e+00
1.011843210000000104e+00
1.015634589999999893e+00
1.021040340000000102e+00
1.028903990000000102e+00
1.039192410000000066e+00
1.047838279999999900e+00
1.048396649999999930e+00
1.040379710000000069e+00
1.029974570000000034e+00
1.021769190000000105e+00
1.016294940000000091e+00
1.012320560000000036e+00
1.009668830000000073e+00
1.007928149999999912e+00
1.006613320000000034e+00
1.005765620000000027e+00
1.004873839999999907e+00
1.004069920000000060e+00
1.003906570000000054e+00
1.003519059999999907e+00
1.003338880000000044e+00
1.002998800000000079e+00
1.002965370000000078e+00
1.002791699999999953e+00
1.002698560000000017e+00
1.002640839999999978e+00
1.002615650000000080e+00
1.002413999999999916e+00
1.002657689999999935e+00
1.002548470000000025e+00
1.002543519999999910e+00
1.002454720000000021e+00
1.002353459999999918e+00
1.002427589999999924e+00
1.002568719999999969e+00
1.002552380000000021e+00
1.002611780000000063e+00
1.002567619999999993e+00
1.002595579999999931e+00
1.002791889999999908e+00
1.002549590000000101e+00
1.002962569999999998e+00
1.002878780000000081e+00
1.003201840000000011e+00
1.003189859999999989e+00
1.003205439999999893e+00
1.003412449999999900e+00
1.003689089999999950e+00
1.003695500000000074e+00
1.003917750000000053e+00
1.004119289999999998e+00
1.004474840000000091e+00
1.004388959999999997e+00
1.004732900000000040e+00
1.005201440000000002e+00
1.005267420000000023e+00
1.005640190000000045e+00
1.006034819999999996e+00
1.006356950000000028e+00
1.007007060000000065e+00
1.007528049999999897e+00
1.008065390000000061e+00
1.008830080000000073e+00
1.009671460000000076e+00
1.010482590000000069e+00
1.011583389999999971e+00
1.013097340000000068e+00
1.014305170000000089e+00
1.016096939999999949e+00
1.018347450000000043e+00
1.020651610000000042e+00
1.023623170000000027e+00
1.026881439999999923e+00
1.031093590000000004e+00
1.035809589999999947e+00
1.041400169999999958e+00
1.047451630000000078e+00
1.053360199999999969e+00
1.059086100000000030e+00
1.063569299999999940e+00
1.065337540000000027e+00
1.064608280000000073e+00
1.061179819999999996e+00
1.056327540000000065e+00
1.050334190000000056e+00
1.044530079999999916e+00
1.038853990000000005e+00
1.033908360000000082e+00
1.029942509999999922e+00
1.026395519999999895e+00
1.023541629999999980e+00
1.021145640000000077e+00
1.019103150000000069e+00
1.017346690000000109e+00
1.016018000000000088e+00
1.015084649999999922e+00
1.014268799999999970e+00
1.013405660000000097e+00
1.013081459999999989e+00
1.012566510000000086e+00
1.012404440000000072e+00
1.012205419999999911e+00
1.012313189999999974e+00
1.012307140000000105e+00
1.012458590000000047e+00
1.012666969999999944e+00
1.013102340000000101e+00
1.013476409999999994e+00
1.014060310000000076e+00
1.014886430000000006e+00
1.015987079999999931e+00
1.016987309999999978e+00
1.018185499999999966e+00
1.019703900000000107e+00
1.021160499999999915e+00
1.023452030000000068e+00
1.025531799999999993e+00
1.027962119999999979e+00
1.030446439999999964e+00
1.033486609999999972e+00
1.036560900000000007e+00
1.039163379999999970e+00
1.041707809999999901e+00
1.043862459999999936e+00
1.044979960000000041e+00
1.045491699999999913e+00
1.044847169999999936e+00
1.043475710000000056e+00
1.041395040000000050e+00
1.038885760000000102e+00
1.035781269999999976e+00
1.032687480000000102e+00
1.030046510000000026e+00
1.027227469999999920e+00
1.024727799999999966e+00
1.022633040000000104e+00
1.020644200000000001e+00
1.018772350000000104e+00
1.017405979999999932e+00
1.015936270000000086e+00
1.014788870000000065e+00
1.013658610000000015e+00
1.013046289999999905e+00
1.012278980000000050e+00
1.011696270000000064e+00
1.011120280000000093e+00
1.010746209999999978e+00
1.010434459999999923e+00
1.010083760000000108e+00
1.009880160000000027e+00
1.009797669999999981e+00
1.009639200000000070e+00
1.009476590000000007e+00
1.009689789999999920e+00
1.009760970000000091e+00
1.010170760000000056e+00
1.010372639999999933e+00
1.010818519999999943e+00
1.011513670000000031e+00
1.011798729999999980e+00
1.012524910000000000e+00
1.013202139999999973e+00
1.014398450000000063e+00
1.015467600000000026e+00
1.016356079999999995e+00
1.017349550000000047e+00
1.018462629999999924e+00
1.019799640000000007e+00
1.020478819999999898e+00
1.021363330000000014e+00
1.021676140000000066e+00
1.021966300000000105e+00
1.021383380000000063e+00
1.020873410000000092e+00
1.019910819999999996e+00
1.018780159999999935e+00
1.017708260000000031e+00
1.016100460000000094e+00
1.014889469999999960e+00
1.013814659999999979e+00
1.012475559999999941e+00
1.011445289999999941e+00
1.010539910000000097e+00
1.009602890000000031e+00
1.008904819999999924e+00
