9.651092199999999899e-01
9.649098999999999871e-01
9.649163499999999782e-01
9.646698700000000404e-01
9.643536700000000517e-01
9.641593000000000524e-01
9.639768600000000465e-01
9.635267400000000482e-01
9.633087500000000469e-01
9.631163099999999755e-01
9.628897600000000390e-01
9.625424599999999886e-01
9.621007200000000203e-01
9.619493700000000258e-01
9.616559099999999471e-01
9.613480599999999487e-01
9.611998800000000065e-01
9.606395399999999585e-01
9.603627000000000136e-01
9.599242399999999842e-01
9.595420099999999453e-01
9.588592099999999618e-01
9.586969699999999817e-01
9.580020299999999489e-01
9.576853400000000516e-01
9.573717099999999869e-01
9.566355899999999801e-01
9.559737200000000268e-01
9.553498299999999555e-01
9.546980200000000361e-01
9.537962100000000332e-01
9.530447100000000171e-01
9.515004599999999924e-01
9.506137399999999849e-01
9.488790499999999462e-01
9.469633200000000528e-01
9.437261500000000414e-01
9.396157499999999718e-01
9.331998299999999524e-01
9.410576999999999970e-01
1.074344430000000017e+00
1.003749049999999921e+00
9.820430500000000285e-01
9.733159099999999508e-01
9.681011499999999659e-01
9.651101100000000210e-01
9.627111499999999600e-01
9.609129100000000090e-01
9.595393899999999920e-01
9.581031800000000542e-01
9.569305599999999856e-01
9.557691400000000170e-01
9.548158199999999818e-01
9.536147600000000057e-01
9.526948299999999925e-01
9.518215599999999554e-01
9.508282700000000309e-01
9.500473400000000179e-01
9.487743499999999885e-01
9.479473299999999769e-01
9.469778599999999491e-01
9.459443299999999999e-01
9.449223700000000115e-01
9.440346499999999752e-01
9.428662599999999561e-01
9.417948600000000114e-01
9.402838300000000427e-01
9.391157900000000058e-01
9.377422499999999994e-01
9.363662200000000269e-01
9.348689399999999816e-01
9.333544200000000179e-01
9.318524500000000543e-01
9.299891599999999814e-01
9.280065699999999751e-01
9.260220799999999697e-01
9.237119000000000302e-01
9.214518200000000325e-01
9.188954299999999575e-01
9.159185600000000482e-01
9.130289099999999713e-01
9.096022299999999561e-01
9.057873400000000519e-01
9.016697599999999868e-01
8.970363199999999981e-01
8.915937999999999919e-01
8.855568499999999510e-01
8.787440300000000093e-01
8.705998299999999634e-01
8.612652200000000535e-01
8.500264699999999785e-01
8.366384500000000335e-01
8.199751299999999965e-01
7.998341799999999502e-01
7.752410299999999976e-01
7.456711000000000311e-01
7.178957299999999542e-01
7.254721699999999718e-01
8.954235200000000283e-01
1.287224209999999980e+00
1.440127380000000068e+00
1.378099640000000070e+00
1.297196250000000051e+00
1.235677619999999921e+00
1.190773529999999969e+00
1.158141529999999975e+00
1.133101789999999998e+00
1.113746399999999914e+00
1.098239460000000056e+00
1.085442629999999964e+00
1.075169690000000067e+00
1.066146810000000000e+00
1.058735500000000052e+00
1.052265860000000108e+00
1.046555130000000000e+00
1.041536550000000005e+00
1.037071099999999912e+00
1.033069980000000054e+00
1.029421729999999924e+00
1.026349079999999914e+00
1.023267560000000076e+00
1.020574759999999914e+00
1.018072019999999966e+00
1.015782449999999892e+00
1.013634879999999905e+00
1.011517860000000102e+00
1.009650890000000079e+00
1.007935119999999962e+00
1.006369180000000085e+00
1.004953690000000011e+00
1.003398680000000098e+00
1.002012109999999900e+00
1.000853009999999932e+00
9.996698499999999710e-01
9.982704599999999706e-01
9.970155400000000334e-01
9.962271600000000005e-01
9.950309699999999591e-01
9.939299400000000118e-01
9.930525500000000338e-01
9.920434799999999775e-01
9.910561199999999848e-01
9.901787399999999462e-01
9.894429999999999614e-01
9.886708800000000297e-01
9.877701700000000029e-01
9.869625899999999730e-01
9.862336200000000330e-01
9.856322400000000483e-01
9.848454700000000006e-01
9.841693700000000433e-01
9.834957399999999517e-01
9.828676600000000319e-01
9.820889000000000424e-01
9.815261699999999756e-01
9.807157899999999762e-01
9.802177399999999485e-01
9.794448500000000335e-01
9.788624799999999793e-01
9.783669699999999469e-01
9.778862699999999464e-01
9.771642799999999962e-01
9.764146999999999688e-01
9.759120300000000414e-01
9.753367800000000143e-01
9.748027400000000009e-01
9.741644099999999806e-01
9.735518300000000069e-01
9.731844600000000289e-01
9.724649800000000344e-01
9.717690500000000231e-01
9.711393799999999965e-01
9.706834699999999927e-01
9.700290200000000196e-01
9.694319300000000528e-01
9.691033999999999482e-01
9.684330700000000069e-01
9.678484400000000321e-01
9.671794799999999803e-01
9.666141000000000316e-01
9.660368999999999762e-01
9.654063499999999687e-01
9.651570299999999714e-01
9.644497199999999548e-01
9.636291299999999449e-01
9.630695500000000520e-01
9.623423700000000025e-01
9.617194199999999915e-01
9.612829200000000407e-01
9.604319300000000448e-01
9.595591100000000484e-01
9.590181100000000347e-01
9.583699500000000260e-01
9.575357300000000293e-01
9.570006500000000083e-01
9.562936199999999554e-01
9.554448399999999619e-01
9.547793199999999869e-01
9.540262999999999938e-01
9.533115599999999468e-01
9.525046999999999819e-01
9.516963899999999477e-01
9.510894199999999632e-01
9.498974799999999608e-01
9.491713400000000300e-01
9.482619500000000201e-01
9.471911800000000214e-01
9.462086800000000242e-01
9.453991400000000267e-01
9.442633499999999458e-01
9.431472100000000136e-01
9.423146999999999496e-01
9.410681600000000424e-01
9.398204799999999581e-01
9.387343000000000215e-01
9.376340699999999861e-01
9.362928000000000361e-01
9.349558100000000538e-01
9.334438200000000352e-01
9.320799300000000009e-01
9.304425400000000401e-01
9.289415100000000258e-01
9.272965100000000183e-01
9.254480800000000063e-01
9.235252099999999853e-01
9.216570499999999777e-01
9.194677700000000176e-01
9.173549600000000526e-01
9.149740400000000440e-01
9.125234700000000032e-01
9.099850800000000017e-01
9.069453100000000045e-01
9.039567099999999966e-01
9.009719800000000056e-01
8.974124799999999569e-01
8.934042399999999606e-01
8.895146600000000126e-01
8.850497800000000082e-01
8.802647200000000005e-01
8.746891300000000369e-01
8.686702499999999771e-01
8.621205199999999458e-01
8.551141700000000068e-01
8.468335999999999641e-01
8.378463299999999725e-01
8.283840799999999671e-01
8.186135399999999729e-01
8.104905000000000026e-01
8.090213400000000332e-01
8.222527899999999557e-01
8.477319700000000013e-01
8.534131200000000250e-01
8.295050299999999766e-01
7.986817099999999892e-01
7.797396199999999666e-01
8.005779800000000224e-01
9.093320000000000292e-01
1.123760969999999970e+00
1.319173960000000090e+00
1.385371080000000088e+00
1.366003319999999910e+00
1.321933199999999919e+00
1.277755600000000102e+00
1.239781049999999940e+00
1.208305390000000035e+00
1.182502860000000044e+00
1.161254409999999959e+00
1.143215160000000008e+00
1.128188650000000015e+00
1.115283629999999970e+00
1.104009570000000107e+00
1.094385460000000032e+00
1.085679040000000040e+00
1.078028009999999925e+00
1.071350589999999992e+00
1.065522260000000054e+00
1.059726509999999955e+00
1.054541420000000063e+00
1.050154250000000067e+00
1.045842659999999924e+00
1.041864640000000009e+00
1.038373369999999962e+00
1.034842260000000014e+00
1.031769340000000090e+00
1.028820389999999918e+00
1.026002059999999938e+00
1.023336119999999960e+00
1.020711350000000017e+00
1.018459149999999980e+00
1.016224100000000075e+00
1.014046769999999986e+00
1.011985010000000074e+00
1.009698999999999902e+00
1.007816370000000017e+00
1.006039630000000074e+00
1.004365909999999973e+00
1.002572629999999965e+00
1.000911110000000104e+00
9.992441300000000082e-01
9.973847599999999813e-01
9.958988100000000232e-01
9.943440900000000138e-01
9.929908899999999594e-01
9.912131600000000375e-01
9.898240400000000161e-01
9.885972699999999724e-01
9.869131599999999560e-01
9.855094300000000196e-01
9.839648699999999915e-01
9.826228299999999471e-01
9.811183300000000385e-01
9.798180600000000462e-01
9.780825199999999553e-01
9.767876899999999862e-01
9.750814300000000268e-01
9.737725400000000198e-01
9.722451600000000527e-01
9.704433599999999771e-01
9.688274700000000239e-01
9.671372000000000302e-01
9.654693300000000145e-01
9.634513099999999497e-01
9.617206499999999547e-01
9.597820900000000321e-01
9.575786899999999546e-01
9.556453299999999595e-01
9.539119999999999822e-01
9.524945999999999691e-01
9.523247700000000426e-01
9.541786500000000171e-01
9.610745000000000537e-01
9.761344899999999658e-01
1.000624870000000000e+00
1.023627669999999990e+00
1.032195809999999936e+00
1.027945960000000047e+00
1.018862219999999930e+00
1.009708470000000080e+00
1.001997999999999944e+00
9.950394299999999470e-01
9.895317300000000538e-01
9.849277400000000515e-01
9.806048299999999829e-01
9.771414200000000383e-01
9.736430400000000152e-01
9.710317299999999818e-01
9.681514199999999848e-01
9.657221200000000172e-01
9.633202199999999493e-01
9.610990600000000050e-01
9.588251700000000044e-01
9.566066500000000028e-01
9.544826800000000278e-01
9.524135099999999632e-01
9.504455400000000331e-01
9.485489099999999674e-01
9.465057599999999738e-01
9.444650500000000282e-01
9.424045800000000472e-01
9.404069200000000350e-01
9.381692900000000446e-01
9.361751200000000273e-01
9.340465599999999702e-01
9.318261599999999589e-01
9.298338400000000226e-01
9.272477799999999659e-01
9.248868599999999773e-01
9.227900300000000389e-01
9.199947699999999617e-01
9.173809499999999728e-01
9.150754599999999517e-01
9.122889499999999874e-01
9.095227099999999565e-01
9.065125299999999831e-01
9.033195899999999501e-01
9.002040199999999937e-01
8.970531899999999448e-01
8.933674000000000337e-01
8.900085699999999989e-01
8.861030199999999635e-01
8.823077900000000362e-01
8.780325599999999620e-01
8.736375199999999452e-01
8.692310800000000448e-01
8.643653300000000428e-01
8.591008700000000164e-01
8.537936299999999701e-01
8.480018499999999460e-01
8.421252399999999971e-01
8.355465499999999990e-01
8.289296699999999518e-01
8.219195599999999935e-01
8.147026099999999937e-01
8.068358799999999498e-01
7.988617099999999471e-01
7.911471500000000212e-01
7.832442899999999542e-01
7.759569899999999576e-01
7.698757000000000517e-01
7.657179600000000308e-01
7.645773200000000047e-01
7.685485699999999865e-01
7.796923700000000235e-01
8.014751399999999748e-01
8.360019600000000439e-01
8.852816799999999597e-01
9.477777400000000352e-01
1.018015520000000063e+00
1.087319710000000050e+00
1.147011910000000023e+00
1.191605990000000004e+00
1.219849589999999928e+00
1.233920729999999910e+00
1.237260060000000106e+00
1.233467080000000049e+00
1.225157059999999909e+00
1.214271639999999985e+00
1.201935390000000048e+00
1.189330659999999984e+00
1.176687529999999926e+00
1.164153769999999977e+00
1.152204940000000066e+00
1.141042899999999971e+00
1.130186080000000093e+00
1.119848579999999982e+00
1.110206770000000009e+00
1.101020420000000000e+00
1.092098449999999943e+00
1.083680820000000100e+00
1.076023380000000085e+00
1.068130739999999967e+00
1.060603479999999932e+00
1.053767689999999924e+00
1.046789329999999962e+00
1.040160930000000095e+00
1.033917540000000024e+00
1.027881529999999932e+00
1.022469389999999922e+00
1.017281429999999931e+00
1.012463380000000024e+00
1.008613940000000042e+00
1.005583399999999905e+00
1.003548340000000039e+00
1.003082739999999973e+00
1.004488100000000106e+00
1.008058319999999952e+00
1.014882999999999980e+00
1.024976869999999929e+00
1.038353429999999911e+00
1.055323110000000009e+00
1.075942369999999926e+00
1.098220299999999927e+00
1.121342419999999951e+00
1.143478089999999892e+00
1.163100639999999908e+00
1.179435720000000076e+00
1.191115240000000020e+00
1.199103449999999960e+00
1.203250860000000033e+00
1.204858589999999952e+00
1.204023199999999960e+00
1.200962370000000057e+00
1.197417640000000061e+00
1.192722829999999901e+00
1.187656580000000073e+00
1.182337659999999957e+00
1.176611560000000001e+00
1.171152160000000109e+00
1.165810639999999898e+00
1.160739900000000047e+00
1.155696339999999989e+00
1.150526060000000017e+00
1.146062270000000050e+00
1.141332290000000027e+00
1.137111809999999945e+00
1.132963649999999989e+00
1.128857460000000090e+00
1.125126620000000077e+00
1.121644300000000039e+00
1.118319470000000093e+00
1.115149739999999889e+00
1.111955900000000108e+00
1.109087689999999959e+00
1.106570470000000084e+00
1.104022019999999937e+00
1.102190519999999951e+00
1.100023140000000010e+00
1.098402289999999892e+00
1.097210519999999967e+00
1.096397030000000106e+00
1.096307120000000079e+00
1.096502070000000106e+00
1.097478959999999892e+00
1.099334889999999954e+00
1.101340299999999939e+00
1.104457770000000005e+00
1.107744140000000099e+00
1.111225640000000014e+00
1.114934660000000077e+00
1.118142870000000011e+00
1.120729660000000072e+00
1.122652650000000030e+00
1.123639440000000045e+00
1.123899060000000061e+00
1.123442580000000079e+00
1.122562990000000038e+00
1.121385800000000099e+00
1.119438919999999893e+00
1.117629479999999953e+00
1.115713359999999987e+00
1.113659890000000097e+00
1.111530260000000103e+00
