-1.000000000000000000e+00
-9.952267303102625418e-01
-9.904534606205250835e-01
-9.856801909307876253e-01
-9.809069212410501670e-01
-9.761336515513125978e-01
-9.713603818615751395e-01
-9.665871121718376813e-01
-9.618138424821002230e-01
-9.570405727923627648e-01
-9.522673031026253065e-01
-9.474940334128878483e-01
-9.427207637231503901e-01
-9.379474940334129318e-01
-9.331742243436753625e-01
-9.284009546539379043e-01
-9.236276849642004461e-01
-9.188544152744629878e-01
-9.140811455847255296e-01
-9.093078758949880713e-01
-9.045346062052506131e-01
-8.997613365155131548e-01
-8.949880668257756966e-01
-8.902147971360381273e-01
-8.854415274463006691e-01
-8.806682577565632108e-01
-8.758949880668257526e-01
-8.711217183770882944e-01
-8.663484486873508361e-01
-8.615751789976133779e-01
-8.568019093078759196e-01
-8.520286396181384614e-01
-8.472553699284008921e-01
-8.424821002386635449e-01
-8.377088305489259756e-01
-8.329355608591885174e-01
-8.281622911694510591e-01
-8.233890214797136009e-01
-8.186157517899761427e-01
-8.138424821002386844e-01
-8.090692124105012262e-01
-8.042959427207636569e-01
-7.995226730310263097e-01
-7.947494033412887404e-01
-7.899761336515512822e-01
-7.852028639618138239e-01
-7.804295942720763657e-01
-7.756563245823389074e-01
-7.708830548926014492e-01
-7.661097852028639910e-01
-7.613365155131264217e-01
-7.565632458233890745e-01
-7.517899761336515052e-01
-7.470167064439140470e-01
-7.422434367541765887e-01
-7.374701670644391305e-01
-7.326968973747016722e-01
-7.279236276849642140e-01
-7.231503579952267557e-01
-7.183770883054891865e-01
-7.136038186157518393e-01
-7.088305489260142700e-01
-7.040572792362768118e-01
-6.992840095465393535e-01
-6.945107398568018953e-01
-6.897374701670644370e-01
-6.849642004773269788e-01
-6.801909307875895205e-01
-6.754176610978519513e-01
-6.706443914081146040e-01
-6.658711217183770348e-01
-6.610978520286395765e-01
-6.563245823389021183e-01
-6.515513126491646601e-01
-6.467780429594272018e-01
-6.420047732696897436e-01
-6.372315035799522853e-01
-6.324582338902147161e-01
-6.276849642004773688e-01
-6.229116945107397996e-01
-6.181384248210023413e-01
-6.133651551312648831e-01
-6.085918854415274248e-01
-6.038186157517899666e-01
-5.990453460620525084e-01
-5.942720763723150501e-01
-5.894988066825774808e-01
-5.847255369928401336e-01
-5.799522673031025644e-01
-5.751789976133652171e-01
-5.704057279236276479e-01
-5.656324582338901896e-01
-5.608591885441527314e-01
-5.560859188544152731e-01
-5.513126491646778149e-01
-5.465393794749402456e-01
-5.417661097852028984e-01
-5.369928400954653291e-01
-5.322195704057279819e-01
-5.274463007159904127e-01
-5.226730310262529544e-01
-5.178997613365154962e-01
-5.131264916467780379e-01
-5.083532219570405797e-01
-5.035799522673030104e-01
-4.988066825775656632e-01
-4.940334128878280939e-01
-4.892601431980906357e-01
-4.844868735083531774e-01
-4.797136038186157192e-01
-4.749403341288782610e-01
-4.701670644391408027e-01
-4.653937947494033445e-01
-4.606205250596658862e-01
-4.558472553699284280e-01
-4.510739856801908587e-01
-4.463007159904534005e-01
-4.415274463007159422e-01
-4.367541766109784840e-01
-4.319809069212410257e-01
-4.272076372315035675e-01
-4.224343675417661093e-01
-4.176610978520286510e-01
-4.128878281622911928e-01
-4.081145584725536235e-01
-4.033412887828161653e-01
-3.985680190930787070e-01
-3.937947494033412488e-01
-3.890214797136037905e-01
-3.842482100238663323e-01
-3.794749403341288740e-01
-3.747016706443914158e-01
-3.699284009546539576e-01
-3.651551312649163883e-01
-3.603818615751789300e-01
-3.556085918854414718e-01
-3.508353221957040136e-01
-3.460620525059665553e-01
-3.412887828162290971e-01
-3.365155131264916388e-01
-3.317422434367541806e-01
-3.269689737470167223e-01
-3.221957040572791531e-01
-3.174224343675416948e-01
-3.126491646778042366e-01
-3.078758949880667783e-01
-3.031026252983293201e-01
-2.983293556085918619e-01
-2.935560859188544036e-01
-2.887828162291169454e-01
-2.840095465393794871e-01
-2.792362768496419179e-01
-2.744630071599044596e-01
-2.696897374701670014e-01
-2.649164677804295431e-01
-2.601431980906920849e-01
-2.553699284009546266e-01
-2.505966587112171684e-01
-2.458233890214797102e-01
-2.410501193317422519e-01
-2.362768496420046827e-01
-2.315035799522672244e-01
-2.267303102625297662e-01
-2.219570405727923079e-01
-2.171837708830548497e-01
-2.124105011933173914e-01
-2.076372315035799332e-01
-2.028639618138424749e-01
-1.980906921241050167e-01
-1.933174224343675585e-01
-1.885441527446299892e-01
-1.837708830548925310e-01
-1.789976133651550727e-01
-1.742243436754176145e-01
-1.694510739856801562e-01
-1.646778042959426980e-01
-1.599045346062052397e-01
-1.551312649164677815e-01
-1.503579952267303232e-01
-1.455847255369927540e-01
-1.408114558472552957e-01
-1.360381861575178375e-01
-1.312649164677803793e-01
-1.264916467780429210e-01
-1.217183770883054628e-01
-1.169451073985680045e-01
-1.121718377088305463e-01
-1.073985680190930880e-01
-1.026252983293555188e-01
-9.785202863961806052e-02
-9.307875894988060228e-02
-8.830548926014314404e-02
-8.353221957040568579e-02
-7.875894988066822755e-02
-7.398568019093076931e-02
-6.921241050119331106e-02
-6.443914081145585282e-02
-5.966587112171828355e-02
-5.489260143198082531e-02
-5.011933174224336707e-02
-4.534606205250590882e-02
-4.057279236276845058e-02
-3.579952267303099234e-02
-3.102625298329353409e-02
-2.625298329355607585e-02
-2.147971360381861761e-02
-1.670644391408104834e-02
-1.193317422434359010e-02
-7.159904534606131854e-03
-2.386634844868673611e-03
2.386634844868673611e-03
7.159904534606242876e-03
1.193317422434381214e-02
1.670644391408115936e-02
2.147971360381872863e-02
2.625298329355607585e-02
3.102625298329364512e-02
3.579952267303099234e-02
4.057279236276856160e-02
4.534606205250590882e-02
5.011933174224347809e-02
5.489260143198104736e-02
5.966587112171839458e-02
6.443914081145596384e-02
6.921241050119331106e-02
7.398568019093088033e-02
7.875894988066822755e-02
8.353221957040579682e-02
8.830548926014314404e-02
9.307875894988071330e-02
9.785202863961828257e-02
1.026252983293556298e-01
1.073985680190931991e-01
1.121718377088305463e-01
1.169451073985681155e-01
1.217183770883054628e-01
1.264916467780430320e-01
1.312649164677803793e-01
1.360381861575179485e-01
1.408114558472555178e-01
1.455847255369928650e-01
1.503579952267304343e-01
1.551312649164677815e-01
1.599045346062053508e-01
1.646778042959426980e-01
1.694510739856802672e-01
1.742243436754176145e-01
1.789976133651551837e-01
1.837708830548927530e-01
1.885441527446301002e-01
1.933174224343676695e-01
1.980906921241050167e-01
2.028639618138425860e-01
2.076372315035799332e-01
2.124105011933175025e-01
2.171837708830548497e-01
2.219570405727924189e-01
2.267303102625299882e-01
2.315035799522673354e-01
2.362768496420049047e-01
2.410501193317422519e-01
2.458233890214798212e-01
2.505966587112171684e-01
2.553699284009547377e-01
2.601431980906920849e-01
2.649164677804296542e-01
2.696897374701672234e-01
2.744630071599045706e-01
2.792362768496421399e-01
2.840095465393794871e-01
2.887828162291170564e-01
2.935560859188544036e-01
2.983293556085919729e-01
3.031026252983293201e-01
3.078758949880668894e-01
3.126491646778044586e-01
3.174224343675418059e-01
3.221957040572793751e-01
3.269689737470167223e-01
3.317422434367542916e-01
3.365155131264916388e-01
3.412887828162292081e-01
3.460620525059665553e-01
3.508353221957041246e-01
3.556085918854416938e-01
3.603818615751790411e-01
3.651551312649166103e-01
3.699284009546539576e-01
3.747016706443915268e-01
3.794749403341288740e-01
3.842482100238664433e-01
3.890214797136037905e-01
3.937947494033413598e-01
3.985680190930789291e-01
4.033412887828162763e-01
4.081145584725538455e-01
4.128878281622911928e-01
4.176610978520287620e-01
4.224343675417661093e-01
4.272076372315036785e-01
4.319809069212410257e-01
4.367541766109785950e-01
4.415274463007161643e-01
4.463007159904535115e-01
4.510739856801910808e-01
4.558472553699284280e-01
4.606205250596659972e-01
4.653937947494033445e-01
4.701670644391409137e-01
4.749403341288782610e-01
4.797136038186158302e-01
4.844868735083533995e-01
4.892601431980907467e-01
4.940334128878283160e-01
4.988066825775656632e-01
5.035799522673032325e-01
5.083532219570405797e-01
5.131264916467781489e-01
5.178997613365154962e-01
5.226730310262530654e-01
5.274463007159906347e-01
5.322195704057279819e-01
5.369928400954655512e-01
5.417661097852028984e-01
5.465393794749404677e-01
5.513126491646778149e-01
5.560859188544153842e-01
5.608591885441527314e-01
5.656324582338903006e-01
5.704057279236276479e-01
5.751789976133652171e-01
5.799522673031027864e-01
5.847255369928401336e-01
5.894988066825777029e-01
5.942720763723150501e-01
5.990453460620526194e-01
6.038186157517899666e-01
6.085918854415275359e-01
6.133651551312648831e-01
6.181384248210024523e-01
6.229116945107400216e-01
6.276849642004773688e-01
6.324582338902149381e-01
6.372315035799522853e-01
6.420047732696898546e-01
6.467780429594272018e-01
6.515513126491647711e-01
6.563245823389021183e-01
6.610978520286396876e-01
6.658711217183772568e-01
6.706443914081146040e-01
6.754176610978521733e-01
6.801909307875895205e-01
6.849642004773270898e-01
6.897374701670644370e-01
6.945107398568020063e-01
6.992840095465393535e-01
7.040572792362769228e-01
7.088305489260144920e-01
7.136038186157518393e-01
7.183770883054894085e-01
7.231503579952267557e-01
7.279236276849643250e-01
7.326968973747016722e-01
7.374701670644392415e-01
7.422434367541765887e-01
7.470167064439141580e-01
7.517899761336517273e-01
7.565632458233890745e-01
7.613365155131266437e-01
7.661097852028639910e-01
7.708830548926015602e-01
7.756563245823389074e-01
7.804295942720764767e-01
7.852028639618138239e-01
7.899761336515513932e-01
7.947494033412889625e-01
7.995226730310263097e-01
8.042959427207638790e-01
8.090692124105012262e-01
8.138424821002387954e-01
8.186157517899761427e-01
8.233890214797137119e-01
8.281622911694510591e-01
8.329355608591886284e-01
8.377088305489261977e-01
8.424821002386635449e-01
8.472553699284011142e-01
8.520286396181384614e-01
8.568019093078760307e-01
8.615751789976133779e-01
8.663484486873509471e-01
8.711217183770882944e-01
8.758949880668258636e-01
8.806682577565634329e-01
8.854415274463007801e-01
8.902147971360383494e-01
8.949880668257756966e-01
8.997613365155132659e-01
9.045346062052506131e-01
9.093078758949881824e-01
9.140811455847255296e-01
9.188544152744630988e-01
9.236276849642006681e-01
9.284009546539380153e-01
9.331742243436755846e-01
9.379474940334129318e-01
9.427207637231505011e-01
9.474940334128878483e-01
9.522673031026254176e-01
9.570405727923627648e-01
9.618138424821003341e-01
9.665871121718379033e-01
9.713603818615752505e-01
9.761336515513128198e-01
9.809069212410501670e-01
9.856801909307877363e-01
9.904534606205250835e-01
9.952267303102626528e-01
1.000000000000000000e+00
