1.018119473684210519e+00
1.078849407202216115e+00
1.024817628116343471e+00
1.018119473684210519e+00
9.846287015235457574e-01
9.600688019390583028e-01
1.003830077562327006e+00
1.006062795706371249e+00
1.009635144736842127e+00
9.783770907202217204e-01
9.806098088642659638e-01
9.797167216066482442e-01
1.026603802631579132e+00
9.922199432132964292e-01
1.012760950138504201e+00
9.815028961218836834e-01
1.015886755540166275e+00
9.904337686980609901e-01
1.021245279085872593e+00
9.721254799168975724e-01
9.756978289473684507e-01
9.748047416897507311e-01
9.846287015235457574e-01
9.931130304709142598e-01
1.019905648199445958e+00
1.103409306786703681e+00
1.140918971606648347e+00
1.041786286011080476e+00
1.010081688365651154e+00
1.040000111495845037e+00
9.841821578947369531e-01
9.966853795013851380e-01
1.019012560941828349e+00
1.004723164819944614e+00
1.005169708448753640e+00
1.013207493767313006e+00
1.016333299168975079e+00
9.855217887811634769e-01
9.730185671745152920e-01
9.931130304709142598e-01
1.005169708448753640e+00
9.676600436288089746e-01
9.649807818559557049e-01
9.944526613573407836e-01
1.047144809556786793e+00
9.783770907202217204e-01
1.065899641966759015e+00
1.080189038088642750e+00
1.128862293628808855e+00
1.101176588642659437e+00
1.043125916897507111e+00
1.025264171745152497e+00
9.993646412742382967e-01
1.002490446675900371e+00
1.036874306094182963e+00
1.015886755540166275e+00
1.017226386426592910e+00
9.689996745152354984e-01
1.033748500692520889e+00
1.005169708448753640e+00
1.000704272160664932e+00
1.019012560941828349e+00
1.002043903047091566e+00
1.017672930055401714e+00
9.725720235457064877e-01
9.855217887811634769e-01
1.027943433518005545e+00
9.681065872576177789e-01
9.913268559556787096e-01
1.022584909972299227e+00
9.859683324099723922e-01
1.040446655124653841e+00
9.788236343490305247e-01
1.032408869806094254e+00
9.801632652354571595e-01
9.832890706371192335e-01
9.431001440443214090e-01
1.030176151662050010e+00
1.020352191828254984e+00
9.917733995844876249e-01
9.944526613573407836e-01
1.014100581024930836e+00
9.922199432132964292e-01
9.832890706371192335e-01
1.023924540858725862e+00
1.022584909972299227e+00
1.027050346260387936e+00
1.002490446675900371e+00
1.032408869806094254e+00
1.052503333102493110e+00
1.094478434210526485e+00
1.065453098337950211e+00
9.797167216066482442e-01
1.016779842797784106e+00
1.027496889889196741e+00
1.025264171745152497e+00
9.837356142659280378e-01
9.922199432132964292e-01
1.015440211911357471e+00
9.993646412742382967e-01
1.004723164819944614e+00
9.770374598337950856e-01
9.971319231301939423e-01
1.009635144736842127e+00
1.018566017313019545e+00
9.980250103878116619e-01
1.006955882963989080e+00
1.015886755540166275e+00
9.846287015235457574e-01
1.011421319252077566e+00
9.725720235457064877e-01
1.009635144736842127e+00
1.002936990304709175e+00
1.040893198753462645e+00
1.023031453601108032e+00
1.007848970221606688e+00
9.667669563711912550e-01
1.023477997229917058e+00
1.004723164819944614e+00
9.823959833795015140e-01
1.050717158587257671e+00
1.006062795706371249e+00
1.010081688365651154e+00
9.533706475069252395e-01
9.774840034626040008e-01
1.008295513850415492e+00
1.017672930055401714e+00
1.046251722299168962e+00
1.004723164819944614e+00
1.014100581024930836e+00
1.036874306094182963e+00
1.034641587950138497e+00
1.015886755540166275e+00
1.048484440443213428e+00
1.045805178670360158e+00
1.037767393351800571e+00
1.006509339335180053e+00
1.010081688365651154e+00
9.966853795013851380e-01
1.001597359418282540e+00
9.957922922437674185e-01
1.013207493767313006e+00
1.003830077562327006e+00
9.980250103878116619e-01
9.658738691135735355e-01
9.966853795013851380e-01
1.019905648199445958e+00
1.006062795706371249e+00
1.033748500692520889e+00
1.013654037396122032e+00
9.806098088642659638e-01
9.810563524930748791e-01
9.484586675900277264e-01
9.895406814404432705e-01
1.013654037396122032e+00
1.007402426592797884e+00
1.005169708448753640e+00
9.792701779778394400e-01
1.004276621191135810e+00
1.023477997229917058e+00
1.008295513850415492e+00
9.975784667590028576e-01
1.018566017313019545e+00
9.935595740997230640e-01
9.658738691135735355e-01
9.868614196675901118e-01
1.020798735457063788e+00
1.000704272160664932e+00
1.036874306094182963e+00
1.006509339335180053e+00
9.948992049861496989e-01
9.837356142659280378e-01
9.761443725761773660e-01
1.023924540858725862e+00
9.940061177285319793e-01
1.000704272160664932e+00
9.672135000000000593e-01
1.028836520775623375e+00
1.012760950138504201e+00
1.027050346260387936e+00
1.017672930055401714e+00
1.003383533933517979e+00
1.034641587950138497e+00
9.850752451523546727e-01
1.029729608033240984e+00
1.006062795706371249e+00
9.748047416897507311e-01
9.957922922437674185e-01
9.743581980609419269e-01
9.926664868421053445e-01
9.873079632963989161e-01
9.917733995844876249e-01
9.739116544321330116e-01
1.019459104570637153e+00
9.948992049861496989e-01
9.886475941828255509e-01
1.024371084487534667e+00
9.984715540166205772e-01
1.012760950138504201e+00
1.007848970221606688e+00
9.948992049861496989e-01
1.008742057479224519e+00
1.014547124653739640e+00
1.012314406509695397e+00
1.019905648199445958e+00
1.032855413434903058e+00
9.707858490304709376e-01
1.045805178670360158e+00
1.006509339335180053e+00
9.716789362880887682e-01
9.855217887811634769e-01
1.011421319252077566e+00
1.026157259002770106e+00
1.008295513850415492e+00
1.017226386426592910e+00
1.035534675207756328e+00
9.837356142659280378e-01
9.926664868421053445e-01
9.922199432132964292e-01
9.823959833795015140e-01
1.002936990304709175e+00
1.030176151662050010e+00
9.823959833795015140e-01
1.000257728531856127e+00
9.645342382271469006e-01
9.998111849030472120e-01
9.971319231301939423e-01
1.048037896814404624e+00
1.005616252077562445e+00
1.003830077562327006e+00
9.989180976454294925e-01
9.739116544321330116e-01
1.001150815789473736e+00
1.010081688365651154e+00
9.815028961218836834e-01
1.017672930055401714e+00
1.000704272160664932e+00
9.895406814404432705e-01
1.044019004155124719e+00
1.052056789473684306e+00
9.815028961218836834e-01
1.031962326177285449e+00
9.957922922437674185e-01
1.004276621191135810e+00
1.017226386426592910e+00
1.060987662049861502e+00
1.009188601108033323e+00
1.011867862880886593e+00
1.048930984072022232e+00
9.779305470914128051e-01
9.627480637119114615e-01
1.006062795706371249e+00
1.008295513850415492e+00
1.001150815789473736e+00
1.015440211911357471e+00
9.837356142659280378e-01
1.044465547783933523e+00
1.068132360110803480e+00
9.944526613573407836e-01
9.819494397506925987e-01
9.676600436288089746e-01
1.002936990304709175e+00
9.877545069252078314e-01
1.005616252077562445e+00
1.008742057479224519e+00
1.041339742382271449e+00
1.035981218836565132e+00
9.899872250692521858e-01
9.810563524930748791e-01
1.024817628116343471e+00
