8.277129067574565680e-01
6.293677208811006611e-18
7.018045347098781361e-01
3.476755733823469108e-18
4.640967809438396596e-01
4.427620222410833040e-17
1.920508741634377736e-01
-1.690792944061443033e-17
1.118365248037867226e-03
1.780013716464346478e-17
-8.096819419900725956e-01
8.692901162631414609e-17
-6.456046395381372927e-01
8.498054754988163678e-03
-6.456046395381371816e-01
-8.498054754988250414e-03
-3.307397480581719673e-01
9.517995848663174038e-03
-3.307397480581717453e-01
-9.517995848663366593e-03
