9.919743910803325848e-01
9.333092389196676608e-01
8.728663548753463619e-01
9.421978983379503125e-01
9.510865577562328532e-01
9.333092389196676608e-01
9.368647026869807437e-01
1.000863050498615126e+00
9.919743910803325848e-01
9.261983113850417171e-01
1.031084492520775830e+00
9.901966591966759879e-01
9.919743910803325848e-01
9.759748041274239894e-01
9.493088258725762563e-01
9.368647026869807437e-01
9.581974852908587970e-01
9.759748041274239894e-01
9.919743910803325848e-01
9.510865577562328532e-01
8.995323331301939840e-01
1.055972738891966856e+00
9.813079997783934472e-01
9.457533621052632844e-01
9.830857316620500441e-01
9.457533621052632844e-01
1.000863050498615126e+00
9.208651157340721483e-01
9.564197534072023110e-01
9.315315070360111749e-01
1.002640782382271611e+00
9.421978983379503125e-01
9.528642896398893392e-01
9.937521229639890707e-01
9.706416084764544205e-01
9.101987244321331216e-01
9.706416084764544205e-01
9.759748041274239894e-01
9.599752171745153939e-01
8.888659418282549574e-01
9.848634635457065301e-01
9.333092389196676608e-01
8.728663548753463619e-01
9.226428476177286342e-01
9.564197534072023110e-01
8.533113041551247946e-01
8.497558403878117117e-01
8.444226447368422539e-01
7.875352244598339269e-01
7.804242969252078721e-01
7.679801737396122485e-01
6.364280143490305131e-01
9.333092389196676608e-01
1.480850659085872767e+00
1.292411079418282815e+00
1.194635825817174757e+00
1.109304695401662100e+00
1.009751709916897555e+00
1.080860985263158103e+00
1.052417275124653884e+00
1.015084905567867235e+00
1.043528615706371232e+00
1.068416862077562479e+00
1.087971912797784046e+00
1.102193767867036156e+00
9.795302678947369612e-01
9.990853186149585285e-01
9.724193403601109065e-01
1.013307173684210749e+00
1.031084492520775830e+00
9.830857316620500441e-01
9.955298548476455567e-01
9.706416084764544205e-01
9.421978983379503125e-01
1.029306760637119345e+00
9.510865577562328532e-01
9.617529490581718798e-01
9.795302678947369612e-01
8.977546012465374980e-01
1.007973978033241069e+00
1.082638717146814589e+00
9.795302678947369612e-01
9.617529490581718798e-01
1.006196246149584583e+00
9.724193403601109065e-01
9.350869708033242578e-01
9.137541881994460935e-01
9.190873838504156623e-01
9.261983113850417171e-01
9.368647026869807437e-01
1.041750883822714746e+00
9.990853186149585285e-01
1.023973564986149665e+00
9.848634635457065301e-01
1.055972738891966856e+00
9.546420215235458251e-01
9.084209925484765247e-01
1.009751709916897555e+00
9.724193403601109065e-01
9.741970722437673924e-01
9.706416084764544205e-01
9.795302678947369612e-01
9.724193403601109065e-01
8.995323331301939840e-01
8.941991374792245262e-01
9.955298548476455567e-01
9.404201664542937156e-01
1.009751709916897555e+00
8.941991374792245262e-01
9.741970722437673924e-01
9.848634635457065301e-01
9.333092389196676608e-01
9.688638765927979346e-01
9.884189273130195019e-01
8.764218186426594448e-01
8.853104780609419855e-01
9.777525360110804753e-01
9.706416084764544205e-01
8.977546012465374980e-01
8.888659418282549574e-01
9.173096519667591764e-01
9.368647026869807437e-01
7.893129563434904128e-01
9.759748041274239894e-01
8.746440867590028478e-01
8.497558403878117117e-01
9.261983113850417171e-01
9.030877968975070669e-01
9.030877968975070669e-01
7.946461519944599816e-01
8.479781085041552258e-01
8.533113041551247946e-01
8.888659418282549574e-01
8.266453259002770615e-01
8.195343983656511178e-01
8.462003766204987398e-01
9.190873838504156623e-01
1.372409014182825571e+00
1.342187572160665088e+00
1.345743035927978060e+00
1.260411905512465625e+00
1.151970260609418428e+00
1.169747579445983510e+00
1.077305521495844909e+00
1.084416449030471075e+00
1.059528202659279827e+00
1.031084492520775830e+00
1.036417688171745288e+00
9.848634635457065301e-01
1.013307173684210749e+00
1.002640782382271611e+00
1.102193767867036156e+00
1.007973978033241069e+00
1.100416035983379670e+00
1.055972738891966856e+00
1.055972738891966856e+00
9.706416084764544205e-01
9.653084128254848517e-01
1.004418514265928097e+00
9.386424345706372296e-01
9.937521229639890707e-01
9.279760432686982030e-01
9.101987244321331216e-01
9.990853186149585285e-01
9.386424345706372296e-01
9.510865577562328532e-01
9.884189273130195019e-01
9.368647026869807437e-01
9.884189273130195019e-01
9.368647026869807437e-01
9.457533621052632844e-01
9.315315070360111749e-01
9.937521229639890707e-01
9.990853186149585285e-01
9.333092389196676608e-01
9.439756302216067985e-01
9.813079997783934472e-01
1.038195420055401774e+00
1.045306347590027940e+00
1.055972738891966856e+00
9.813079997783934472e-01
9.528642896398893392e-01
9.101987244321331216e-01
9.244205795013851201e-01
9.386424345706372296e-01
9.706416084764544205e-01
8.959768693628810121e-01
1.023973564986149665e+00
9.244205795013851201e-01
9.404201664542937156e-01
8.853104780609419855e-01
9.244205795013851201e-01
9.404201664542937156e-01
8.515335722714683087e-01
9.475310939889197703e-01
8.693108911080333900e-01
8.924214055955679292e-01
9.279760432686982030e-01
8.675331592243767931e-01
9.226428476177286342e-01
8.390894490858726851e-01
8.444226447368422539e-01
8.426449128531856569e-01
9.404201664542937156e-01
8.355339853185597132e-01
8.924214055955679292e-01
8.550890360387812805e-01
8.390894490858726851e-01
8.230898621329640896e-01
8.568667679224377665e-01
7.626469780886427907e-01
7.982016157617729535e-01
7.626469780886427907e-01
7.626469780886427907e-01
8.426449128531856569e-01
8.462003766204987398e-01
1.141303869307479291e+00
1.153747992493074914e+00
1.198191289584487729e+00
1.285300151883656650e+00
1.208857680886426644e+00
1.256856441745152431e+00
1.155525724376731400e+00
1.162636651911357566e+00
1.155525724376731400e+00
1.139526137423822805e+00
1.095082840332410212e+00
1.041750883822714746e+00
1.100416035983379670e+00
1.054195007008310370e+00
1.064861398310249507e+00
1.039973151939058260e+00
9.813079997783934472e-01
1.032862224404432316e+00
9.955298548476455567e-01
9.777525360110804753e-01
1.071972325844875451e+00
9.546420215235458251e-01
1.022195833102493179e+00
1.057750470775623342e+00
1.132415209889196861e+00
1.167969847562327024e+00
1.208857680886426644e+00
1.231968195373961406e+00
1.263967369279778596e+00
1.295966543185595787e+00
1.183969434515235619e+00
1.208857680886426644e+00
1.253300977977839459e+00
1.160858920027701080e+00
1.178636238864266161e+00
1.157303456260387886e+00
1.075527789612188423e+00
1.114637891052631780e+00
1.041750883822714746e+00
1.093305108448753504e+00
1.103971499750692642e+00
1.013307173684210749e+00
1.023973564986149665e+00
1.066639130193905993e+00
1.057750470775623342e+00
1.135970673656509833e+00
1.050639543240997398e+00
1.118193354819944751e+00
1.102193767867036156e+00
1.100416035983379670e+00
1.127082014238227403e+00
1.114637891052631780e+00
1.068416862077562479e+00
1.118193354819944751e+00
1.116415622936288266e+00
1.114637891052631780e+00
