8.953515569997273493e-01
-2.874989205498615261e-19
7.275249782752584160e-01
6.939731786359456358e-17
4.494994519049718140e-01
-9.026206006259126652e-18
2.559793802922857298e-01
6.612957861491644827e-17
-1.408727610646530806e-02
-9.888778636029958666e-18
-8.100265785503238947e-01
1.495957252070472418e-17
-6.466698434286883845e-01
-6.764363732222518528e-03
-6.466698434286883845e-01
6.764363732222497712e-03
-3.307486104307170716e-01
-9.391198369578773741e-03
-3.307486104307171826e-01
9.391198369578718230e-03
