2.064599458337785121e-03 -0.000000000000000000e+00
-7.596210492191176429e-04 -7.596210492191176429e-04
4.413658479917583963e-03 -0.000000000000000000e+00
-9.904815165346361142e-04 -9.904815165346361142e-04
5.018920857306099874e-04 -0.000000000000000000e+00
-3.481834662068959609e-04 -3.481834662068959609e-04
1.085505003565099408e-02 -0.000000000000000000e+00
-1.283028037653519051e-03 -1.283028037653519051e-03
3.580319017242414303e-03 -0.000000000000000000e+00
-1.002223735622701862e-03 -1.002223735622701862e-03
4.856710744451503241e-03 -0.000000000000000000e+00
-9.944039786478604901e-04 -9.944039786478604901e-04
1.961563830264312532e-03 -0.000000000000000000e+00
-7.205676820821728347e-04 -7.205676820821728347e-04
2.953156550895715948e-03 -0.000000000000000000e+00
-8.683558669393373923e-04 -8.683558669393373923e-04
3.959227646179293292e-03 -0.000000000000000000e+00
-1.060145423649239789e-03 -1.060145423649239789e-03
4.164529330667392053e-03 -0.000000000000000000e+00
-1.039211376685192107e-03 -1.039211376685192107e-03
