1.002764853258943711e+00 0.000000000000000000e+00
1.002213860421170777e+00 0.000000000000000000e+00
1.001619876702354084e+00 0.000000000000000000e+00
1.000977084957132224e+00 0.000000000000000000e+00
1.000278518274650752e+00 0.000000000000000000e+00
9.995157550022019111e-01 0.000000000000000000e+00
9.986785102725292962e-01 0.000000000000000000e+00
9.977540804050682999e-01 0.000000000000000000e+00
9.967265741367964393e-01 0.000000000000000000e+00
9.955758283663687092e-01 0.000000000000000000e+00
9.942758457402048888e-01 0.000000000000000000e+00
9.927924877824740868e-01 0.000000000000000000e+00
9.910799729069577069e-01 0.000000000000000000e+00
9.890753870130686298e-01 0.000000000000000000e+00
9.866897507556057212e-01 0.000000000000000000e+00
9.837928253352535846e-01 0.000000000000000000e+00
9.801858522229374149e-01 0.000000000000000000e+00
9.755493311863122630e-01 0.000000000000000000e+00
9.693343469426320969e-01 0.000000000000000000e+00
9.605105649666484391e-01 0.000000000000000000e+00
9.468881208289188223e-01 0.000000000000000000e+00
9.228427695335674752e-01 0.000000000000000000e+00
8.682235639505102576e-01 0.000000000000000000e+00
6.157941473753889561e-01 0.000000000000000000e+00
1.477975282059050377e+00 0.000000000000000000e+00
1.151897967313455506e+00 0.000000000000000000e+00
1.091273683410640905e+00 0.000000000000000000e+00
1.065359100127750924e+00 0.000000000000000000e+00
1.050713880502896602e+00 0.000000000000000000e+00
1.041084645470761849e+00 0.000000000000000000e+00
1.034083088142632834e+00 0.000000000000000000e+00
1.028588997024327600e+00 0.000000000000000000e+00
1.023995288463235953e+00 0.000000000000000000e+00
1.019930067316802802e+00 0.000000000000000000e+00
1.016134922350345970e+00 0.000000000000000000e+00
1.012401757871863150e+00 0.000000000000000000e+00
1.008531351673201515e+00 0.000000000000000000e+00
1.004294925793166371e+00 0.000000000000000000e+00
9.993820395501230580e-01 0.000000000000000000e+00
9.933064663617157120e-01 0.000000000000000000e+00
9.851992915876037760e-01 0.000000000000000000e+00
9.732660739163148111e-01 0.000000000000000000e+00
9.530055702528119621e-01 0.000000000000000000e+00
9.088240410379120338e-01 0.000000000000000000e+00
7.240679730015611160e-01 0.000000000000000000e+00
1.499156287384347142e+00 0.000000000000000000e+00
1.152590013132239299e+00 0.000000000000000000e+00
1.096252072539294131e+00 0.000000000000000000e+00
1.072804024992979333e+00 0.000000000000000000e+00
1.059732330968542691e+00 0.000000000000000000e+00
1.051244936105134364e+00 0.000000000000000000e+00
1.045172536317082956e+00 0.000000000000000000e+00
1.040513751186008973e+00 0.000000000000000000e+00
1.036736371143277768e+00 0.000000000000000000e+00
1.033524158018636951e+00 0.000000000000000000e+00
1.030667998240598182e+00 0.000000000000000000e+00
1.028011145581405605e+00 0.000000000000000000e+00
1.025415077209688164e+00 0.000000000000000000e+00
1.022729048652909700e+00 0.000000000000000000e+00
1.019747112971349123e+00 0.000000000000000000e+00
1.016119296902991076e+00 0.000000000000000000e+00
1.011109215016785301e+00 0.000000000000000000e+00
1.002709887978802561e+00 0.000000000000000000e+00
9.824637699489435771e-01 0.000000000000000000e+00
7.962195065354256140e-01 0.000000000000000000e+00
1.092384193675380644e+00 0.000000000000000000e+00
1.052552744258690165e+00 0.000000000000000000e+00
1.040872234029234011e+00 0.000000000000000000e+00
1.034937174215323497e+00 0.000000000000000000e+00
1.031131062777336682e+00 0.000000000000000000e+00
1.028339744524653598e+00 0.000000000000000000e+00
1.026102518047850021e+00 0.000000000000000000e+00
1.024191030200875430e+00 0.000000000000000000e+00
1.022476053720146716e+00 0.000000000000000000e+00
1.020875771995255032e+00 0.000000000000000000e+00
1.019332474603724004e+00 0.000000000000000000e+00
1.017800601018131967e+00 0.000000000000000000e+00
1.016239668452123102e+00 0.000000000000000000e+00
1.014609230058431955e+00 0.000000000000000000e+00
1.012864314747451200e+00 0.000000000000000000e+00
1.010950168316469888e+00 0.000000000000000000e+00
1.008794917174554939e+00 0.000000000000000000e+00
1.006297922663315525e+00 0.000000000000000000e+00
1.003309488557696749e+00 0.000000000000000000e+00
9.995924552290559317e-01 0.000000000000000000e+00
9.947426978009593634e-01 0.000000000000000000e+00
9.880052897542541679e-01 0.000000000000000000e+00
9.777809846959607532e-01 0.000000000000000000e+00
9.599756306124735961e-01 0.000000000000000000e+00
9.199953732879090351e-01 0.000000000000000000e+00
7.387431334038064845e-01 0.000000000000000000e+00
1.376056005260233306e+00 0.000000000000000000e+00
1.128365737998485940e+00 0.000000000000000000e+00
1.083089596936200216e+00 0.000000000000000000e+00
1.063761010504040705e+00 0.000000000000000000e+00
1.052833229794091441e+00 0.000000000000000000e+00
1.045653518176941743e+00 0.000000000000000000e+00
1.040453838602245940e+00 0.000000000000000000e+00
1.036411667621717214e+00 0.000000000000000000e+00
1.033088825352291851e+00 0.000000000000000000e+00
1.030226536097639478e+00 0.000000000000000000e+00
1.027657739921740143e+00 0.000000000000000000e+00
1.025264685190124370e+00 0.000000000000000000e+00
1.022955973027377619e+00 0.000000000000000000e+00
1.020652373513873279e+00 0.000000000000000000e+00
1.018276264757093985e+00 0.000000000000000000e+00
1.015741515318924648e+00 0.000000000000000000e+00
1.012940833213997527e+00 0.000000000000000000e+00
1.009726193681359518e+00 0.000000000000000000e+00
1.005873626354473194e+00 0.000000000000000000e+00
1.001011709796943316e+00 0.000000000000000000e+00
9.944571571618598949e-01 0.000000000000000000e+00
9.847730584681906318e-01 0.000000000000000000e+00
9.682830160533381081e-01 0.000000000000000000e+00
9.317699951754874199e-01 0.000000000000000000e+00
7.627712100210838342e-01 0.000000000000000000e+00
1.308529148846708567e+00 0.000000000000000000e+00
1.108413619539536654e+00 0.000000000000000000e+00
1.068396811797087897e+00 0.000000000000000000e+00
1.049451525476418734e+00 0.000000000000000000e+00
1.036686201749763336e+00 0.000000000000000000e+00
1.025572113970338872e+00 0.000000000000000000e+00
1.013323500259183607e+00 0.000000000000000000e+00
9.960130928664485683e-01 0.000000000000000000e+00
9.622696603905512847e-01 0.000000000000000000e+00
8.346020394129057829e-01 0.000000000000000000e+00
1.456087020594561743e+00 0.000000000000000000e+00
1.144927901598392861e+00 0.000000000000000000e+00
1.099221603124941327e+00 0.000000000000000000e+00
1.080366753672849178e+00 0.000000000000000000e+00
1.069856378793724305e+00 0.000000000000000000e+00
1.063042403792445079e+00 0.000000000000000000e+00
1.058202410834247376e+00 0.000000000000000000e+00
1.054547647198842419e+00 0.000000000000000000e+00
1.051664237234935850e+00 0.000000000000000000e+00
1.049313172997379029e+00 0.000000000000000000e+00
1.047346203581836832e+00 0.000000000000000000e+00
1.045666114216151188e+00 0.000000000000000000e+00
1.044206241009443925e+00 0.000000000000000000e+00
1.042919145357714461e+00 0.000000000000000000e+00
1.041769987868716107e+00 0.000000000000000000e+00
1.040732463868945246e+00 0.000000000000000000e+00
1.039786206485072473e+00 0.000000000000000000e+00
1.038915065795316117e+00 0.000000000000000000e+00
1.038105928541798173e+00 0.000000000000000000e+00
1.037347879553873087e+00 0.000000000000000000e+00
1.036631581692146309e+00 0.000000000000000000e+00
1.035948793917216060e+00 0.000000000000000000e+00
1.035291971048774018e+00 0.000000000000000000e+00
1.034653900882098965e+00 0.000000000000000000e+00
1.034027337581165495e+00 0.000000000000000000e+00
1.033404584862648523e+00 0.000000000000000000e+00
1.032776965604972341e+00 0.000000000000000000e+00
1.032134078535158928e+00 0.000000000000000000e+00
1.031462670195267162e+00 0.000000000000000000e+00
1.030744801748014305e+00 0.000000000000000000e+00
1.029954669564076664e+00 0.000000000000000000e+00
1.029052696452691595e+00 0.000000000000000000e+00
1.027973629747580553e+00 0.000000000000000000e+00
1.026600027012654071e+00 0.000000000000000000e+00
1.024694707388414283e+00 0.000000000000000000e+00
1.021692164970673167e+00 0.000000000000000000e+00
1.015821702684358119e+00 0.000000000000000000e+00
9.972009800962530202e-01 0.000000000000000000e+00
1.266045552827505638e+00 0.000000000000000000e+00
1.057460466911503083e+00 0.000000000000000000e+00
1.044687198292317376e+00 0.000000000000000000e+00
1.039893616889037142e+00 0.000000000000000000e+00
1.037277914000254597e+00 0.000000000000000000e+00
1.035563023972998931e+00 0.000000000000000000e+00
1.034304264096356452e+00 0.000000000000000000e+00
1.033305202703178161e+00 0.000000000000000000e+00
1.032464690247965944e+00 0.000000000000000000e+00
1.031724365168625202e+00 0.000000000000000000e+00
1.031047157656178825e+00 0.000000000000000000e+00
1.030407250305491296e+00 0.000000000000000000e+00
1.029784824251281039e+00 0.000000000000000000e+00
1.029162953010413384e+00 0.000000000000000000e+00
1.028525448853641056e+00 0.000000000000000000e+00
1.027855013552743557e+00 0.000000000000000000e+00
1.027131218769137710e+00 0.000000000000000000e+00
1.026327791542062551e+00 0.000000000000000000e+00
1.025408383517025790e+00 0.000000000000000000e+00
1.024319244215796676e+00 0.000000000000000000e+00
1.022975348230585890e+00 0.000000000000000000e+00
1.021231553192270436e+00 0.000000000000000000e+00
1.018815404437889205e+00 0.000000000000000000e+00
1.015144668503353387e+00 0.000000000000000000e+00
1.008705815813492501e+00 0.000000000000000000e+00
9.939340112361970681e-01 0.000000000000000000e+00
9.200703216709325005e-01 0.000000000000000000e+00
1.136263247374248664e+00 0.000000000000000000e+00
1.065331216045662943e+00 0.000000000000000000e+00
1.050747785226367137e+00 0.000000000000000000e+00
1.044297135309705915e+00 0.000000000000000000e+00
1.040540512427412967e+00 0.000000000000000000e+00
1.037978731125695386e+00 0.000000000000000000e+00
1.036020325292894784e+00 0.000000000000000000e+00
1.034369327981925712e+00 0.000000000000000000e+00
1.032838778455377193e+00 0.000000000000000000e+00
1.031269991390968421e+00 0.000000000000000000e+00
1.029471396774949588e+00 0.000000000000000000e+00
1.027120479848290024e+00 0.000000000000000000e+00
1.023491617598384140e+00 0.000000000000000000e+00
1.016306953886455311e+00 0.000000000000000000e+00
9.920812834144683290e-01 0.000000000000000000e+00
1.217683785812046615e+00 0.000000000000000000e+00
1.064646190129588277e+00 0.000000000000000000e+00
1.051193524539300483e+00 0.000000000000000000e+00
1.046207900992201845e+00 0.000000000000000000e+00
1.043684174094585693e+00 0.000000000000000000e+00
1.042256040078391566e+00 0.000000000000000000e+00
1.041458131043490720e+00 0.000000000000000000e+00
1.041111611493397371e+00 0.000000000000000000e+00
1.041169656059508730e+00 0.000000000000000000e+00
1.041684557967691882e+00 0.000000000000000000e+00
1.042844245154236349e+00 0.000000000000000000e+00
1.045134681553385292e+00 0.000000000000000000e+00
1.049981713256723292e+00 0.000000000000000000e+00
1.063645650134474874e+00 0.000000000000000000e+00
1.220898251608926399e+00 0.000000000000000000e+00
9.865979048118045380e-01 0.000000000000000000e+00
1.011656130330051306e+00 0.000000000000000000e+00
1.018683405446884516e+00 0.000000000000000000e+00
1.021910488760087610e+00 0.000000000000000000e+00
1.023718968302813170e+00 0.000000000000000000e+00
1.024848061902875473e+00 0.000000000000000000e+00
1.025601630763254501e+00 0.000000000000000000e+00
1.026127234429351498e+00 0.000000000000000000e+00
1.026504990770946701e+00 0.000000000000000000e+00
1.026782036974735357e+00 0.000000000000000000e+00
1.026987839854805129e+00 0.000000000000000000e+00
1.027141714827695340e+00 0.000000000000000000e+00
1.027256815053264605e+00 0.000000000000000000e+00
1.027342382091896544e+00 0.000000000000000000e+00
1.027405081074445725e+00 0.000000000000000000e+00
1.027449826556432022e+00 0.000000000000000000e+00
1.027480311703885985e+00 0.000000000000000000e+00
1.027499357799722457e+00 0.000000000000000000e+00
1.027509151211639438e+00 0.000000000000000000e+00
1.027511407786411812e+00 0.000000000000000000e+00
1.027507489228614901e+00 0.000000000000000000e+00
1.027498486983295933e+00 0.000000000000000000e+00
1.027485283677064709e+00 0.000000000000000000e+00
1.027468598777790953e+00 0.000000000000000000e+00
1.027449022973636605e+00 0.000000000000000000e+00
1.027427044368235176e+00 0.000000000000000000e+00
1.027403068658044427e+00 0.000000000000000000e+00
1.027377434829688907e+00 0.000000000000000000e+00
1.027350427484151396e+00 0.000000000000000000e+00
