1.040651810941828570e+00
1.065627454404432406e+00
1.146104527783933680e+00
1.004575881495845202e+00
1.004575881495845202e+00
1.040651810941828570e+00
1.048977025429363108e+00
1.010126024487534746e+00
1.024001381966759272e+00
1.140554384792244136e+00
1.071177597396122172e+00
1.196055814709141574e+00
9.796002380332412551e-01
1.018451238975069506e+00
9.907005240166206761e-01
1.068402525900277178e+00
1.021226310470914278e+00
1.024001381966759272e+00
9.796002380332412551e-01
9.657248805540168402e-01
1.107253526842105540e+00
1.143329456288088908e+00
1.021226310470914278e+00
1.001800810000000208e+00
9.823753095290861381e-01
1.032326596454293810e+00
9.213237366204988232e-01
9.657248805540168402e-01
1.015676167479224512e+00
9.796002380332412551e-01
9.351990940997232382e-01
1.024001381966759272e+00
1.029551524958449038e+00
9.990257385041553251e-01
9.546245945706373082e-01
1.024001381966759272e+00
9.823753095290861381e-01
1.010126024487534746e+00
9.435243085872578872e-01
1.143329456288088908e+00
1.040651810941828570e+00
9.851503810249310211e-01
9.990257385041553251e-01
9.518495230747924252e-01
1.024001381966759272e+00
8.602721637119115083e-01
9.185486651246539402e-01
1.085052954875346476e+00
8.963480931578949873e-01
9.768251665373963721e-01
9.518495230747924252e-01
1.048977025429363108e+00
9.684999520498617231e-01
9.546245945706373082e-01
1.018451238975069506e+00
9.657248805540168402e-01
9.684999520498617231e-01
9.490744515789475422e-01
9.546245945706373082e-01
1.032326596454293810e+00
1.010126024487534746e+00
9.546245945706373082e-01
1.112803669833795306e+00
1.021226310470914278e+00
1.032326596454293810e+00
1.024001381966759272e+00
9.990257385041553251e-01
9.712750235457066061e-01
9.962506670083104421e-01
1.032326596454293810e+00
9.934755955124655591e-01
1.060077311412742640e+00
9.657248805540168402e-01
9.268738796121885892e-01
1.046201953933518336e+00
1.001800810000000208e+00
9.934755955124655591e-01
9.934755955124655591e-01
1.004575881495845202e+00
1.046201953933518336e+00
9.185486651246539402e-01
1.090603097867036242e+00
1.004575881495845202e+00
1.082277883379501704e+00
9.573996660664821912e-01
1.051752096925208102e+00
1.085052954875346476e+00
9.907005240166206761e-01
9.490744515789475422e-01
9.740500950415514891e-01
1.062852382908587412e+00
9.629498090581719572e-01
9.934755955124655591e-01
9.934755955124655591e-01
8.658223067036012743e-01
1.004575881495845202e+00
1.035101667950138804e+00
9.657248805540168402e-01
9.907005240166206761e-01
9.074483791412744083e-01
1.054527168421052874e+00
9.684999520498617231e-01
1.076727740387811938e+00
9.268738796121885892e-01
1.037876739445983576e+00
9.990257385041553251e-01
1.090603097867036242e+00
9.240988081163437062e-01
1.107253526842105540e+00
1.046201953933518336e+00
1.037876739445983576e+00
9.240988081163437062e-01
1.004575881495845202e+00
1.021226310470914278e+00
9.490744515789475422e-01
1.132229170304709376e+00
9.573996660664821912e-01
1.054527168421052874e+00
1.035101667950138804e+00
1.010126024487534746e+00
