8.182587277852834129e-01
-2.757875748788957831e-17
7.267107284673118839e-01
-1.034212625185490601e-16
3.920694819267109832e-01
9.523132380060120379e-17
2.555383181043867080e-01
-1.552081627178813948e-17
-6.440473587076982476e-01
3.882126363387628089e-17
-8.100337238212232949e-01
-4.089475095954558069e-03
-8.100337238212234059e-01
4.089475095954242349e-03
-3.319623860329447007e-01
-9.454079770068252869e-03
-3.319623860329444787e-01
9.454079770068121030e-03
1.129606275601905199e-02
1.862442922892434758e-17
