8.248093236361140335e-01
3.505866740306828877e-02
8.248093236361111469e-01
-3.505866740306585322e-02
-1.518493740169307542e-02
-2.292257611447646656e-02
-1.518493740169253939e-02
2.292257611447648044e-02
-8.099506903998803242e-01
-4.140964888687736697e-03
-8.099506903998809904e-01
4.140964888688066295e-03
-6.442832153389741467e-01
8.856807692348965880e-03
-6.442832153389741467e-01
-8.856807692349213945e-03
-3.301024576429468227e-01
-1.061566504463579835e-02
-3.301024576429469337e-01
1.061566504463587989e-02
