1.017218434127423743e+00
1.051234903933517817e+00
9.937848660387810229e-01
9.743828795567865964e-01
9.920210490858724084e-01
1.003611846204986113e+00
1.005627637008310149e+00
1.000084212299168884e+00
9.612802393351799202e-01
9.907611798337948583e-01
1.029061205096952758e+00
1.023517780387811493e+00
1.013690800221606514e+00
1.023517780387811493e+00
1.022257911135733943e+00
1.032840812853185408e+00
1.006131584709141213e+00
1.006383558559556635e+00
9.895013105817173082e-01
9.978164476454292053e-01
9.910131536842103905e-01
9.993282907479222876e-01
1.010919087867035771e+00
1.028557257396121694e+00
1.020494094182825329e+00
1.106417177174515043e+00
1.149504705595567611e+00
1.004871715457063663e+00
1.013690800221606514e+00
1.001092107700830791e+00
1.004115793905816956e+00
1.028809231246537337e+00
9.975644737950136731e-01
9.937848660387810229e-01
1.027297388144044143e+00
1.002855924653739406e+00
1.017218434127423743e+00
9.900052582825483727e-01
1.020494094182825329e+00
9.942888137396120873e-01
1.014698695623268643e+00
1.014194747922437578e+00
9.945407875900276196e-01
9.741309057063710641e-01
9.920210490858724084e-01
1.026037518891966593e+00
9.978164476454292053e-01
1.093818484653739542e+00
1.114984288088642472e+00
1.062573727202215990e+00
1.023769754238226914e+00
1.003107898504155049e+00
1.006131584709141213e+00
9.950447352908585730e-01
1.012430930969528964e+00
1.036872394459833702e+00
9.945407875900276196e-01
1.029061205096952758e+00
9.935328921883654907e-01
9.829499904709140257e-01
9.862256505263156114e-01
9.927769706371190050e-01
9.975644737950136731e-01
1.007895401662049828e+00
9.980684214958447376e-01
9.832019643213295579e-01
1.009911192465373864e+00
9.900052582825483727e-01
1.003611846204986113e+00
1.024273701939057979e+00
9.945407875900276196e-01
1.015454617174515128e+00
1.028053309695290629e+00
1.008147375512465249e+00
9.905092059833793261e-01
9.683355071468142672e-01
1.015958564875346193e+00
1.006383558559556635e+00
9.995802645983378198e-01
9.920210490858724084e-01
9.995802645983378198e-01
1.000588159999999949e+00
9.947927614404430408e-01
1.018982251080332357e+00
1.033092786703601051e+00
1.018730277229916714e+00
9.809341996675898789e-01
1.014950669473684064e+00
1.030573048199445951e+00
1.056778328642659082e+00
1.099361909362880807e+00
1.065849387257617575e+00
1.027801335844875208e+00
1.008399349362880670e+00
1.002100003102492920e+00
1.001092107700830791e+00
1.002351976952908563e+00
9.983203953462602698e-01
1.010163166315789285e+00
1.013186852520775449e+00
1.002603950803323984e+00
1.007391453961218764e+00
9.809341996675898789e-01
9.731230103047090463e-01
1.016714486426592678e+00
9.806822258171743467e-01
9.892493367313017760e-01
1.003359872354570470e+00
9.960526306925205908e-01
1.013186852520775449e+00
1.004115793905816956e+00
1.008147375512465249e+00
1.009407244764542799e+00
1.009407244764542799e+00
9.932809183379499585e-01
1.022257911135733943e+00
1.009407244764542799e+00
1.024021728088642558e+00
1.011926983268697899e+00
1.016462512576177257e+00
1.010163166315789285e+00
1.004871715457063663e+00
9.995802645983378198e-01
1.030069100498614887e+00
1.028305283545706272e+00
1.015706591024930550e+00
1.002855924653739406e+00
1.013942774072021935e+00
1.001344081551246434e+00
1.025533571191135529e+00
1.013942774072021935e+00
1.030069100498614887e+00
1.011423035567866835e+00
1.062321753351800346e+00
1.019738172631578843e+00
1.032840812853185408e+00
1.047707270027700588e+00
1.014194747922437578e+00
9.905092059833793261e-01
1.010163166315789285e+00
1.012178957119113543e+00
9.884934151800552904e-01
1.004367767756232599e+00
9.849657812742380614e-01
1.010919087867035771e+00
9.940368398891965551e-01
9.993282907479222876e-01
1.022257911135733943e+00
1.012430930969528964e+00
9.738789318559555319e-01
9.824460427700829612e-01
1.015706591024930550e+00
9.927769706371190050e-01
1.027801335844875208e+00
9.869815720775622081e-01
9.995802645983378198e-01
1.033092786703601051e+00
1.002351976952908563e+00
1.003107898504155049e+00
1.034100682105262958e+00
1.038132263711911252e+00
1.022005937285318522e+00
1.000588159999999949e+00
1.032336865152354344e+00
1.044431609972299002e+00
1.014950669473684064e+00
9.758947226592796786e-01
1.033344760554016473e+00
9.988243430470913342e-01
1.015202643324099485e+00
9.889973628808862438e-01
9.912651275346259228e-01
9.905092059833793261e-01
1.012178957119113543e+00
1.008903297063711735e+00
1.006383558559556635e+00
1.022509884986149364e+00
1.001596055401661856e+00
1.015706591024930550e+00
9.786664350138503110e-01
9.826980166204984934e-01
9.751388011080330820e-01
9.789184088642658432e-01
9.937848660387810229e-01
9.960526306925205908e-01
9.748868272576175498e-01
1.014698695623268643e+00
1.008147375512465249e+00
9.950447352908585730e-01
1.005879610858725570e+00
9.826980166204984934e-01
9.562407623268697199e-01
1.022761858836565008e+00
9.950447352908585730e-01
1.005879610858725570e+00
9.781624873130192466e-01
9.912651275346259228e-01
1.018478303379501293e+00
1.004115793905816956e+00
1.020998041883656393e+00
1.038132263711911252e+00
1.021250015734071814e+00
9.723670887534624496e-01
1.023769754238226914e+00
9.902572321329639049e-01
1.001344081551246434e+00
9.952967091412741052e-01
9.975644737950136731e-01
1.012934878670360028e+00
9.968085522437671875e-01
1.003863820055401535e+00
9.892493367313017760e-01
9.791703827146812644e-01
1.023013832686980429e+00
9.809341996675898789e-01
1.000840133850415370e+00
9.910131536842103905e-01
1.006635532409972278e+00
9.799263042659278611e-01
9.920210490858724084e-01
1.020494094182825329e+00
1.021753963434902879e+00
1.005879610858725570e+00
9.854697289750691258e-01
9.799263042659278611e-01
1.039896080664819866e+00
1.021753963434902879e+00
9.920210490858724084e-01
9.942888137396120873e-01
9.867295982271466759e-01
1.022761858836565008e+00
1.022005937285318522e+00
1.015202643324099485e+00
1.015454617174515128e+00
1.020998041883656393e+00
1.007895401662049828e+00
1.002855924653739406e+00
1.006131584709141213e+00
1.012178957119113543e+00
9.942888137396120873e-01
1.012934878670360028e+00
1.042415819168974966e+00
1.008399349362880670e+00
1.055518459390581532e+00
1.011423035567866835e+00
1.027549361994459787e+00
1.021753963434902879e+00
1.021501989584487458e+00
1.032336865152354344e+00
9.748868272576175498e-01
1.027045414293628722e+00
9.910131536842103905e-01
1.011926983268697899e+00
9.867295982271466759e-01
9.907611798337948583e-01
9.832019643213295579e-01
1.017722381828254807e+00
1.027045414293628722e+00
1.026541466592797658e+00
1.010919087867035771e+00
1.018982251080332357e+00
9.985723691966758020e-01
1.022509884986149364e+00
1.000588159999999949e+00
1.022509884986149364e+00
1.012178957119113543e+00
1.007643427811634185e+00
9.821940689196674290e-01
1.031328969750692437e+00
1.003611846204986113e+00
