1.007442792243767649e+00
1.016437817174515645e+00
9.624676675900281086e-01
9.984477673130197628e-01
9.624676675900281086e-01
9.714626925207759944e-01
9.557213988919671666e-01
9.534726426592801118e-01
8.815124432132968035e-01
1.025432842105263642e+00
9.579701551246541102e-01
9.647164238227150523e-01
9.737114487534630491e-01
9.040000055401665735e-01
9.377313490304712840e-01
8.815124432132968035e-01
8.635223933518009209e-01
8.972537368421056314e-01
9.129950304709144593e-01
8.365373185595571526e-01
8.410348310249310400e-01
7.263482631578950244e-01
1.326766177285319204e+00
1.110885578947368835e+00
1.047920404432133301e+00
1.016437817174515645e+00
9.961990110803328191e-01
9.444776177285322261e-01
1.079402991689751179e+00
1.083900504155125066e+00
9.984477673130197628e-01
1.068159210526316238e+00
9.849552299168978786e-01
1.014189060941828702e+00
1.005194036011080705e+00
9.714626925207759944e-01
1.036676623268698583e+00
9.512238864265931682e-01
9.782089612188369365e-01
9.939502548476458754e-01
9.534726426592801118e-01
9.827064736842109349e-01
9.872039861495849333e-01
8.995024930747925751e-01
9.984477673130197628e-01
9.062487617728535172e-01
8.837611994459837472e-01
8.882587119113577456e-01
9.467263739612191698e-01
8.905074681440446893e-01
8.522786121883659805e-01
9.152437867036015140e-01
9.084975180055405719e-01
8.455323434903050384e-01
8.657711495844878646e-01
7.375920443213299649e-01
1.308776127423823210e+00
1.207582096952908968e+00
1.218825878116343908e+00
1.061412941828255185e+00
1.050169160664820467e+00
1.005194036011080705e+00
1.041174135734072470e+00
9.894527423822718770e-01
9.467263739612191698e-01
1.025432842105263642e+00
1.054666673130194354e+00
8.995024930747925751e-01
9.489751301939062245e-01
1.047920404432133301e+00
9.040000055401665735e-01
9.669651800554021071e-01
9.467263739612191698e-01
9.939502548476458754e-01
1.014189060941828702e+00
1.011940304709141758e+00
9.669651800554021071e-01
1.005194036011080705e+00
9.444776177285322261e-01
9.872039861495849333e-01
9.062487617728535172e-01
8.905074681440446893e-01
8.927562243767316330e-01
9.714626925207759944e-01
8.500298559556790368e-01
7.623283628808867896e-01
7.735721440443216190e-01
7.600796066481997348e-01
8.680199058171749193e-01
1.144616922437673656e+00
1.263801002770083670e+00
1.164855728531856371e+00
1.086149260387812010e+00
1.086149260387812010e+00
1.119880603878116831e+00
1.092895529085873063e+00
1.007442792243767649e+00
9.264875678670363435e-01
1.088398016620498954e+00
1.200835828254848137e+00
1.173850753462604368e+00
1.113134335180055778e+00
1.191840803324100140e+00
1.119880603878116831e+00
1.072656722991690126e+00
1.131124385041551772e+00
1.086149260387812010e+00
1.090646772853186119e+00
1.126626872576177663e+00
1.236815927977839902e+00
1.133373141274238716e+00
1.162606972299169428e+00
