9.489056007232709034e-01
9.718842737288215794e-01
9.882275944017805402e-01
9.698528225196947350e-01
9.632533488424759316e-01
9.596017329941127771e-01
9.569850169087397163e-01
9.548052967508013911e-01
9.528161804718036088e-01
9.508937397762805555e-01
9.489642672390766753e-01
9.469764421242391483e-01
9.448887278652808863e-01
9.426626778795471617e-01
9.402586355132529494e-01
9.376322651846794587e-01
9.347310422413733777e-01
9.314900210038070671e-01
9.278261201043023210e-01
9.236298332040047132e-01
9.187525747582303559e-01
9.129864928678494973e-01
9.060308079512221502e-01
8.974328856947713096e-01
8.864791584969708982e-01
8.719796936439943025e-01
8.518104711799419082e-01
8.218727232612360600e-01
7.738234411628637233e-01
6.973260888696042326e-01
8.567653090023201745e-01
1.459781967983894369e+00
1.253065760466193668e+00
1.149762907530259781e+00
1.096743784845153558e+00
1.064837374137265202e+00
1.043334524388982221e+00
1.027605565278080224e+00
1.015349883628958949e+00
1.005294469693629011e+00
9.966706442330003357e-01
9.889769108674819620e-01
9.818602437999303101e-01
9.750509721267353047e-01
9.683233208055772590e-01
9.614682229604579744e-01
9.542710719189029245e-01
9.464894781958547165e-01
9.378266400575899775e-01
9.278953992566683073e-01
9.161674528977306053e-01
9.019060887549662509e-01
8.841129893859612787e-01
8.617094392964227412e-01
8.352862292873448613e-01
8.185993963142129681e-01
8.971768909931475688e-01
1.183787279680741600e+00
1.286056024142768095e+00
1.232985916653329461e+00
1.178763974653464164e+00
1.140233468577354081e+00
1.113078929095722369e+00
1.093231981971611200e+00
1.078146319905477490e+00
1.066274937420724545e+00
1.056652565887176598e+00
1.048654301915252329e+00
1.041860613390730217e+00
1.035980317823244068e+00
1.030805181370934909e+00
1.026182221995710853e+00
1.021996249975837490e+00
1.018158522465199223e+00
1.014599161561866802e+00
1.011261953263888014e+00
1.008100689421508989e+00
1.005076530390658363e+00
1.002156053875879582e+00
9.993097698379266314e-01
9.965109523615438558e-01
9.937346840173686413e-01
9.909570363090779432e-01
9.881543269905191940e-01
9.853024046741767350e-01
9.823759150320343636e-01
9.793475017786574810e-01
9.761868894618657144e-01
9.728597829907983385e-01
9.693264989437357926e-01
9.655402127913097488e-01
9.614446589592514636e-01
9.569710486351840073e-01
9.520338598066917513e-01
9.465249836866267419e-01
9.403054482412617210e-01
9.331935353541033207e-01
9.249475090922045784e-01
9.152403771176791381e-01
9.036234401071057132e-01
8.894766512300795736e-01
8.719552157916841129e-01
8.500000754312446727e-01
8.227566535877306464e-01
7.920966199675538721e-01
7.754564179408393043e-01
8.545829844102154071e-01
1.138074641275870658e+00
1.324004582224816762e+00
1.310210653588424590e+00
1.257262670431032126e+00
1.212012697472363065e+00
1.177932070501495065e+00
1.152381205324779501e+00
1.133000693126322567e+00
1.118597969977838780e+00
1.108372954435696167e+00
1.098593384643491211e+00
1.089116803835850522e+00
1.081103944949563855e+00
1.074349662957879481e+00
1.068543336775132024e+00
1.063464674002879917e+00
1.058960091309884444e+00
1.054918024243427510e+00
1.051254283549204027e+00
1.047903399929905222e+00
1.044813221302185458e+00
1.041941351623046019e+00
1.039252695042503616e+00
1.036717698957568601e+00
1.034311057838477765e+00
1.032010730781685925e+00
1.029797178016911285e+00
1.027652753389543427e+00
1.025561210621962926e+00
1.023507296625431495e+00
1.021476420161195664e+00
1.019454405879509196e+00
1.017427387222056723e+00
1.015381987737856928e+00
1.013306096818323176e+00
1.011190177547739877e+00
1.009024009650099085e+00
1.006775354919165366e+00
1.004394499405426577e+00
1.001873397009918287e+00
9.992247078277671779e-01
9.964615708245559977e-01
9.936202596514407404e-01
9.907974613155262622e-01
9.882156520718098358e-01
9.863505933724585617e-01
9.861725063342150488e-01
9.895363819205922340e-01
9.995090940417334924e-01
1.019453345230705965e+00
1.048684480849489953e+00
1.077836996730755059e+00
1.095701333587939086e+00
1.100475975897193814e+00
1.097220153288064548e+00
1.090746561848667806e+00
1.083635608178251664e+00
1.076935133648624587e+00
1.070964406131172275e+00
1.065749877577215621e+00
1.061217138449668473e+00
1.057267683785968249e+00
1.053807006236677335e+00
1.050753196056138705e+00
1.048038134078424610e+00
1.045606148929361101e+00
1.043412046360822298e+00
1.041419217210305392e+00
1.039598053597784899e+00
1.037924724883042105e+00
1.036380311776859964e+00
1.034950299367346727e+00
1.033624463116204373e+00
1.032397243018924771e+00
1.031268799974891293e+00
1.030247103793941799e+00
1.029351630852210153e+00
1.028619515598894640e+00
1.028115025305093244e+00
1.027941877494980893e+00
1.028251681649893445e+00
1.029223248597418872e+00
1.030955761368090862e+00
1.033237503696491588e+00
1.035384218393515576e+00
1.036579181895142199e+00
1.036522968729365335e+00
1.035524201921294241e+00
1.034061825450487415e+00
1.032479448635164276e+00
1.030950746306616539e+00
1.029541379236293741e+00
1.028264284800668227e+00
1.027110886503092679e+00
1.026065773644941004e+00
1.025112849117084668e+00
1.024237572696079512e+00
1.023427547636828638e+00
1.022672461003443223e+00
1.021963810292046082e+00
1.021294591889456260e+00
1.020659016097636540e+00
1.020052267293772186e+00
1.019470309702345645e+00
1.018909733088905201e+00
1.018367631399604178e+00
1.017841507932286005e+00
1.017329201764068269e+00
1.016828831379256837e+00
1.016338752577353510e+00
1.015857528776050955e+00
1.015383912805323918e+00
1.014916840298431655e+00
1.014455435937979155e+00
1.013999035267543647e+00
1.013547226758064079e+00
1.013099921661296809e+00
1.012657463408095593e+00
1.012220794720228856e+00
1.011791710445739900e+00
1.011373239300052962e+00
1.010970220987956081e+00
1.010590180333114541e+00
1.010244650943150857e+00
1.009951167920661197e+00
1.009736216545469745e+00
1.009639424036469224e+00
1.009719001569851171e+00
1.010057321521595330e+00
1.010762342770478384e+00
1.011953751204712759e+00
1.013713633240495238e+00
1.015986465432239250e+00
1.018470374181059235e+00
1.020641394392521439e+00
1.022006814827156163e+00
1.022388873693031774e+00
1.021946683556949287e+00
1.020981352676250786e+00
1.019762152486268336e+00
1.018466563387454782e+00
1.017190872147017977e+00
1.015978498583345768e+00
1.014843423320310967e+00
1.013784941297377840e+00
1.012795845392087557e+00
1.011866623047957159e+00
1.010987463549626320e+00
1.010149129586187078e+00
1.009343264643048466e+00
1.008562433513420897e+00
1.007800046183210174e+00
1.007050238914935170e+00
1.006307747414602938e+00
1.005567787500813326e+00
1.004825949243766114e+00
1.004078106216621524e+00
1.003320339812718398e+00
1.002548878287990552e+00
1.001760050705699845e+00
1.000950257071174576e+00
1.000115957653987975e+00
9.992536869870972671e-01
9.983601016764953595e-01
9.974320765684659973e-01
9.964668719916502937e-01
9.954624072810976942e-01
9.944176950748474519e-01
9.933335208593726540e-01
9.922134990673764365e-01
9.910657101877393682e-01
9.899052369969041365e-01
9.887580917975090644e-01
9.876672831378808803e-01
9.867021218685059214e-01
9.859722665095286276e-01
9.856482163004881558e-01
9.859891977584962497e-01
9.873756080549292991e-01
9.903320102781811851e-01
9.955019502637999507e-01
1.003499481930441917e+00
1.014557372915378508e+00
1.028034626919049010e+00
1.042182817907695069e+00
1.054682946349538852e+00
1.063764561650303975e+00
1.068926496825997496e+00
1.070738888830912616e+00
1.070199789987773320e+00
1.068245243395586463e+00
1.065563344434628856e+00
1.062595383626375956e+00
1.059599161854630767e+00
1.056713127070807667e+00
1.054003745553653282e+00
1.051496263719533086e+00
1.049193410266569204e+00
1.047086333024157101e+00
1.045160818738782860e+00
1.043400736125991157e+00
1.041789875315573877e+00
1.040312874601023507e+00
1.038955635727157656e+00
1.037705458751805310e+00
1.036551028582297640e+00
1.035482328063392465e+00
1.034490519482583304e+00
1.033567817365642183e+00
1.032707364556376683e+00
1.031903117395879477e+00
1.031149742360591759e+00
1.030442524636982826e+00
