8.248743205339887918e-01
3.499845516409982871e-02
8.248743205339896800e-01
-3.499845516409966911e-02
-1.509974723808381325e-02
-2.292115923201548319e-02
-1.509974723808362417e-02
2.292115923201509808e-02
-3.300884917132264618e-01
1.061437590707196843e-02
-3.300884917132264618e-01
-1.061437590707182271e-02
-6.442781310198130162e-01
-8.828635469531678770e-03
-6.442781310198115730e-01
8.828635469531382132e-03
-8.100392555971859254e-01
4.089683218714978627e-03
-8.100392555971864805e-01
-4.089683218714620407e-03
