8.288600461079300707e-01
-8.998491572847502028e-17
7.323600985380654960e-01
-9.741417776753880013e-18
2.935238007562287477e-01
1.698177243120125142e-17
-2.303038425045549065e-02
6.747939510974742560e-17
-3.533877330603329980e-02
-5.423247606676128714e-17
-3.310163278119644947e-01
9.678493610345041687e-03
-3.310163278119641617e-01
-9.678493610345039952e-03
-6.446558958594456046e-01
-2.760863990062644168e-20
-8.100316560531870547e-01
3.907386945706336698e-03
-8.100316560531867216e-01
-3.907386945706450322e-03
