1.006887506260387699e+00
1.013186852520775449e+00
9.806822258171743467e-01
9.864776243767311437e-01
9.690914286980608638e-01
1.013186852520775449e+00
9.963046045429361230e-01
9.998322384487533521e-01
1.005627637008310149e+00
9.859736766759001902e-01
9.978164476454292053e-01
9.889973628808862438e-01
9.985723691966758020e-01
9.960526306925205908e-01
1.005375663157894506e+00
9.680835332963987350e-01
9.799263042659278611e-01
9.781624873130192466e-01
1.030825022049861373e+00
9.920210490858724084e-01
1.003611846204986113e+00
9.902572321329639049e-01
9.819420950692518968e-01
1.008651323213296314e+00
1.006383558559556635e+00
9.728710364542935141e-01
1.000840133850415370e+00
1.009659218614958220e+00
9.942888137396120873e-01
1.010667114016620349e+00
9.947927614404430408e-01
9.947927614404430408e-01
1.019486198781163200e+00
9.864776243767311437e-01
1.001596055401661856e+00
1.004115793905816956e+00
1.006635532409972278e+00
1.035612525207756152e+00
1.020746068033240972e+00
1.007391453961218764e+00
9.993282907479222876e-01
9.983203953462602698e-01
9.829499904709140257e-01
9.988243430470913342e-01
9.751388011080330820e-01
1.032840812853185408e+00
1.114480340387811408e+00
1.040652002216066352e+00
1.009911192465373864e+00
1.013438826371191093e+00
1.003611846204986113e+00
1.026037518891966593e+00
1.002351976952908563e+00
9.769026180609416965e-01
9.774065657617727609e-01
9.895013105817173082e-01
9.721151149030469174e-01
1.014698695623268643e+00
9.937848660387810229e-01
9.738789318559555319e-01
9.925249967867034728e-01
1.022005937285318522e+00
1.015202643324099485e+00
9.816901212188364756e-01
1.011171061717451414e+00
1.011423035567866835e+00
9.824460427700829612e-01
1.007643427811634185e+00
1.019234224930747779e+00
9.942888137396120873e-01
1.013942774072021935e+00
9.993282907479222876e-01
9.960526306925205908e-01
1.003863820055401535e+00
1.000084212299168884e+00
1.025533571191135529e+00
9.937848660387810229e-01
9.958006568421051696e-01
9.900052582825483727e-01
9.708552456509693673e-01
1.008651323213296314e+00
9.973124999445982519e-01
9.940368398891965551e-01
1.039392132963988802e+00
1.006635532409972278e+00
1.003611846204986113e+00
9.774065657617727609e-01
9.990763168975067554e-01
1.011423035567866835e+00
9.945407875900276196e-01
9.995802645983378198e-01
1.007139480110803120e+00
1.005375663157894506e+00
9.990763168975067554e-01
9.580045792797782234e-01
9.927769706371190050e-01
1.018478303379501293e+00
9.927769706371190050e-01
1.016210538725761614e+00
9.975644737950136731e-01
1.009155270914127378e+00
1.011675009418282478e+00
9.958006568421051696e-01
1.026289492742382237e+00
1.014698695623268643e+00
1.012934878670360028e+00
1.019234224930747779e+00
1.012682904819944385e+00
1.022761858836565008e+00
1.041407923767312838e+00
1.038636211412742316e+00
1.056526354792243660e+00
1.099109935512465164e+00
1.169410639778393213e+00
1.225096860720221503e+00
1.177977750692520642e+00
1.110952706481994401e+00
1.082731635235457013e+00
1.048211217728531652e+00
1.037124368310249123e+00
1.024021728088642558e+00
1.026289492742382237e+00
1.001344081551246434e+00
1.011423035567866835e+00
1.009911192465373864e+00
1.023769754238226914e+00
1.015706591024930550e+00
9.998322384487533521e-01
1.012934878670360028e+00
1.039644106814404223e+00
9.842098597229915757e-01
9.895013105817173082e-01
1.011423035567866835e+00
9.905092059833793261e-01
1.014446721772853000e+00
1.022761858836565008e+00
1.013942774072021935e+00
1.030321074349030308e+00
1.008651323213296314e+00
1.000840133850415370e+00
9.963046045429361230e-01
9.980684214958447376e-01
1.019990146481994264e+00
1.005627637008310149e+00
1.010919087867035771e+00
1.035612525207756152e+00
1.007391453961218764e+00
1.003359872354570470e+00
1.029565152797783822e+00
1.029313178947368179e+00
9.932809183379499585e-01
1.008903297063711735e+00
1.004367767756232599e+00
1.026037518891966593e+00
1.016462512576177257e+00
9.915171013850414550e-01
9.988243430470913342e-01
1.007139480110803120e+00
1.004115793905816956e+00
1.007895401662049828e+00
9.945407875900276196e-01
9.978164476454292053e-01
9.988243430470913342e-01
1.000588159999999949e+00
1.007391453961218764e+00
9.963046045429361230e-01
9.902572321329639049e-01
9.874855197783932725e-01
1.004115793905816956e+00
1.006887506260387699e+00
9.922730229362879406e-01
9.824460427700829612e-01
9.826980166204984934e-01
9.940368398891965551e-01
9.915171013850414550e-01
1.002100003102492920e+00
9.849657812742380614e-01
1.003863820055401535e+00
1.012682904819944385e+00
9.895013105817173082e-01
9.910131536842103905e-01
9.784144611634347788e-01
1.014698695623268643e+00
1.002100003102492920e+00
1.018478303379501293e+00
9.882414413296397582e-01
1.002855924653739406e+00
9.993282907479222876e-01
9.809341996675898789e-01
1.005627637008310149e+00
1.028557257396121694e+00
1.006635532409972278e+00
9.794223565650967966e-01
9.947927614404430408e-01
1.020494094182825329e+00
9.963046045429361230e-01
1.014446721772853000e+00
1.006131584709141213e+00
9.867295982271466759e-01
9.844618335734071080e-01
9.975644737950136731e-01
1.025029623490304465e+00
1.005879610858725570e+00
9.975644737950136731e-01
9.950447352908585730e-01
9.862256505263156114e-01
1.009155270914127378e+00
9.942888137396120873e-01
9.978164476454292053e-01
9.947927614404430408e-01
1.005627637008310149e+00
9.700993240997228817e-01
9.821940689196674290e-01
1.000588159999999949e+00
9.985723691966758020e-01
9.695953763988918173e-01
1.013186852520775449e+00
9.660677424930746993e-01
9.821940689196674290e-01
9.832019643213295579e-01
1.009155270914127378e+00
9.935328921883654907e-01
1.002603950803323984e+00
1.015202643324099485e+00
9.998322384487533521e-01
9.937848660387810229e-01
1.000588159999999949e+00
1.007139480110803120e+00
1.026793440443213079e+00
1.016714486426592678e+00
9.970605260941827197e-01
1.013186852520775449e+00
9.920210490858724084e-01
9.804302519667589255e-01
9.990763168975067554e-01
9.862256505263156114e-01
1.019486198781163200e+00
1.010415140166204928e+00
1.008399349362880670e+00
9.963046045429361230e-01
9.708552456509693673e-01
1.011423035567866835e+00
9.902572321329639049e-01
1.004871715457063663e+00
1.021753963434902879e+00
9.963046045429361230e-01
1.008903297063711735e+00
1.010667114016620349e+00
1.007139480110803120e+00
9.753907749584486142e-01
1.022005937285318522e+00
1.010163166315789285e+00
9.947927614404430408e-01
1.012682904819944385e+00
9.932809183379499585e-01
9.826980166204984934e-01
1.014194747922437578e+00
1.021501989584487458e+00
1.009911192465373864e+00
1.015958564875346193e+00
1.002603950803323984e+00
1.018478303379501293e+00
1.004115793905816956e+00
9.771545919113572287e-01
9.937848660387810229e-01
9.955486829916896374e-01
1.004871715457063663e+00
9.965565783933516553e-01
1.040400028365650931e+00
9.758947226592796786e-01
1.017722381828254807e+00
1.003863820055401535e+00
1.015202643324099485e+00
1.006887506260387699e+00
1.017974355678670229e+00
9.937848660387810229e-01
1.020998041883656393e+00
1.007139480110803120e+00
1.012682904819944385e+00
1.013186852520775449e+00
9.932809183379499585e-01
9.990763168975067554e-01
1.003359872354570470e+00
1.035612525207756152e+00
1.022005937285318522e+00
1.023769754238226914e+00
1.033848708254847537e+00
1.046447400775623038e+00
1.061061884099722796e+00
1.064841491855955447e+00
1.073156628919667455e+00
1.078952027479224141e+00
1.049219113130193781e+00
1.070384916565096711e+00
1.069377021163434804e+00
1.093314536952908478e+00
1.144717202437673054e+00
1.165631032022160563e+00
1.116748105041551087e+00
1.097094144709141128e+00
1.095330327756232514e+00
1.062825701052631411e+00
1.036368446759002637e+00
1.033344760554016473e+00
1.027801335844875208e+00
1.052998720886426431e+00
1.035360551357340508e+00
1.010919087867035771e+00
9.998322384487533521e-01
1.011423035567866835e+00
1.011926983268697899e+00
9.980684214958447376e-01
9.940368398891965551e-01
9.980684214958447376e-01
1.006887506260387699e+00
9.983203953462602698e-01
1.026289492742382237e+00
1.016210538725761614e+00
1.017218434127423743e+00
9.889973628808862438e-01
1.007643427811634185e+00
1.015958564875346193e+00
1.008651323213296314e+00
1.016210538725761614e+00
9.832019643213295579e-01
1.032336865152354344e+00
1.007895401662049828e+00
9.786664350138503110e-01
9.983203953462602698e-01
9.852177551246535936e-01
9.854697289750691258e-01
9.816901212188364756e-01
1.016714486426592678e+00
1.003359872354570470e+00
9.723670887534624496e-01
1.002855924653739406e+00
9.832019643213295579e-01
1.014950669473684064e+00
1.008399349362880670e+00
1.024021728088642558e+00
1.023517780387811493e+00
9.741309057063710641e-01
9.806822258171743467e-01
9.879894674792242260e-01
9.920210490858724084e-01
9.857217028254846580e-01
1.029313178947368179e+00
9.882414413296397582e-01
1.021250015734071814e+00
1.000084212299168884e+00
1.017722381828254807e+00
1.002351976952908563e+00
1.011926983268697899e+00
9.897532844321328405e-01
1.005627637008310149e+00
1.019486198781163200e+00
9.963046045429361230e-01
9.900052582825483727e-01
9.985723691966758020e-01
1.001596055401661856e+00
1.009155270914127378e+00
1.014698695623268643e+00
1.011423035567866835e+00
1.013690800221606514e+00
9.839578858725760435e-01
1.000588159999999949e+00
1.006887506260387699e+00
9.884934151800552904e-01
1.007391453961218764e+00
1.001092107700830791e+00
1.005375663157894506e+00
9.917690752354569872e-01
9.844618335734071080e-01
9.872335459279777403e-01
1.037880289861495609e+00
1.030069100498614887e+00
1.030069100498614887e+00
9.968085522437671875e-01
1.019990146481994264e+00
9.824460427700829612e-01
1.033848708254847537e+00
1.052494773185595367e+00
1.021753963434902879e+00
1.042415819168974966e+00
1.042919766869806031e+00
1.024525675789473622e+00
1.021753963434902879e+00
1.010163166315789285e+00
1.021753963434902879e+00
1.032084891301938923e+00
1.018982251080332357e+00
1.005375663157894506e+00
1.033848708254847537e+00
1.011675009418282478e+00
1.010163166315789285e+00
1.006887506260387699e+00
1.002855924653739406e+00
1.036620420609418058e+00
1.004871715457063663e+00
1.006887506260387699e+00
1.005123689307479085e+00
9.993282907479222876e-01
9.902572321329639049e-01
1.014446721772853000e+00
1.048463191578947296e+00
9.902572321329639049e-01
9.983203953462602698e-01
1.014950669473684064e+00
9.927769706371190050e-01
1.035864499058171573e+00
1.005123689307479085e+00
9.945407875900276196e-01
1.016210538725761614e+00
9.874855197783932725e-01
1.037124368310249123e+00
1.008399349362880670e+00
1.005123689307479085e+00
1.002351976952908563e+00
1.010919087867035771e+00
9.708552456509693673e-01
1.027297388144044143e+00
1.012178957119113543e+00
1.023013832686980429e+00
1.004871715457063663e+00
9.698473502493073495e-01
1.023517780387811493e+00
9.945407875900276196e-01
1.006131584709141213e+00
1.018226329529085650e+00
9.968085522437671875e-01
9.857217028254846580e-01
9.963046045429361230e-01
1.017218434127423743e+00
1.008399349362880670e+00
1.002855924653739406e+00
9.852177551246535936e-01
9.998322384487533521e-01
1.023517780387811493e+00
1.021501989584487458e+00
9.947927614404430408e-01
1.027045414293628722e+00
1.000588159999999949e+00
1.002603950803323984e+00
9.955486829916896374e-01
1.013690800221606514e+00
9.867295982271466759e-01
1.013438826371191093e+00
1.017722381828254807e+00
1.013186852520775449e+00
1.007391453961218764e+00
1.003107898504155049e+00
1.011675009418282478e+00
1.029061205096952758e+00
9.839578858725760435e-01
1.012430930969528964e+00
1.018478303379501293e+00
1.017470407977839164e+00
1.002351976952908563e+00
1.026541466592797658e+00
1.003359872354570470e+00
1.018730277229916714e+00
1.034352655955678602e+00
1.077440184376731169e+00
1.026793440443213079e+00
1.052746747036011010e+00
1.081471765983379463e+00
1.029817126648199244e+00
1.040148054515235287e+00
1.050982930083102396e+00
1.087771112243767213e+00
1.048967139279778360e+00
1.067865178060941611e+00
1.064841491855955447e+00
1.082983609085872434e+00
1.077944132077562234e+00
1.059298067146814182e+00
1.031328969750692437e+00
1.028557257396121694e+00
1.050730956232686752e+00
1.023769754238226914e+00
1.042919766869806031e+00
1.028557257396121694e+00
1.018982251080332357e+00
1.026541466592797658e+00
1.024525675789473622e+00
9.950447352908585730e-01
1.025533571191135529e+00
1.021753963434902879e+00
1.026037518891966593e+00
1.004619741606648020e+00
1.020746068033240972e+00
1.024021728088642558e+00
1.013438826371191093e+00
1.013186852520775449e+00
1.003359872354570470e+00
1.027045414293628722e+00
9.983203953462602698e-01
1.013690800221606514e+00
1.038636211412742316e+00
1.027549361994459787e+00
1.033092786703601051e+00
1.043675688421052516e+00
1.035612525207756152e+00
1.012178957119113543e+00
1.008399349362880670e+00
1.004619741606648020e+00
1.036116472908587216e+00
1.020746068033240972e+00
1.040400028365650931e+00
1.029817126648199244e+00
1.000084212299168884e+00
1.023769754238226914e+00
1.018982251080332357e+00
1.017470407977839164e+00
1.024273701939057979e+00
1.003611846204986113e+00
1.023013832686980429e+00
1.019486198781163200e+00
1.019738172631578843e+00
1.066605308808864061e+00
1.053250694736842075e+00
1.048211217728531652e+00
1.064841491855955447e+00
1.041659897617728481e+00
1.055266485540166110e+00
1.027549361994459787e+00
1.040148054515235287e+00
1.037124368310249123e+00
1.035360551357340508e+00
1.018982251080332357e+00
1.013186852520775449e+00
1.012178957119113543e+00
1.041659897617728481e+00
1.023265806537396072e+00
1.011675009418282478e+00
1.000840133850415370e+00
1.009659218614958220e+00
1.003359872354570470e+00
1.020746068033240972e+00
1.008399349362880670e+00
1.002603950803323984e+00
1.004871715457063663e+00
1.009407244764542799e+00
9.935328921883654907e-01
1.038636211412742316e+00
1.004367767756232599e+00
1.003107898504155049e+00
1.004871715457063663e+00
1.009407244764542799e+00
1.014194747922437578e+00
1.050982930083102396e+00
9.965565783933516553e-01
1.007643427811634185e+00
9.922730229362879406e-01
1.008651323213296314e+00
1.016210538725761614e+00
1.017470407977839164e+00
1.026289492742382237e+00
9.733749841551245785e-01
9.985723691966758020e-01
1.031076995900276794e+00
1.019234224930747779e+00
1.012178957119113543e+00
9.995802645983378198e-01
1.057030302493074725e+00
1.004367767756232599e+00
1.025029623490304465e+00
1.014194747922437578e+00
1.017470407977839164e+00
1.018730277229916714e+00
1.007391453961218764e+00
1.029061205096952758e+00
1.017974355678670229e+00
1.017218434127423743e+00
1.028053309695290629e+00
1.018478303379501293e+00
1.041155949916897416e+00
1.009407244764542799e+00
9.958006568421051696e-01
1.015706591024930550e+00
1.002100003102492920e+00
1.001092107700830791e+00
1.046195426925207617e+00
1.025029623490304465e+00
9.814381473684209434e-01
1.036368446759002637e+00
1.009155270914127378e+00
9.973124999445982519e-01
1.028053309695290629e+00
1.002855924653739406e+00
1.028053309695290629e+00
1.018730277229916714e+00
