-9.192475133457038705e-01
0.000000000000000000e+00
9.416126011871203128e-01
0.000000000000000000e+00
-7.436294314428334440e-01
0.000000000000000000e+00
-5.265318358044114300e-01
0.000000000000000000e+00
-3.278730195268374503e-01
0.000000000000000000e+00
7.140925734317292717e-01
0.000000000000000000e+00
4.696881828234871215e-01
0.000000000000000000e+00
3.081212863292798199e-01
0.000000000000000000e+00
8.197541950551498480e-02
0.000000000000000000e+00
-1.195058259534132888e-01
0.000000000000000000e+00
