9.489056007232710144e-01
9.494619433423202581e-01
9.575828195625598616e-01
9.878584595231266752e-01
1.003149849547867456e+00
9.899692467242787730e-01
9.793593283809762795e-01
9.729214767585788737e-01
9.687863515787251689e-01
9.659044100910383346e-01
9.637493882641849918e-01
9.620434961554760189e-01
9.606298691189290029e-01
9.594143064024182044e-01
9.583371726562127657e-01
9.573589786986287375e-01
9.564525445075321430e-01
9.555985185844181329e-01
9.547827008119051939e-01
9.539943802179979837e-01
9.532252674923515912e-01
9.524687886472372744e-01
9.517196049298277671e-01
9.509732784270863437e-01
9.502260337825532144e-01
9.494745846704826242e-01
9.487160047029825627e-01
9.479476292920788749e-01
9.471669793352777145e-01
9.463717004089012841e-01
9.455595130097067536e-01
9.447281706270815871e-01
9.438754232681233480e-01
9.429989846296558120e-01
9.420965014998493592e-01
9.411655242324807880e-01
9.402034773046216154e-01
9.392076290666266924e-01
9.381750598361996429e-01
9.371026274844705961e-01
9.359869296154227358e-01
9.348242613510115984e-01
9.336105676000033826e-01
9.323413885027456161e-01
9.310117964969307769e-01
9.296163231267060567e-01
9.281488732994400692e-01
9.266026241539916386e-01
9.249699050044557502e-01
9.232420539136607651e-01
9.214092452619128126e-01
9.194602811131147302e-01
9.173823371095813917e-01
9.151606508623196801e-01
9.127781370816998585e-01
9.102149086379134335e-01
9.074476758087645090e-01
9.044489863742204427e-01
9.011862557917569294e-01
8.976205177120810674e-01
8.937047979974636069e-01
8.893819763146995072e-01
8.845819424620361415e-01
8.792177711222262104e-01
8.731805159001024830e-01
8.663320435002145325e-01
8.584950704366689500e-01
8.494392146210499872e-01
8.388614761691777222e-01
8.263593946651762723e-01
8.113963504955024053e-01
7.932654919377069014e-01
7.710884699800986120e-01
7.440056018248363268e-01
7.122198296108490645e-01
6.818023129480217381e-01
6.858089683093586686e-01
8.497749224617567876e-01
1.271304934447437196e+00
1.480478088197643816e+00
1.424621009483220124e+00
1.333876539923922300e+00
1.262375742604086248e+00
1.210185507573870556e+00
1.171664365736184488e+00
1.142443175747855699e+00
1.119643410482542567e+00
1.101395956000519538e+00
1.086464477935587647e+00
1.074009280310543879e+00
1.063444411669697942e+00
1.054350470568445441e+00
1.046420243093580060e+00
1.039423951767388443e+00
1.033186477838855977e+00
1.027572072450022800e+00
1.022473865396648085e+00
1.017806518183089981e+00
1.013500982027965014e+00
1.009500692901586394e+00
1.005758765398451215e+00
1.002235892357912661e+00
9.988987506454476417e-01
9.957187748773280722e-01
9.926712018509032953e-01
9.897343162429731445e-01
9.868888472735189987e-01
9.841174793757760941e-01
9.814044493266077529e-01
9.787352089954696188e-01
9.760961376797444577e-01
9.734742914572991346e-01
9.708571794770792796e-01
9.682325588813571748e-01
9.655882412850754770e-01
9.629119045497410712e-01
9.601909040643036297e-01
9.574120779395597358e-01
9.545615404740613874e-01
9.516244579864218123e-01
9.485848006578756486e-01
9.454250634269411036e-01
9.421259482917605510e-01
9.386659997351395335e-01
9.350211846464232535e-01
9.311644085620821576e-01
9.270649622132294265e-01
9.226878980110303496e-01
9.179933485401742255e-01
9.129358246641595676e-01
9.074635815200372546e-01
9.015182398034194966e-01
8.950350430674189894e-01
8.879445105510005432e-01
8.801769945815729468e-01
8.716731544582889679e-01
8.624064166416202104e-01
8.524297966915406199e-01
8.419725514822740120e-01
8.316390420318393595e-01
8.228145911079963737e-01
8.184675644117528348e-01
8.245791484774562807e-01
8.519364919757840271e-01
9.153073684035029078e-01
1.021425998784083689e+00
1.145941858352541143e+00
1.240789056335785734e+00
1.282936833913342012e+00
1.285191202799665033e+00
1.268012942899966689e+00
1.244491744596869065e+00
1.220679886511880863e+00
1.198836815901158870e+00
1.179551555289741538e+00
1.162761484315940397e+00
1.148188122376583964e+00
1.135511238504133491e+00
1.124432589512837755e+00
1.114694786717136399e+00
1.106082791075157612e+00
1.098419379441482713e+00
1.091559136191932344e+00
1.085382689022624580e+00
1.079791739169313480e+00
1.074704971817603605e+00
1.070054763975783807e+00
1.065784560447066820e+00
1.061846789414705228e+00
1.058201206136149208e+00
1.054813573502404678e+00
1.051654606927833857e+00
1.048699126741625909e+00
1.045925373856627205e+00
1.043314454375512401e+00
1.040849886454115358e+00
1.038517228645190249e+00
1.036303773488134183e+00
1.034198293607633046e+00
1.032190830283238103e+00
1.030272516541520522e+00
1.028435428446567101e+00
1.026672459532252057e+00
1.024977214313654628e+00
1.023343917597868247e+00
1.021767336933986803e+00
1.020242716034590380e+00
1.018765717394424897e+00
1.017332372647563377e+00
1.015939039458627624e+00
1.014582363949435795e+00
1.013259247829644050e+00
1.011966819536371798e+00
1.010702408799489138e+00
1.009463524141065660e+00
1.008247832893178542e+00
1.007053143380921556e+00
1.005877388969426134e+00
1.004718613716938824e+00
1.003574959412057543e+00
1.002444653803340247e+00
1.001325999854686621e+00
1.000217365880980758e+00
9.991171764361105323e-01
9.980239038402185514e-01
9.969360602453032350e-01
9.958521901484483907e-01
9.947708632703031739e-01
9.936906677231871488e-01
9.926102033985541029e-01
9.915280755076526509e-01
9.904428882121824040e-01
9.893532382836545125e-01
9.882577087310626673e-01
9.871548623364035935e-01
9.860432350365457843e-01
9.849213290879315075e-01
9.837876059475474388e-01
9.826404787994846846e-01
9.814783046510985320e-01
9.802993759161886533e-01
9.791019113945801378e-01
9.778840465478153554e-01
9.766438229591355435e-01
9.753791768522529493e-01
9.740879265272646137e-01
9.727677585530069004e-01
9.714162125327265862e-01
9.700306642335412288e-01
9.686083068390715090e-01
9.671461300480069800e-01
9.656408966981697706e-01
9.640891165446556776e-01
9.624870167603715165e-01
9.608305086559856267e-01
9.591151500318573220e-01
9.573361024743839431e-01
9.554880827904426166e-01
9.535653076326801036e-01
9.515614302012795900e-01
9.494694677098534097e-01
9.472817180691291972e-01
9.449896639666544029e-01
9.425838621984981014e-01
9.400538157355141644e-01
9.373878255803979043e-01
9.345728189961730603e-01
9.315941501761111354e-01
9.284353689128872489e-01
9.250779523791012871e-01
9.215009948812056262e-01
9.176808506304230395e-01
9.135907256105406660e-01
9.092002172648406821e-01
9.044748063022481910e-01
8.993753157914081697e-01
8.938573730634234993e-01
8.878709472969162908e-01
8.813601036188543070e-01
8.742632380155804794e-01
8.665142824008111866e-01
8.580457821950187025e-01
8.487955133640545657e-01
8.387197346220657268e-01
8.278188616464760008e-01
8.161864356023430522e-01
8.041017949290882871e-01
7.922041797531242935e-01
7.818146959492677794e-01
7.755080795456541498e-01
7.780282487502074851e-01
7.973732683757671635e-01
8.447623052073846006e-01
9.298642474236462618e-01
1.048247826047410847e+00
1.172111228864247456e+00
1.266524493224449266e+00
1.316984646656443880e+00
1.331408307991558848e+00
1.324379700533397486e+00
1.307228410020929932e+00
1.286544006856266131e+00
1.265614779926063971e+00
1.245890142420540636e+00
1.227896003833961691e+00
1.211724936951432907e+00
1.197281456427058410e+00
1.184400215030289694e+00
1.172901114530541022e+00
1.162613902101820029e+00
1.153388510229432340e+00
1.145099339432662289e+00
1.137647793487533310e+00
1.130965275400776404e+00
1.125016289559970906e+00
1.119794046464119841e+00
1.115283674377294920e+00
1.111362003493184369e+00
1.107711366874657433e+00
1.103984654884105243e+00
1.100102048770707608e+00
1.096213758250428327e+00
1.092474333112111395e+00
1.088956706947852515e+00
1.085674470687811199e+00
1.082614871100108456e+00
1.079757084269025169e+00
1.077079739752853094e+00
1.074563424220489560e+00
1.072191215272652043e+00
1.069948538765969070e+00
1.067822844246504088e+00
1.065803271807101105e+00
1.063880362156336634e+00
1.062045818380402684e+00
1.060292314090429455e+00
1.058613339541286003e+00
1.057003077756967890e+00
1.055456304085418351e+00
1.053968304031076775e+00
1.052534805414287344e+00
1.051151921846615878e+00
1.049816105224179674e+00
1.048524105475442392e+00
1.047272936199359350e+00
1.046059845129173604e+00
1.044882288582976271e+00
1.043737909233749761e+00
1.042624516663164025e+00
1.041540070265167817e+00
1.040482664144871672e+00
1.039450513720818314e+00
1.038441943788493527e+00
1.037455377842831039e+00
1.036489328489699435e+00
1.035542388802652258e+00
1.034613224502800355e+00
1.033700566857548964e+00
1.032803206208876556e+00
1.031919986054435023e+00
1.031049797615505748e+00
1.030191574835173984e+00
1.029344289758324038e+00
1.028506948252555953e+00
1.027678586036176567e+00
1.026858264986399094e+00
1.026045069708161339e+00
1.025238104352073520e+00
1.024436489679570128e+00
1.023639360385278474e+00
1.022845862702207675e+00
1.022055152336386108e+00
1.021266392806602807e+00
1.020478754305446101e+00
1.019691413254617096e+00
1.018903552806217583e+00
1.018114364647757730e+00
1.017323052602626676e+00
1.016528838663037337e+00
1.015730972183635838e+00
1.014928742812683415e+00
1.014121496872059547e+00
1.013308654257704999e+00
1.012489716456737465e+00
1.011664242955447657e+00
1.010831752152436813e+00
1.009991486789334481e+00
1.009142023339523853e+00
1.008280882979861293e+00
1.007404575289742921e+00
1.006509449080981611e+00
1.005592958343905163e+00
1.004654296696104288e+00
1.003693970993995377e+00
1.002712946264728400e+00
1.001712079130241850e+00
1.000691995569439108e+00
9.996532354321243652e-01
9.985964897896587589e-01
9.975228558623733255e-01
9.964341013889611576e-01
9.953329581492976752e-01
9.942234732739732017e-01
9.931114509185111627e-01
9.920050216892292161e-01
9.909153846882571282e-01
9.898577774720853650e-01
9.888527421256383398e-01
9.879277696212216409e-01
9.871194163197947180e-01
9.864759887523030235e-01
9.860608715412760850e-01
9.859565021539261620e-01
9.862688292970342996e-01
9.871317559841574774e-01
9.887104614559367732e-01
9.912015108223560800e-01
9.948262752233254513e-01
9.998126820287045469e-01
1.006359670676280960e+00
1.014580990746973610e+00
1.024432891875709739e+00
1.035644827124012846e+00
1.047687966503917378e+00
1.059818348653812192e+00
1.071205146139359021e+00
1.081106321047234475e+00
1.089019327103532442e+00
1.094746685294467392e+00
1.098366460442932624e+00
1.100143579785331838e+00
1.100430200380334123e+00
1.099587492244917364e+00
1.097938871272909012e+00
1.095750137634129429e+00
1.093227094448783188e+00
1.090522133267254112e+00
1.087744058404318981e+00
1.084968002060944015e+00
1.082244036988035729e+00
1.079604086526141371e+00
1.077067208779273200e+00
1.074643513281376750e+00
1.072337002474532008e+00
1.070147601247574354e+00
1.068072588886742391e+00
1.066107598645859911e+00
1.064247308132417746e+00
1.062485910481497431e+00
1.060817431140569145e+00
1.059235936551921275e+00
1.057735667584203787e+00
1.056311120930318648e+00
1.054957094827306818e+00
1.053668710588030244e+00
1.052441417993097872e+00
1.051270990161748742e+00
1.050153511806914519e+00
1.049085363572638041e+00
1.048063204302811524e+00
1.047083952493902181e+00
1.046144767766839179e+00
1.045243032902267055e+00
1.044376336781942083e+00
1.043542458441139908e+00
1.042739352344023596e+00
1.041965134933053649e+00
1.041218072465470934e+00
1.040496570128227827e+00
1.039799162413022504e+00
1.039124504732209742e+00
1.038471366262332829e+00
1.037838624013562638e+00
1.037225258139793826e+00
1.036630348525355405e+00
1.036053072710426459e+00
1.035492705248888923e+00
1.034948618630376682e+00
1.034420285943909557e+00
1.033907285515241137e+00
1.033409307815756906e+00
1.032926165019454556e+00
1.032457803678447528e+00
1.032004321098603405e+00
1.031565986126802059e+00
1.031143265209866877e+00
1.030736854749508824e+00
1.030347720949097656e+00
1.029977148508599116e+00
1.029626799638845513e+00
1.029298784873575734e+00
1.028995746951482548e+00
1.028720958446285971e+00
1.028478432561499956e+00
1.028273044147157700e+00
1.028110653899920068e+00
1.027998221982557858e+00
1.027943886800915863e+00
1.027956969168861701e+00
1.028047840737397634e+00
1.028227569071223257e+00
1.028507224567337452e+00
1.028896718149105327e+00
1.029403056100886005e+00
1.030027984721729961e+00
1.030765191587274643e+00
1.031597545847283470e+00
1.032495233567730430e+00
1.033415886268313155e+00
1.034307624888386234e+00
1.035115145775564960e+00
1.035787724284509936e+00
1.036286938167183758e+00
1.036591763619550521e+00
1.036699694880206524e+00
1.036624109468716526e+00
1.036389326513885045e+00
1.036025144334260073e+00
1.035562209360238572e+00
1.035028837831611703e+00
1.034449299110956844e+00
1.033843238796464226e+00
1.033225836341590043e+00
1.032608348834492151e+00
1.031998796819440622e+00
1.031402646474139040e+00
1.030823415390375697e+00
1.030263175532535991e+00
1.029722952692606608e+00
1.029203033924640964e+00
1.028703198640498417e+00
1.028222889082066605e+00
1.027761334054683173e+00
1.027317637380838367e+00
1.026890840142695271e+00
1.026479963693430753e+00
1.026084038707180568e+00
1.025702124191127051e+00
1.025333319350614003e+00
1.024976770419909755e+00
1.024631673991976522e+00
1.024297277953321483e+00
1.023972880816941489e+00
1.023657830018198434e+00
1.023351519572854418e+00
1.023053387376779533e+00
1.022762912340602126e+00
1.022479611490715978e+00
1.022203037123883274e+00
1.021932774071319328e+00
1.021668437106041383e+00
1.021409668511860547e+00
1.021156135821765565e+00
1.020907529726289731e+00
1.020663562147722248e+00
1.020423964473065492e+00
1.020188485936880163e+00
1.019956892144278537e+00
1.019728963724016779e+00
1.019504495101731578e+00
1.019283293383718370e+00
1.019065177342166173e+00
1.018849976493370058e+00
1.018637530261109481e+00
1.018427687218051991e+00
1.018220304398723464e+00
1.018015246678237284e+00
1.017812386211617959e+00
1.017611601929158338e+00
1.017412779083839425e+00
1.017215808847391934e+00
1.017020587952126354e+00
1.016827018376170066e+00
1.016635007070268326e+00
1.016444465724804846e+00
1.016255310576209103e+00
1.016067462252437048e+00
1.015880845657744835e+00
1.015695389897546486e+00
1.015511028244751257e+00
1.015327698149636193e+00
1.015145341296036507e+00
1.014963903707452264e+00
1.014783335907575301e+00
1.014603593140791959e+00
1.014424635659405549e+00
1.014246429085700729e+00
1.014068944858574017e+00
1.013892160776319162e+00
1.013716061649333922e+00
1.013540640079086064e+00
1.013365897382680014e+00
1.013191844685928933e+00
1.013018504212037874e+00
1.012845910797966820e+00
1.012674113676433230e+00
1.012503178568478823e+00
1.012333190139786954e+00
1.012164254883712644e+00
1.011996504505570549e+00
1.011830099896389612e+00
1.011665235800468077e+00
1.011502146299989580e+00
1.011341111262094250e+00
1.011182463919499286e+00
1.011026599785344704e+00
1.010873987136568397e+00
1.010725179337681467e+00
1.010580829317732521e+00
1.010441706556163721e+00
1.010308716975500287e+00
1.010182926175825502e+00
1.010065586470089150e+00
1.009958168178383131e+00
1.009862395594538942e+00
1.009780287921268060e+00
1.009714205238418927e+00
1.009666899161709486e+00
1.009641567180411093e+00
1.009641908614198780e+00
1.009672178547417865e+00
1.009737233793044808e+00
1.009842561696277841e+00
1.009994278215710306e+00
1.010199076133721618e+00
1.010464097639150349e+00
1.010796698642283831e+00
1.011204066732970253e+00
1.011692653827845012e+00
1.012267393227186174e+00
1.012930695564461470e+00
1.013681265577756951e+00
1.014512854644893602e+00
1.015413155569041992e+00
1.016363132426935989e+00
1.017337116845386413e+00
1.018303942000429840e+00
1.019229195276997402e+00
1.020078372932947230e+00
1.020820410169327452e+00
1.021430874855979498e+00
1.021894157498122624e+00
1.022204263684916237e+00
1.022364203443646868e+00
1.022384312359087000e+00
1.022280015111536544e+00
1.022069532128187852e+00
1.021771893029402634e+00
1.021405442119931450e+00
1.020986867867758940e+00
1.020530690071483226e+00
1.020049094910030485e+00
1.019552003827312925e+00
1.019047279302894626e+00
1.018540995141326899e+00
1.018037722711345738e+00
1.017540803877447608e+00
1.017052595352590405e+00
1.016574678451853453e+00
1.016108033829071555e+00
1.015653183823497452e+00
1.015210306427923648e+00
1.014779325271687682e+00
1.014359979838967973e+00
1.013951879700066394e+00
1.013554545992199518e+00
1.013167442842336508e+00
1.012790000926077072e+00
1.012421634923456715e+00
1.012061756268986645e+00
1.011709782295101778e+00
1.011365142627759450e+00
1.011027283501389595e+00
1.010695670509171418e+00
1.010369790186052885e+00
1.010049150729456446e+00
1.009733282090802264e+00
1.009421735615395610e+00
1.009114083365318937e+00
1.008809917226944242e+00
1.008508847879309389e+00
1.008210503680162740e+00
1.007914529511632518e+00
1.007620585616158859e+00
1.007328346444734013e+00
1.007037499533019576e+00
1.006747744416033541e+00
1.006458791588477508e+00
1.006170361515113632e+00
1.005882183693671106e+00
1.005593995771405957e+00
1.005305542715519529e+00
1.005016576037069287e+00
1.004726853067693382e+00
1.004436136288380466e+00
1.004144192709586658e+00
1.003850793302229594e+00
1.003555712479425654e+00
1.003258727629294134e+00
1.002959618699716282e+00
1.002658167836600889e+00
1.002354159077996965e+00
1.002047378107292941e+00
1.001737612069788286e+00
1.001424649458129812e+00
1.001108280073488510e+00
1.000788295070960787e+00
1.000464487099541611e+00
1.000136650549178663e+00
9.998045819199430362e-01
9.994680803313032991e-01
9.991269481929501151e-01
9.987809920626782301e-01
9.984300237216210405e-01
9.980738615027697769e-01
9.977123319153724523e-01
9.973452716156933073e-01
9.969725297839450162e-01
9.965939709782882794e-01
9.962094785499359118e-01
9.958189587190303671e-01
9.954223454295467732e-01
9.950196061235907496e-01
9.946107486017898847e-01
9.941958291678268944e-01
9.937749622924847426e-01
9.933483320769863623e-01
9.929162058482178255e-01
9.924789502811254271e-01
9.920370505178824905e-01
9.915911328412362336e-01
9.911419915628471022e-01
9.906906209085700743e-01
9.902382528236074455e-01
9.897864017830612093e-01
9.893369178786873830e-01
9.888920496602532362e-01
9.884545184370469029e-01
9.880276059850251480e-01
9.876152578446960595e-01
9.872222046112774096e-01
9.868541037743837618e-01
9.865177047002341437e-01
9.862210391745713789e-01
9.859736394042687424e-01
9.857867843141858710e-01
9.856737730962535915e-01
9.856502218898740564e-01
9.857343746936175766e-01
9.859474124952761764e-01
9.863137344220379576e-01
9.868611706974121933e-01
9.876210687704934932e-01
9.886281711460025434e-01
9.899201773960522033e-01
9.915368569736353610e-01
9.935185606189396168e-01
9.959039778951850330e-01
9.987270234414251657e-01
1.002012825155812470e+00
1.005772951834466022e+00
1.010000260397744709e+00
1.014664038610629593e+00
1.019706398124844648e+00
1.025041018532659942e+00
1.030555221831029211e+00
1.036115880028068537e+00
1.041578862709574782e+00
1.046800818718760073e+00
1.051651377496056972e+00
1.056023647909835050e+00
1.059841295956538865e+00
1.063061349714933046e+00
1.065672880294176617e+00
1.067692501225115276e+00
1.069158018828820333e+00
1.070121547094876169e+00
1.070643103702373145e+00
1.070785300530503692e+00
1.070609368550095697e+00
1.070172484683011849e+00
1.069526211056859966e+00
1.068715795058945650e+00
1.067780079919918412e+00
1.066751810677437184e+00
1.065658167767985720e+00
1.064521407207189130e+00
1.063359526062862326e+00
1.062186902739990835e+00
1.061014883880999182e+00
1.059852304859509875e+00
1.058705940577893134e+00
1.057580889094129839e+00
1.056480893741198246e+00
1.055408610796141344e+00
1.054365830072765409e+00
1.053353655506793052e+00
1.052372652173891199e+00
1.051422965417265321e+00
1.050504416974978872e+00
1.049616582250774588e+00
1.048758852197281044e+00
1.047930482689153342e+00
1.047130633756676144e+00
1.046358400622344975e+00
1.045612838125706601e+00
1.044892979826136159e+00
1.044197852830149209e+00
1.043526489190954365e+00
1.042877934565799691e+00
1.042251254684829487e+00
1.041645540078207199e+00
1.041059909421618412e+00
1.040493511790143488e+00
1.039945528053825674e+00
1.039415171602430465e+00
1.038901688549922486e+00
1.038404357539300937e+00
1.037922489244329061e+00
1.037455425645238627e+00
1.037002539139789237e+00
1.036563231538407237e+00
1.036136932981923220e+00
1.035723100812208752e+00
1.035321218419398503e+00
1.034930794084061301e+00
1.034551359828419725e+00
1.034182470287287048e+00
1.033823701606662704e+00
1.033474650375734605e+00
1.033134932596313060e+00
1.032804182692337758e+00
1.032482052561028318e+00
1.032168210666396746e+00
1.031862341175191711e+00
1.031564143134837686e+00
1.031273329692559360e+00
1.030989627354592653e+00
1.030712775284190030e+00
1.030442524636982826e+00
