-9.374799509612258275e-01
2.385759383244439105e-03
-5.727806319920857314e-01
8.552900182416889319e-03
-1.443106472859546630e-01
9.841836508520064239e-03
5.299423205867076492e-02
1.074553448627090825e-02
1.514199716969608089e-01
1.167296535892388756e-02
3.585296454552302503e-01
1.254756245779468579e-02
4.933507820261673338e-01
1.362265556322219892e-02
9.270725851187044952e-01
1.461643101323438845e-02
-9.605645564385965063e-01
2.631485911622140437e-03
-7.352439624812706631e-01
4.541882632901087131e-03
-6.545196789204374976e-01
5.687171348187962383e-03
-5.169970349922963226e-01
6.635761070956546631e-03
-3.313409602937789078e-01
8.394046208418534660e-03
-3.116263812289746249e-01
9.314562648265443251e-03
-1.753196474537394023e-01
1.317194230904952107e-02
