1.000073269999999903e+00
1.000079209999999996e+00
1.000846230000000059e+00
1.000494640000000102e+00
1.000710610000000056e+00
1.002331070000000102e+00
1.208949639999999937e+00
1.002292009999999900e+00
1.000719530000000024e+00
1.000466510000000087e+00
1.000513210000000042e+00
1.000421070000000023e+00
1.000475809999999965e+00
1.000891380000000108e+00
1.002561390000000108e+00
1.034906480000000073e+00
1.021473999999999993e+00
1.002679230000000032e+00
1.001565819999999940e+00
1.002118520000000013e+00
1.026124390000000108e+00
1.003609339999999905e+00
1.002730059999999979e+00
1.004514670000000054e+00
1.017485509999999982e+00
1.043995430000000058e+00
1.012197870000000055e+00
1.030873750000000033e+00
1.023592220000000053e+00
1.009673519999999991e+00
1.020275749999999926e+00
1.008727530000000039e+00
