9.699528934072024766e-01
9.793244189473687689e-01
9.840101817174518040e-01
8.809234007756235885e-01
9.184095029362883134e-01
9.324667912465376407e-01
1.021496283878116751e+00
9.090379773961221321e-01
9.043522146260390970e-01
9.840101817174518040e-01
9.746386561772856227e-01
9.793244189473687689e-01
9.184095029362883134e-01
1.058982386038781476e+00
9.184095029362883134e-01
1.124583064819944855e+00
9.512098423268701142e-01
9.558956050969531493e-01
8.996664518559559509e-01
9.933817072576179852e-01
1.026182046648199675e+00
9.605813678670362954e-01
8.059511964542939166e-01
8.856091635457066236e-01
9.558956050969531493e-01
9.699528934072024766e-01
8.996664518559559509e-01
8.621803496952911150e-01
9.512098423268701142e-01
8.481230613850417877e-01
8.856091635457066236e-01
1.049610860498615184e+00
8.481230613850417877e-01
9.043522146260390970e-01
8.856091635457066236e-01
6.934928899722994089e-01
6.232064484210527722e-01
1.251098659612188690e+00
1.344813915013850725e+00
1.255784422382271837e+00
9.043522146260390970e-01
1.058982386038781476e+00
9.746386561772856227e-01
1.077725437119113838e+00
1.012124758337950459e+00
1.101154250969529347e+00
1.091782725429363277e+00
1.073039674349030692e+00
1.096468488199446423e+00
1.016810521108033605e+00
8.996664518559559509e-01
1.044925097728532259e+00
1.054296623268698330e+00
1.044925097728532259e+00
1.030867809418282821e+00
1.026182046648199675e+00
9.230952657063714595e-01
1.044925097728532259e+00
9.746386561772856227e-01
9.605813678670362954e-01
8.668661124653742611e-01
1.157383404210526656e+00
8.949806890858728048e-01
9.980674700277011313e-01
1.021496283878116751e+00
1.012124758337950459e+00
9.184095029362883134e-01
9.371525540166207868e-01
9.371525540166207868e-01
9.746386561772856227e-01
9.418383167867039329e-01
8.762376380055404423e-01
9.652671306371194415e-01
9.277810284764546056e-01
1.082411199889196984e+00
9.840101817174518040e-01
9.230952657063714595e-01
9.043522146260390970e-01
1.002753232797784166e+00
8.059511964542939166e-01
9.324667912465376407e-01
9.886959444875349501e-01
9.699528934072024766e-01
1.030867809418282821e+00
8.949806890858728048e-01
8.809234007756235885e-01
8.996664518559559509e-01
8.809234007756235885e-01
9.418383167867039329e-01
8.621803496952911150e-01
8.856091635457066236e-01
8.902949263157897697e-01
7.825223826038784081e-01
8.574945869252079689e-01
8.809234007756235885e-01
8.059511964542939166e-01
1.199555269141274527e+00
1.386985779944598818e+00
1.326070863933518362e+00
1.185497980831025311e+00
1.213612557451523966e+00
1.077725437119113838e+00
1.115211539279778785e+00
1.124583064819944855e+00
1.082411199889196984e+00
9.746386561772856227e-01
9.793244189473687689e-01
1.129268827590028001e+00
9.746386561772856227e-01
1.030867809418282821e+00
9.793244189473687689e-01
8.996664518559559509e-01
9.840101817174518040e-01
1.054296623268698330e+00
1.082411199889196984e+00
9.512098423268701142e-01
9.933817072576179852e-01
9.699528934072024766e-01
9.277810284764546056e-01
9.652671306371194415e-01
9.184095029362883134e-01
9.558956050969531493e-01
9.652671306371194415e-01
1.082411199889196984e+00
1.012124758337950459e+00
9.793244189473687689e-01
9.793244189473687689e-01
9.090379773961221321e-01
9.230952657063714595e-01
8.621803496952911150e-01
9.137237401662052783e-01
9.699528934072024766e-01
1.021496283878116751e+00
1.068353911578947768e+00
8.621803496952911150e-01
9.652671306371194415e-01
8.621803496952911150e-01
9.605813678670362954e-01
8.246942475346262791e-01
9.371525540166207868e-01
9.230952657063714595e-01
9.230952657063714595e-01
9.324667912465376407e-01
8.153227219944600979e-01
8.434372986149587526e-01
8.059511964542939166e-01
7.965796709141276244e-01
7.825223826038784081e-01
7.731508570637121158e-01
7.825223826038784081e-01
7.309789921329642448e-01
8.387515358448756064e-01
9.043522146260390970e-01
1.307327812853186000e+00
1.251098659612188690e+00
1.255784422382271837e+00
1.190183743601108457e+00
1.237041371301939474e+00
1.058982386038781476e+00
1.101154250969529347e+00
9.465240795567869680e-01
9.980674700277011313e-01
1.002753232797784166e+00
1.026182046648199675e+00
9.980674700277011313e-01
1.040239334958449113e+00
1.007438995567867313e+00
1.063668148808864622e+00
1.016810521108033605e+00
1.115211539279778785e+00
1.096468488199446423e+00
1.115211539279778785e+00
1.316699338393352292e+00
1.335442389473684655e+00
1.194869506371191603e+00
1.119897302049861931e+00
1.068353911578947768e+00
1.190183743601108457e+00
1.185497980831025311e+00
1.063668148808864622e+00
1.115211539279778785e+00
9.277810284764546056e-01
1.148011878670360364e+00
1.012124758337950459e+00
1.129268827590028001e+00
1.171440692520775873e+00
9.465240795567869680e-01
1.040239334958449113e+00
9.933817072576179852e-01
1.143326115900277440e+00
1.190183743601108457e+00
1.227669845761773182e+00
