-8.133648302957248166e-01
0.000000000000000000e+00
-7.405222618025748549e-01
0.000000000000000000e+00
-5.245808715473004868e-01
0.000000000000000000e+00
-3.296509405945170501e-01
0.000000000000000000e+00
-1.460653328137505591e-01
0.000000000000000000e+00
8.891509981308508559e-01
0.000000000000000000e+00
9.632202487707165750e-02
0.000000000000000000e+00
2.885663153705463890e-01
0.000000000000000000e+00
7.384289635619167846e-01
0.000000000000000000e+00
5.100020593397484037e-01
0.000000000000000000e+00
