1.003697602694392677e+00 0.000000000000000000e+00
1.003601038793040967e+00 0.000000000000000000e+00
1.003500099381275046e+00 0.000000000000000000e+00
1.003394484649496876e+00 0.000000000000000000e+00
1.003283866798613033e+00 0.000000000000000000e+00
1.003167886692366118e+00 0.000000000000000000e+00
1.003046150016727589e+00 0.000000000000000000e+00
1.002918222859429553e+00 0.000000000000000000e+00
1.002783626604723199e+00 0.000000000000000000e+00
1.002641832016163637e+00 0.000000000000000000e+00
1.002492252352446878e+00 0.000000000000000000e+00
1.002334235326546974e+00 0.000000000000000000e+00
1.002167053674566155e+00 0.000000000000000000e+00
1.001989894045149043e+00 0.000000000000000000e+00
1.001801843849410067e+00 0.000000000000000000e+00
1.001601875620231619e+00 0.000000000000000000e+00
1.001388828311906565e+00 0.000000000000000000e+00
1.001161384817370603e+00 0.000000000000000000e+00
1.000918044778150273e+00 0.000000000000000000e+00
1.000657091494115081e+00 0.000000000000000000e+00
1.000376551381335188e+00 0.000000000000000000e+00
1.000074143941374727e+00 0.000000000000000000e+00
9.997472195428116493e-01 0.000000000000000000e+00
9.993926814003731840e-01 0.000000000000000000e+00
9.990068868567939520e-01 0.000000000000000000e+00
9.985855212581925544e-01 0.000000000000000000e+00
9.981234351058310139e-01 0.000000000000000000e+00
9.976144313600534552e-01 0.000000000000000000e+00
9.970509841202382928e-01 0.000000000000000000e+00
9.964238613576379411e-01 0.000000000000000000e+00
9.957216111886924015e-01 0.000000000000000000e+00
9.949298503627246326e-01 0.000000000000000000e+00
9.940302599658266125e-01 0.000000000000000000e+00
9.929991373342614835e-01 0.000000000000000000e+00
9.918052570509942045e-01 0.000000000000000000e+00
9.904066229878893957e-01 0.000000000000000000e+00
9.887453768678685639e-01 0.000000000000000000e+00
9.867395145697276382e-01 0.000000000000000000e+00
9.842688017577557735e-01 0.000000000000000000e+00
9.811495223277486577e-01 0.000000000000000000e+00
9.770861543199605981e-01 0.000000000000000000e+00
9.715709551658591181e-01 0.000000000000000000e+00
9.636515907995423236e-01 0.000000000000000000e+00
9.513077469069491920e-01 0.000000000000000000e+00
9.293698225830753223e-01 0.000000000000000000e+00
8.794606657245661596e-01 0.000000000000000000e+00
6.532138411665907585e-01 0.000000000000000000e+00
1.468034153400691322e+00 0.000000000000000000e+00
1.146736844386970322e+00 0.000000000000000000e+00
1.089316268690707856e+00 0.000000000000000000e+00
1.065268864236481150e+00 0.000000000000000000e+00
1.052005634137563650e+00 0.000000000000000000e+00
1.043560824041353863e+00 0.000000000000000000e+00
1.037673597330019071e+00 0.000000000000000000e+00
1.033294854257966300e+00 0.000000000000000000e+00
1.029866799286305756e+00 0.000000000000000000e+00
1.027059378956187929e+00 0.000000000000000000e+00
1.024656037840422584e+00 0.000000000000000000e+00
1.022495265565007916e+00 0.000000000000000000e+00
1.020431866579252889e+00 0.000000000000000000e+00
1.018296081049927748e+00 0.000000000000000000e+00
1.015817720968945848e+00 0.000000000000000000e+00
1.012406989459015749e+00 0.000000000000000000e+00
1.006200008792365042e+00 0.000000000000000000e+00
9.853912498670280851e-01 0.000000000000000000e+00
1.119301779853952183e+00 0.000000000000000000e+00
1.039811643282448461e+00 0.000000000000000000e+00
1.030234560097142094e+00 0.000000000000000000e+00
1.026282765484770376e+00 0.000000000000000000e+00
1.024022504777226228e+00 0.000000000000000000e+00
1.022507630637760068e+00 0.000000000000000000e+00
1.021394092914062135e+00 0.000000000000000000e+00
1.020525712524719131e+00 0.000000000000000000e+00
1.019820751493478506e+00 0.000000000000000000e+00
1.019231922051064387e+00 0.000000000000000000e+00
1.018729744106758872e+00 0.000000000000000000e+00
1.018294744793822648e+00 0.000000000000000000e+00
1.017913457360007712e+00 0.000000000000000000e+00
1.017576217680824957e+00 0.000000000000000000e+00
1.017275878772433861e+00 0.000000000000000000e+00
1.017007024229575007e+00 0.000000000000000000e+00
1.016765467302580994e+00 0.000000000000000000e+00
1.016547920916883951e+00 0.000000000000000000e+00
1.016351774010247455e+00 0.000000000000000000e+00
1.016174936292035147e+00 0.000000000000000000e+00
1.016015728426973741e+00 0.000000000000000000e+00
1.015872803272519720e+00 0.000000000000000000e+00
1.015745088969308707e+00 0.000000000000000000e+00
1.015631747884766289e+00 0.000000000000000000e+00
1.015532147455848522e+00 0.000000000000000000e+00
1.015445840331118399e+00 0.000000000000000000e+00
1.015372552147502105e+00 0.000000000000000000e+00
1.015312175960281449e+00 0.000000000000000000e+00
1.015264772884520106e+00 0.000000000000000000e+00
1.015230578978580045e+00 0.000000000000000000e+00
1.015210018867019004e+00 0.000000000000000000e+00
1.015203727119436294e+00 0.000000000000000000e+00
1.015212579040430274e+00 0.000000000000000000e+00
1.015237733371525009e+00 0.000000000000000000e+00
1.015280690585723233e+00 0.000000000000000000e+00
1.015343372164408287e+00 0.000000000000000000e+00
1.015428228796690480e+00 0.000000000000000000e+00
1.015538389348038750e+00 0.000000000000000000e+00
1.015677868583370502e+00 0.000000000000000000e+00
1.015851861531608114e+00 0.000000000000000000e+00
1.016067168811956245e+00 0.000000000000000000e+00
1.016332825386745853e+00 0.000000000000000000e+00
1.016661055145464232e+00 0.000000000000000000e+00
1.017068765990158941e+00 0.000000000000000000e+00
1.017579978696763865e+00 0.000000000000000000e+00
1.018229947966666771e+00 0.000000000000000000e+00
1.019072530650652064e+00 0.000000000000000000e+00
1.020194236116793718e+00 0.000000000000000000e+00
1.021743285947361857e+00 0.000000000000000000e+00
1.023996438687953647e+00 0.000000000000000000e+00
1.027536664995285287e+00 0.000000000000000000e+00
1.033838169560287623e+00 0.000000000000000000e+00
1.048022086543081821e+00 0.000000000000000000e+00
1.108406718978343752e+00 0.000000000000000000e+00
8.530420270295397955e-01 0.000000000000000000e+00
9.668872862330718521e-01 0.000000000000000000e+00
9.851237380582632541e-01 0.000000000000000000e+00
9.925378129996451637e-01 0.000000000000000000e+00
9.965369979586667926e-01 0.000000000000000000e+00
9.990242380064674466e-01 0.000000000000000000e+00
1.000709856637025830e+00 0.000000000000000000e+00
1.001919238722813299e+00 0.000000000000000000e+00
1.002822421019047949e+00 0.000000000000000000e+00
1.003516867745914753e+00 0.000000000000000000e+00
1.004062411304875058e+00 0.000000000000000000e+00
1.004497774283614309e+00 0.000000000000000000e+00
1.004849084534812809e+00 0.000000000000000000e+00
1.005134571147260347e+00 0.000000000000000000e+00
1.005367299746721788e+00 0.000000000000000000e+00
1.005556839006929160e+00 0.000000000000000000e+00
1.005710314657905613e+00 0.000000000000000000e+00
1.005833097193194359e+00 0.000000000000000000e+00
1.005929262220747411e+00 0.000000000000000000e+00
1.006001904914603173e+00 0.000000000000000000e+00
1.006053357877825682e+00 0.000000000000000000e+00
1.006085343055633796e+00 0.000000000000000000e+00
1.006099077100775840e+00 0.000000000000000000e+00
1.006095342583845920e+00 0.000000000000000000e+00
1.006074532886964690e+00 0.000000000000000000e+00
1.006036675498294564e+00 0.000000000000000000e+00
1.005981436115451100e+00 0.000000000000000000e+00
1.005908104056890018e+00 0.000000000000000000e+00
1.005815557659883730e+00 0.000000000000000000e+00
1.005702206322310222e+00 0.000000000000000000e+00
1.005565903287372720e+00 0.000000000000000000e+00
1.005403819709383528e+00 0.000000000000000000e+00
1.005212265249057602e+00 0.000000000000000000e+00
1.004986432217333858e+00 0.000000000000000000e+00
1.004720026998328519e+00 0.000000000000000000e+00
1.004404730275262780e+00 0.000000000000000000e+00
1.004029389147435003e+00 0.000000000000000000e+00
1.003578775114115418e+00 0.000000000000000000e+00
1.003031612171503939e+00 0.000000000000000000e+00
1.002357323388730403e+00 0.000000000000000000e+00
1.001510409415033998e+00 0.000000000000000000e+00
1.000420173649246403e+00 0.000000000000000000e+00
9.989705845292679021e-01 0.000000000000000000e+00
9.969571301070362379e-01 0.000000000000000000e+00
9.939827889200856248e-01 0.000000000000000000e+00
9.891620677885061275e-01 0.000000000000000000e+00
9.800365362061059793e-01 0.000000000000000000e+00
9.562936107955101184e-01 0.000000000000000000e+00
7.439861490338410821e-01 0.000000000000000000e+00
1.099478406814455189e+00 0.000000000000000000e+00
1.048234723212455144e+00 0.000000000000000000e+00
1.034304248674874138e+00 0.000000000000000000e+00
1.027819609739468509e+00 0.000000000000000000e+00
1.024076034333875285e+00 0.000000000000000000e+00
1.021642870431018979e+00 0.000000000000000000e+00
1.019937560152416767e+00 0.000000000000000000e+00
1.018678334639835592e+00 0.000000000000000000e+00
1.017712293956850145e+00 0.000000000000000000e+00
1.016949307049701989e+00 0.000000000000000000e+00
1.016332812312563227e+00 0.000000000000000000e+00
1.015825531547290828e+00 0.000000000000000000e+00
1.015401908279205179e+00 0.000000000000000000e+00
1.015043846661074722e+00 0.000000000000000000e+00
1.014738184436774215e+00 0.000000000000000000e+00
1.014475129259401198e+00 0.000000000000000000e+00
1.014247255827727789e+00 0.000000000000000000e+00
1.014048842782049320e+00 0.000000000000000000e+00
1.013875422668491177e+00 0.000000000000000000e+00
1.013723469653749598e+00 0.000000000000000000e+00
1.013590178777498352e+00 0.000000000000000000e+00
1.013473307612977381e+00 0.000000000000000000e+00
1.013371061561872732e+00 0.000000000000000000e+00
1.013282010484052975e+00 0.000000000000000000e+00
1.013205028544069686e+00 0.000000000000000000e+00
1.013139251964643384e+00 0.000000000000000000e+00
1.013084051370678473e+00 0.000000000000000000e+00
1.013039016948757309e+00 0.000000000000000000e+00
1.013003956003916350e+00 0.000000000000000000e+00
1.012978903909167894e+00 0.000000000000000000e+00
1.012964151195542062e+00 0.000000000000000000e+00
1.012960292033112886e+00 0.000000000000000000e+00
1.012968303303409590e+00 0.000000000000000000e+00
1.012989670150327370e+00 0.000000000000000000e+00
1.013026585861808826e+00 0.000000000000000000e+00
1.013082276477413224e+00 0.000000000000000000e+00
1.013161545356197513e+00 0.000000000000000000e+00
1.013271727780845399e+00 0.000000000000000000e+00
1.013424461401132959e+00 0.000000000000000000e+00
1.013639214544114875e+00 0.000000000000000000e+00
1.013951004965735425e+00 0.000000000000000000e+00
1.014429538967952737e+00 0.000000000000000000e+00
1.015235923185237477e+00 0.000000000000000000e+00
1.016844826918444689e+00 0.000000000000000000e+00
1.021528103814335120e+00 0.000000000000000000e+00
1.191837041332040048e+00 0.000000000000000000e+00
1.001035249560217943e+00 0.000000000000000000e+00
1.006596055320197136e+00 0.000000000000000000e+00
1.008376134708005134e+00 0.000000000000000000e+00
1.009253248360020949e+00 0.000000000000000000e+00
1.009776521347384826e+00 0.000000000000000000e+00
1.010125492149003934e+00 0.000000000000000000e+00
1.010376264248890044e+00 0.000000000000000000e+00
1.010566619082190920e+00 0.000000000000000000e+00
1.010717445112344626e+00 0.000000000000000000e+00
1.010841236170142210e+00 0.000000000000000000e+00
1.010945930390079628e+00 0.000000000000000000e+00
1.011036820679019010e+00 0.000000000000000000e+00
1.011117579717241366e+00 0.000000000000000000e+00
1.011190844071672590e+00 0.000000000000000000e+00
1.011258563996466631e+00 0.000000000000000000e+00
1.011322221846482794e+00 0.000000000000000000e+00
1.011382973437904953e+00 0.000000000000000000e+00
1.011441742472923400e+00 0.000000000000000000e+00
1.011499285435572437e+00 0.000000000000000000e+00
1.011556237393741231e+00 0.000000000000000000e+00
1.011613145168869465e+00 0.000000000000000000e+00
1.011670491993991838e+00 0.000000000000000000e+00
1.011728716361691927e+00 0.000000000000000000e+00
1.011788226882146313e+00 0.000000000000000000e+00
1.011849414413305226e+00 0.000000000000000000e+00
1.011912662367243865e+00 0.000000000000000000e+00
1.011978355866403945e+00 0.000000000000000000e+00
1.012046890277509492e+00 0.000000000000000000e+00
1.012118679563365653e+00 0.000000000000000000e+00
1.012194164848133182e+00 0.000000000000000000e+00
1.012273823581586019e+00 0.000000000000000000e+00
1.012358179708790828e+00 0.000000000000000000e+00
1.012447815304123644e+00 0.000000000000000000e+00
1.012543384216867182e+00 0.000000000000000000e+00
1.012645628408491483e+00 0.000000000000000000e+00
1.012755397853386752e+00 0.000000000000000000e+00
1.012873675147416552e+00 0.000000000000000000e+00
1.013001606356024542e+00 0.000000000000000000e+00
1.013140540187454031e+00 0.000000000000000000e+00
1.013292078376810013e+00 0.000000000000000000e+00
1.013458141338400731e+00 0.000000000000000000e+00
1.013641054886788462e+00 0.000000000000000000e+00
1.013843666466554660e+00 0.000000000000000000e+00
1.014069503408788320e+00 0.000000000000000000e+00
1.014322992174484517e+00 0.000000000000000000e+00
1.014609767977899368e+00 0.000000000000000000e+00
1.014937121555222088e+00 0.000000000000000000e+00
1.015314659692698962e+00 0.000000000000000000e+00
1.015755309272073248e+00 0.000000000000000000e+00
1.016276893147267657e+00 0.000000000000000000e+00
1.016904697774716926e+00 0.000000000000000000e+00
1.017675846238994763e+00 0.000000000000000000e+00
1.018647154468974136e+00 0.000000000000000000e+00
1.019910203189149822e+00 0.000000000000000000e+00
1.021622755559147500e+00 0.000000000000000000e+00
1.024081765641791542e+00 0.000000000000000000e+00
1.027920397628033999e+00 0.000000000000000000e+00
1.034771850748902322e+00 0.000000000000000000e+00
1.050532433367870278e+00 0.000000000000000000e+00
1.125402354917783621e+00 0.000000000000000000e+00
8.802041054131922726e-01 0.000000000000000000e+00
9.691846318752128653e-01 0.000000000000000000e+00
9.860748622459707402e-01 0.000000000000000000e+00
9.932442634040885565e-01 0.000000000000000000e+00
9.972214978294617893e-01 0.000000000000000000e+00
9.997591087773943785e-01 0.000000000000000000e+00
1.001525840401502832e+00 0.000000000000000000e+00
1.002832308643019754e+00 0.000000000000000000e+00
1.003842478330349008e+00 0.000000000000000000e+00
1.004651120710604140e+00 0.000000000000000000e+00
1.005316874078119760e+00 0.000000000000000000e+00
1.005878008153094694e+00 0.000000000000000000e+00
1.006360603495713990e+00 0.000000000000000000e+00
1.006783088639228829e+00 0.000000000000000000e+00
1.007158897553810384e+00 0.000000000000000000e+00
1.007498098493373018e+00 0.000000000000000000e+00
1.007808431929763326e+00 0.000000000000000000e+00
1.008095994929579353e+00 0.000000000000000000e+00
1.008365706650728555e+00 0.000000000000000000e+00
1.008621634468776174e+00 0.000000000000000000e+00
1.008867229389095899e+00 0.000000000000000000e+00
1.009105501554203199e+00 0.000000000000000000e+00
1.009339156054118947e+00 0.000000000000000000e+00
1.009570702841516177e+00 0.000000000000000000e+00
1.009802550680955591e+00 0.000000000000000000e+00
1.010037092803607317e+00 0.000000000000000000e+00
1.010276790795588298e+00 0.000000000000000000e+00
1.010524262976694843e+00 0.000000000000000000e+00
1.010782384066698514e+00 0.000000000000000000e+00
1.011054404392165651e+00 0.000000000000000000e+00
1.011344099554746911e+00 0.000000000000000000e+00
1.011655965940650326e+00 0.000000000000000000e+00
1.011995484746162077e+00 0.000000000000000000e+00
1.012369489203236661e+00 0.000000000000000000e+00
1.012786689847176902e+00 0.000000000000000000e+00
1.013258447452785482e+00 0.000000000000000000e+00
1.013799945364995514e+00 0.000000000000000000e+00
1.014432028360914284e+00 0.000000000000000000e+00
1.015184200015593063e+00 0.000000000000000000e+00
1.016099733563257113e+00 0.000000000000000000e+00
1.017244870129194956e+00 0.000000000000000000e+00
1.018726508475135351e+00 0.000000000000000000e+00
1.020729199458296987e+00 0.000000000000000000e+00
1.023601493314050481e+00 0.000000000000000000e+00
1.028090422254370528e+00 0.000000000000000000e+00
1.036139347021054924e+00 0.000000000000000000e+00
1.054882948365014395e+00 0.000000000000000000e+00
1.148842801307639494e+00 0.000000000000000000e+00
8.691455252428477163e-01 0.000000000000000000e+00
9.617595478390650321e-01 0.000000000000000000e+00
9.803936715286888370e-01 0.000000000000000000e+00
9.884101035741537089e-01 0.000000000000000000e+00
9.928830010597066158e-01 0.000000000000000000e+00
9.957442769884401468e-01 0.000000000000000000e+00
9.977375278349256416e-01 0.000000000000000000e+00
9.992099597778948405e-01 0.000000000000000000e+00
1.000345486502997483e+00 0.000000000000000000e+00
1.001250649733284037e+00 0.000000000000000000e+00
1.001991455435929934e+00 0.000000000000000000e+00
1.002610996134046584e+00 0.000000000000000000e+00
1.003138616823559870e+00 0.000000000000000000e+00
1.003595008468479932e+00 0.000000000000000000e+00
1.003995194767514532e+00 0.000000000000000000e+00
1.004350363524767920e+00 0.000000000000000000e+00
1.004669032796533301e+00 0.000000000000000000e+00
1.004957817960548061e+00 0.000000000000000000e+00
1.005221950801995723e+00 0.000000000000000000e+00
1.005465639757036733e+00 0.000000000000000000e+00
1.005692325702733259e+00 0.000000000000000000e+00
1.005904867483372600e+00 0.000000000000000000e+00
1.006105679252334628e+00 0.000000000000000000e+00
1.006296834247369487e+00 0.000000000000000000e+00
1.006480144911573005e+00 0.000000000000000000e+00
1.006657226246840287e+00 0.000000000000000000e+00
1.006829547313716766e+00 0.000000000000000000e+00
1.006998474497385887e+00 0.000000000000000000e+00
1.007165309317868296e+00 0.000000000000000000e+00
1.007331323036417148e+00 0.000000000000000000e+00
1.007497790019167283e+00 0.000000000000000000e+00
1.007666021721213223e+00 0.000000000000000000e+00
1.007837403236980567e+00 0.000000000000000000e+00
1.008013434640532724e+00 0.000000000000000000e+00
1.008195779857522068e+00 0.000000000000000000e+00
1.008386326655091869e+00 0.000000000000000000e+00
1.008587262655282979e+00 0.000000000000000000e+00
1.008801174319366112e+00 0.000000000000000000e+00
1.009031179031863124e+00 0.000000000000000000e+00
1.009281105446140359e+00 0.000000000000000000e+00
1.009555745385436021e+00 0.000000000000000000e+00
1.009861214071512192e+00 0.000000000000000000e+00
1.010205478466944973e+00 0.000000000000000000e+00
1.010599154180334081e+00 0.000000000000000000e+00
1.011056746117618088e+00 0.000000000000000000e+00
1.011598651824536343e+00 0.000000000000000000e+00
1.012254538181921237e+00 0.000000000000000000e+00
1.013069332804737543e+00 0.000000000000000000e+00
1.014114543671067903e+00 0.000000000000000000e+00
1.015511398763564888e+00 0.000000000000000000e+00
1.017483241338415612e+00 0.000000000000000000e+00
1.020491856934117481e+00 0.000000000000000000e+00
1.025671725878608109e+00 0.000000000000000000e+00
1.036756966434635663e+00 0.000000000000000000e+00
1.077516584235660435e+00 0.000000000000000000e+00
7.981202932770740111e-01 0.000000000000000000e+00
9.641915163873184813e-01 0.000000000000000000e+00
9.829538828972667064e-01 0.000000000000000000e+00
9.901962785321877236e-01 0.000000000000000000e+00
9.940410612723052930e-01 0.000000000000000000e+00
9.964274171365191668e-01 0.000000000000000000e+00
9.980543460541732026e-01 0.000000000000000000e+00
9.992354304884448757e-01 0.000000000000000000e+00
1.000132291926008943e+00 0.000000000000000000e+00
1.000836689425093962e+00 0.000000000000000000e+00
1.001404581362305812e+00 0.000000000000000000e+00
1.001872027991306036e+00 0.000000000000000000e+00
1.002263307654557067e+00 0.000000000000000000e+00
1.002595358756526833e+00 0.000000000000000000e+00
1.002880351775314205e+00 0.000000000000000000e+00
1.003127249355196815e+00 0.000000000000000000e+00
1.003342790210254964e+00 0.000000000000000000e+00
1.003532130534631195e+00 0.000000000000000000e+00
1.003699274187249024e+00 0.000000000000000000e+00
1.003847368365620385e+00 0.000000000000000000e+00
1.003978911167565879e+00 0.000000000000000000e+00
1.004095899956995330e+00 0.000000000000000000e+00
1.004199939032773603e+00 0.000000000000000000e+00
1.004292318708471354e+00 0.000000000000000000e+00
1.004374073883887775e+00 0.000000000000000000e+00
1.004446027588297818e+00 0.000000000000000000e+00
1.004508823254383065e+00 0.000000000000000000e+00
1.004562948314163817e+00 0.000000000000000000e+00
1.004608750893050129e+00 0.000000000000000000e+00
1.004646450788147183e+00 0.000000000000000000e+00
1.004676145468454740e+00 0.000000000000000000e+00
1.004697811469556834e+00 0.000000000000000000e+00
1.004711301229999076e+00 0.000000000000000000e+00
1.004716335093465363e+00 0.000000000000000000e+00
1.004712487842787105e+00 0.000000000000000000e+00
1.004699168695078138e+00 0.000000000000000000e+00
1.004675593113811827e+00 0.000000000000000000e+00
1.004640743999279273e+00 0.000000000000000000e+00
1.004593318674457558e+00 0.000000000000000000e+00
1.004531656383079508e+00 0.000000000000000000e+00
1.004453638421936912e+00 0.000000000000000000e+00
1.004356548966685025e+00 0.000000000000000000e+00
1.004236878119511456e+00 0.000000000000000000e+00
1.004090037908140998e+00 0.000000000000000000e+00
1.003909943545516548e+00 0.000000000000000000e+00
1.003688379723154833e+00 0.000000000000000000e+00
1.003414011910714887e+00 0.000000000000000000e+00
1.003070787570548017e+00 0.000000000000000000e+00
1.002635238622854752e+00 0.000000000000000000e+00
1.002071691261204212e+00 0.000000000000000000e+00
1.001323209139823422e+00 0.000000000000000000e+00
1.000293064943597487e+00 0.000000000000000000e+00
9.988027468609336212e-01 0.000000000000000000e+00
9.964825580461874610e-01 0.000000000000000000e+00
9.924224770458981437e-01 0.000000000000000000e+00
9.836177161534792601e-01 0.000000000000000000e+00
9.507769808488550911e-01 0.000000000000000000e+00
1.169165229075435741e+00 0.000000000000000000e+00
1.041557705366042752e+00 0.000000000000000000e+00
1.026842765062421670e+00 0.000000000000000000e+00
1.021196553364740689e+00 0.000000000000000000e+00
1.018237537243647628e+00 0.000000000000000000e+00
1.016435495031686953e+00 0.000000000000000000e+00
1.015237918641756609e+00 0.000000000000000000e+00
1.014396871714003501e+00 0.000000000000000000e+00
1.013784701915841024e+00 0.000000000000000000e+00
1.013329143245913500e+00 0.000000000000000000e+00
1.012986370338028852e+00 0.000000000000000000e+00
1.012728417076713905e+00 0.000000000000000000e+00
1.012536761517375705e+00 0.000000000000000000e+00
1.012398825031827654e+00 0.000000000000000000e+00
1.012305958641600556e+00 0.000000000000000000e+00
1.012252238632558532e+00 0.000000000000000000e+00
1.012233728516121145e+00 0.000000000000000000e+00
1.012248025343799762e+00 0.000000000000000000e+00
1.012293990890535289e+00 0.000000000000000000e+00
1.012371613474156495e+00 0.000000000000000000e+00
1.012481973270374258e+00 0.000000000000000000e+00
1.012627302587487232e+00 0.000000000000000000e+00
1.012811148350138968e+00 0.000000000000000000e+00
1.013038661356371550e+00 0.000000000000000000e+00
1.013317060573994732e+00 0.000000000000000000e+00
1.013656358269895641e+00 0.000000000000000000e+00
1.014070496740194560e+00 0.000000000000000000e+00
1.014579167302905871e+00 0.000000000000000000e+00
1.015210816441808772e+00 0.000000000000000000e+00
1.016007830031383730e+00 0.000000000000000000e+00
1.017035967670760099e+00 0.000000000000000000e+00
1.018402733655909831e+00 0.000000000000000000e+00
1.020296389047426144e+00 0.000000000000000000e+00
1.023078869530829937e+00 0.000000000000000000e+00
1.027545474971612860e+00 0.000000000000000000e+00
1.035849541197431556e+00 0.000000000000000000e+00
1.056557668335591060e+00 0.000000000000000000e+00
1.198089814687566923e+00 0.000000000000000000e+00
9.085990733365029159e-01 0.000000000000000000e+00
9.685372582655598084e-01 0.000000000000000000e+00
9.833421846955082701e-01 0.000000000000000000e+00
9.900413476433302939e-01 0.000000000000000000e+00
9.938572477467790822e-01 0.000000000000000000e+00
9.963194480573417389e-01 0.000000000000000000e+00
9.980383769530549731e-01 0.000000000000000000e+00
9.993055381955526784e-01 0.000000000000000000e+00
1.000277718126868054e+00 0.000000000000000000e+00
1.001046740497904208e+00 0.000000000000000000e+00
1.001669947699448837e+00 0.000000000000000000e+00
1.002184992482942016e+00 0.000000000000000000e+00
1.002617617458912536e+00 0.000000000000000000e+00
1.002986016608865105e+00 0.000000000000000000e+00
1.003303411234767628e+00 0.000000000000000000e+00
1.003579638665653473e+00 0.000000000000000000e+00
1.003822168619212363e+00 0.000000000000000000e+00
1.004036774131752185e+00 0.000000000000000000e+00
1.004227986668844608e+00 0.000000000000000000e+00
1.004399412277963810e+00 0.000000000000000000e+00
1.004553955876732685e+00 0.000000000000000000e+00
1.004693983373454724e+00 0.000000000000000000e+00
1.004821440830380164e+00 0.000000000000000000e+00
1.004937943383365173e+00 0.000000000000000000e+00
1.005044842506259251e+00 0.000000000000000000e+00
1.005143277530164747e+00 0.000000000000000000e+00
1.005234215553784338e+00 0.000000000000000000e+00
1.005318482684445902e+00 0.000000000000000000e+00
