1.006352946006936255e+00 0.000000000000000000e+00
1.006250662409704288e+00 0.000000000000000000e+00
1.006144246673607467e+00 0.000000000000000000e+00
1.006033437703613087e+00 0.000000000000000000e+00
1.005917951719035308e+00 0.000000000000000000e+00
1.005797479723460564e+00 0.000000000000000000e+00
1.005671684627535090e+00 0.000000000000000000e+00
1.005540197967678795e+00 0.000000000000000000e+00
1.005402616152851758e+00 0.000000000000000000e+00
1.005258496158143888e+00 0.000000000000000000e+00
1.005107350567563396e+00 0.000000000000000000e+00
1.004948641848197211e+00 0.000000000000000000e+00
1.004781775712866088e+00 0.000000000000000000e+00
1.004606093397206301e+00 0.000000000000000000e+00
1.004420862638036427e+00 0.000000000000000000e+00
1.004225267090633755e+00 0.000000000000000000e+00
1.004018393860144354e+00 0.000000000000000000e+00
1.003799218742730925e+00 0.000000000000000000e+00
1.003566588669787540e+00 0.000000000000000000e+00
1.003319200716224380e+00 0.000000000000000000e+00
1.003055576861298759e+00 0.000000000000000000e+00
1.002774033463696979e+00 0.000000000000000000e+00
1.002472644111929156e+00 0.000000000000000000e+00
1.002149194108821861e+00 0.000000000000000000e+00
1.001801124305336188e+00 0.000000000000000000e+00
1.001425461256713501e+00 0.000000000000000000e+00
1.001018729648966987e+00 0.000000000000000000e+00
1.000576841511006121e+00 0.000000000000000000e+00
1.000094954698642402e+00 0.000000000000000000e+00
9.995672902222377809e-01 0.000000000000000000e+00
9.989868937385877334e-01 0.000000000000000000e+00
9.983453202220646805e-01 0.000000000000000000e+00
9.976322113043214479e-01 0.000000000000000000e+00
9.968347200888688642e-01 0.000000000000000000e+00
9.959367151055675826e-01 0.000000000000000000e+00
9.949176576863910659e-01 0.000000000000000000e+00
9.937509849632600867e-01 0.000000000000000000e+00
9.924017243467305738e-01 0.000000000000000000e+00
9.908228766607535265e-01 0.000000000000000000e+00
9.889497565729290507e-01 0.000000000000000000e+00
9.866908044612102691e-01 0.000000000000000000e+00
9.839120053923329223e-01 0.000000000000000000e+00
9.804090450064213424e-01 0.000000000000000000e+00
9.758542416803135389e-01 0.000000000000000000e+00
9.696868557086457674e-01 0.000000000000000000e+00
9.608610434168844971e-01 0.000000000000000000e+00
9.471764307245494896e-01 0.000000000000000000e+00
9.230775475263856000e-01 0.000000000000000000e+00
8.693193217320591692e-01 0.000000000000000000e+00
6.431421899979765655e-01 0.000000000000000000e+00
1.617466927888586259e+00 0.000000000000000000e+00
1.176349612748108786e+00 0.000000000000000000e+00
1.106395919142715734e+00 0.000000000000000000e+00
1.077852369596417947e+00 0.000000000000000000e+00
1.062333457977775231e+00 0.000000000000000000e+00
1.052570763271031273e+00 0.000000000000000000e+00
1.045855069337822574e+00 0.000000000000000000e+00
1.040946098081733329e+00 0.000000000000000000e+00
1.037195699234661816e+00 0.000000000000000000e+00
1.034232091079976046e+00 0.000000000000000000e+00
1.031826675148268313e+00 0.000000000000000000e+00
1.029831088365011027e+00 0.000000000000000000e+00
1.028144767272525906e+00 0.000000000000000000e+00
1.026697056615718084e+00 0.000000000000000000e+00
1.025436779637907803e+00 0.000000000000000000e+00
1.024325871998091442e+00 0.000000000000000000e+00
1.023335340798684268e+00 0.000000000000000000e+00
1.022442610107185068e+00 0.000000000000000000e+00
1.021629722322584755e+00 0.000000000000000000e+00
1.020882082967901283e+00 0.000000000000000000e+00
1.020187557988087246e+00 0.000000000000000000e+00
1.019535802486992715e+00 0.000000000000000000e+00
1.018917740883887202e+00 0.000000000000000000e+00
1.018325142659456395e+00 0.000000000000000000e+00
1.017750251523061644e+00 0.000000000000000000e+00
1.017185432173253190e+00 0.000000000000000000e+00
1.016622799057792514e+00 0.000000000000000000e+00
1.016053785236535001e+00 0.000000000000000000e+00
1.015468594218232434e+00 0.000000000000000000e+00
1.014855447918400211e+00 0.000000000000000000e+00
1.014199488004152716e+00 0.000000000000000000e+00
1.013481081237831871e+00 0.000000000000000000e+00
1.012673067867912113e+00 0.000000000000000000e+00
1.011736049291403150e+00 0.000000000000000000e+00
1.010609819491033123e+00 0.000000000000000000e+00
1.009196629328660944e+00 0.000000000000000000e+00
1.007325433625361422e+00 0.000000000000000000e+00
1.004665956367686297e+00 0.000000000000000000e+00
1.000485224291450592e+00 0.000000000000000000e+00
9.927613030078830114e-01 0.000000000000000000e+00
9.731180539458567091e-01 0.000000000000000000e+00
8.102093564970439532e-01 0.000000000000000000e+00
1.094810474318755222e+00 0.000000000000000000e+00
1.049808153419287127e+00 0.000000000000000000e+00
1.037737022222396499e+00 0.000000000000000000e+00
1.032099410122880423e+00 0.000000000000000000e+00
1.028817329984701878e+00 0.000000000000000000e+00
1.026660754219353544e+00 0.000000000000000000e+00
1.025131022954268278e+00 0.000000000000000000e+00
1.023987666588600964e+00 0.000000000000000000e+00
1.023100531376354594e+00 0.000000000000000000e+00
1.022393119698138841e+00 0.000000000000000000e+00
1.021817626767218101e+00 0.000000000000000000e+00
1.021342756546304908e+00 0.000000000000000000e+00
1.020947290736134550e+00 0.000000000000000000e+00
1.020616479991631076e+00 0.000000000000000000e+00
1.020339919440128140e+00 0.000000000000000000e+00
1.020110252306056342e+00 0.000000000000000000e+00
1.019922360869217837e+00 0.000000000000000000e+00
1.019772859963908873e+00 0.000000000000000000e+00
1.019659790252469556e+00 0.000000000000000000e+00
1.019582454607501187e+00 0.000000000000000000e+00
1.019541369298547551e+00 0.000000000000000000e+00
1.019538321853233231e+00 0.000000000000000000e+00
1.019576545373671150e+00 0.000000000000000000e+00
1.019661039704665928e+00 0.000000000000000000e+00
1.019799099275790155e+00 0.000000000000000000e+00
1.020001155696375728e+00 0.000000000000000000e+00
1.020282129522419368e+00 0.000000000000000000e+00
1.020663650513868426e+00 0.000000000000000000e+00
1.021177840592736752e+00 0.000000000000000000e+00
1.021874081010055946e+00 0.000000000000000000e+00
1.022831894428682942e+00 0.000000000000000000e+00
1.024187498539449015e+00 0.000000000000000000e+00
1.026194559345784185e+00 0.000000000000000000e+00
1.029384532142104458e+00 0.000000000000000000e+00
1.035088564729669480e+00 0.000000000000000000e+00
1.047844740930561791e+00 0.000000000000000000e+00
1.099657788566542616e+00 0.000000000000000000e+00
8.449399740179930340e-01 0.000000000000000000e+00
9.704433370390106450e-01 0.000000000000000000e+00
9.885046044571672574e-01 0.000000000000000000e+00
9.956549117371613633e-01 0.000000000000000000e+00
9.994365834508280866e-01 0.000000000000000000e+00
1.001740880561345026e+00 0.000000000000000000e+00
1.003265326675449209e+00 0.000000000000000000e+00
1.004326963999398803e+00 0.000000000000000000e+00
1.005090460997512425e+00 0.000000000000000000e+00
1.005649663924205850e+00 0.000000000000000000e+00
1.006061816570996026e+00 0.000000000000000000e+00
1.006363666941431090e+00 0.000000000000000000e+00
1.006579735435348955e+00 0.000000000000000000e+00
1.006726856749557308e+00 0.000000000000000000e+00
1.006816813113963427e+00 0.000000000000000000e+00
1.006857928127372848e+00 0.000000000000000000e+00
1.006856064369567427e+00 0.000000000000000000e+00
1.006815262897904795e+00 0.000000000000000000e+00
1.006738158116645909e+00 0.000000000000000000e+00
1.006626245323526625e+00 0.000000000000000000e+00
1.006480046577874932e+00 0.000000000000000000e+00
1.006299201767637319e+00 0.000000000000000000e+00
1.006082499910863959e+00 0.000000000000000000e+00
1.005827857558413196e+00 0.000000000000000000e+00
1.005532244738977399e+00 0.000000000000000000e+00
1.005191552883273332e+00 0.000000000000000000e+00
1.004800392446468127e+00 0.000000000000000000e+00
1.004351799243215160e+00 0.000000000000000000e+00
1.003836816043935265e+00 0.000000000000000000e+00
1.003243896933291746e+00 0.000000000000000000e+00
1.002558051465530342e+00 0.000000000000000000e+00
1.001759595044275253e+00 0.000000000000000000e+00
1.000822284789058658e+00 0.000000000000000000e+00
9.997104641622822641e-01 0.000000000000000000e+00
9.983745483379689034e-01 0.000000000000000000e+00
9.967436111376806185e-01 0.000000000000000000e+00
9.947126486574320303e-01 0.000000000000000000e+00
9.921194598005648180e-01 0.000000000000000000e+00
9.886997222703300947e-01 0.000000000000000000e+00
9.839918052610596710e-01 0.000000000000000000e+00
9.771106790466052017e-01 0.000000000000000000e+00
9.661184588498737957e-01 0.000000000000000000e+00
9.457967293817757248e-01 0.000000000000000000e+00
8.956132265113092572e-01 0.000000000000000000e+00
5.688450775266200576e-01 0.000000000000000000e+00
1.268292158306320916e+00 0.000000000000000000e+00
1.113177573462544645e+00 0.000000000000000000e+00
1.075736010580313540e+00 0.000000000000000000e+00
1.058902074258168957e+00 0.000000000000000000e+00
1.049343489447767785e+00 0.000000000000000000e+00
1.043188801209725014e+00 0.000000000000000000e+00
1.038899941328234489e+00 0.000000000000000000e+00
1.035744528805180753e+00 0.000000000000000000e+00
1.033329454928611391e+00 0.000000000000000000e+00
1.031424862924992025e+00 0.000000000000000000e+00
1.029887417673749805e+00 0.000000000000000000e+00
1.028623139312916601e+00 0.000000000000000000e+00
1.027567885273630299e+00 0.000000000000000000e+00
1.026676421921096649e+00 0.000000000000000000e+00
1.025915978293859832e+00 0.000000000000000000e+00
1.025262275986290161e+00 0.000000000000000000e+00
1.024696993935509504e+00 0.000000000000000000e+00
1.024206099343321741e+00 0.000000000000000000e+00
1.023778720326138814e+00 0.000000000000000000e+00
1.023406368324393245e+00 0.000000000000000000e+00
1.023082393080838148e+00 0.000000000000000000e+00
1.022801596803715185e+00 0.000000000000000000e+00
1.022559960705034410e+00 0.000000000000000000e+00
1.022354453819791953e+00 0.000000000000000000e+00
1.022182904993691244e+00 0.000000000000000000e+00
1.022043926597605790e+00 0.000000000000000000e+00
1.021936884417062208e+00 0.000000000000000000e+00
1.021861913372620112e+00 0.000000000000000000e+00
1.021819984225588174e+00 0.000000000000000000e+00
1.021813033338323740e+00 0.000000000000000000e+00
1.021844177526037845e+00 0.000000000000000000e+00
1.021918051815911443e+00 0.000000000000000000e+00
1.022041334596046624e+00 0.000000000000000000e+00
1.022223572128722946e+00 0.000000000000000000e+00
1.022478503266772698e+00 0.000000000000000000e+00
1.022826260440140800e+00 0.000000000000000000e+00
1.023297189700227872e+00 0.000000000000000000e+00
1.023938856007398757e+00 0.000000000000000000e+00
1.024829813897588426e+00 0.000000000000000000e+00
1.026109207487453157e+00 0.000000000000000000e+00
1.028048433317865440e+00 0.000000000000000000e+00
1.031256207382343248e+00 0.000000000000000000e+00
1.037437030017471340e+00 0.000000000000000000e+00
1.053869400333356854e+00 0.000000000000000000e+00
1.218147443613315950e+00 0.000000000000000000e+00
9.591451356942076734e-01 0.000000000000000000e+00
9.916362150443156498e-01 0.000000000000000000e+00
1.000675746358184126e+00 0.000000000000000000e+00
1.004895517376093173e+00 0.000000000000000000e+00
1.007324562812524249e+00 0.000000000000000000e+00
1.008894360673446400e+00 0.000000000000000000e+00
1.009986493758618709e+00 0.000000000000000000e+00
1.010786216077161459e+00 0.000000000000000000e+00
1.011394307345955701e+00 0.000000000000000000e+00
1.011870280629228791e+00 0.000000000000000000e+00
1.012251533222955135e+00 0.000000000000000000e+00
1.012562740181794485e+00 0.000000000000000000e+00
1.012820836375610378e+00 0.000000000000000000e+00
1.013037828626033532e+00 0.000000000000000000e+00
1.013222465902293257e+00 0.000000000000000000e+00
1.013381274286135225e+00 0.000000000000000000e+00
1.013519221788403035e+00 0.000000000000000000e+00
1.013640158805448221e+00 0.000000000000000000e+00
1.013747117890199112e+00 0.000000000000000000e+00
1.013842522667008916e+00 0.000000000000000000e+00
1.013928336535897090e+00 0.000000000000000000e+00
1.014006170557643749e+00 0.000000000000000000e+00
1.014077363105204466e+00 0.000000000000000000e+00
1.014143039638529364e+00 0.000000000000000000e+00
1.014204158269047307e+00 0.000000000000000000e+00
1.014261545030720191e+00 0.000000000000000000e+00
1.014315921615561500e+00 0.000000000000000000e+00
1.014367927550965609e+00 0.000000000000000000e+00
1.014418138263371683e+00 0.000000000000000000e+00
1.014467080105565078e+00 0.000000000000000000e+00
1.014515243170817316e+00 0.000000000000000000e+00
1.014563092542292377e+00 0.000000000000000000e+00
1.014611078508836917e+00 0.000000000000000000e+00
1.014659646204570498e+00 0.000000000000000000e+00
1.014709245091336420e+00 0.000000000000000000e+00
1.014760338695988473e+00 0.000000000000000000e+00
1.014813415038262390e+00 0.000000000000000000e+00
1.014868998242707709e+00 0.000000000000000000e+00
1.014927661927121694e+00 0.000000000000000000e+00
1.014990045112825312e+00 0.000000000000000000e+00
1.015056871629411495e+00 0.000000000000000000e+00
1.015128974320546940e+00 0.000000000000000000e+00
1.015207325848726194e+00 0.000000000000000000e+00
1.015293078626127610e+00 0.000000000000000000e+00
1.015387617496001926e+00 0.000000000000000000e+00
1.015492630468452173e+00 0.000000000000000000e+00
1.015610205436965785e+00 0.000000000000000000e+00
1.015742964991868780e+00 0.000000000000000000e+00
1.015894258315800380e+00 0.000000000000000000e+00
1.016068440740836243e+00 0.000000000000000000e+00
1.016271291775773911e+00 0.000000000000000000e+00
1.016510659061993893e+00 0.000000000000000000e+00
1.016797485064381945e+00 0.000000000000000000e+00
1.017147511328658549e+00 0.000000000000000000e+00
1.017584246748259869e+00 0.000000000000000000e+00
1.018144448163778248e+00 0.000000000000000000e+00
1.018889001944357053e+00 0.000000000000000000e+00
1.019926636965327260e+00 0.000000000000000000e+00
1.021472439798390308e+00 0.000000000000000000e+00
1.024020059445019504e+00 0.000000000000000000e+00
1.029008718110430820e+00 0.000000000000000000e+00
1.043168095703956855e+00 0.000000000000000000e+00
1.378614671754482490e+00 0.000000000000000000e+00
9.783139294934589669e-01 0.000000000000000000e+00
9.967695495155504126e-01 0.000000000000000000e+00
1.002549031011288783e+00 0.000000000000000000e+00
1.005373888826102791e+00 0.000000000000000000e+00
1.007048880641575161e+00 0.000000000000000000e+00
1.008157671376035625e+00 0.000000000000000000e+00
1.008946166309570680e+00 0.000000000000000000e+00
1.009535963614509368e+00 0.000000000000000000e+00
1.009994097869023166e+00 0.000000000000000000e+00
1.010360565482391948e+00 0.000000000000000000e+00
1.010660715128796960e+00 0.000000000000000000e+00
1.010911397284425250e+00 0.000000000000000000e+00
1.011124256312224468e+00 0.000000000000000000e+00
1.011307602895593627e+00 0.000000000000000000e+00
1.011467533266352081e+00 0.000000000000000000e+00
1.011608626608497596e+00 0.000000000000000000e+00
1.011734395267675612e+00 0.000000000000000000e+00
1.011847584407314926e+00 0.000000000000000000e+00
1.011950376879094282e+00 0.000000000000000000e+00
1.012044536678124773e+00 0.000000000000000000e+00
1.012131511597218703e+00 0.000000000000000000e+00
1.012212508180338144e+00 0.000000000000000000e+00
1.012288547515663995e+00 0.000000000000000000e+00
1.012360507568877077e+00 0.000000000000000000e+00
1.012429155947905501e+00 0.000000000000000000e+00
1.012495175815226522e+00 0.000000000000000000e+00
1.012559186888935869e+00 0.000000000000000000e+00
1.012621762958146654e+00 0.000000000000000000e+00
1.012683446995281011e+00 0.000000000000000000e+00
1.012744764723933377e+00 0.000000000000000000e+00
1.012806237363347739e+00 0.000000000000000000e+00
1.012868394199941902e+00 0.000000000000000000e+00
1.012931785623246705e+00 0.000000000000000000e+00
1.012996997306507829e+00 0.000000000000000000e+00
1.013064666317030627e+00 0.000000000000000000e+00
1.013135500122924304e+00 0.000000000000000000e+00
1.013210299747863363e+00 0.000000000000000000e+00
1.013289988757898996e+00 0.000000000000000000e+00
1.013375650415856422e+00 0.000000000000000000e+00
1.013468576325998294e+00 0.000000000000000000e+00
1.013570331407029013e+00 0.000000000000000000e+00
1.013682842399875383e+00 0.000000000000000000e+00
1.013808520899318388e+00 0.000000000000000000e+00
1.013950438093906836e+00 0.000000000000000000e+00
1.014112578841238621e+00 0.000000000000000000e+00
1.014300220892565996e+00 0.000000000000000000e+00
1.014520517961296386e+00 0.000000000000000000e+00
1.014783427391463544e+00 0.000000000000000000e+00
1.015103246343293408e+00 0.000000000000000000e+00
1.015501279714687177e+00 0.000000000000000000e+00
1.016010749076859065e+00 0.000000000000000000e+00
1.016686496717317256e+00 0.000000000000000000e+00
1.017626012507405697e+00 0.000000000000000000e+00
1.019020918907810769e+00 0.000000000000000000e+00
1.021306769495748279e+00 0.000000000000000000e+00
1.025732434764814238e+00 0.000000000000000000e+00
1.037920790573915841e+00 0.000000000000000000e+00
1.221793672637599526e+00 0.000000000000000000e+00
9.769950408520451379e-01 0.000000000000000000e+00
9.957042442387232795e-01 0.000000000000000000e+00
1.001312187629246786e+00 0.000000000000000000e+00
1.004006035538778097e+00 0.000000000000000000e+00
1.005584842536028312e+00 0.000000000000000000e+00
1.006619184883186024e+00 0.000000000000000000e+00
1.007346821934712144e+00 0.000000000000000000e+00
1.007884465144998520e+00 0.000000000000000000e+00
1.008296102980298592e+00 0.000000000000000000e+00
1.008619739789828218e+00 0.000000000000000000e+00
1.008879358736833431e+00 0.000000000000000000e+00
1.009090831323702142e+00 0.000000000000000000e+00
1.009265069011222371e+00 0.000000000000000000e+00
1.009409809974392225e+00 0.000000000000000000e+00
1.009530683968220099e+00 0.000000000000000000e+00
1.009631873900231236e+00 0.000000000000000000e+00
1.009716541503821174e+00 0.000000000000000000e+00
1.009787109504338032e+00 0.000000000000000000e+00
1.009845453459621956e+00 0.000000000000000000e+00
1.009893035013827545e+00 0.000000000000000000e+00
1.009930996108503232e+00 0.000000000000000000e+00
1.009960226515954185e+00 0.000000000000000000e+00
1.009981412700929448e+00 0.000000000000000000e+00
1.009995073293762147e+00 0.000000000000000000e+00
1.010001584710544797e+00 0.000000000000000000e+00
1.010001199303256714e+00 0.000000000000000000e+00
1.009994057639158171e+00 0.000000000000000000e+00
1.009980195955947790e+00 0.000000000000000000e+00
1.009959549429361392e+00 0.000000000000000000e+00
1.009931951564534858e+00 0.000000000000000000e+00
1.009897129739415700e+00 0.000000000000000000e+00
1.009854696653873729e+00 0.000000000000000000e+00
1.009804137140027036e+00 0.000000000000000000e+00
1.009744789432293066e+00 0.000000000000000000e+00
1.009675819534724628e+00 0.000000000000000000e+00
1.009596186694958986e+00 0.000000000000000000e+00
1.009504597103840551e+00 0.000000000000000000e+00
1.009399441639831529e+00 0.000000000000000000e+00
1.009278711530112949e+00 0.000000000000000000e+00
1.009139882812858824e+00 0.000000000000000000e+00
1.008979755789543908e+00 0.000000000000000000e+00
1.008794228083684574e+00 0.000000000000000000e+00
1.008577967363173622e+00 0.000000000000000000e+00
1.008323928293192395e+00 0.000000000000000000e+00
1.008022620197059016e+00 0.000000000000000000e+00
1.007660961623576545e+00 0.000000000000000000e+00
1.007220422188399134e+00 0.000000000000000000e+00
1.006673874876047536e+00 0.000000000000000000e+00
1.005979978648607887e+00 0.000000000000000000e+00
1.005072491124030076e+00 0.000000000000000000e+00
1.003838228294913648e+00 0.000000000000000000e+00
1.002066575064582077e+00 0.000000000000000000e+00
9.993159629832155666e-01 0.000000000000000000e+00
9.944778526405548824e-01 0.000000000000000000e+00
9.837536787457147325e-01 0.000000000000000000e+00
9.399119945847675961e-01 0.000000000000000000e+00
1.145541440767606112e+00 0.000000000000000000e+00
1.046908629497946164e+00 0.000000000000000000e+00
1.032172682875591496e+00 0.000000000000000000e+00
1.026237393517199115e+00 0.000000000000000000e+00
1.023035527750555840e+00 0.000000000000000000e+00
1.021034789210761407e+00 0.000000000000000000e+00
1.019667890073343131e+00 0.000000000000000000e+00
1.018676224589217139e+00 0.000000000000000000e+00
1.017925065598386691e+00 0.000000000000000000e+00
1.017337331764368358e+00 0.000000000000000000e+00
1.016865745030989254e+00 0.000000000000000000e+00
1.016479704843935350e+00 0.000000000000000000e+00
1.016158538762827357e+00 0.000000000000000000e+00
1.015887786486685984e+00 0.000000000000000000e+00
1.015657037803968654e+00 0.000000000000000000e+00
1.015458615983192203e+00 0.000000000000000000e+00
1.015286744763654658e+00 0.000000000000000000e+00
1.015137003955585149e+00 0.000000000000000000e+00
1.015005963688643043e+00 0.000000000000000000e+00
1.014890932840122550e+00 0.000000000000000000e+00
1.014789782559474052e+00 0.000000000000000000e+00
1.014700820504948364e+00 0.000000000000000000e+00
1.014622700207610917e+00 0.000000000000000000e+00
1.014554355411672493e+00 0.000000000000000000e+00
1.014494952700845776e+00 0.000000000000000000e+00
1.014443858001830456e+00 0.000000000000000000e+00
1.014400614128014411e+00 0.000000000000000000e+00
1.014364927681875583e+00 0.000000000000000000e+00
1.014336664571100499e+00 0.000000000000000000e+00
1.014315854264549399e+00 0.000000000000000000e+00
1.014302703866782229e+00 0.000000000000000000e+00
1.014297624302012313e+00 0.000000000000000000e+00
1.014301272631686679e+00 0.000000000000000000e+00
1.014314617218046610e+00 0.000000000000000000e+00
1.014339036864305932e+00 0.000000000000000000e+00
1.014376472673877538e+00 0.000000000000000000e+00
1.014429665076645115e+00 0.000000000000000000e+00
1.014502534315611326e+00 0.000000000000000000e+00
1.014600814009306351e+00 0.000000000000000000e+00
1.014733155617299598e+00 0.000000000000000000e+00
1.014913166722452909e+00 0.000000000000000000e+00
1.015163451898293268e+00 0.000000000000000000e+00
1.015524397068185980e+00 0.000000000000000000e+00
1.016075768781501187e+00 0.000000000000000000e+00
1.016999938390869662e+00 0.000000000000000000e+00
1.018824586985420222e+00 0.000000000000000000e+00
1.023973084543280176e+00 0.000000000000000000e+00
1.120195976241330271e+00 0.000000000000000000e+00
9.992540880543426818e-01 0.000000000000000000e+00
1.006513592171657701e+00 0.000000000000000000e+00
1.008727736305355283e+00 0.000000000000000000e+00
1.009791538545091072e+00 0.000000000000000000e+00
1.010411514985186665e+00 0.000000000000000000e+00
1.010814048239340179e+00 0.000000000000000000e+00
1.011093999016076106e+00 0.000000000000000000e+00
1.011298092316656350e+00 0.000000000000000000e+00
1.011452001918090593e+00 0.000000000000000000e+00
1.011570997231911795e+00 0.000000000000000000e+00
1.011664722007184825e+00 0.000000000000000000e+00
1.011739560683605266e+00 0.000000000000000000e+00
1.011799902798832917e+00 0.000000000000000000e+00
1.011848860922446747e+00 0.000000000000000000e+00
1.011888699072660991e+00 0.000000000000000000e+00
1.011921099171430027e+00 0.000000000000000000e+00
1.011947332659514753e+00 0.000000000000000000e+00
1.011968374367268053e+00 0.000000000000000000e+00
1.011984980018472147e+00 0.000000000000000000e+00
1.011997740138742330e+00 0.000000000000000000e+00
1.012007118241059045e+00 0.000000000000000000e+00
1.012013478274853773e+00 0.000000000000000000e+00
1.012017104571723003e+00 0.000000000000000000e+00
1.012018216425416339e+00 0.000000000000000000e+00
1.012016978740977180e+00 0.000000000000000000e+00
1.012013509725031568e+00 0.000000000000000000e+00
1.012007886275476665e+00 0.000000000000000000e+00
1.012000147508750114e+00 0.000000000000000000e+00
1.011990296701290593e+00 0.000000000000000000e+00
1.011978301795412261e+00 0.000000000000000000e+00
1.011964094511960566e+00 0.000000000000000000e+00
1.011947568009588405e+00 0.000000000000000000e+00
1.011928572921007241e+00 0.000000000000000000e+00
1.011906911466693426e+00 0.000000000000000000e+00
1.011882329179080831e+00 0.000000000000000000e+00
1.011854503541030903e+00 0.000000000000000000e+00
1.011823028514643896e+00 0.000000000000000000e+00
1.011787393452264538e+00 0.000000000000000000e+00
1.011746954146020894e+00 0.000000000000000000e+00
1.011700892625577275e+00 0.000000000000000000e+00
1.011648160478755498e+00 0.000000000000000000e+00
1.011587397449946746e+00 0.000000000000000000e+00
1.011516811947666961e+00 0.000000000000000000e+00
1.011434001096590096e+00 0.000000000000000000e+00
1.011335671547909376e+00 0.000000000000000000e+00
1.011217190914374342e+00 0.000000000000000000e+00
1.011071836652757794e+00 0.000000000000000000e+00
1.010889474357845597e+00 0.000000000000000000e+00
1.010654086687164055e+00 0.000000000000000000e+00
1.010338789422065453e+00 0.000000000000000000e+00
1.009894745322511556e+00 0.000000000000000000e+00
1.009223024795711687e+00 0.000000000000000000e+00
1.008088258985758934e+00 0.000000000000000000e+00
1.005759703438187991e+00 0.000000000000000000e+00
9.982609721548940662e-01 0.000000000000000000e+00
1.141622737468203974e+00 0.000000000000000000e+00
1.024184582391673759e+00 0.000000000000000000e+00
1.018623248598110376e+00 0.000000000000000000e+00
1.016650021121420000e+00 0.000000000000000000e+00
1.015639038937296457e+00 0.000000000000000000e+00
1.015024183045390549e+00 0.000000000000000000e+00
1.014610598510956141e+00 0.000000000000000000e+00
1.014313218810972028e+00 0.000000000000000000e+00
1.014088990085342257e+00 0.000000000000000000e+00
1.013913785628532960e+00 0.000000000000000000e+00
1.013773035362840913e+00 0.000000000000000000e+00
1.013657420741368442e+00 0.000000000000000000e+00
1.013560704521937916e+00 0.000000000000000000e+00
1.013478554588719938e+00 0.000000000000000000e+00
1.013407868301309689e+00 0.000000000000000000e+00
1.013346365329038434e+00 0.000000000000000000e+00
1.013292332233097781e+00 0.000000000000000000e+00
1.013244456674990301e+00 0.000000000000000000e+00
1.013201716587776691e+00 0.000000000000000000e+00
1.013163304165818568e+00 0.000000000000000000e+00
1.013128572546616590e+00 0.000000000000000000e+00
