1.017523029944598312e+00
9.780797847922436672e-01
9.870953836842104590e-01
9.922793530470913614e-01
1.001520341911357193e+00
9.940824728254846754e-01
1.013804095401662053e+00
1.001069561966758892e+00
9.920539630747922111e-01
1.016283385096952818e+00
1.005013886481994412e+00
1.013353315457063752e+00
1.009521685927977863e+00
9.979141023545705647e-01
1.002534596786703647e+00
1.008282041080332370e+00
9.949840327146813879e-01
9.965617625207755514e-01
9.834891441274237200e-01
9.902508432963987861e-01
1.005802751385041383e+00
9.879969435734071714e-01
1.006929701246537245e+00
1.010535940803324095e+00
9.832637541551245697e-01
9.952094226869805382e-01
9.953221176731301689e-01
1.003098071717451356e+00
9.955475076454293193e-01
9.922793530470913614e-01
1.001069561966758892e+00
9.993791371745152086e-01
1.010986720747922396e+00
1.005690056398891974e+00
1.001294951939058153e+00
9.964490675346260318e-01
1.016846860027700750e+00
9.821368042936287068e-01
1.007155091218836507e+00
1.013691400415512422e+00
9.973506274238226332e-01
9.932936079224375936e-01
1.001182256952908523e+00
9.925047430193905118e-01
9.888985034626037729e-01
9.971252374515234829e-01
9.894619783933517043e-01
9.932936079224375936e-01
9.990410522160664275e-01
1.002421901800554016e+00
1.001182256952908523e+00
1.004450411551246480e+00
9.937443878670360053e-01
1.002985376731301947e+00
9.834891441274237200e-01
9.938570828531855250e-01
9.900254533240996357e-01
9.971252374515234829e-01
1.004788496509695150e+00
9.997172221329638786e-01
9.927301329916896622e-01
9.831510591689750500e-01
9.839399240720221318e-01
1.011099415734072027e+00
1.008845516011080301e+00
9.937443878670360053e-01
9.861938237950137465e-01
1.004337716565096850e+00
9.774036148753462161e-01
9.973506274238226332e-01
9.982521873130193457e-01
9.947586427423822375e-01
9.962236775623267704e-01
1.006028141357340644e+00
1.006253531329639905e+00
1.017748419916897351e+00
1.009408990941828232e+00
9.996045271468143589e-01
9.928428279778392929e-01
1.007380481191135768e+00
1.003210766703600987e+00
1.000280697063711921e+00
1.000506087036010960e+00
9.937443878670360053e-01
1.007155091218836507e+00
1.009859770886426533e+00
1.004450411551246480e+00
9.952094226869805382e-01
9.870953836842104590e-01
1.001520341911357193e+00
9.941951678116343061e-01
1.012226365595567890e+00
9.866446037396121582e-01
9.955475076454293193e-01
1.001520341911357193e+00
9.949840327146813879e-01
1.012789840526315821e+00
9.989283572299167968e-01
1.007267786204986137e+00
9.940824728254846754e-01
1.002759986759002686e+00
9.984775772853184961e-01
1.012564450554016560e+00
1.019213454736842106e+00
9.999426121052631400e-01
9.875461636288087597e-01
9.819114143213295565e-01
1.011775585650969367e+00
9.935189978947367440e-01
1.015269130221606586e+00
1.030257563379501251e+00
1.016170690110803188e+00
1.029017918531855980e+00
1.083111511883656508e+00
1.100466539750692530e+00
1.057191665069252107e+00
1.046147556426592740e+00
1.018311894847645283e+00
1.014029485373961093e+00
1.013015230498614860e+00
1.007718566149584438e+00
1.036906567562326797e+00
1.014818350277008285e+00
1.019438844709141145e+00
1.006028141357340644e+00
1.002309206814404385e+00
1.004675801523545742e+00
9.849541789473683639e-01
1.006478921301938945e+00
1.004112326592797810e+00
1.000168002077562290e+00
9.916031831301937993e-01
9.894619783933517043e-01
1.018988064764542845e+00
9.946459477562326068e-01
9.852922639058171450e-01
1.015494520193905847e+00
1.006704311274238206e+00
9.902508432963987861e-01
9.967871524930747018e-01
9.857430438504154457e-01
9.938570828531855250e-01
9.968998474792243325e-01
9.849541789473683639e-01
1.004112326592797810e+00
9.708673056786703004e-01
1.016508775069252080e+00
1.001182256952908523e+00
1.012113670609418259e+00
9.867572987257616779e-01
9.857430438504154457e-01
9.998299171191135093e-01
9.923920480332409921e-01
1.013127925484764491e+00
9.976887123822714143e-01
1.008394736066482000e+00
1.017635724930747942e+00
9.856303488642659261e-01
9.959982875900276200e-01
9.947586427423822375e-01
9.983648822991688654e-01
1.000731477008310222e+00
9.822494992797783375e-01
1.013466010443213161e+00
1.005915446371191013e+00
9.881096385595566911e-01
9.858557388365650764e-01
9.974633224099722639e-01
9.911524031855954986e-01
9.962236775623267704e-01
9.988156622437672771e-01
1.010085160858725795e+00
1.000506087036010960e+00
1.006028141357340644e+00
9.948713377285317572e-01
1.003999631606648180e+00
1.016170690110803188e+00
9.914904881440442797e-01
1.002759986759002686e+00
9.941951678116343061e-01
1.007831261135734069e+00
9.815733293628807754e-01
1.008507431052631631e+00
1.000506087036010960e+00
9.950967277008310186e-01
1.003210766703600987e+00
9.967871524930747018e-01
9.961109825761772507e-01
9.927301329916896622e-01
1.000618782022160591e+00
1.006817006260387837e+00
1.001745731883656454e+00
9.914904881440442797e-01
9.984775772853184961e-01
1.003774241634348918e+00
9.944205577839334564e-01
1.011437500692520697e+00
1.005126581468144042e+00
1.008845516011080301e+00
1.012677145540166190e+00
1.004225021578947219e+00
1.002534596786703647e+00
1.007718566149584438e+00
1.020453099584487378e+00
1.008507431052631631e+00
1.035216142770083003e+00
1.001520341911357193e+00
9.710926956509694508e-01
1.006028141357340644e+00
9.961109825761772507e-01
9.855176538781162954e-01
9.790940396675900104e-01
1.018537284819944544e+00
1.014029485373961093e+00
9.945332527700830871e-01
9.785305647368420789e-01
9.877715536011080211e-01
9.914904881440442797e-01
9.823621942659279682e-01
9.991537472022160582e-01
1.012339060581717298e+00
1.012113670609418259e+00
1.008958210997229932e+00
1.005915446371191013e+00
1.006028141357340644e+00
9.784178697506924482e-01
1.010085160858725795e+00
9.964490675346260318e-01
1.007831261135734069e+00
9.894619783933517043e-01
1.012113670609418259e+00
9.963363725484764011e-01
1.020002319639889077e+00
1.010197855844875203e+00
1.002534596786703647e+00
9.881096385595566911e-01
1.013240620470914122e+00
1.008282041080332370e+00
9.912650981717451293e-01
9.968998474792243325e-01
1.005239276454293673e+00
1.008282041080332370e+00
1.013804095401662053e+00
9.851795689196675143e-01
9.827002792243766383e-01
1.000168002077562290e+00
1.002083816842105124e+00
9.925047430193905118e-01
1.003210766703600987e+00
9.937443878670360053e-01
1.002196511828254755e+00
9.910397081994459789e-01
1.017184944986149420e+00
1.015269130221606586e+00
1.003661546648199288e+00
9.888985034626037729e-01
1.027665578698060855e+00
1.001745731883656454e+00
1.000618782022160591e+00
1.006253531329639905e+00
1.014818350277008285e+00
9.999426121052631400e-01
1.004450411551246480e+00
1.011550195678670327e+00
1.006366226315789314e+00
1.017297639972299050e+00
1.023270474238227035e+00
1.019438844709141145e+00
1.026651323822714623e+00
1.023157779252077404e+00
1.018086504875346243e+00
1.021129269501384940e+00
1.025637068947368391e+00
1.035328837756232634e+00
1.005351971440443082e+00
1.042090536925207589e+00
1.068010383739612212e+00
1.069137333601108075e+00
1.073194353102493004e+00
1.093028670664819790e+00
1.123118231966758973e+00
1.139346309972299132e+00
1.186678204155124483e+00
1.180367284930747829e+00
1.196820752908587249e+00
1.198285787728531782e+00
1.201441247340720109e+00
1.153433183240997195e+00
1.150503113601107907e+00
1.096634910221606640e+00
1.083224206869806139e+00
1.077702152548476455e+00
1.041188977036010987e+00
1.061023294598337996e+00
1.036455787617728497e+00
1.031159123268698075e+00
1.041301672022160618e+00
1.016959555013850380e+00
1.014029485373961093e+00
1.008845516011080301e+00
1.008056651108033108e+00
1.013015230498614860e+00
1.022368914349030433e+00
1.026425933850415362e+00
1.025411678975069130e+00
1.006253531329639905e+00
1.002309206814404385e+00
9.892365884210525540e-01
1.003999631606648180e+00
1.003098071717451356e+00
9.888985034626037729e-01
1.003210766703600987e+00
1.011662890664819958e+00
1.009296295955678602e+00
1.005013886481994412e+00
1.003436156675900248e+00
1.011324805706371066e+00
1.016846860027700750e+00
1.001633036897506823e+00
1.003436156675900248e+00
9.952094226869805382e-01
9.860811288088642268e-01
9.987029672576176464e-01
1.023383169224376665e+00
9.978014073684210450e-01
1.008958210997229932e+00
1.000618782022160591e+00
1.015945300138504148e+00
1.013804095401662053e+00
1.001745731883656454e+00
9.993791371745152086e-01
9.989283572299167968e-01
1.004225021578947219e+00
1.004225021578947219e+00
9.925047430193905118e-01
1.008507431052631631e+00
9.932936079224375936e-01
9.974633224099722639e-01
9.927301329916896622e-01
9.984775772853184961e-01
1.005351971440443082e+00
9.940824728254846754e-01
1.002985376731301947e+00
9.980267973407201954e-01
1.012000975623268628e+00
1.000506087036010960e+00
1.015043740249307325e+00
1.004901191495844781e+00
1.014705655290858655e+00
1.009183600969528971e+00
1.012226365595567890e+00
1.016959555013850380e+00
1.014931045263157916e+00
1.008169346094182739e+00
1.013353315457063752e+00
9.982521873130193457e-01
9.876588586149583904e-01
9.994918321606647282e-01
9.967871524930747018e-01
1.011324805706371066e+00
1.000844171994459852e+00
9.988156622437672771e-01
9.992664421883655779e-01
9.972379324376731136e-01
9.988156622437672771e-01
9.873207736565096093e-01
1.014818350277008285e+00
9.945332527700830871e-01
1.014142180360110723e+00
1.014254875346260354e+00
1.006817006260387837e+00
1.010535940803324095e+00
1.005239276454293673e+00
9.919412680886425804e-01
1.007493176177285177e+00
1.019664234681440407e+00
1.016621470055401710e+00
9.988156622437672771e-01
1.010986720747922396e+00
1.008845516011080301e+00
1.005915446371191013e+00
9.984775772853184961e-01
1.000168002077562290e+00
9.858557388365650764e-01
1.000055307091412660e+00
9.910397081994459789e-01
1.016734165041551119e+00
1.013578705429362792e+00
9.997172221329638786e-01
1.015945300138504148e+00
1.001520341911357193e+00
1.006817006260387837e+00
1.009183600969528971e+00
1.013691400415512422e+00
1.001294951939058153e+00
1.005351971440443082e+00
9.932936079224375936e-01
9.900254533240996357e-01
1.001520341911357193e+00
1.021467354459833832e+00
9.845033990027700632e-01
1.003436156675900248e+00
9.944205577839334564e-01
1.002647291772853055e+00
1.001069561966758892e+00
9.974633224099722639e-01
1.006140836343490275e+00
9.958855926038781003e-01
9.962236775623267704e-01
1.004225021578947219e+00
1.014818350277008285e+00
1.009747075900276903e+00
1.009408990941828232e+00
1.007493176177285177e+00
1.017184944986149420e+00
9.976887123822714143e-01
1.003661546648199288e+00
9.927301329916896622e-01
9.980267973407201954e-01
9.851795689196675143e-01
1.000731477008310222e+00
1.012564450554016560e+00
1.010310550831024834e+00
1.008282041080332370e+00
1.004112326592797810e+00
1.017297639972299050e+00
9.950967277008310186e-01
9.985902722714681268e-01
9.900254533240996357e-01
1.005577361412742343e+00
1.016734165041551119e+00
9.913777931578946490e-01
9.766147499722991343e-01
9.860811288088642268e-01
1.006929701246537245e+00
9.868699937119113086e-01
9.972379324376731136e-01
1.002309206814404385e+00
9.968998474792243325e-01
1.001520341911357193e+00
9.980267973407201954e-01
1.008169346094182739e+00
1.015043740249307325e+00
1.009408990941828232e+00
9.892365884210525540e-01
1.005126581468144042e+00
1.000393392049861330e+00
9.955475076454293193e-01
9.993791371745152086e-01
1.012000975623268628e+00
1.001520341911357193e+00
1.001858426869806085e+00
1.005013886481994412e+00
9.913777931578946490e-01
9.886731134903046225e-01
1.003210766703600987e+00
1.011550195678670327e+00
9.975760173961217836e-01
9.982521873130193457e-01
9.965617625207755514e-01
1.015381825207756217e+00
9.989283572299167968e-01
1.017861114903046982e+00
1.004450411551246480e+00
1.029694088448753320e+00
9.991537472022160582e-01
1.010085160858725795e+00
1.000506087036010960e+00
1.013015230498614860e+00
1.007042396232686876e+00
1.028567138587257457e+00
1.001182256952908523e+00
1.017297639972299050e+00
1.000055307091412660e+00
9.944205577839334564e-01
9.878842485872575407e-01
1.011437500692520697e+00
1.019551539695290776e+00
9.830383641828254193e-01
9.990410522160664275e-01
1.013015230498614860e+00
1.005126581468144042e+00
9.944205577839334564e-01
9.930682179501384432e-01
9.979141023545705647e-01
1.004788496509695150e+00
1.009634380914127272e+00
9.918285731024930607e-01
1.009972465872576164e+00
1.006366226315789314e+00
1.015832605152354517e+00
1.003548851662049879e+00
1.000731477008310222e+00
9.934063029085872243e-01
9.929555229639888125e-01
1.000731477008310222e+00
9.959982875900276200e-01
9.945332527700830871e-01
9.888985034626037729e-01
9.968998474792243325e-01
1.004788496509695150e+00
9.992664421883655779e-01
9.925047430193905118e-01
1.009747075900276903e+00
1.016283385096952818e+00
9.941951678116343061e-01
1.007042396232686876e+00
1.004901191495844781e+00
1.002309206814404385e+00
9.930682179501384432e-01
9.938570828531855250e-01
9.963363725484764011e-01
9.974633224099722639e-01
9.689514909141273558e-01
1.000618782022160591e+00
9.838272290858725011e-01
9.980267973407201954e-01
1.002759986759002686e+00
1.010423245817174465e+00
1.008845516011080301e+00
1.003774241634348918e+00
1.006478921301938945e+00
1.002647291772853055e+00
9.870953836842104590e-01
1.023383169224376665e+00
1.016621470055401710e+00
1.001633036897506823e+00
9.958855926038781003e-01
9.927301329916896622e-01
1.015156435235456955e+00
1.014029485373961093e+00
1.010310550831024834e+00
1.012226365595567890e+00
1.016621470055401710e+00
9.885604185041551029e-01
9.983648822991688654e-01
1.011888280637118998e+00
9.956602026315788390e-01
9.890111984487534036e-01
1.017184944986149420e+00
1.003661546648199288e+00
1.010085160858725795e+00
1.000618782022160591e+00
9.996045271468143589e-01
9.864192137673130079e-01
9.996045271468143589e-01
1.017635724930747942e+00
1.000168002077562290e+00
9.881096385595566911e-01
9.908143182271467175e-01
1.019326149722991737e+00
9.920539630747922111e-01
1.006817006260387837e+00
1.005577361412742343e+00
1.024059339141274227e+00
1.009634380914127272e+00
1.007155091218836507e+00
9.812352444044321054e-01
9.912650981717451293e-01
9.893492834072021846e-01
1.004337716565096850e+00
1.007042396232686876e+00
9.850668739335179946e-01
1.001971121855955715e+00
1.001633036897506823e+00
1.011324805706371066e+00
1.008282041080332370e+00
9.888985034626037729e-01
1.001858426869806085e+00
1.000844171994459852e+00
1.003210766703600987e+00
1.010535940803324095e+00
9.967871524930747018e-01
1.012339060581717298e+00
1.000844171994459852e+00
9.954348126592796886e-01
1.015269130221606586e+00
9.811225494182824747e-01
9.870953836842104590e-01
1.000844171994459852e+00
9.964490675346260318e-01
1.000393392049861330e+00
1.004901191495844781e+00
9.949840327146813879e-01
1.014480265318559393e+00
1.018762674792243805e+00
1.012000975623268628e+00
9.978014073684210450e-01
1.008282041080332370e+00
1.005239276454293673e+00
1.018199199861495874e+00
9.985902722714681268e-01
1.002534596786703647e+00
1.011324805706371066e+00
1.000168002077562290e+00
9.857430438504154457e-01
9.940824728254846754e-01
1.005577361412742343e+00
1.029919478421052581e+00
9.941951678116343061e-01
9.824748892520774879e-01
9.966744575069251821e-01
1.004901191495844781e+00
1.005464666426592713e+00
1.007267786204986137e+00
1.019438844709141145e+00
9.965617625207755514e-01
1.001182256952908523e+00
1.009634380914127272e+00
1.000506087036010960e+00
1.010423245817174465e+00
9.989283572299167968e-01
1.005577361412742343e+00
9.978014073684210450e-01
1.010197855844875203e+00
1.002759986759002686e+00
1.021805439418282502e+00
9.931809129362880739e-01
9.921666580609417307e-01
1.005351971440443082e+00
1.018875369778393214e+00
1.003886936620498549e+00
9.944205577839334564e-01
9.849541789473683639e-01
9.996045271468143589e-01
1.016283385096952818e+00
1.005915446371191013e+00
9.920539630747922111e-01
1.015719910166204887e+00
1.011662890664819958e+00
1.011775585650969367e+00
1.006028141357340644e+00
1.000844171994459852e+00
9.959982875900276200e-01
1.004112326592797810e+00
1.005351971440443082e+00
1.011324805706371066e+00
9.958855926038781003e-01
9.898000633518004854e-01
1.000055307091412660e+00
1.014592960304709024e+00
1.009070905983379340e+00
1.002534596786703647e+00
1.004225021578947219e+00
9.919412680886425804e-01
1.000618782022160591e+00
1.010085160858725795e+00
1.010986720747922396e+00
1.001745731883656454e+00
1.000731477008310222e+00
9.901381483102492664e-01
9.947586427423822375e-01
9.772909198891965854e-01
1.009183600969528971e+00
9.919412680886425804e-01
9.929555229639888125e-01
9.910397081994459789e-01
9.891238934349030343e-01
9.975760173961217836e-01
1.003661546648199288e+00
1.004788496509695150e+00
1.001745731883656454e+00
1.007042396232686876e+00
1.002985376731301947e+00
1.011437500692520697e+00
1.005013886481994412e+00
1.009070905983379340e+00
1.016734165041551119e+00
9.908143182271467175e-01
9.935189978947367440e-01
1.004901191495844781e+00
1.021016574515235309e+00
1.002421901800554016e+00
1.013240620470914122e+00
9.887858084764542532e-01
9.899127583379501161e-01
1.012564450554016560e+00
1.012113670609418259e+00
1.001294951939058153e+00
1.027102103767312924e+00
1.012226365595567890e+00
1.010874025761772765e+00
9.991537472022160582e-01
1.014480265318559393e+00
1.015494520193905847e+00
1.014142180360110723e+00
1.021241964487534570e+00
9.994918321606647282e-01
1.008282041080332370e+00
1.003548851662049879e+00
1.003548851662049879e+00
1.006478921301938945e+00
1.014142180360110723e+00
9.937443878670360053e-01
1.005464666426592713e+00
9.945332527700830871e-01
1.011212110720221657e+00
1.020565794570637008e+00
1.031159123268698075e+00
1.006140836343490275e+00
1.000956866980609261e+00
1.010874025761772765e+00
1.026538628836564992e+00
1.009972465872576164e+00
1.009859770886426533e+00
1.020565794570637008e+00
1.023383169224376665e+00
1.010874025761772765e+00
1.022819694293628734e+00
1.031271818254847483e+00
1.027214798753462555e+00
1.021129269501384940e+00
1.034878057811634333e+00
1.034652667839335072e+00
1.047274506288088602e+00
1.053247340554016587e+00
1.047837981218836534e+00
1.071053148365650909e+00
1.087281226371191067e+00
1.069024638614958445e+00
1.081308392105263083e+00
1.083562291828254809e+00
1.071053148365650909e+00
1.071053148365650909e+00
1.078378322465373795e+00
1.064967619113573294e+00
1.081308392105263083e+00
1.085703496565096904e+00
1.086943141412742397e+00
1.071842013268698102e+00
1.069137333601108075e+00
1.067221518836565020e+00
1.064854924127423663e+00
1.085816191551246535e+00
1.090098601024930725e+00
1.122329367063711780e+00
1.123230926952908604e+00
1.137205105235457037e+00
1.133373475706371147e+00
1.145657229196675786e+00
1.135852765401661912e+00
1.139684394930747802e+00
1.151291978504155100e+00
1.121991282105263110e+00
1.128752981274238065e+00
1.088070091274238260e+00
1.096522215235457010e+00
1.088858956177285231e+00
1.091225550886426587e+00
1.050880745844875230e+00
1.053585425512465257e+00
1.041527061994459880e+00
1.050655355872576191e+00
1.005239276454293673e+00
1.043668266731301975e+00
1.023383169224376665e+00
1.017973809889196612e+00
1.021467354459833832e+00
1.020678489556786639e+00
1.015945300138504148e+00
1.041977841939058180e+00
1.017635724930747942e+00
1.015832605152354517e+00
1.030144868393351842e+00
1.034878057811634333e+00
9.998299171191135093e-01
1.039611247229916824e+00
1.005802751385041383e+00
1.007831261135734069e+00
1.004225021578947219e+00
1.009972465872576164e+00
9.894619783933517043e-01
9.985902722714681268e-01
1.003999631606648180e+00
1.017973809889196612e+00
1.011099415734072027e+00
1.015945300138504148e+00
1.023045084265927995e+00
1.007155091218836507e+00
9.984775772853184961e-01
9.839399240720221318e-01
1.006028141357340644e+00
1.005690056398891974e+00
9.939697778393351557e-01
9.828129742105262689e-01
1.017297639972299050e+00
1.000506087036010960e+00
1.011437500692520697e+00
9.875461636288087597e-01
1.014931045263157916e+00
1.010761330775623135e+00
1.011437500692520697e+00
1.005915446371191013e+00
1.000280697063711921e+00
1.008282041080332370e+00
9.885604185041551029e-01
9.891238934349030343e-01
1.000055307091412660e+00
1.022594304321329473e+00
1.013804095401662053e+00
9.884477235180054722e-01
1.001182256952908523e+00
1.008507431052631631e+00
1.018537284819944544e+00
9.925047430193905118e-01
9.914904881440442797e-01
1.004450411551246480e+00
1.015156435235456955e+00
9.961109825761772507e-01
9.831510591689750500e-01
9.883350285318559525e-01
9.920539630747922111e-01
9.884477235180054722e-01
9.888985034626037729e-01
9.981394923268697150e-01
1.001069561966758892e+00
9.921666580609417307e-01
1.019889624653739446e+00
9.803336845152353929e-01
1.021354659473684201e+00
9.984775772853184961e-01
1.019664234681440407e+00
1.002872681745152317e+00
9.821368042936287068e-01
1.001858426869806085e+00
1.009296295955678602e+00
1.002309206814404385e+00
9.914904881440442797e-01
1.009521685927977863e+00
9.992664421883655779e-01
9.908143182271467175e-01
9.885604185041551029e-01
1.016621470055401710e+00
1.010761330775623135e+00
1.004675801523545742e+00
9.994918321606647282e-01
9.941951678116343061e-01
9.934063029085872243e-01
9.970125424653738522e-01
1.003999631606648180e+00
1.004112326592797810e+00
9.971252374515234829e-01
9.937443878670360053e-01
1.018199199861495874e+00
1.010197855844875203e+00
9.990410522160664275e-01
9.821368042936287068e-01
9.990410522160664275e-01
1.020340404598337969e+00
9.925047430193905118e-01
1.001520341911357193e+00
9.865319087534625275e-01
9.908143182271467175e-01
1.003999631606648180e+00
9.997172221329638786e-01
1.008056651108033108e+00
9.855176538781162954e-01
1.000393392049861330e+00
1.004450411551246480e+00
9.956602026315788390e-01
1.008620126038781040e+00
9.875461636288087597e-01
1.008169346094182739e+00
9.878842485872575407e-01
1.028905223545706349e+00
9.831510591689750500e-01
1.006929701246537245e+00
1.009183600969528971e+00
1.005013886481994412e+00
1.003210766703600987e+00
9.847287889750692136e-01
1.000956866980609261e+00
1.027102103767312924e+00
1.005013886481994412e+00
9.893492834072021846e-01
1.013578705429362792e+00
1.023833949168974966e+00
1.024735509058171790e+00
9.909270132132963482e-01
9.877715536011080211e-01
1.007718566149584438e+00
1.023270474238227035e+00
1.006704311274238206e+00
9.987029672576176464e-01
1.004788496509695150e+00
1.008732821024930670e+00
9.911524031855954986e-01
9.816860243490304061e-01
1.015945300138504148e+00
1.003661546648199288e+00
1.000055307091412660e+00
9.892365884210525540e-01
1.004675801523545742e+00
9.938570828531855250e-01
9.797702095844874615e-01
9.902508432963987861e-01
1.019664234681440407e+00
1.006478921301938945e+00
1.002421901800554016e+00
1.013353315457063752e+00
1.012789840526315821e+00
9.983648822991688654e-01
1.010986720747922396e+00
9.904762332686980475e-01
9.925047430193905118e-01
9.884477235180054722e-01
1.003210766703600987e+00
1.003098071717451356e+00
1.000280697063711921e+00
1.005577361412742343e+00
9.948713377285317572e-01
1.010310550831024834e+00
9.956602026315788390e-01
9.948713377285317572e-01
1.009972465872576164e+00
1.003661546648199288e+00
1.005126581468144042e+00
9.997172221329638786e-01
9.913777931578946490e-01
9.864192137673130079e-01
1.009183600969528971e+00
9.953221176731301689e-01
1.007605871163434808e+00
9.965617625207755514e-01
1.010986720747922396e+00
9.930682179501384432e-01
1.020002319639889077e+00
9.885604185041551029e-01
1.012902535512465230e+00
9.808971594459833243e-01
1.006028141357340644e+00
1.007831261135734069e+00
9.883350285318559525e-01
1.017410334958448681e+00
9.965617625207755514e-01
1.024059339141274227e+00
1.007493176177285177e+00
1.007267786204986137e+00
1.017635724930747942e+00
1.027327493739612185e+00
1.005802751385041383e+00
1.025637068947368391e+00
1.010423245817174465e+00
1.018988064764542845e+00
9.990410522160664275e-01
1.022932389279778365e+00
1.032736853074792238e+00
1.022030829390581763e+00
1.029017918531855980e+00
1.025749763933518022e+00
1.038371602382271330e+00
1.021692744432132871e+00
1.038822382326869853e+00
1.045584081495844808e+00
1.040850892077562317e+00
1.055163155318559420e+00
1.048514151135734096e+00
1.048852236094182766e+00
1.042541316869806112e+00
1.060459819667590065e+00
1.038935077313019262e+00
1.053021950581717325e+00
1.039836637202216085e+00
1.016621470055401710e+00
1.018311894847645283e+00
1.023721254182825335e+00
1.016283385096952818e+00
1.024172034127423858e+00
1.029468698476454280e+00
1.014029485373961093e+00
1.026764018808864254e+00
9.998299171191135093e-01
1.034765362825484702e+00
1.015945300138504148e+00
1.022819694293628734e+00
1.021241964487534570e+00
1.001745731883656454e+00
9.948713377285317572e-01
1.002872681745152317e+00
1.014480265318559393e+00
1.021016574515235309e+00
1.002309206814404385e+00
1.005351971440443082e+00
9.788686496952907490e-01
1.007380481191135768e+00
1.022368914349030433e+00
9.935189978947367440e-01
9.935189978947367440e-01
1.010874025761772765e+00
1.001745731883656454e+00
1.004788496509695150e+00
1.004112326592797810e+00
9.858557388365650764e-01
1.007493176177285177e+00
9.945332527700830871e-01
9.947586427423822375e-01
1.005802751385041383e+00
1.005915446371191013e+00
9.962236775623267704e-01
1.016734165041551119e+00
1.002872681745152317e+00
1.002985376731301947e+00
1.013916790387811684e+00
1.001520341911357193e+00
1.012564450554016560e+00
9.973506274238226332e-01
9.840526190581716515e-01
1.010986720747922396e+00
9.974633224099722639e-01
1.003999631606648180e+00
1.008732821024930670e+00
1.014480265318559393e+00
9.953221176731301689e-01
9.984775772853184961e-01
1.012564450554016560e+00
1.001069561966758892e+00
9.983648822991688654e-01
9.971252374515234829e-01
1.008845516011080301e+00
9.822494992797783375e-01
1.011550195678670327e+00
9.894619783933517043e-01
1.027440188725761816e+00
1.006028141357340644e+00
1.005915446371191013e+00
9.895746733795013350e-01
9.953221176731301689e-01
1.013691400415512422e+00
9.876588586149583904e-01
9.998299171191135093e-01
1.010535940803324095e+00
9.973506274238226332e-01
1.016734165041551119e+00
1.005690056398891974e+00
1.001069561966758892e+00
1.024172034127423858e+00
9.991537472022160582e-01
1.008282041080332370e+00
1.007380481191135768e+00
9.996045271468143589e-01
1.002985376731301947e+00
1.009972465872576164e+00
9.982521873130193457e-01
1.000168002077562290e+00
9.946459477562326068e-01
1.002196511828254755e+00
1.013804095401662053e+00
9.811225494182824747e-01
1.006478921301938945e+00
9.873207736565096093e-01
9.852922639058171450e-01
1.005126581468144042e+00
1.014029485373961093e+00
9.979141023545705647e-01
9.948713377285317572e-01
9.899127583379501161e-01
1.002647291772853055e+00
1.008169346094182739e+00
9.847287889750692136e-01
1.002309206814404385e+00
1.002872681745152317e+00
1.013240620470914122e+00
1.004675801523545742e+00
1.007493176177285177e+00
1.014931045263157916e+00
9.881096385595566911e-01
1.002985376731301947e+00
1.021467354459833832e+00
1.008056651108033108e+00
9.910397081994459789e-01
1.003210766703600987e+00
9.798829045706370922e-01
1.010874025761772765e+00
1.002647291772853055e+00
9.923920480332409921e-01
9.904762332686980475e-01
1.017072250000000011e+00
1.011212110720221657e+00
1.000506087036010960e+00
1.014592960304709024e+00
1.019213454736842106e+00
1.002196511828254755e+00
9.907016232409971979e-01
9.985902722714681268e-01
1.016396080083102449e+00
9.905889282548475672e-01
9.967871524930747018e-01
9.945332527700830871e-01
9.930682179501384432e-01
9.961109825761772507e-01
9.948713377285317572e-01
1.009972465872576164e+00
9.946459477562326068e-01
1.007605871163434808e+00
9.963363725484764011e-01
1.014254875346260354e+00
9.981394923268697150e-01
1.011099415734072027e+00
1.007267786204986137e+00
1.016508775069252080e+00
1.038709687340720222e+00
1.008732821024930670e+00
1.003774241634348918e+00
1.018199199861495874e+00
1.002872681745152317e+00
1.013691400415512422e+00
9.954348126592796886e-01
1.008282041080332370e+00
9.979141023545705647e-01
1.002872681745152317e+00
1.009296295955678602e+00
1.002196511828254755e+00
1.013804095401662053e+00
1.014029485373961093e+00
1.002196511828254755e+00
1.001745731883656454e+00
1.009183600969528971e+00
1.026876713795013885e+00
1.017184944986149420e+00
9.976887123822714143e-01
1.008169346094182739e+00
1.013578705429362792e+00
1.000280697063711921e+00
1.010085160858725795e+00
1.014818350277008285e+00
1.012226365595567890e+00
1.012226365595567890e+00
1.007831261135734069e+00
1.013015230498614860e+00
9.972379324376731136e-01
1.019100759750692475e+00
1.017973809889196612e+00
1.003886936620498549e+00
1.014254875346260354e+00
1.013578705429362792e+00
1.002309206814404385e+00
1.023833949168974966e+00
1.007605871163434808e+00
1.009408990941828232e+00
1.025524373961218760e+00
1.018424589833794913e+00
1.018199199861495874e+00
1.018086504875346243e+00
1.023383169224376665e+00
1.026764018808864254e+00
1.023608559196675927e+00
1.020453099584487378e+00
1.024735509058171790e+00
1.037695432465373990e+00
1.032173378144044307e+00
1.020678489556786639e+00
1.043104791800554043e+00
1.026989408781163293e+00
1.026200543878116322e+00
1.037470042493074729e+00
1.041865146952908550e+00
1.029919478421052581e+00
1.032736853074792238e+00
1.052007695706371093e+00
1.042315926897506850e+00
1.061361379556786666e+00
1.045696776481994439e+00
1.046260251412742370e+00
1.055501240277008312e+00
1.046260251412742370e+00
1.065531094044321225e+00
1.052120390692520724e+00
1.065643789030470856e+00
1.060685209639889104e+00
1.063502584293628761e+00
1.068010383739612212e+00
1.071954708254847510e+00
1.071729318282548471e+00
1.056966275096952845e+00
1.042992096814404412e+00
1.045245996537396138e+00
1.068686553656509552e+00
1.058656699889196640e+00
1.066094568975069157e+00
1.050204575927977668e+00
1.060234429695290803e+00
1.061361379556786666e+00
1.062713719390581568e+00
1.071391233324099579e+00
1.033638412963988840e+00
1.057191665069252107e+00
1.038709687340720222e+00
1.031835293185595415e+00
1.034765362825484702e+00
1.047387201274238233e+00
1.028905223545706349e+00
1.031384513240997114e+00
1.019776929667590037e+00
1.029919478421052581e+00
1.036681177590027536e+00
1.031497208227146745e+00
1.023045084265927995e+00
1.024622814072022159e+00
1.031835293185595415e+00
1.013691400415512422e+00
1.033300328005540170e+00
1.019776929667590037e+00
1.033074938033240908e+00
1.020002319639889077e+00
1.006140836343490275e+00
1.018988064764542845e+00
1.019438844709141145e+00
1.015494520193905847e+00
1.013127925484764491e+00
1.021805439418282502e+00
1.004675801523545742e+00
1.019889624653739446e+00
1.036117702659279827e+00
1.014367570332409985e+00
1.001858426869806085e+00
1.029130613518005388e+00
1.018875369778393214e+00
1.016057995124653779e+00
1.018311894847645283e+00
1.004450411551246480e+00
1.027327493739612185e+00
1.005464666426592713e+00
1.006591616288088575e+00
1.007267786204986137e+00
1.020002319639889077e+00
1.004337716565096850e+00
1.001858426869806085e+00
1.007493176177285177e+00
1.024735509058171790e+00
1.028567138587257457e+00
1.008282041080332370e+00
1.012339060581717298e+00
1.004788496509695150e+00
9.994918321606647282e-01
1.015494520193905847e+00
1.006140836343490275e+00
1.023721254182825335e+00
1.005802751385041383e+00
1.016959555013850380e+00
1.010874025761772765e+00
1.011437500692520697e+00
1.007042396232686876e+00
1.017297639972299050e+00
1.022368914349030433e+00
1.007380481191135768e+00
1.029017918531855980e+00
1.013127925484764491e+00
9.966744575069251821e-01
1.000393392049861330e+00
1.018086504875346243e+00
1.007267786204986137e+00
1.012677145540166190e+00
1.025975153905817061e+00
1.004450411551246480e+00
1.020002319639889077e+00
1.033525717977839209e+00
1.010423245817174465e+00
1.002985376731301947e+00
1.023383169224376665e+00
1.016170690110803188e+00
1.001407646925207784e+00
1.014367570332409985e+00
9.996045271468143589e-01
9.976887123822714143e-01
1.016057995124653779e+00
1.040062027174515125e+00
1.047387201274238233e+00
1.022706999307479103e+00
1.010085160858725795e+00
1.036681177590027536e+00
1.013916790387811684e+00
1.027102103767312924e+00
1.017635724930747942e+00
1.017748419916897351e+00
1.024510119085872528e+00
1.030032173407202212e+00
1.011324805706371066e+00
1.030821038310249183e+00
1.038709687340720222e+00
1.029581393462603911e+00
1.032511463102492977e+00
1.025073594016620460e+00
1.038258907396121922e+00
1.025411678975069130e+00
1.043893656703601014e+00
1.046147556426592740e+00
1.022819694293628734e+00
1.022932389279778365e+00
1.042090536925207589e+00
1.041639756980609288e+00
1.047725286232686903e+00
1.037808127451523399e+00
1.035441532742382265e+00
1.061023294598337996e+00
1.031046428282548444e+00
1.057078970083102476e+00
1.062150244459833637e+00
1.049866490969528998e+00
1.047274506288088602e+00
1.035892312686980565e+00
1.043330181772853082e+00
1.044006351689750645e+00
1.047950676204986165e+00
1.048176066177285204e+00
1.055952020221606613e+00
1.061812159501384967e+00
1.027778273684210486e+00
1.023045084265927995e+00
1.053021950581717325e+00
1.044569826620498576e+00
1.051669610747922423e+00
1.043893656703601014e+00
1.043442876759002713e+00
1.047274506288088602e+00
1.048852236094182766e+00
1.046598336371191040e+00
1.037470042493074729e+00
1.039723942216066455e+00
1.029243308504155019e+00
1.027440188725761816e+00
1.042541316869806112e+00
1.027327493739612185e+00
1.034427277867036032e+00
1.037357347506925098e+00
1.047161811301938972e+00
1.014142180360110723e+00
1.018086504875346243e+00
1.036681177590027536e+00
1.032624158088642607e+00
1.012451755567866929e+00
1.029356003490304650e+00
1.024735509058171790e+00
1.053585425512465257e+00
1.027778273684210486e+00
1.020565794570637008e+00
1.005915446371191013e+00
1.024622814072022159e+00
1.034878057811634333e+00
1.018988064764542845e+00
1.024059339141274227e+00
1.009521685927977863e+00
1.028792528559556718e+00
1.010648635789473726e+00
1.019776929667590037e+00
1.024284729113573267e+00
1.007718566149584438e+00
1.009408990941828232e+00
1.042428621883656481e+00
1.023833949168974966e+00
1.019664234681440407e+00
1.019100759750692475e+00
1.002872681745152317e+00
1.008056651108033108e+00
9.934063029085872243e-01
9.872080786703600896e-01
1.017861114903046982e+00
1.021805439418282502e+00
1.021918134404432132e+00
1.022819694293628734e+00
1.009296295955678602e+00
1.015494520193905847e+00
9.992664421883655779e-01
1.008056651108033108e+00
1.001745731883656454e+00
1.022932389279778365e+00
1.002309206814404385e+00
1.003436156675900248e+00
9.978014073684210450e-01
1.030032173407202212e+00
1.010986720747922396e+00
1.013916790387811684e+00
1.021918134404432132e+00
1.008507431052631631e+00
1.015381825207756217e+00
1.002534596786703647e+00
1.016396080083102449e+00
9.971252374515234829e-01
1.016959555013850380e+00
1.008845516011080301e+00
9.761639700277007226e-01
9.750370201662049707e-01
1.013804095401662053e+00
1.012226365595567890e+00
1.016057995124653779e+00
1.011212110720221657e+00
1.009183600969528971e+00
1.009859770886426533e+00
1.013127925484764491e+00
1.008282041080332370e+00
1.002534596786703647e+00
1.015269130221606586e+00
1.014029485373961093e+00
1.029694088448753320e+00
1.019326149722991737e+00
1.015832605152354517e+00
1.019776929667590037e+00
1.007155091218836507e+00
1.003098071717451356e+00
1.002083816842105124e+00
9.985902722714681268e-01
9.836018391135733507e-01
1.017184944986149420e+00
1.014254875346260354e+00
1.013466010443213161e+00
1.013015230498614860e+00
1.010535940803324095e+00
1.005690056398891974e+00
1.004225021578947219e+00
1.018649979806094175e+00
1.012564450554016560e+00
1.004225021578947219e+00
1.002196511828254755e+00
1.024960899030470829e+00
1.027552883711911225e+00
1.011324805706371066e+00
1.010648635789473726e+00
1.018086504875346243e+00
1.029919478421052581e+00
1.014367570332409985e+00
1.017748419916897351e+00
1.010535940803324095e+00
1.031722598199446006e+00
1.028905223545706349e+00
1.016283385096952818e+00
1.016734165041551119e+00
1.030370258365650882e+00
1.026200543878116322e+00
1.013240620470914122e+00
1.025524373961218760e+00
1.030482953351800512e+00
1.034427277867036032e+00
1.036568482603878127e+00
1.021580049445983240e+00
1.012564450554016560e+00
1.021467354459833832e+00
1.013578705429362792e+00
1.000844171994459852e+00
1.023833949168974966e+00
1.040625502105263056e+00
1.029581393462603911e+00
1.009070905983379340e+00
1.007718566149584438e+00
1.010535940803324095e+00
1.005464666426592713e+00
1.002309206814404385e+00
1.022594304321329473e+00
1.014818350277008285e+00
1.006704311274238206e+00
1.031497208227146745e+00
1.027327493739612185e+00
1.047725286232686903e+00
1.009070905983379340e+00
1.016396080083102449e+00
9.981394923268697150e-01
1.026764018808864254e+00
1.026200543878116322e+00
9.999426121052631400e-01
1.004337716565096850e+00
1.027890968670360117e+00
1.007943956121883700e+00
1.017861114903046982e+00
1.012451755567866929e+00
9.993791371745152086e-01
1.014254875346260354e+00
1.026538628836564992e+00
1.010761330775623135e+00
1.012564450554016560e+00
1.018537284819944544e+00
1.020340404598337969e+00
9.988156622437672771e-01
9.980267973407201954e-01
1.010310550831024834e+00
