9.944526613573407836e-01
9.931130304709142598e-01
9.752512853185596464e-01
9.614084328254848266e-01
1.006062795706371249e+00
1.019459104570637153e+00
1.007848970221606688e+00
9.832890706371192335e-01
1.019459104570637153e+00
9.966853795013851380e-01
9.989180976454294925e-01
1.106088568559556951e+00
1.027050346260387936e+00
9.998111849030472120e-01
1.008742057479224519e+00
1.001150815789473736e+00
1.000257728531856127e+00
1.012760950138504201e+00
9.935595740997230640e-01
1.047591353185595597e+00
1.023031453601108032e+00
1.100283501385041607e+00
1.002043903047091566e+00
1.057861856648199428e+00
9.819494397506925987e-01
1.004276621191135810e+00
1.000257728531856127e+00
1.022138366343490423e+00
1.020798735457063788e+00
9.810563524930748791e-01
9.931130304709142598e-01
1.016333299168975079e+00
1.003830077562327006e+00
1.047591353185595597e+00
1.037767393351800571e+00
9.993646412742382967e-01
9.819494397506925987e-01
9.707858490304709376e-01
1.020352191828254984e+00
1.016779842797784106e+00
1.098497326869806168e+00
9.989180976454294925e-01
1.009635144736842127e+00
9.980250103878116619e-01
1.000257728531856127e+00
9.698927617728532180e-01
1.020352191828254984e+00
9.739116544321330116e-01
9.895406814404432705e-01
1.004723164819944614e+00
1.001150815789473736e+00
1.035088131578947523e+00
9.890941378116344662e-01
9.873079632963989161e-01
1.002936990304709175e+00
9.725720235457064877e-01
1.026157259002770106e+00
1.021691822714681619e+00
1.015440211911357471e+00
1.031515782548476645e+00
9.940061177285319793e-01
1.012314406509695397e+00
1.040446655124653841e+00
1.029729608033240984e+00
1.010974775623268762e+00
1.005616252077562445e+00
1.006955882963989080e+00
1.052503333102493110e+00
1.010974775623268762e+00
9.801632652354571595e-01
9.877545069252078314e-01
9.846287015235457574e-01
9.707858490304709376e-01
1.034641587950138497e+00
9.828425270083103182e-01
9.770374598337950856e-01
9.989180976454294925e-01
1.019459104570637153e+00
1.069025447368421089e+00
1.003383533933517979e+00
9.658738691135735355e-01
9.913268559556787096e-01
9.815028961218836834e-01
1.005616252077562445e+00
1.000257728531856127e+00
9.739116544321330116e-01
1.006062795706371249e+00
9.850752451523546727e-01
1.009635144736842127e+00
1.029283064404432180e+00
9.877545069252078314e-01
1.056075682132963989e+00
1.000257728531856127e+00
9.707858490304709376e-01
1.034641587950138497e+00
9.649807818559557049e-01
9.913268559556787096e-01
9.975784667590028576e-01
9.931130304709142598e-01
9.913268559556787096e-01
1.030176151662050010e+00
1.026157259002770106e+00
9.868614196675901118e-01
9.980250103878116619e-01
1.031069238919667619e+00
1.022138366343490423e+00
1.043572460526315915e+00
1.004276621191135810e+00
1.025710715373961301e+00
1.031069238919667619e+00
1.000257728531856127e+00
1.001597359418282540e+00
1.056968769390581819e+00
9.703393054016621333e-01
1.019905648199445958e+00
1.010528231994459958e+00
9.993646412742382967e-01
1.009635144736842127e+00
1.036427762465373936e+00
1.049824071329640063e+00
