9.658245773526008549e-01 -6.933403843096115377e-17
9.639288313159360966e-01 -8.126026232830170255e-17
9.617351752560334699e-01 -9.448752883262485664e-17
9.591528786455302269e-01 -1.089345227809942032e-16
9.560459400160397081e-01 -1.250891351510282193e-16
9.521991502812168218e-01 -1.434663619746575194e-16
9.472473608244920129e-01 -1.647167245553734064e-16
9.405105232614237032e-01 -1.890570633276729809e-16
9.305446118015132662e-01 -2.193063039400185546e-16
9.136023776387207640e-01 -2.590423135616122675e-16
8.757931755255001782e-01 -3.430137718206145859e-16
6.838017531659578152e-01 -1.356661487931624819e-15
1.197688707499170224e+00 -1.801238588759305912e-15
1.038183992250672816e+00 -7.739028202206661856e-16
1.000777003836725632e+00 -7.603502930645973801e-16
9.808180580877963184e-01 -8.698547124856333280e-16
9.653665498613855922e-01 -1.064143741795035723e-15
9.499014300151366053e-01 -1.386802308326721842e-15
9.309164333115911294e-01 -1.946901150632733433e-15
9.030399730015795656e-01 -3.117351605939459744e-15
8.573509760660719126e-01 -6.452628539047992760e-15
9.566848364413698125e-01 -1.882890475818727521e-14
1.289324727503655232e+00 -1.463666027860562438e-16
1.138947816597038365e+00 1.683658244152226715e-15
1.081378695195913453e+00 1.539893036080648827e-15
1.052531664432331482e+00 1.335954607436125443e-15
1.034728291738759021e+00 1.172782180477057026e-15
1.022098889581763093e+00 1.055905186283119648e-15
1.012154996885514580e+00 9.659164059668227797e-16
1.003622422977758166e+00 8.984790308382244039e-16
9.957234127176195493e-01 8.488225713383883008e-16
9.878800699488319292e-01 8.123933783428753518e-16
9.795542054001875609e-01 7.876735688102058507e-16
9.701172883527144908e-01 7.750968236093739993e-16
9.586810322513393823e-01 7.746631427403797975e-16
9.437881740347068282e-01 7.937451009761246756e-16
9.227298762329601001e-01 8.431847200414636778e-16
8.898764754657242371e-01 9.646153633598401744e-16
8.333854003548974987e-01 1.325437846363016050e-15
7.710214571710020115e-01 2.796483353991348466e-15
1.191585253807347700e+00 -2.011188124965742177e-16
1.229671126984424046e+00 -4.092856296137910444e-16
1.160062319129938402e+00 7.048004620642633604e-18
1.120119711453963829e+00 1.683772878864856934e-16
1.096023056865455425e+00 2.421030356155000195e-16
1.080069488980849757e+00 2.898079312048622146e-16
1.068714040305329238e+00 3.214666346414389441e-16
1.060175274584922889e+00 3.461864441741084452e-16
1.053471236600187710e+00 3.683041684928127357e-16
1.048015676338219793e+00 3.897713715080257235e-16
1.043432308191382774e+00 4.125396171302213166e-16
1.039460449423381005e+00 4.392109905733647257e-16
1.035900629544200813e+00 4.715202153134327578e-16
1.032575230034077141e+00 5.130451585196275776e-16
1.029284995481240195e+00 5.723510173545846701e-16
1.025727544175824013e+00 6.616892763673902355e-16
1.021260768252554518e+00 8.164591364896959935e-16
1.013856898245705018e+00 1.151314977461844038e-15
9.901528181892019775e-01 2.422921495461467913e-15
1.115675222447775061e+00 -5.178853616703397875e-15
1.045839417217499179e+00 -9.635297801883809111e-16
1.035790533901735033e+00 -4.341680694723333712e-16
1.031214254218115078e+00 -2.257573068663072813e-16
1.028330289456099722e+00 -1.138947477201153860e-16
1.026202267095212450e+00 -4.304213574818767125e-17
1.024478982230309976e+00 6.885374294769807939e-18
1.022990916798745209e+00 4.515771098350811446e-17
1.021635444842628138e+00 7.730430539770332093e-17
1.020329659910315545e+00 1.067403943806847663e-16
1.018974451283469085e+00 1.382771250728568765e-16
1.017386769672745217e+00 1.781757650203234397e-16
1.015042241266356005e+00 2.455318249859854273e-16
1.009048289125666242e+00 4.496599890106937746e-16
1.077759835251865583e+00 -1.634610267375439949e-15
1.025016620342124485e+00 -1.523161622075704494e-16
1.020985085554029226e+00 -2.944895101065065941e-17
1.019179488323796123e+00 1.859475775761325583e-17
1.018003270356688139e+00 4.500863318479135760e-17
1.017098387693115225e+00 6.191541081198719237e-17
1.016336929028991198e+00 7.404492261666877322e-17
1.015659586724219299e+00 8.290827537673777197e-17
1.015032752534916316e+00 9.008433850587620444e-17
1.014433135843026301e+00 9.551212563188176102e-17
1.013840377979075891e+00 9.963209388732667787e-17
1.013231517771116863e+00 1.026068735980837807e-16
1.012573602320385291e+00 1.042806107018582781e-16
1.011808270972157864e+00 1.046329764079160671e-16
1.010808648412404587e+00 1.029931206220317416e-16
1.009216545853220515e+00 9.768052997685276988e-17
1.005420601705054651e+00 8.540194037345443217e-17
9.501107479467004735e-01 1.300948429791999719e-15
1.021979808767420117e+00 2.703566666041144617e-16
1.016471630299938145e+00 1.894040337691264450e-16
1.014616603752010127e+00 1.709793731004509040e-16
1.013584014389659060e+00 1.637287710719540931e-16
1.012869337313207163e+00 1.603575799418819778e-16
1.012311016155180710e+00 1.590429848077433036e-16
1.011840462493067028e+00 1.582535501009022957e-16
1.011422629174216548e+00 1.580028283485150228e-16
1.011036568553821180e+00 1.580672028525063497e-16
1.010667370787775576e+00 1.577893760458069391e-16
1.010301564581952638e+00 1.571727360602058085e-16
1.009922089818920510e+00 1.551466332503735221e-16
1.009494926054924413e+00 1.487820276847047093e-16
1.008885775687728525e+00 1.236573364032476527e-16
9.772135179444239039e-01 2.965926651123691604e-16
1.009059792619942275e+00 2.670041101988819409e-16
1.008243777821974829e+00 2.467210592439304650e-16
1.007404235624701716e+00 2.564704084668274619e-16
1.006170756377740005e+00 2.886559663965963662e-16
1.003684351015327936e+00 3.738556224291174201e-16
9.935681678337309197e-01 8.258256268204340466e-16
1.033364307529109682e+00 -2.981887882519170119e-16
1.016024527142994405e+00 -4.528169086072804134e-17
1.013021799741154583e+00 2.948929552519806679e-17
1.011705380683355804e+00 6.283020639502183673e-17
1.010928499861989849e+00 8.142850881788450928e-17
1.010393746094645939e+00 9.329544040891725703e-17
1.009989421207190929e+00 1.014845549429718327e-16
1.009664071499940974e+00 1.077144822700272117e-16
