1.014960851730010383e+00 0.000000000000000000e+00
1.014939164084250445e+00 0.000000000000000000e+00
1.014916337780626954e+00 0.000000000000000000e+00
1.014892287946994376e+00 0.000000000000000000e+00
1.014866921343475115e+00 0.000000000000000000e+00
1.014840135318512582e+00 0.000000000000000000e+00
1.014811816605415640e+00 0.000000000000000000e+00
1.014781839930264162e+00 0.000000000000000000e+00
1.014750066395822659e+00 0.000000000000000000e+00
1.014716341598318250e+00 0.000000000000000000e+00
1.014680493424192642e+00 0.000000000000000000e+00
1.014642329461618031e+00 0.000000000000000000e+00
1.014601633945941606e+00 0.000000000000000000e+00
1.014558164138244400e+00 0.000000000000000000e+00
1.014511646010491264e+00 0.000000000000000000e+00
1.014461769077432685e+00 0.000000000000000000e+00
1.014408180171886942e+00 0.000000000000000000e+00
1.014350475902693116e+00 0.000000000000000000e+00
1.014288193458455334e+00 0.000000000000000000e+00
1.014220799318013233e+00 0.000000000000000000e+00
1.014147675290186568e+00 0.000000000000000000e+00
1.014068101115838560e+00 0.000000000000000000e+00
1.013981232602871208e+00 0.000000000000000000e+00
1.013886073896794748e+00 0.000000000000000000e+00
1.013781441966643992e+00 0.000000000000000000e+00
1.013665920632253137e+00 0.000000000000000000e+00
1.013537800355108320e+00 0.000000000000000000e+00
1.013394998370724664e+00 0.000000000000000000e+00
1.013234951244811999e+00 0.000000000000000000e+00
1.013054468068607772e+00 0.000000000000000000e+00
1.012849526379159482e+00 0.000000000000000000e+00
1.012614982924648466e+00 0.000000000000000000e+00
1.012344154726125378e+00 0.000000000000000000e+00
1.012028197101268345e+00 0.000000000000000000e+00
1.011655153766009230e+00 0.000000000000000000e+00
1.011208457887113221e+00 0.000000000000000000e+00
1.010664474379857403e+00 0.000000000000000000e+00
1.009988282653683900e+00 0.000000000000000000e+00
1.009126031027016923e+00 0.000000000000000000e+00
1.007990101774144831e+00 0.000000000000000000e+00
1.006427733953585424e+00 0.000000000000000000e+00
1.004146671362986520e+00 0.000000000000000000e+00
1.000508854839343709e+00 0.000000000000000000e+00
9.938041806245784260e-01 0.000000000000000000e+00
9.773684620969432801e-01 0.000000000000000000e+00
8.745310648061456194e-01 0.000000000000000000e+00
1.103891112523308404e+00 0.000000000000000000e+00
1.049973969451414080e+00 0.000000000000000000e+00
1.037239580922267201e+00 0.000000000000000000e+00
1.031551711235797253e+00 0.000000000000000000e+00
1.028334299088107029e+00 0.000000000000000000e+00
1.026268736912777868e+00 0.000000000000000000e+00
1.024833271232390430e+00 0.000000000000000000e+00
1.023780080672197279e+00 0.000000000000000000e+00
1.022976369729652113e+00 0.000000000000000000e+00
1.022344580601266983e+00 0.000000000000000000e+00
1.021836386252820361e+00 0.000000000000000000e+00
1.021420113243881822e+00 0.000000000000000000e+00
1.021074144716539234e+00 0.000000000000000000e+00
1.020783229887561427e+00 0.000000000000000000e+00
1.020536308369389245e+00 0.000000000000000000e+00
1.020325170449717600e+00 0.000000000000000000e+00
1.020143601251243481e+00 0.000000000000000000e+00
1.019986816558550391e+00 0.000000000000000000e+00
1.019851080690974188e+00 0.000000000000000000e+00
1.019733441505441984e+00 0.000000000000000000e+00
1.019631542806397340e+00 0.000000000000000000e+00
1.019543489146589543e+00 0.000000000000000000e+00
1.019467746859087365e+00 0.000000000000000000e+00
1.019403070644628873e+00 0.000000000000000000e+00
1.019348448519774131e+00 0.000000000000000000e+00
1.019303060192489285e+00 0.000000000000000000e+00
1.019266245431884599e+00 0.000000000000000000e+00
1.019237480014312691e+00 0.000000000000000000e+00
1.019216357529428407e+00 0.000000000000000000e+00
1.019202575824653678e+00 0.000000000000000000e+00
1.019195927224167963e+00 0.000000000000000000e+00
1.019196291924972408e+00 0.000000000000000000e+00
1.019203634179039808e+00 0.000000000000000000e+00
1.019218001039319477e+00 0.000000000000000000e+00
1.019239523595207864e+00 0.000000000000000000e+00
1.019268420763953298e+00 0.000000000000000000e+00
1.019305005851214529e+00 0.000000000000000000e+00
1.019349696260408722e+00 0.000000000000000000e+00
1.019403026932920620e+00 0.000000000000000000e+00
1.019465668361285493e+00 0.000000000000000000e+00
1.019538450365191196e+00 0.000000000000000000e+00
1.019622393299539631e+00 0.000000000000000000e+00
1.019718749041043981e+00 0.000000000000000000e+00
1.019829055077105862e+00 0.000000000000000000e+00
1.019955206459298713e+00 0.000000000000000000e+00
1.020099552544261323e+00 0.000000000000000000e+00
1.020265028757751935e+00 0.000000000000000000e+00
1.020455338813107238e+00 0.000000000000000000e+00
1.020675211165407603e+00 0.000000000000000000e+00
1.020930767272513862e+00 0.000000000000000000e+00
1.021230062711468545e+00 0.000000000000000000e+00
1.021583903568009655e+00 0.000000000000000000e+00
1.022007116332454890e+00 0.000000000000000000e+00
1.022520594917024184e+00 0.000000000000000000e+00
1.023154742336554346e+00 0.000000000000000000e+00
1.023955557307837383e+00 0.000000000000000000e+00
1.024996085133654145e+00 0.000000000000000000e+00
1.026399697760686625e+00 0.000000000000000000e+00
1.028392424216154177e+00 0.000000000000000000e+00
1.031437729182278051e+00 0.000000000000000000e+00
1.036659253847474371e+00 0.000000000000000000e+00
1.047666257854906080e+00 0.000000000000000000e+00
1.085929991260580207e+00 0.000000000000000000e+00
7.250009857533193935e-01 0.000000000000000000e+00
9.697784552047418183e-01 0.000000000000000000e+00
9.911877489537359587e-01 0.000000000000000000e+00
9.991789711977125954e-01 0.000000000000000000e+00
1.003355805827411018e+00 0.000000000000000000e+00
1.005922735187035899e+00 0.000000000000000000e+00
1.007660098253956971e+00 0.000000000000000000e+00
1.008914215982227525e+00 0.000000000000000000e+00
1.009862304325751747e+00 0.000000000000000000e+00
1.010604462692691996e+00 0.000000000000000000e+00
1.011201507724317272e+00 0.000000000000000000e+00
1.011692524053851017e+00 0.000000000000000000e+00
1.012103777734571608e+00 0.000000000000000000e+00
1.012453575614985057e+00 0.000000000000000000e+00
1.012755070308594796e+00 0.000000000000000000e+00
1.013017957388314461e+00 0.000000000000000000e+00
1.013249543726328250e+00 0.000000000000000000e+00
1.013455443040241377e+00 0.000000000000000000e+00
1.013640042102084138e+00 0.000000000000000000e+00
1.013806821268594671e+00 0.000000000000000000e+00
1.013958579846911290e+00 0.000000000000000000e+00
1.014097597741914880e+00 0.000000000000000000e+00
1.014225753496939664e+00 0.000000000000000000e+00
1.014344611903921001e+00 0.000000000000000000e+00
1.014455490004015026e+00 0.000000000000000000e+00
1.014559507500957247e+00 0.000000000000000000e+00
1.014657625772859006e+00 0.000000000000000000e+00
1.014750678439979348e+00 0.000000000000000000e+00
1.014839395610597439e+00 0.000000000000000000e+00
1.014924423350023419e+00 0.000000000000000000e+00
1.015006339513654376e+00 0.000000000000000000e+00
1.015085666798563491e+00 0.000000000000000000e+00
1.015162883663111248e+00 0.000000000000000000e+00
1.015238433616275415e+00 0.000000000000000000e+00
1.015312733271506396e+00 0.000000000000000000e+00
1.015386179482802298e+00 0.000000000000000000e+00
1.015459155825803483e+00 0.000000000000000000e+00
1.015532038648880198e+00 0.000000000000000000e+00
1.015605202895031534e+00 0.000000000000000000e+00
1.015679027882829155e+00 0.000000000000000000e+00
1.015753903232545330e+00 0.000000000000000000e+00
1.015830235131849335e+00 0.000000000000000000e+00
1.015908453154740432e+00 0.000000000000000000e+00
1.015989017879397549e+00 0.000000000000000000e+00
1.016072429598248394e+00 0.000000000000000000e+00
1.016159238481190163e+00 0.000000000000000000e+00
1.016250056647131306e+00 0.000000000000000000e+00
1.016345572729488778e+00 0.000000000000000000e+00
1.016446569702156966e+00 0.000000000000000000e+00
1.016553946984730894e+00 0.000000000000000000e+00
1.016668748200739048e+00 0.000000000000000000e+00
1.016792196467846576e+00 0.000000000000000000e+00
1.016925739827494013e+00 0.000000000000000000e+00
1.017071110487711927e+00 0.000000000000000000e+00
1.017230403139539163e+00 0.000000000000000000e+00
1.017406180012283334e+00 0.000000000000000000e+00
1.017601614052353165e+00 0.000000000000000000e+00
1.017820687494174647e+00 0.000000000000000000e+00
1.018068472635290433e+00 0.000000000000000000e+00
1.018351537547750763e+00 0.000000000000000000e+00
1.018678546867189727e+00 0.000000000000000000e+00
1.019061176715187145e+00 0.000000000000000000e+00
1.019515553766698224e+00 0.000000000000000000e+00
1.020064605861597196e+00 0.000000000000000000e+00
1.020742077406533221e+00 0.000000000000000000e+00
1.021599769367666832e+00 0.000000000000000000e+00
1.022721491941378957e+00 0.000000000000000000e+00
1.024252318244833537e+00 0.000000000000000000e+00
1.026467093758764770e+00 0.000000000000000000e+00
1.029957363669635972e+00 0.000000000000000000e+00
1.036272147850185288e+00 0.000000000000000000e+00
1.051171930139383814e+00 0.000000000000000000e+00
1.129314161133864847e+00 0.000000000000000000e+00
9.118846255582768734e-01 0.000000000000000000e+00
9.789026643134226546e-01 0.000000000000000000e+00
9.929135216842323031e-01 0.000000000000000000e+00
9.989811479401873306e-01 0.000000000000000000e+00
1.002367083502539336e+00 0.000000000000000000e+00
1.004526202292968184e+00 0.000000000000000000e+00
1.006022014122313291e+00 0.000000000000000000e+00
1.007118636233423015e+00 0.000000000000000000e+00
1.007956311941275551e+00 0.000000000000000000e+00
1.008616410030324761e+00 0.000000000000000000e+00
1.009149383097173835e+00 0.000000000000000000e+00
1.009588175305620172e+00 0.000000000000000000e+00
1.009955209170307011e+00 0.000000000000000000e+00
1.010266273678005700e+00 0.000000000000000000e+00
1.010532806686306628e+00 0.000000000000000000e+00
1.010763295416897467e+00 0.000000000000000000e+00
1.010964168529224327e+00 0.000000000000000000e+00
1.011140382803631610e+00 0.000000000000000000e+00
1.011295819802411788e+00 0.000000000000000000e+00
1.011433560615615512e+00 0.000000000000000000e+00
1.011556080256686752e+00 0.000000000000000000e+00
1.011665387826744977e+00 0.000000000000000000e+00
1.011763129290563112e+00 0.000000000000000000e+00
1.011850663979429354e+00 0.000000000000000000e+00
1.011929122309682461e+00 0.000000000000000000e+00
1.011999449857556854e+00 0.000000000000000000e+00
1.012062441379190547e+00 0.000000000000000000e+00
1.012118767319901247e+00 0.000000000000000000e+00
1.012168994641331699e+00 0.000000000000000000e+00
1.012213603297231757e+00 0.000000000000000000e+00
1.012252999337102333e+00 0.000000000000000000e+00
1.012287525365147101e+00 0.000000000000000000e+00
1.012317468899190276e+00 0.000000000000000000e+00
1.012343069039659316e+00 0.000000000000000000e+00
1.012364521758243319e+00 0.000000000000000000e+00
1.012381984039587790e+00 0.000000000000000000e+00
1.012395577050409834e+00 0.000000000000000000e+00
1.012405388463744282e+00 0.000000000000000000e+00
1.012411474027931746e+00 0.000000000000000000e+00
1.012413858437671399e+00 0.000000000000000000e+00
1.012412535535671676e+00 0.000000000000000000e+00
1.012407467846274889e+00 0.000000000000000000e+00
1.012398585415081653e+00 0.000000000000000000e+00
1.012385783899256486e+00 0.000000000000000000e+00
1.012368921819826184e+00 0.000000000000000000e+00
1.012347816847416926e+00 0.000000000000000000e+00
1.012322240943360541e+00 0.000000000000000000e+00
1.012291914114717084e+00 0.000000000000000000e+00
1.012256496458624033e+00 0.000000000000000000e+00
1.012215578060233323e+00 0.000000000000000000e+00
1.012168666157323038e+00 0.000000000000000000e+00
1.012115168775932217e+00 0.000000000000000000e+00
1.012054373748738634e+00 0.000000000000000000e+00
1.011985421611555802e+00 0.000000000000000000e+00
1.011907270271572790e+00 0.000000000000000000e+00
1.011818648456802361e+00 0.000000000000000000e+00
1.011717993633721058e+00 0.000000000000000000e+00
1.011603368063320962e+00 0.000000000000000000e+00
1.011472343524304929e+00 0.000000000000000000e+00
1.011321840222480839e+00 0.000000000000000000e+00
1.011147897205560309e+00 0.000000000000000000e+00
1.010945337782955367e+00 0.000000000000000000e+00
1.010707269378394946e+00 0.000000000000000000e+00
1.010424313708981003e+00 0.000000000000000000e+00
1.010083380977598644e+00 0.000000000000000000e+00
1.009665638534985144e+00 0.000000000000000000e+00
1.009142980569546877e+00 0.000000000000000000e+00
1.008471527474709806e+00 0.000000000000000000e+00
1.007578763772412955e+00 0.000000000000000000e+00
1.006335636573994829e+00 0.000000000000000000e+00
1.004488132373801967e+00 0.000000000000000000e+00
1.001457748038696360e+00 0.000000000000000000e+00
9.955802669747659817e-01 0.000000000000000000e+00
9.793075004274390816e-01 0.000000000000000000e+00
7.152451824907479772e-01 0.000000000000000000e+00
1.059176921748848921e+00 0.000000000000000000e+00
1.035000033116446394e+00 0.000000000000000000e+00
1.027679071798502264e+00 0.000000000000000000e+00
1.024142446194912681e+00 0.000000000000000000e+00
1.022057986282345787e+00 0.000000000000000000e+00
1.020683103085119559e+00 0.000000000000000000e+00
1.019707658507327475e+00 0.000000000000000000e+00
1.018979170835552006e+00 0.000000000000000000e+00
1.018413930042638693e+00 0.000000000000000000e+00
1.017962153785063384e+00 0.000000000000000000e+00
1.017592378919255802e+00 0.000000000000000000e+00
1.017283743625305936e+00 0.000000000000000000e+00
1.017021867976212190e+00 0.000000000000000000e+00
1.016796516685752216e+00 0.000000000000000000e+00
1.016600205001634727e+00 0.000000000000000000e+00
1.016427331699875758e+00 0.000000000000000000e+00
1.016273620446261683e+00 0.000000000000000000e+00
1.016135748720417453e+00 0.000000000000000000e+00
1.016011094716967378e+00 0.000000000000000000e+00
1.015897560656282783e+00 0.000000000000000000e+00
1.015793446871984251e+00 0.000000000000000000e+00
1.015697360419125950e+00 0.000000000000000000e+00
1.015608147633457747e+00 0.000000000000000000e+00
1.015524843614433737e+00 0.000000000000000000e+00
1.015446633864903303e+00 0.000000000000000000e+00
1.015372824794267714e+00 0.000000000000000000e+00
1.015302820771985859e+00 0.000000000000000000e+00
1.015236106081838452e+00 0.000000000000000000e+00
1.015172230583947677e+00 0.000000000000000000e+00
1.015110798210483667e+00 0.000000000000000000e+00
1.015051457646838573e+00 0.000000000000000000e+00
1.014993894712015177e+00 0.000000000000000000e+00
1.014937826069468585e+00 0.000000000000000000e+00
1.014882993985779081e+00 0.000000000000000000e+00
1.014829161918277656e+00 0.000000000000000000e+00
1.014776110760308159e+00 0.000000000000000000e+00
1.014723635608558716e+00 0.000000000000000000e+00
1.014671542943886395e+00 0.000000000000000000e+00
1.014619648137523145e+00 0.000000000000000000e+00
1.014567773210041324e+00 0.000000000000000000e+00
1.014515744782146234e+00 0.000000000000000000e+00
1.014463392165046107e+00 0.000000000000000000e+00
1.014410545544456754e+00 0.000000000000000000e+00
1.014357034216617270e+00 0.000000000000000000e+00
1.014302684837335322e+00 0.000000000000000000e+00
1.014247319646211842e+00 0.000000000000000000e+00
1.014190754627912083e+00 0.000000000000000000e+00
1.014132797570652000e+00 0.000000000000000000e+00
1.014073245978894144e+00 0.000000000000000000e+00
1.014011884792419993e+00 0.000000000000000000e+00
1.013948483857229466e+00 0.000000000000000000e+00
1.013882795084732669e+00 0.000000000000000000e+00
1.013814549223919004e+00 0.000000000000000000e+00
1.013743452155927649e+00 0.000000000000000000e+00
1.013669180600720754e+00 0.000000000000000000e+00
1.013591377100096169e+00 0.000000000000000000e+00
1.013509644108288033e+00 0.000000000000000000e+00
1.013423536978499628e+00 0.000000000000000000e+00
1.013332555577570293e+00 0.000000000000000000e+00
1.013236134186997983e+00 0.000000000000000000e+00
1.013133629250304368e+00 0.000000000000000000e+00
1.013024304395124364e+00 0.000000000000000000e+00
1.012907311980422165e+00 0.000000000000000000e+00
1.012781670176063686e+00 0.000000000000000000e+00
1.012646234245959675e+00 0.000000000000000000e+00
1.012499660236124921e+00 0.000000000000000000e+00
1.012340358603274426e+00 0.000000000000000000e+00
1.012166434362955281e+00 0.000000000000000000e+00
1.011975608940295368e+00 0.000000000000000000e+00
1.011765116835064537e+00 0.000000000000000000e+00
1.011531567082111227e+00 0.000000000000000000e+00
1.011270754660340110e+00 0.000000000000000000e+00
1.010977399390224241e+00 0.000000000000000000e+00
1.010644777553840967e+00 0.000000000000000000e+00
1.010264191022130387e+00 0.000000000000000000e+00
1.009824183618912130e+00 0.000000000000000000e+00
1.009309352199727616e+00 0.000000000000000000e+00
1.008698484820542918e+00 0.000000000000000000e+00
1.007961535367160710e+00 0.000000000000000000e+00
1.007054487654635455e+00 0.000000000000000000e+00
1.005910165266459932e+00 0.000000000000000000e+00
1.004420687618793773e+00 0.000000000000000000e+00
1.002401131345429741e+00 0.000000000000000000e+00
9.995058007907772213e-01 0.000000000000000000e+00
9.950049767159266922e-01 0.000000000000000000e+00
9.870466095825838337e-01 0.000000000000000000e+00
9.691505835587179707e-01 0.000000000000000000e+00
8.916868131202300152e-01 0.000000000000000000e+00
1.202203312249018774e+00 0.000000000000000000e+00
1.068894463058173372e+00 0.000000000000000000e+00
1.046705170591881950e+00 0.000000000000000000e+00
1.037568410766477101e+00 0.000000000000000000e+00
1.032583297613840490e+00 0.000000000000000000e+00
1.029443051332447512e+00 0.000000000000000000e+00
1.027282784570112462e+00 0.000000000000000000e+00
1.025705157766075404e+00 0.000000000000000000e+00
1.024502053432280624e+00 0.000000000000000000e+00
1.023553918475191393e+00 0.000000000000000000e+00
1.022787182182859800e+00 0.000000000000000000e+00
1.022154087172221892e+00 0.000000000000000000e+00
1.021622280098000601e+00 0.000000000000000000e+00
1.021169063470833915e+00 0.000000000000000000e+00
1.020778042655621887e+00 0.000000000000000000e+00
1.020437079280890780e+00 0.000000000000000000e+00
1.020136993419614058e+00 0.000000000000000000e+00
1.019870713298192122e+00 0.000000000000000000e+00
1.019632702270506286e+00 0.000000000000000000e+00
1.019418563007927325e+00 0.000000000000000000e+00
1.019224758092279748e+00 0.000000000000000000e+00
1.019048408933149075e+00 0.000000000000000000e+00
1.018887148530621678e+00 0.000000000000000000e+00
1.018739011973427866e+00 0.000000000000000000e+00
1.018602353844305863e+00 0.000000000000000000e+00
1.018475785114662635e+00 0.000000000000000000e+00
1.018358124358182293e+00 0.000000000000000000e+00
1.018248359622289323e+00 0.000000000000000000e+00
1.018145618327273461e+00 0.000000000000000000e+00
1.018049143278115354e+00 0.000000000000000000e+00
1.017958273377463474e+00 0.000000000000000000e+00
1.017872427987225770e+00 0.000000000000000000e+00
1.017791094145425568e+00 0.000000000000000000e+00
1.017713816034174545e+00 0.000000000000000000e+00
1.017640186234179511e+00 0.000000000000000000e+00
1.017569838405091742e+00 0.000000000000000000e+00
1.017502441109000566e+00 0.000000000000000000e+00
1.017437692553352147e+00 0.000000000000000000e+00
1.017375316074412339e+00 0.000000000000000000e+00
1.017315056216637537e+00 0.000000000000000000e+00
1.017256675289476497e+00 0.000000000000000000e+00
1.017199950303065092e+00 0.000000000000000000e+00
1.017144670199319201e+00 0.000000000000000000e+00
1.017090633306036995e+00 0.000000000000000000e+00
1.017037644949461361e+00 0.000000000000000000e+00
1.016985515165785392e+00 0.000000000000000000e+00
1.016934056454534607e+00 0.000000000000000000e+00
1.016883081516763321e+00 0.000000000000000000e+00
1.016832400918419088e+00 0.000000000000000000e+00
1.016781820613859466e+00 0.000000000000000000e+00
1.016731139255827587e+00 0.000000000000000000e+00
1.016680145205502983e+00 0.000000000000000000e+00
1.016628613138432558e+00 0.000000000000000000e+00
1.016576300117633780e+00 0.000000000000000000e+00
1.016522940971710254e+00 0.000000000000000000e+00
1.016468242770123709e+00 0.000000000000000000e+00
1.016411878125190071e+00 0.000000000000000000e+00
1.016353476963969049e+00 0.000000000000000000e+00
1.016292616292925111e+00 0.000000000000000000e+00
1.016228807308827475e+00 0.000000000000000000e+00
1.016161478967795739e+00 0.000000000000000000e+00
1.016089956775098946e+00 0.000000000000000000e+00
1.016013435045284741e+00 0.000000000000000000e+00
1.015930940115757464e+00 0.000000000000000000e+00
1.015841280829980375e+00 0.000000000000000000e+00
1.015742980792461836e+00 0.000000000000000000e+00
1.015634184011854346e+00 0.000000000000000000e+00
1.015512520837971611e+00 0.000000000000000000e+00
1.015374913184626360e+00 0.000000000000000000e+00
1.015217284294768207e+00 0.000000000000000000e+00
1.015034113565870255e+00 0.000000000000000000e+00
1.014817730461505363e+00 0.000000000000000000e+00
1.014557149734236274e+00 0.000000000000000000e+00
1.014236058055871581e+00 0.000000000000000000e+00
1.013829131024093000e+00 0.000000000000000000e+00
1.013294806075907717e+00 0.000000000000000000e+00
1.012559772348203380e+00 0.000000000000000000e+00
1.011481486644455252e+00 0.000000000000000000e+00
1.009741168408406109e+00 0.000000000000000000e+00
1.006449539537010773e+00 0.000000000000000000e+00
9.978372094386739333e-01 0.000000000000000000e+00
9.159889827465532708e-01 0.000000000000000000e+00
1.048125485770699861e+00 0.000000000000000000e+00
1.030523567523868422e+00 0.000000000000000000e+00
1.025651567747482007e+00 0.000000000000000000e+00
1.023366357401369608e+00 0.000000000000000000e+00
1.022039592537200781e+00 0.000000000000000000e+00
1.021172753615921858e+00 0.000000000000000000e+00
1.020562088551812518e+00 0.000000000000000000e+00
1.020108806855643424e+00 0.000000000000000000e+00
1.019759204399539154e+00 0.000000000000000000e+00
1.019481578089039386e+00 0.000000000000000000e+00
1.019256007494096172e+00 0.000000000000000000e+00
1.019069347759709698e+00 0.000000000000000000e+00
1.018912576055202690e+00 0.000000000000000000e+00
1.018779294701357863e+00 0.000000000000000000e+00
1.018664842602514220e+00 0.000000000000000000e+00
1.018565744885513658e+00 0.000000000000000000e+00
1.018479359534775197e+00 0.000000000000000000e+00
1.018403643403850589e+00 0.000000000000000000e+00
1.018336993075546593e+00 0.000000000000000000e+00
1.018278134066122220e+00 0.000000000000000000e+00
1.018226042080798255e+00 0.000000000000000000e+00
1.018179886016979507e+00 0.000000000000000000e+00
1.018138986033058302e+00 0.000000000000000000e+00
1.018102782250743132e+00 0.000000000000000000e+00
1.018070811091329908e+00 0.000000000000000000e+00
1.018042687178543293e+00 0.000000000000000000e+00
1.018018089359468803e+00 0.000000000000000000e+00
1.017996749813527835e+00 0.000000000000000000e+00
1.017978445507155660e+00 0.000000000000000000e+00
1.017962991452761701e+00 0.000000000000000000e+00
1.017950235372957701e+00 0.000000000000000000e+00
1.017940053473381123e+00 0.000000000000000000e+00
1.017932347102026291e+00 0.000000000000000000e+00
1.017927040128103533e+00 0.000000000000000000e+00
1.017924076914781928e+00 0.000000000000000000e+00
1.017923420791680522e+00 0.000000000000000000e+00
1.017925052957468601e+00 0.000000000000000000e+00
1.017928971762435131e+00 0.000000000000000000e+00
1.017935192336880679e+00 0.000000000000000000e+00
1.017943746544803796e+00 0.000000000000000000e+00
1.017954683254493675e+00 0.000000000000000000e+00
1.017968068929049119e+00 0.000000000000000000e+00
1.017983988551192320e+00 0.000000000000000000e+00
1.018002546908696182e+00 0.000000000000000000e+00
1.018023870279962440e+00 0.000000000000000000e+00
1.018048108574590715e+00 0.000000000000000000e+00
1.018075438002095545e+00 0.000000000000000000e+00
1.018106064364469487e+00 0.000000000000000000e+00
1.018140227096634876e+00 0.000000000000000000e+00
1.018178204215082205e+00 0.000000000000000000e+00
1.018220318382037304e+00 0.000000000000000000e+00
1.018266944354320191e+00 0.000000000000000000e+00
1.018318518168282116e+00 0.000000000000000000e+00
1.018375548522765905e+00 0.000000000000000000e+00
1.018438630972486436e+00 0.000000000000000000e+00
1.018508465751317482e+00 0.000000000000000000e+00
1.018585880333650495e+00 0.000000000000000000e+00
1.018671858249675211e+00 0.000000000000000000e+00
1.018767576254438589e+00 0.000000000000000000e+00
1.018874452799897412e+00 0.000000000000000000e+00
1.018994212015166489e+00 0.000000000000000000e+00
1.019128969291246856e+00 0.000000000000000000e+00
1.019281347470878174e+00 0.000000000000000000e+00
1.019454637203320635e+00 0.000000000000000000e+00
1.019653022356304950e+00 0.000000000000000000e+00
1.019881903493423447e+00 0.000000000000000000e+00
1.020148373063438196e+00 0.000000000000000000e+00
1.020461932333475374e+00 0.000000000000000000e+00
1.020835606818048191e+00 0.000000000000000000e+00
1.021287744978868428e+00 0.000000000000000000e+00
1.021845043996564728e+00 0.000000000000000000e+00
1.022547904499534255e+00 0.000000000000000000e+00
1.023460513375087588e+00 0.000000000000000000e+00
1.024691365632386386e+00 0.000000000000000000e+00
1.026439463975696853e+00 0.000000000000000000e+00
1.029113556190020429e+00 0.000000000000000000e+00
1.033707314415422074e+00 0.000000000000000000e+00
1.043428413135942812e+00 0.000000000000000000e+00
1.077618496653941493e+00 0.000000000000000000e+00
7.777396123699104047e-01 0.000000000000000000e+00
9.756793504523906257e-01 0.000000000000000000e+00
9.940533433100426919e-01 0.000000000000000000e+00
1.000955640103064148e+00 0.000000000000000000e+00
1.004571136458941361e+00 0.000000000000000000e+00
1.006794383306595098e+00 0.000000000000000000e+00
1.008298571278470890e+00 0.000000000000000000e+00
1.009383139777927152e+00 0.000000000000000000e+00
1.010201542487390025e+00 0.000000000000000000e+00
1.010840546618693159e+00 0.000000000000000000e+00
1.011352907200122830e+00 0.000000000000000000e+00
1.011772544677956631e+00 0.000000000000000000e+00
1.012122261016401348e+00 0.000000000000000000e+00
1.012417949732759670e+00 0.000000000000000000e+00
1.012671027632902065e+00 0.000000000000000000e+00
1.012889906945445562e+00 0.000000000000000000e+00
1.013080922375715565e+00 0.000000000000000000e+00
1.013248934853123728e+00 0.000000000000000000e+00
1.013397736288006445e+00 0.000000000000000000e+00
1.013530327868340963e+00 0.000000000000000000e+00
1.013649115708529447e+00 0.000000000000000000e+00
1.013756051133164471e+00 0.000000000000000000e+00
1.013852733049050769e+00 0.000000000000000000e+00
1.013940483841545781e+00 0.000000000000000000e+00
1.014020406451420220e+00 0.000000000000000000e+00
1.014093427858285601e+00 0.000000000000000000e+00
1.014160332601074410e+00 0.000000000000000000e+00
1.014221788898359788e+00 0.000000000000000000e+00
1.014278369204268282e+00 0.000000000000000000e+00
1.014330566532736011e+00 0.000000000000000000e+00
1.014378807529718429e+00 0.000000000000000000e+00
1.014423463021641325e+00 0.000000000000000000e+00
1.014464856587261599e+00 0.000000000000000000e+00
1.014503271568049536e+00 0.000000000000000000e+00
1.014538956834835526e+00 0.000000000000000000e+00
1.014572131555956380e+00 0.000000000000000000e+00
1.014602989157564750e+00 0.000000000000000000e+00
1.014631700625345134e+00 0.000000000000000000e+00
1.014658417265107415e+00 0.000000000000000000e+00
1.014683273015152043e+00 0.000000000000000000e+00
1.014706386384088166e+00 0.000000000000000000e+00
1.014727862072604125e+00 0.000000000000000000e+00
1.014747792325550790e+00 0.000000000000000000e+00
1.014766258050825876e+00 0.000000000000000000e+00
1.014783329733387029e+00 0.000000000000000000e+00
1.014799068165777030e+00 0.000000000000000000e+00
1.014813525010469730e+00 0.000000000000000000e+00
1.014826743203786297e+00 0.000000000000000000e+00
1.014838757205793751e+00 0.000000000000000000e+00
1.014849593095191294e+00 0.000000000000000000e+00
1.014859268502360079e+00 0.000000000000000000e+00
1.014867792367142085e+00 0.000000000000000000e+00
1.014875164500014915e+00 0.000000000000000000e+00
1.014881374915524770e+00 0.000000000000000000e+00
1.014886402894241257e+00 0.000000000000000000e+00
1.014890215712888288e+00 0.000000000000000000e+00
1.014892766959924364e+00 0.000000000000000000e+00
1.014893994323083914e+00 0.000000000000000000e+00
1.014893816692422623e+00 0.000000000000000000e+00
1.014892130361319422e+00 0.000000000000000000e+00
1.014888804019645097e+00 0.000000000000000000e+00
1.014883672103546353e+00 0.000000000000000000e+00
1.014876525872029811e+00 0.000000000000000000e+00
1.014867101283825512e+00 0.000000000000000000e+00
1.014855062285017429e+00 0.000000000000000000e+00
1.014839977378057201e+00 0.000000000000000000e+00
1.014821286128837707e+00 0.000000000000000000e+00
1.014798250216987663e+00 0.000000000000000000e+00
1.014769880049907647e+00 0.000000000000000000e+00
1.014734821454892577e+00 0.000000000000000000e+00
1.014691174626703329e+00 0.000000000000000000e+00
1.014636192891850364e+00 0.000000000000000000e+00
1.014565756687436648e+00 0.000000000000000000e+00
1.014473399324915759e+00 0.000000000000000000e+00
1.014348365288969323e+00 0.000000000000000000e+00
1.014171357994849476e+00 0.000000000000000000e+00
1.013903975897942011e+00 0.000000000000000000e+00
1.013457314664200748e+00 0.000000000000000000e+00
1.012568327748080144e+00 0.000000000000000000e+00
1.009964472733594132e+00 0.000000000000000000e+00
8.841053336268578366e-01 0.000000000000000000e+00
1.021097795201349578e+00 0.000000000000000000e+00
1.018140150755374673e+00 0.000000000000000000e+00
1.017185018338509828e+00 0.000000000000000000e+00
1.016714346091065257e+00 0.000000000000000000e+00
1.016434896906837082e+00 0.000000000000000000e+00
1.016250318345597758e+00 0.000000000000000000e+00
1.016119655170505620e+00 0.000000000000000000e+00
1.016022541890969633e+00 0.000000000000000000e+00
1.015947709935122845e+00 0.000000000000000000e+00
1.015888419844369173e+00 0.000000000000000000e+00
1.015840394636961852e+00 0.000000000000000000e+00
1.015800790161849987e+00 0.000000000000000000e+00
1.015767642240352986e+00 0.000000000000000000e+00
1.015739551479778680e+00 0.000000000000000000e+00
1.015715494532618557e+00 0.000000000000000000e+00
1.015694706335844355e+00 0.000000000000000000e+00
1.015676604031603203e+00 0.000000000000000000e+00
1.015660736323190205e+00 0.000000000000000000e+00
1.015646748876191108e+00 0.000000000000000000e+00
1.015634360138999881e+00 0.000000000000000000e+00
1.015623344104743309e+00 0.000000000000000000e+00
1.015613517804174970e+00 0.000000000000000000e+00
1.015604732089813389e+00 0.000000000000000000e+00
1.015596864752840611e+00 0.000000000000000000e+00
1.015589815322099909e+00 0.000000000000000000e+00
1.015583501095721042e+00 0.000000000000000000e+00
1.015577854090067511e+00 0.000000000000000000e+00
1.015572818681845346e+00 0.000000000000000000e+00
1.015568349782210777e+00 0.000000000000000000e+00
1.015564411426045144e+00 0.000000000000000000e+00
1.015560975691289558e+00 0.000000000000000000e+00
1.015558021886385998e+00 0.000000000000000000e+00
1.015555535961148781e+00 0.000000000000000000e+00
1.015553510109648228e+00 0.000000000000000000e+00
1.015551942544228758e+00 0.000000000000000000e+00
1.015550837428575770e+00 0.000000000000000000e+00
1.015550204965521619e+00 0.000000000000000000e+00
1.015550061642677582e+00 0.000000000000000000e+00
1.015550430646542157e+00 0.000000000000000000e+00
1.015551342464077189e+00 0.000000000000000000e+00
1.015552835700520351e+00 0.000000000000000000e+00
1.015554958154246235e+00 0.000000000000000000e+00
1.015557768204919720e+00 0.000000000000000000e+00
1.015561336591506825e+00 0.000000000000000000e+00
1.015565748684125857e+00 0.000000000000000000e+00
1.015571107391382455e+00 0.000000000000000000e+00
1.015577536897489752e+00 0.000000000000000000e+00
1.015585187498274644e+00 0.000000000000000000e+00
1.015594241913192031e+00 0.000000000000000000e+00
1.015604923609124910e+00 0.000000000000000000e+00
1.015617507909012840e+00 0.000000000000000000e+00
1.015632337020156317e+00 0.000000000000000000e+00
1.015649840680645344e+00 0.000000000000000000e+00
1.015670565021200789e+00 0.000000000000000000e+00
1.015695213711094169e+00 0.000000000000000000e+00
1.015724707936950244e+00 0.000000000000000000e+00
1.015760276083970126e+00 0.000000000000000000e+00
1.015803591804703698e+00 0.000000000000000000e+00
1.015856993922098273e+00 0.000000000000000000e+00
1.015923850931841788e+00 0.000000000000000000e+00
1.016009194656313674e+00 0.000000000000000000e+00
1.016120887418692886e+00 0.000000000000000000e+00
1.016271932310696791e+00 0.000000000000000000e+00
1.016485487349986894e+00 0.000000000000000000e+00
1.016807170107346225e+00 0.000000000000000000e+00
1.017340974808613518e+00 0.000000000000000000e+00
1.018386523598065807e+00 0.000000000000000000e+00
1.021307248504105925e+00 0.000000000000000000e+00
1.070526224061513432e+00 0.000000000000000000e+00
1.007004306952319350e+00 0.000000000000000000e+00
1.011285866345266626e+00 0.000000000000000000e+00
1.012578247704655432e+00 0.000000000000000000e+00
1.013196319241484566e+00 0.000000000000000000e+00
1.013554905791376415e+00 0.000000000000000000e+00
1.013786301875731377e+00 0.000000000000000000e+00
1.013945796627899965e+00 0.000000000000000000e+00
1.014060575231846117e+00 0.000000000000000000e+00
1.014145553943049061e+00 0.000000000000000000e+00
1.014209592097271351e+00 0.000000000000000000e+00
1.014258276159646144e+00 0.000000000000000000e+00
1.014295296773150001e+00 0.000000000000000000e+00
1.014323183860174504e+00 0.000000000000000000e+00
1.014343723663766239e+00 0.000000000000000000e+00
1.014358207401949263e+00 0.000000000000000000e+00
1.014367585771733138e+00 0.000000000000000000e+00
1.014372568338984371e+00 0.000000000000000000e+00
1.014373689374221454e+00 0.000000000000000000e+00
1.014371352551285410e+00 0.000000000000000000e+00
1.014365861922501555e+00 0.000000000000000000e+00
1.014357443736937370e+00 0.000000000000000000e+00
1.014346261991607934e+00 0.000000000000000000e+00
1.014332429587098794e+00 0.000000000000000000e+00
1.014316016322945435e+00 0.000000000000000000e+00
1.014297054560140188e+00 0.000000000000000000e+00
1.014275543109627087e+00 0.000000000000000000e+00
1.014251449724065779e+00 0.000000000000000000e+00
1.014224712443473120e+00 0.000000000000000000e+00
1.014195239953570526e+00 0.000000000000000000e+00
1.014162911045721760e+00 0.000000000000000000e+00
1.014127573210504618e+00 0.000000000000000000e+00
1.014089040346809911e+00 0.000000000000000000e+00
1.014047089519961364e+00 0.000000000000000000e+00
1.014001456651213218e+00 0.000000000000000000e+00
1.013951830962621647e+00 0.000000000000000000e+00
1.013897847930512075e+00 0.000000000000000000e+00
1.013839080411052640e+00 0.000000000000000000e+00
1.013775027484030034e+00 0.000000000000000000e+00
1.013705100403505144e+00 0.000000000000000000e+00
1.013628604828909596e+00 0.000000000000000000e+00
1.013544718211180751e+00 0.000000000000000000e+00
1.013452460786484099e+00 0.000000000000000000e+00
1.013350658024819939e+00 0.000000000000000000e+00
1.013237891498633747e+00 0.000000000000000000e+00
1.013112433828362358e+00 0.000000000000000000e+00
1.012972161385459202e+00 0.000000000000000000e+00
1.012814435386271139e+00 0.000000000000000000e+00
1.012635937205779824e+00 0.000000000000000000e+00
1.012432435975330947e+00 0.000000000000000000e+00
1.012198453626576455e+00 0.000000000000000000e+00
1.011926770428977163e+00 0.000000000000000000e+00
1.011607674800253154e+00 0.000000000000000000e+00
1.011227788570847164e+00 0.000000000000000000e+00
1.010768158247298931e+00 0.000000000000000000e+00
1.010201015061213070e+00 0.000000000000000000e+00
1.009483978210757860e+00 0.000000000000000000e+00
1.008548990859175376e+00 0.000000000000000000e+00
1.007279408632383078e+00 0.000000000000000000e+00
1.005457224449800124e+00 0.000000000000000000e+00
1.002622413440450666e+00 0.000000000000000000e+00
9.976080913712405129e-01 0.000000000000000000e+00
9.863360245218757427e-01 0.000000000000000000e+00
9.376851275115294371e-01 0.000000000000000000e+00
1.134275416350293053e+00 0.000000000000000000e+00
1.049376256179914702e+00 0.000000000000000000e+00
1.035322970426387545e+00 0.000000000000000000e+00
1.029545083816088891e+00 0.000000000000000000e+00
1.026396107201871688e+00 0.000000000000000000e+00
1.024414637569688757e+00 0.000000000000000000e+00
1.023053110562660573e+00 0.000000000000000000e+00
1.022060072573607314e+00 0.000000000000000000e+00
1.021303856575481284e+00 0.000000000000000000e+00
1.020708843935224541e+00 0.000000000000000000e+00
1.020228509670991102e+00 0.000000000000000000e+00
1.019832658434484562e+00 0.000000000000000000e+00
1.019500838240380736e+00 0.000000000000000000e+00
1.019218703984235308e+00 0.000000000000000000e+00
1.018975896502454681e+00 0.000000000000000000e+00
1.018764748147100718e+00 0.000000000000000000e+00
1.018579462025286819e+00 0.000000000000000000e+00
1.018415574313007221e+00 0.000000000000000000e+00
1.018269591933071760e+00 0.000000000000000000e+00
1.018138742310840339e+00 0.000000000000000000e+00
1.018020796743543732e+00 0.000000000000000000e+00
1.017913943300294388e+00 0.000000000000000000e+00
1.017816693772172210e+00 0.000000000000000000e+00
1.017727814485018145e+00 0.000000000000000000e+00
1.017646274128135575e+00 0.000000000000000000e+00
1.017571203908852251e+00 0.000000000000000000e+00
1.017501866764291885e+00 0.000000000000000000e+00
1.017437633316174983e+00 0.000000000000000000e+00
1.017377962906425459e+00 0.000000000000000000e+00
1.017322388503713482e+00 0.000000000000000000e+00
1.017270504589492530e+00 0.000000000000000000e+00
1.017221957359226936e+00 0.000000000000000000e+00
1.017176436738552514e+00 0.000000000000000000e+00
1.017133669833946374e+00 0.000000000000000000e+00
1.017093415525964772e+00 0.000000000000000000e+00
1.017055459979081977e+00 0.000000000000000000e+00
1.017019612891843838e+00 0.000000000000000000e+00
1.016985704348750463e+00 0.000000000000000000e+00
1.016953582164161984e+00 0.000000000000000000e+00
1.016923109630803568e+00 0.000000000000000000e+00
1.016894163602747536e+00 0.000000000000000000e+00
1.016866632856317620e+00 0.000000000000000000e+00
1.016840416683016945e+00 0.000000000000000000e+00
1.016815423677053465e+00 0.000000000000000000e+00
1.016791570686778057e+00 0.000000000000000000e+00
1.016768781904753283e+00 0.000000000000000000e+00
1.016746988075540203e+00 0.000000000000000000e+00
1.016726125803809166e+00 0.000000000000000000e+00
1.016706136948264838e+00 0.000000000000000000e+00
1.016686968089222320e+00 0.000000000000000000e+00
1.016668570059601207e+00 0.000000000000000000e+00
