9.675030264265929159e-01
1.007565263545706413e+00
9.604921349307480316e-01
9.224330096675901203e-01
9.284423452354572115e-01
9.855310331301939675e-01
9.624952467867037287e-01
9.614936908587258246e-01
9.034034470360111646e-01
9.654999145706372188e-01
9.204298978116344232e-01
9.214314537396123272e-01
9.484734637950139602e-01
9.785201416343491942e-01
9.194283418836566302e-01
9.665014704986150118e-01
9.604921349307480316e-01
9.324485689473684946e-01
8.603365421329640661e-01
9.014003351800554675e-01
9.164236740997231401e-01
8.793661047645430218e-01
8.563303184210527830e-01
8.393038676454294134e-01
7.060969292243768347e-01
6.980844818005540464e-01
1.491316776759002982e+00
1.263963581108033418e+00
1.162806432382271549e+00
1.086688181855955726e+00
1.073667954792243862e+00
1.034607273601108046e+00
1.011571487257617807e+00
9.474719078670361672e-01
9.715092501385043100e-01
1.036610385457063854e+00
9.584890230747923345e-01
9.554843552908588444e-01
9.584890230747923345e-01
9.494750197229917532e-01
9.464703519390582631e-01
9.574874671468145415e-01
9.314470130193907016e-01
9.244361215235458173e-01
9.134190063157895390e-01
8.493194269252078987e-01
8.212758609418283617e-01
8.362991998614959233e-01
1.222899788060942017e+00
1.242930906620498765e+00
1.236921571052631785e+00
1.117736415623268753e+00
1.086688181855955726e+00
1.101711520775623399e+00
1.077674178504155256e+00
1.057643059944598507e+00
1.028597938033241066e+00
1.042619721024930834e+00
1.022588602465374086e+00
1.001555927977839433e+00
1.029599493961218970e+00
1.033605717673130364e+00
1.007565263545706413e+00
1.052635280304709209e+00
1.055639948088642699e+00
1.027596382105263384e+00
1.041618165096952930e+00
1.051633724376731527e+00
1.017580822825484788e+00
1.005562151689750827e+00
1.069661731080332467e+00
9.875341449861496645e-01
1.002557483905817337e+00
9.885357009141275686e-01
1.001555927977839433e+00
9.354532367313020957e-01
9.594905790027702386e-01
1.004560595761772923e+00
1.009568375401662221e+00
9.144205622437674430e-01
9.404610163711912829e-01
9.584890230747923345e-01
9.675030264265929159e-01
9.214314537396123272e-01
8.913847759002770932e-01
8.593349862049862731e-01
8.052509660941828962e-01
7.882245153185596376e-01
7.661902849030471918e-01
8.483178709972299947e-01
1.048629056592797815e+00
1.345089611274238317e+00
1.321052269002770174e+00
1.232915347340720391e+00
1.207876449141274344e+00
1.155795540886426664e+00
1.164809544238227357e+00
1.153792429030471078e+00
1.089692849639889216e+00
1.057643059944598507e+00
1.053636836232687113e+00
1.100709964847645495e+00
1.128753530831025031e+00
1.056641504016620603e+00
1.040616609168975248e+00
1.024591714321329672e+00
1.063652395512465487e+00
1.019583934681440596e+00
9.855310331301939675e-01
9.895372568421053616e-01
1.003559039833795019e+00
9.835279212742383814e-01
9.925419246260388517e-01
9.745139179224378001e-01
1.058644615872576189e+00
1.016579266897507106e+00
1.063652395512465487e+00
9.895372568421053616e-01
9.865325890581718715e-01
9.845294772022161744e-01
9.885357009141275686e-01
1.002557483905817337e+00
9.965481483379502459e-01
1.004560595761772923e+00
1.028597938033241066e+00
9.845294772022161744e-01
9.895372568421053616e-01
1.032604161745152460e+00
9.584890230747923345e-01
1.021587046537396182e+00
1.008566819473684317e+00
1.078675734432133160e+00
1.028597938033241066e+00
1.074669510720221766e+00
1.082681958144044554e+00
1.097705297063712004e+00
1.128753530831025031e+00
1.067658619224376881e+00
1.145779981606648290e+00
1.089692849639889216e+00
1.147783093462604098e+00
1.016579266897507106e+00
1.133761310470914330e+00
1.012573043185595711e+00
1.077674178504155256e+00
1.049630612520775719e+00
1.030601049889196874e+00
1.077674178504155256e+00
1.050632168448753623e+00
1.094700629279778514e+00
1.042619721024930834e+00
1.058644615872576189e+00
1.019583934681440596e+00
1.017580822825484788e+00
1.039615053240997344e+00
9.815248094182826843e-01
1.017580822825484788e+00
9.945450364819945488e-01
9.735123619944598961e-01
1.043621276952908739e+00
1.021587046537396182e+00
1.054638392160665017e+00
1.014576155041551297e+00
1.086688181855955726e+00
1.125748863047091541e+00
9.875341449861496645e-01
1.004560595761772923e+00
1.032604161745152460e+00
1.052635280304709209e+00
1.018582378753462692e+00
1.053636836232687113e+00
1.064653951440443391e+00
1.022588602465374086e+00
1.012573043185595711e+00
1.027596382105263384e+00
1.039615053240997344e+00
9.925419246260388517e-01
1.035608829529085950e+00
9.895372568421053616e-01
9.875341449861496645e-01
1.037611941385041758e+00
9.895372568421053616e-01
1.048629056592797815e+00
1.037611941385041758e+00
1.030601049889196874e+00
9.735123619944598961e-01
1.027596382105263384e+00
1.012573043185595711e+00
1.045624388808864325e+00
1.045624388808864325e+00
1.090694405567867120e+00
9.795216975623269873e-01
1.036610385457063854e+00
9.785201416343491942e-01
1.068660175152354785e+00
9.765170297783934972e-01
1.031602605817174556e+00
9.975497042659280389e-01
9.975497042659280389e-01
9.985512601939059429e-01
9.685045823545707089e-01
9.474719078670361672e-01
1.027596382105263384e+00
1.021587046537396182e+00
1.043621276952908739e+00
1.021587046537396182e+00
9.905388127700832657e-01
1.085686625927978044e+00
1.033605717673130364e+00
1.104716188559556889e+00
9.644983586426594258e-01
9.574874671468145415e-01
1.004560595761772923e+00
1.033605717673130364e+00
1.028597938033241066e+00
9.725108060664821030e-01
1.008566819473684317e+00
1.015577710969529202e+00
9.765170297783934972e-01
9.604921349307480316e-01
1.040616609168975248e+00
9.945450364819945488e-01
9.825263653462604774e-01
9.695061382825486129e-01
1.007565263545706413e+00
1.009568375401662221e+00
1.084685070000000140e+00
1.012573043185595711e+00
9.885357009141275686e-01
9.975497042659280389e-01
9.614936908587258246e-01
9.484734637950139602e-01
9.384579045152355858e-01
1.029599493961218970e+00
9.865325890581718715e-01
9.825263653462604774e-01
9.825263653462604774e-01
9.564859112188366375e-01
1.004560595761772923e+00
1.019583934681440596e+00
9.675030264265929159e-01
9.985512601939059429e-01
9.775185857063712902e-01
9.584890230747923345e-01
1.037611941385041758e+00
1.018582378753462692e+00
1.025593270249307576e+00
1.084685070000000140e+00
1.069661731080332467e+00
1.098706852991689908e+00
1.058644615872576189e+00
1.080678846288088746e+00
1.078675734432133160e+00
1.053636836232687113e+00
1.082681958144044554e+00
1.036610385457063854e+00
1.099708408919667812e+00
1.072666398864265958e+00
1.058644615872576189e+00
9.785201416343491942e-01
1.044622832880886643e+00
1.028597938033241066e+00
1.005562151689750827e+00
9.965481483379502459e-01
1.024591714321329672e+00
1.056641504016620603e+00
1.028597938033241066e+00
1.036610385457063854e+00
1.054638392160665017e+00
1.084685070000000140e+00
