8.340308183523522656e-01
3.477853092210623077e-17
7.253751380198502074e-01
-1.566356889271090397e-16
5.387157270531008901e-01
-8.109187621197511434e-17
2.202352343005849200e-01
-4.312763191988228322e-17
4.045380199567215340e-02
-6.674788831294354803e-18
-8.097127284596986607e-01
5.173894110555914306e-18
-6.449745162436203438e-01
7.250307234723612181e-03
-6.449745162436202328e-01
-7.250307234723631263e-03
-3.303979929439670449e-01
9.395878274962679230e-03
-3.303979929439671004e-01
-9.395878274962916887e-03
