9.786317830354107627e-01 2.103795804229074739e-16
9.779641832466869911e-01 2.152584901990922438e-16
9.772542101828112227e-01 2.200289797580284634e-16
9.764970373418052629e-01 2.245826288824676066e-16
9.756870108464043012e-01 2.298952195276465784e-16
9.748174560967679536e-01 2.352078101728255501e-16
9.738804263001937800e-01 2.408456614697501731e-16
9.728663711865692676e-01 2.464835127666747962e-16
9.717636943947612904e-01 2.524466247153450706e-16
9.705581528731644925e-01 2.583013164467667945e-16
9.692320277692392239e-01 2.649149496989283716e-16
9.677629577121666937e-01 2.710949020820957468e-16
9.661222613093127798e-01 2.772748544652631221e-16
9.642724658299361984e-01 2.834548068484304974e-16
9.621635639757775138e-01 2.893094985798522213e-16
9.597271599024483901e-01 2.954894509630195966e-16
9.568669666016266229e-01 3.013441426944413206e-16
9.534426857316308235e-01 3.054641109498862374e-16
9.492411741223432120e-01 3.082830365983485489e-16
9.439214066306396145e-01 3.081746163810999985e-16
9.369004533816145397e-01 3.041630683429036321e-16
9.270906018712522512e-01 2.909358018385804780e-16
9.121976968208981296e-01 2.632886464402001149e-16
8.863965103663696832e-01 2.030070056500060437e-16
8.292544062678475214e-01 5.251974410901804063e-17
5.827061957483159471e-01 -4.645362719493190116e-16
1.544511990045207117e+00 3.770140573344564404e-15
1.136869014507748910e+00 1.350851845660409613e-15
1.066933037862730638e+00 1.071995046897137872e-15
1.037173989726339229e+00 9.903546233089793884e-16
1.020135119934962642e+00 9.712726650732345103e-16
1.008655167351279580e+00 9.838494102740663618e-16
1.000023400634484139e+00 1.013990230669163385e-15
9.929692532198433064e-01 1.060827764520537177e-15
9.867984559648608212e-01 1.120458884007239920e-15
9.810773053505085217e-01 1.197220397819213634e-15
9.754948989321861053e-01 1.291979667694446722e-15
9.697918867992205705e-01 1.407772459715898595e-15
9.637146393041050585e-01 1.552838710394459089e-15
9.569756068706546381e-01 1.728045781468116605e-15
9.492064823872360391e-01 1.955077716386581037e-15
9.398885217161550010e-01 2.249980707302638243e-15
9.282340553481288614e-01 2.653954436770737195e-15
9.129714961891155500e-01 3.222076375153141518e-15
8.919654645459654807e-01 4.064067782305384656e-15
8.618331179435487766e-01 5.450979201348841928e-15
8.214758110824407211e-01 7.937488463727097797e-15
8.353898520683203932e-01 1.095829255670621025e-14
1.217601815391507580e+00 -4.562495223292779924e-15
1.273558937345791620e+00 -8.897352349324323752e-15
1.190556423059040414e+00 -6.321721668367759418e-15
1.138169238926759697e+00 -4.716451931785721553e-15
1.106106551440838359e+00 -3.753463562184096515e-15
1.084902587970059118e+00 -3.123758940404515934e-15
1.069873737442201156e+00 -2.685741262720372143e-15
1.058622728830419524e+00 -2.364166898361171528e-15
1.049827143178154953e+00 -2.120004569117435929e-15
1.042705374878398761e+00 -1.930269188932472653e-15
1.036767718063282162e+00 -1.777179842177519427e-15
1.031691925843250868e+00 -1.654014475383165926e-15
1.027256851898401768e+00 -1.552099471169528509e-15
1.023305017535356187e+00 -1.468832744322641769e-15
1.019720439616807806e+00 -1.399443805283569485e-15
1.016414920729081572e+00 -1.340896887969352246e-15
1.013319234103402744e+00 -1.291457268904013243e-15
1.010377240404266797e+00 -1.249823905480569873e-15
1.007541808652648641e+00 -1.217297840306004740e-15
1.004771865883037574e+00 -1.190409626428364230e-15
1.002030152898104154e+00 -1.169159263847648343e-15
9.992814073192566315e-01 -1.154414114301845483e-15
9.964907763378356709e-01 -1.144005773445984640e-15
9.936223040993213962e-01 -1.139668964756042623e-15
9.906373543897948331e-01 -1.140970007363025228e-15
9.874928228239604477e-01 -1.146174177790955649e-15
9.841389631720491860e-01 -1.159184603860781702e-15
9.805165933528958710e-01 -1.177399200358538177e-15
9.765533439447205977e-01 -1.205154775974167090e-15
9.721584395691962310e-01 -1.240716607231691636e-15
9.672152133367692972e-01 -1.286686779345077024e-15
9.615700590583622365e-01 -1.345667377528288465e-15
9.550156626193521126e-01 -1.421995210471267977e-15
9.472648195549618899e-01 -1.519139725125969175e-15
9.379083854123093644e-01 -1.649243985824229707e-15
9.263460025351766269e-01 -1.819246886469956999e-15
9.116703511834545193e-01 -2.051699832250849150e-15
8.924787698058463947e-01 -2.367419504878628041e-15
8.666244639237913328e-01 -2.828855949488458728e-15
8.313538180819191048e-01 -3.501928658167459881e-15
7.879849238963699820e-01 -4.223573624173811238e-15
7.854567146475484041e-01 -2.683139177506406932e-15
1.070867311962022450e+00 7.947246283279467337e-15
1.343763146717343870e+00 5.615777931566638602e-15
1.304175994090518431e+00 2.507153462616199894e-15
1.238745979549152887e+00 1.657138959387564615e-15
1.192426732195565497e+00 1.280703965100597476e-15
1.160684477253389968e+00 1.044781572367751711e-15
1.138118409855997992e+00 8.695745012940941944e-16
1.121405761968803816e+00 7.394702405958336623e-16
1.108581110559556882e+00 6.380973374684389978e-16
1.098446233683321616e+00 5.571345402380839541e-16
1.090240216532068596e+00 4.871763950584567805e-16
1.083460553596000464e+00 4.312315629582047518e-16
1.077763608023183606e+00 3.834182471515940062e-16
1.072907117462222004e+00 3.422185645971448377e-16
1.068715704161960822e+00 3.079577759466028976e-16
1.065059443481412016e+00 2.771664342480145717e-16
1.061840116168869752e+00 2.504950608048711626e-16
1.058982134847284984e+00 2.275099747481784686e-16
1.056426401196659537e+00 2.062596121674625570e-16
1.054126051489701288e+00 1.876113348007118808e-16
1.052043449148533760e+00 1.713483022134293143e-16
1.050148019270205069e+00 1.568199931021235549e-16
1.048414663143536485e+00 1.429422052943090981e-16
1.046822579607160408e+00 1.305823005279743475e-16
1.045354376518425443e+00 1.193065979341251014e-16
1.043995392191568117e+00 1.093319379472584730e-16
1.042733170844419854e+00 1.000077992638831348e-16
1.041557052348247137e+00 9.133418188399909936e-17
1.040457847667870528e+00 8.331108580760636655e-17
1.039427579043077587e+00 7.637219190369913817e-17
1.038459269301914123e+00 6.943329799979190980e-17
1.037546768420682941e+00 6.292808496487888319e-17
1.036684608006348762e+00 5.707339323345715925e-17
1.035867876049239467e+00 5.143554193653253619e-17
1.035092105215450031e+00 4.644821194309921580e-17
1.034353168128206324e+00 4.124404151516879451e-17
1.033647172376090717e+00 3.647355195623257500e-17
1.032970345985444016e+00 3.170306239729635549e-17
1.032318899949312696e+00 2.693257283836013598e-17
1.031688846332525333e+00 2.270418436566666869e-17
1.031075734661676346e+00 1.825895545847610051e-17
1.030474237220277312e+00 1.370530633403698035e-17
1.029877445100060962e+00 9.260077426846412168e-18
1.029275578643842781e+00 4.381167650661642215e-18
1.028653417766570044e+00 -1.581944298008632172e-18
1.027984634028431099e+00 -7.870316898424557889e-18
1.027217516518718510e+00 -1.676077471280569271e-17
1.026231602140741606e+00 -2.901225926189189281e-17
1.024660274496004719e+00 -5.145524423234183460e-17
1.020582309600883253e+00 -1.194347204471829749e-16
1.142358116258007872e+00 1.181139755443910466e-16
1.033492770097965252e+00 9.794781513616067641e-17
1.030061935739899459e+00 4.915871737431297688e-17
1.028677341620559460e+00 2.996833892131954840e-17
1.027836843982952830e+00 1.901789697921595362e-17
1.027225930386817643e+00 1.110322112007176971e-17
1.026737776036426020e+00 5.356949605898596206e-18
1.026326258582049400e+00 -1.724814737774764076e-19
1.025968435394693179e+00 -5.051391249962246361e-18
1.025651913539685989e+00 -9.279779722655713653e-18
1.025369808680386408e+00 -1.383342884709483228e-17
1.025118517008523522e+00 -1.882075884052815113e-17
1.024896709307795417e+00 -2.326598774771871931e-17
1.024704958667740806e+00 -2.879541882739479192e-17
1.024545797061222618e+00 -3.454169034156796542e-17
1.024424195370151391e+00 -4.115532359372954247e-17
1.024348643216036026e+00 -4.939526010461937617e-17
1.024333303873239398e+00 -5.904465943974036563e-17
1.024402399495827343e+00 -7.162140464057221707e-17
1.024599823486812999e+00 -8.864337874859463668e-17
1.025012819053729096e+00 -1.128210871950213979e-16
1.025841234556932546e+00 -1.515271047527539062e-16
1.027662699123397916e+00 -2.228676077023000733e-16
1.033116394086710965e+00 -4.013272852934141031e-16
1.131641590016862597e+00 9.350603125122186622e-16
1.005375271906983725e+00 7.117146649802047488e-16
1.013348201674532323e+00 3.108851218123137596e-16
1.015652987263826690e+00 1.997543991325495304e-16
1.016677366861210352e+00 1.472790139842511158e-16
1.017211183656263174e+00 1.168129329374084412e-16
1.017506685659600452e+00 9.686361296367517198e-17
1.017669321705948704e+00 8.276898472136361433e-17
1.017750913871138252e+00 7.181854277926001955e-17
1.017779862963551496e+00 6.347018605112163541e-17
1.017773006791064194e+00 5.674813258171150792e-17
1.017740937327719308e+00 5.111028128478688486e-17
1.017690631532065071e+00 4.644821194309921580e-17
1.017626855989045342e+00 4.211140325315719806e-17
1.017552963832709878e+00 3.864195630120358387e-17
1.017471369849201057e+00 3.538934978374707057e-17
1.017383845596355529e+00 3.235358370078765815e-17
1.017291709128017585e+00 2.975149848682244751e-17
1.017195950510682456e+00 2.720362338148151209e-17
1.017097316835543941e+00 2.487258871063767756e-17
1.016996370850458575e+00 2.243313382254529258e-17
1.016893531872440803e+00 2.015630926032573327e-17
1.016789104404652866e+00 1.793369480673044918e-17
1.016683297889076298e+00 1.576529046175944031e-17
1.016576239741262322e+00 1.332583557366705380e-17
1.016467982929126768e+00 1.077796046832611838e-17
1.016358508682384532e+00 8.338505580233733399e-18
1.016247724315712864e+00 5.573790040395697093e-18
1.016135455491878892e+00 2.538023957436284677e-18
1.016021431387752250e+00 -9.856331031416047331e-19
1.015905259918816750e+00 -4.671920489592319809e-18
1.015786388000731844e+00 -9.279779722655713653e-18
1.015664037946955034e+00 -1.442974004196185817e-17
1.015537103781299022e+00 -2.071811264237778389e-17
1.015403976621180426e+00 -2.868699861014624148e-17
1.015262237167275261e+00 -3.855323837976433183e-17
1.015108081993937983e+00 -5.145524423234183460e-17
1.014935171245633594e+00 -6.891089920935845598e-17
1.014732081146628273e+00 -9.390175928514933319e-17
1.014475893868645784e+00 -1.322283060825119273e-16
1.014112782320879536e+00 -1.976056970833878446e-16
1.013479079258477578e+00 -3.327514978837059477e-16
1.011727624673730341e+00 -7.665949972037805469e-16
1.087295379430108344e+00 -5.378825489179633866e-16
1.017729367735879631e+00 7.745441808757397308e-16
1.016174669717246015e+00 4.415314835968170439e-16
1.015574129286392902e+00 3.259555320098622712e-16
1.015218682025346597e+00 2.685470269767548114e-16
1.014961496372250194e+00 2.354246506073226510e-16
1.014752723098944598e+00 2.147163891128494916e-16
1.014570602314507131e+00 2.014891226085263375e-16
1.014403954999498980e+00 1.930865557717636782e-16
1.014246278364964837e+00 1.883702763214517339e-16
1.014093351733095671e+00 1.864729225196021011e-16
1.013942120328157559e+00 1.868523932799720277e-16
1.013790103549701893e+00 1.897255290370586144e-16
1.013635030121660341e+00 1.946586489218676596e-16
1.013474561499398074e+00 2.021938540206419154e-16
1.013306020070757540e+00 2.124395645506299323e-16
1.013126045760437632e+00 2.262631422498201385e-16
1.012930071911556151e+00 2.445861589648251634e-16
1.012711412706817082e+00 2.690891280629975636e-16
1.012459496223324207e+00 3.026451853014239259e-16
1.012156052554269658e+00 3.501332404562890201e-16
1.011765732236623139e+00 4.215279535144594871e-16
1.011208435564370234e+00 5.396517802067551952e-16
1.010251326989346055e+00 7.692858003391850343e-16
1.007791739152956279e+00 1.402947760048338101e-15
9.328078796580125953e-01 -2.082599594166686026e-15
1.017439067651828122e+00 -1.717657142908065036e-15
1.014447937732438687e+00 -7.762443965389015364e-16
1.013305107852102260e+00 -4.886597702871214853e-16
1.012571214182652168e+00 -3.487434799278671381e-16
1.011962607921480517e+00 -2.650972823206104710e-16
1.011373052390319716e+00 -2.086103491341157146e-16
1.010738232361163558e+00 -1.666517250589266930e-16
1.009996702669234248e+00 -1.329330374946275051e-16
1.009065186224759048e+00 -1.034427384030217722e-16
1.007802138561263217e+00 -7.433191007178597815e-17
1.005920997744576662e+00 -4.115532359372954247e-17
1.002714201462313603e+00 6.766412430129751970e-18
9.957936759893035727e-01 1.065672224074204367e-16
9.686758262013125398e-01 6.114259640252955887e-16
1.109084303576376662e+00 4.646249898707582883e-16
1.037108259282031097e+00 -2.016172451215842110e-16
1.027049425141971284e+00 -1.651880521260712620e-16
1.023008922763205097e+00 -1.396008808554133574e-16
1.020811603054460726e+00 -1.223620663128938369e-16
1.019419653187449759e+00 -1.097311110034376979e-16
1.018451684218576681e+00 -9.986487123381960757e-17
1.017734552035087336e+00 -9.211282570054825087e-17
1.017178268215489068e+00 -8.560761266563522427e-17
1.016731412387131606e+00 -8.013239169458342687e-17
1.016362458295023252e+00 -7.541611224427148259e-17
1.016050993773346400e+00 -7.129614398882656574e-17
1.015783214729617079e+00 -6.771827681962440111e-17
1.015549447746798339e+00 -6.446567030216788780e-17
1.015342710010936678e+00 -6.153832443645702583e-17
1.015157832783583958e+00 -5.893623922249181519e-17
1.014990906817770266e+00 -5.649678433439943021e-17
1.014838919674847295e+00 -5.427416988080414612e-17
1.014699511666076637e+00 -5.226839586170596292e-17
1.014570807472197078e+00 -5.042525216848060538e-17
1.014451297394203033e+00 -4.869052869250379829e-17
1.014339751956736535e+00 -4.717264565102409208e-17
1.014235159416370324e+00 -4.565476260954438587e-17
