9.739116544321330116e-01
9.350623587257618219e-01
9.873079632963989161e-01
9.743581980609419269e-01
9.855217887811634769e-01
1.004723164819944614e+00
1.027050346260387936e+00
9.591757146814404722e-01
9.350623587257618219e-01
9.672135000000000593e-01
9.788236343490305247e-01
9.966853795013851380e-01
9.806098088642659638e-01
9.627480637119114615e-01
9.511379293628809961e-01
9.663204127423823397e-01
9.346158150969530176e-01
9.564964529085873135e-01
9.663204127423823397e-01
9.399743386426593350e-01
9.551568220221607897e-01
9.439932313019391286e-01
9.631946073407202658e-01
9.497982984764543612e-01
9.390812513850416154e-01
9.301503788088643088e-01
9.672135000000000593e-01
1.005616252077562445e+00
9.524775602493075199e-01
9.390812513850416154e-01
1.006955882963989080e+00
9.587291710526316679e-01
9.426536004155124937e-01
9.689996745152354984e-01
9.364019896121884567e-01
9.676600436288089746e-01
9.627480637119114615e-01
9.332761842105263828e-01
9.560499092797785092e-01
9.493517548476455570e-01
9.372950768698061763e-01
9.551568220221607897e-01
9.364019896121884567e-01
9.547102783933518744e-01
9.261314861495845152e-01
9.475655803324100068e-01
9.497982984764543612e-01
9.225591371191136369e-01
9.355089023545707372e-01
9.256849425207757109e-01
9.274711170360111501e-01
9.279176606648200654e-01
9.448863185595568481e-01
9.399743386426593350e-01
9.149678954293629651e-01
9.145213518005540498e-01
9.243453116343490761e-01
9.350623587257618219e-01
9.234522243767313565e-01
9.131817209141275260e-01
9.136282645429363303e-01
9.274711170360111501e-01
9.247918552631579914e-01
9.314900096952909436e-01
8.832632977839336430e-01
8.953199757617729126e-01
8.886218213296399604e-01
9.261314861495845152e-01
8.908545394736843148e-01
9.221125934903048327e-01
8.971061502770083518e-01
8.761185997229917755e-01
8.841563850415513626e-01
8.761185997229917755e-01
8.975526939058172671e-01
8.984457811634349866e-01
9.113955463988920869e-01
8.408416530470914640e-01
8.645084653739613101e-01
8.484328947368421359e-01
8.430743711911358185e-01
8.310176932132964378e-01
8.198541024930748877e-01
8.064577936288089832e-01
8.077974245152355071e-01
7.559983635734072172e-01
7.577845380886427673e-01
7.225075914127424559e-01
6.921426246537396576e-01
6.720481613573408008e-01
6.684758123268698116e-01
8.319107804709141574e-01
1.180214810941828452e+00
1.453946055401662107e+00
1.478059411357340869e+00
1.448140988227146986e+00
1.319089879501385232e+00
1.266844274930748027e+00
1.242730918975069265e+00
1.175749374653739743e+00
1.159673804016620569e+00
1.161013434903047203e+00
1.131095011772853320e+00
1.092245716066482020e+00
1.064560011080332602e+00
1.083761387119113628e+00
1.049824071329640063e+00
1.073490883656509798e+00
1.063220380193905967e+00
1.029283064404432180e+00
1.064113467451523576e+00
9.971319231301939423e-01
1.035088131578947523e+00
9.966853795013851380e-01
1.045358635041551354e+00
9.989180976454294925e-01
1.010974775623268762e+00
1.027050346260387936e+00
1.009188601108033323e+00
1.010081688365651154e+00
9.832890706371192335e-01
1.002936990304709175e+00
1.011421319252077566e+00
9.962388358725762227e-01
9.810563524930748791e-01
9.640876945983379853e-01
9.466724930747922873e-01
9.734651108033242073e-01
9.355089023545707372e-01
9.756978289473684507e-01
9.792701779778394400e-01
9.524775602493075199e-01
9.716789362880887682e-01
9.484586675900277264e-01
1.004276621191135810e+00
9.971319231301939423e-01
9.350623587257618219e-01
9.502448421052632765e-01
9.890941378116344662e-01
9.163075263157896000e-01
9.810563524930748791e-01
9.399743386426593350e-01
9.547102783933518744e-01
9.904337686980609901e-01
9.529241038781164352e-01
9.176471572022161238e-01
9.042508483379502193e-01
9.685531308864266942e-01
9.417605131578947741e-01
9.261314861495845152e-01
9.189867880886427587e-01
9.185402444598338434e-01
8.926407139889197540e-01
9.279176606648200654e-01
9.078231973684210976e-01
8.645084653739613101e-01
8.716531634349030666e-01
9.368485332409972610e-01
8.582568545706371621e-01
8.926407139889197540e-01
8.381623912742383053e-01
8.649550090027701144e-01
8.569172236842106383e-01
8.354831295013851467e-01
8.444140020775623423e-01
8.359296731301939509e-01
8.381623912742383053e-01
8.377158476454293901e-01
8.475398074792244163e-01
8.412881966759003793e-01
8.872821904432133255e-01
9.515844729916898004e-01
1.069025447368421089e+00
1.187359509002770208e+00
1.230227697368421191e+00
1.243177462603878292e+00
1.307479745152354766e+00
1.259699576869806270e+00
1.242284375346260461e+00
1.253001422437673318e+00
1.190038770775623256e+00
1.220850281163434969e+00
1.175302831024930938e+00
1.197183468836565234e+00
1.131988099030470929e+00
1.128862293628808855e+00
1.112340179362880876e+00
1.124396857340720368e+00
1.106088568559556951e+00
1.117252159279778390e+00
1.108321286703601194e+00
1.120824508310249490e+00
1.105642024930747924e+00
1.080189038088642750e+00
1.056968769390581819e+00
1.081528668975069385e+00
1.087780279778393533e+00
1.062327292936288137e+00
1.060094574792243893e+00
1.049824071329640063e+00
1.022138366343490423e+00
1.056075682132963989e+00
1.053396420360110941e+00
1.060541118421052698e+00
1.077063232686980676e+00
1.032408869806094254e+00
1.035534675207756328e+00
1.056968769390581819e+00
1.014547124653739640e+00
1.023924540858725862e+00
1.040000111495845037e+00
1.047591353185595597e+00
9.962388358725762227e-01
1.007402426592797884e+00
9.895406814404432705e-01
1.031515782548476645e+00
1.025264171745152497e+00
1.048930984072022232e+00
1.040446655124653841e+00
1.030176151662050010e+00
1.047591353185595597e+00
1.048484440443213428e+00
9.998111849030472120e-01
1.036874306094182963e+00
9.993646412742382967e-01
1.022584909972299227e+00
9.984715540166205772e-01
1.010974775623268762e+00
1.045358635041551354e+00
1.005616252077562445e+00
9.739116544321330116e-01
1.017226386426592910e+00
9.770374598337950856e-01
1.029283064404432180e+00
9.944526613573407836e-01
1.001150815789473736e+00
1.000257728531856127e+00
9.904337686980609901e-01
9.882010505540167467e-01
1.001597359418282540e+00
9.667669563711912550e-01
1.000704272160664932e+00
9.730185671745152920e-01
9.859683324099723922e-01
1.002936990304709175e+00
1.028389977146814571e+00
1.003830077562327006e+00
9.873079632963989161e-01
9.989180976454294925e-01
9.725720235457064877e-01
9.788236343490305247e-01
9.953457486149585032e-01
9.618549764542937419e-01
9.761443725761773660e-01
1.005169708448753640e+00
1.007848970221606688e+00
9.980250103878116619e-01
1.023924540858725862e+00
1.001597359418282540e+00
9.685531308864266942e-01
9.560499092797785092e-01
9.667669563711912550e-01
1.014100581024930836e+00
9.940061177285319793e-01
9.658738691135735355e-01
9.980250103878116619e-01
9.944526613573407836e-01
9.721254799168975724e-01
1.002043903047091566e+00
9.748047416897507311e-01
1.002043903047091566e+00
9.533706475069252395e-01
9.444397749307480439e-01
9.761443725761773660e-01
9.846287015235457574e-01
9.234522243767313565e-01
9.408674259002770546e-01
9.654273254847646202e-01
9.904337686980609901e-01
9.712323926592798529e-01
9.390812513850416154e-01
9.810563524930748791e-01
9.417605131578947741e-01
9.591757146814404722e-01
9.556033656509695939e-01
9.707858490304709376e-01
9.591757146814404722e-01
9.520310166204987157e-01
9.332761842105263828e-01
9.305969224376732241e-01
9.064835664819945737e-01
9.207729626038781978e-01
9.520310166204987157e-01
8.913010831024931191e-01
9.033577610803324998e-01
9.252383988919667956e-01
9.189867880886427587e-01
9.252383988919667956e-01
9.417605131578947741e-01
8.944268885041551931e-01
9.145213518005540498e-01
8.930872576177285582e-01
8.975526939058172671e-01
8.828167541551247277e-01
8.787978614958449342e-01
9.149678954293629651e-01
8.560241364265929187e-01
8.881752777008310451e-01
8.792444051246538494e-01
8.403951094182826598e-01
8.962130630193906322e-01
8.694204452908588232e-01
8.627222908587258710e-01
8.426278275623269032e-01
7.957407465373962374e-01
8.028854445983379939e-01
7.774324577562327088e-01
7.899356793628810047e-01
7.341177257617729213e-01
8.091370554016621419e-01
8.060112500000000679e-01
8.060112500000000679e-01
8.698669889196676275e-01
9.350623587257618219e-01
1.047591353185595597e+00
1.178428636426592790e+00
1.217277932132964091e+00
1.270863167590027709e+00
1.324894946675900353e+00
1.282473301939058175e+00
1.305693570637119327e+00
1.314624443213296523e+00
1.299888503462603984e+00
1.272649342105263370e+00
1.273542429362880979e+00
1.277561322022160661e+00
1.205221254155124821e+00
1.227994979224376726e+00
1.186912965373961404e+00
1.171730481994459838e+00
1.193611119806094356e+00
1.197183468836565234e+00
1.184680247229916938e+00
1.158334173130193934e+00
1.173516656509695277e+00
1.117252159279778390e+00
1.106088568559556951e+00
1.158780716759002960e+00
1.112786722991689903e+00
1.149849844182825542e+00
1.130201924515235490e+00
1.102069675900277046e+00
1.090459541551246581e+00
1.124843400969529172e+00
1.128862293628808855e+00
1.095818065096952898e+00
1.075723601800554041e+00
1.081528668975069385e+00
1.048930984072022232e+00
1.090906085180055385e+00
1.085547561634349067e+00
1.098050783240997363e+00
1.099390414127423998e+00
1.045805178670360158e+00
1.091799172437673215e+00
1.065899641966759015e+00
1.060541118421052698e+00
1.093138803324099850e+00
1.081082125346260581e+00
1.083761387119113628e+00
1.065006554709141406e+00
1.054289507617728550e+00
1.051163702216066476e+00
1.073490883656509798e+00
1.023924540858725862e+00
1.055182594875346380e+00
1.035981218836565132e+00
1.049824071329640063e+00
1.034195044321329693e+00
1.044019004155124719e+00
1.089566454293628972e+00
1.088673367036011141e+00
1.067239272853185650e+00
1.044019004155124719e+00
1.105195481301939120e+00
1.031962326177285449e+00
1.035981218836565132e+00
1.061880749307479332e+00
1.018119473684210519e+00
1.052056789473684306e+00
1.027943433518005545e+00
1.049824071329640063e+00
1.037767393351800571e+00
9.882010505540167467e-01
1.011421319252077566e+00
1.028836520775623375e+00
1.032855413434903058e+00
1.014100581024930836e+00
1.039553567867036010e+00
1.008742057479224519e+00
1.045805178670360158e+00
1.041339742382271449e+00
1.079295950831024919e+00
1.042232829639889280e+00
1.060541118421052698e+00
1.039553567867036010e+00
1.053396420360110941e+00
1.004276621191135810e+00
1.035981218836565132e+00
1.029729608033240984e+00
1.002936990304709175e+00
1.040000111495845037e+00
1.014547124653739640e+00
1.026157259002770106e+00
9.962388358725762227e-01
1.031962326177285449e+00
1.023477997229917058e+00
1.046698265927977989e+00
1.000704272160664932e+00
1.026157259002770106e+00
1.021691822714681619e+00
1.027050346260387936e+00
1.001597359418282540e+00
1.012760950138504201e+00
1.036427762465373936e+00
1.031962326177285449e+00
1.019459104570637153e+00
1.014993668282548667e+00
1.027496889889196741e+00
1.010081688365651154e+00
1.030622695290858815e+00
1.039553567867036010e+00
9.940061177285319793e-01
1.015886755540166275e+00
9.815028961218836834e-01
9.899872250692521858e-01
1.006955882963989080e+00
1.039107024238227206e+00
1.023924540858725862e+00
1.014547124653739640e+00
1.001150815789473736e+00
1.020352191828254984e+00
1.015886755540166275e+00
1.004723164819944614e+00
9.810563524930748791e-01
9.765909162049862813e-01
1.028836520775623375e+00
9.774840034626040008e-01
1.045805178670360158e+00
1.008742057479224519e+00
1.013654037396122032e+00
9.578360837950139484e-01
9.993646412742382967e-01
1.001597359418282540e+00
1.017226386426592910e+00
1.014993668282548667e+00
1.008742057479224519e+00
1.022584909972299227e+00
9.944526613573407836e-01
9.882010505540167467e-01
9.819494397506925987e-01
9.765909162049862813e-01
9.779305470914128051e-01
9.846287015235457574e-01
9.730185671745152920e-01
9.752512853185596464e-01
9.859683324099723922e-01
9.739116544321330116e-01
1.007848970221606688e+00
9.640876945983379853e-01
1.016779842797784106e+00
1.021691822714681619e+00
9.815028961218836834e-01
1.040446655124653841e+00
9.725720235457064877e-01
1.024817628116343471e+00
1.034195044321329693e+00
1.031069238919667619e+00
1.105195481301939120e+00
1.104748937673130316e+00
1.049377527700831036e+00
1.102069675900277046e+00
1.087780279778393533e+00
1.082868299861496020e+00
1.117252159279778390e+00
1.071258165512465554e+00
1.097157695983379533e+00
1.120824508310249490e+00
1.051610245844875502e+00
1.069025447368421089e+00
1.102516219529085850e+00
1.058308400277008454e+00
1.039107024238227206e+00
1.058308400277008454e+00
1.071704709141274359e+00
1.069918534626038920e+00
1.100283501385041607e+00
1.092245716066482020e+00
1.042232829639889280e+00
1.071258165512465554e+00
1.127076119113573416e+00
1.071704709141274359e+00
1.075723601800554041e+00
1.033301957063712084e+00
1.066346185595568041e+00
1.057861856648199428e+00
1.096264608725761924e+00
1.044465547783933523e+00
1.072151252770083163e+00
1.083761387119113628e+00
1.030176151662050010e+00
1.093138803324099850e+00
1.004723164819944614e+00
1.050270614958448867e+00
1.065453098337950211e+00
1.046698265927977989e+00
1.040893198753462645e+00
1.093585346952908655e+00
1.066346185595568041e+00
1.055182594875346380e+00
1.030622695290858815e+00
1.013654037396122032e+00
1.018566017313019545e+00
1.087780279778393533e+00
1.043572460526315915e+00
1.080635581717451554e+00
1.050270614958448867e+00
1.034195044321329693e+00
1.020798735457063788e+00
1.033301957063712084e+00
1.032408869806094254e+00
1.059648031163435089e+00
1.064560011080332602e+00
1.036874306094182963e+00
1.040000111495845037e+00
1.035088131578947523e+00
1.013654037396122032e+00
1.017226386426592910e+00
1.007402426592797884e+00
1.047144809556786793e+00
1.071258165512465554e+00
1.026157259002770106e+00
1.016333299168975079e+00
1.055629138504155184e+00
1.071258165512465554e+00
1.044465547783933523e+00
1.021691822714681619e+00
1.033748500692520889e+00
1.010528231994459958e+00
1.017226386426592910e+00
1.041786286011080476e+00
1.014100581024930836e+00
1.047591353185595597e+00
1.036874306094182963e+00
1.026603802631579132e+00
1.056075682132963989e+00
9.846287015235457574e-01
1.045805178670360158e+00
1.015886755540166275e+00
1.044912091412742550e+00
1.027943433518005545e+00
9.493517548476455570e-01
1.063220380193905967e+00
1.036427762465373936e+00
1.044019004155124719e+00
1.028389977146814571e+00
1.033748500692520889e+00
9.895406814404432705e-01
9.707858490304709376e-01
1.005169708448753640e+00
1.025264171745152497e+00
1.014547124653739640e+00
9.966853795013851380e-01
1.063666923822714772e+00
1.074383970914127406e+00
1.040446655124653841e+00
1.049824071329640063e+00
1.030622695290858815e+00
1.041786286011080476e+00
1.006955882963989080e+00
1.061434205678670528e+00
9.797167216066482442e-01
1.031069238919667619e+00
1.040446655124653841e+00
1.026157259002770106e+00
1.012760950138504201e+00
1.045805178670360158e+00
1.040446655124653841e+00
1.006955882963989080e+00
1.003830077562327006e+00
1.012760950138504201e+00
1.031069238919667619e+00
1.049824071329640063e+00
1.039107024238227206e+00
1.030176151662050010e+00
1.021245279085872593e+00
1.027496889889196741e+00
1.045805178670360158e+00
1.016333299168975079e+00
1.039107024238227206e+00
1.018119473684210519e+00
1.060541118421052698e+00
1.046698265927977989e+00
1.018566017313019545e+00
1.016333299168975079e+00
1.034195044321329693e+00
1.017226386426592910e+00
1.026603802631579132e+00
1.043125916897507111e+00
1.016779842797784106e+00
1.051610245844875502e+00
1.047591353185595597e+00
1.020352191828254984e+00
1.027943433518005545e+00
1.051163702216066476e+00
1.011867862880886593e+00
1.030622695290858815e+00
1.048484440443213428e+00
1.004276621191135810e+00
1.018566017313019545e+00
1.032855413434903058e+00
1.008742057479224519e+00
1.038660480609418402e+00
1.025264171745152497e+00
1.026603802631579132e+00
1.023477997229917058e+00
1.008295513850415492e+00
1.004276621191135810e+00
1.039107024238227206e+00
1.034195044321329693e+00
1.042232829639889280e+00
1.020798735457063788e+00
1.044465547783933523e+00
1.023477997229917058e+00
9.823959833795015140e-01
1.048484440443213428e+00
1.010528231994459958e+00
1.061434205678670528e+00
1.051163702216066476e+00
1.023924540858725862e+00
1.022138366343490423e+00
9.890941378116344662e-01
1.014100581024930836e+00
1.037320849722991767e+00
9.944526613573407836e-01
1.047591353185595597e+00
1.024817628116343471e+00
9.953457486149585032e-01
1.014547124653739640e+00
1.013207493767313006e+00
1.014100581024930836e+00
1.011421319252077566e+00
1.020798735457063788e+00
1.013207493767313006e+00
1.017672930055401714e+00
1.029729608033240984e+00
1.031962326177285449e+00
1.069918534626038920e+00
1.006509339335180053e+00
1.021245279085872593e+00
1.072597796398891967e+00
1.026157259002770106e+00
1.026603802631579132e+00
1.007402426592797884e+00
1.027050346260387936e+00
9.980250103878116619e-01
1.008295513850415492e+00
9.940061177285319793e-01
1.045805178670360158e+00
9.948992049861496989e-01
1.021691822714681619e+00
1.001150815789473736e+00
9.877545069252078314e-01
1.005169708448753640e+00
1.041786286011080476e+00
1.034195044321329693e+00
9.935595740997230640e-01
1.034641587950138497e+00
9.922199432132964292e-01
1.029283064404432180e+00
1.016333299168975079e+00
9.953457486149585032e-01
1.014100581024930836e+00
1.019459104570637153e+00
9.712323926592798529e-01
1.037767393351800571e+00
9.882010505540167467e-01
9.966853795013851380e-01
1.004723164819944614e+00
1.038660480609418402e+00
1.044912091412742550e+00
1.008742057479224519e+00
9.899872250692521858e-01
1.008295513850415492e+00
1.062773836565096941e+00
1.017226386426592910e+00
1.032855413434903058e+00
1.044465547783933523e+00
1.011421319252077566e+00
9.913268559556787096e-01
1.026157259002770106e+00
1.028389977146814571e+00
1.004276621191135810e+00
1.015440211911357471e+00
1.011421319252077566e+00
1.006062795706371249e+00
1.005169708448753640e+00
9.886475941828255509e-01
9.944526613573407836e-01
9.971319231301939423e-01
9.993646412742382967e-01
9.953457486149585032e-01
9.886475941828255509e-01
9.890941378116344662e-01
9.676600436288089746e-01
9.980250103878116619e-01
1.006062795706371249e+00
1.011421319252077566e+00
1.007402426592797884e+00
1.067239272853185650e+00
1.056075682132963989e+00
1.068132360110803480e+00
9.868614196675901118e-01
1.012314406509695397e+00
9.730185671745152920e-01
1.044912091412742550e+00
9.890941378116344662e-01
1.010974775623268762e+00
9.841821578947369531e-01
9.529241038781164352e-01
1.048484440443213428e+00
1.005169708448753640e+00
9.984715540166205772e-01
1.045358635041551354e+00
1.043572460526315915e+00
1.028389977146814571e+00
1.020798735457063788e+00
1.002043903047091566e+00
1.042679373268698084e+00
1.016333299168975079e+00
1.002490446675900371e+00
9.913268559556787096e-01
1.008742057479224519e+00
1.028389977146814571e+00
1.020352191828254984e+00
1.030622695290858815e+00
1.013654037396122032e+00
1.004723164819944614e+00
9.806098088642659638e-01
1.035534675207756328e+00
1.043572460526315915e+00
1.032855413434903058e+00
1.040446655124653841e+00
1.034195044321329693e+00
1.035088131578947523e+00
1.032855413434903058e+00
1.039107024238227206e+00
1.023031453601108032e+00
9.971319231301939423e-01
1.035981218836565132e+00
1.030622695290858815e+00
9.966853795013851380e-01
1.027943433518005545e+00
1.017226386426592910e+00
1.014547124653739640e+00
1.047144809556786793e+00
1.002490446675900371e+00
1.054289507617728550e+00
1.027050346260387936e+00
1.014993668282548667e+00
9.913268559556787096e-01
1.027496889889196741e+00
9.940061177285319793e-01
9.926664868421053445e-01
1.048484440443213428e+00
1.003383533933517979e+00
1.016333299168975079e+00
9.975784667590028576e-01
1.040893198753462645e+00
9.828425270083103182e-01
9.998111849030472120e-01
9.998111849030472120e-01
1.016779842797784106e+00
1.011421319252077566e+00
9.948992049861496989e-01
1.038660480609418402e+00
9.895406814404432705e-01
9.841821578947369531e-01
1.040893198753462645e+00
9.957922922437674185e-01
1.023031453601108032e+00
9.962388358725762227e-01
9.774840034626040008e-01
9.890941378116344662e-01
1.025264171745152497e+00
9.886475941828255509e-01
9.989180976454294925e-01
9.926664868421053445e-01
9.819494397506925987e-01
1.024817628116343471e+00
9.989180976454294925e-01
9.734651108033242073e-01
9.698927617728532180e-01
9.984715540166205772e-01
1.000257728531856127e+00
9.582826274238227526e-01
1.002490446675900371e+00
1.029729608033240984e+00
1.012314406509695397e+00
1.016779842797784106e+00
9.873079632963989161e-01
1.002490446675900371e+00
9.998111849030472120e-01
1.006062795706371249e+00
1.041339742382271449e+00
1.008742057479224519e+00
1.000257728531856127e+00
1.006062795706371249e+00
1.014547124653739640e+00
9.864148760387811965e-01
9.940061177285319793e-01
1.009635144736842127e+00
9.971319231301939423e-01
9.698927617728532180e-01
1.025264171745152497e+00
9.944526613573407836e-01
1.028389977146814571e+00
1.010528231994459958e+00
1.004723164819944614e+00
1.006062795706371249e+00
1.002936990304709175e+00
9.703393054016621333e-01
1.003383533933517979e+00
1.007848970221606688e+00
1.016333299168975079e+00
9.663204127423823397e-01
1.023031453601108032e+00
1.044912091412742550e+00
9.640876945983379853e-01
9.533706475069252395e-01
9.743581980609419269e-01
1.008742057479224519e+00
9.828425270083103182e-01
9.904337686980609901e-01
9.855217887811634769e-01
9.667669563711912550e-01
9.940061177285319793e-01
9.792701779778394400e-01
9.998111849030472120e-01
9.819494397506925987e-01
1.013207493767313006e+00
9.649807818559557049e-01
1.000257728531856127e+00
9.614084328254848266e-01
9.815028961218836834e-01
9.716789362880887682e-01
1.012760950138504201e+00
9.756978289473684507e-01
1.002043903047091566e+00
9.841821578947369531e-01
1.009635144736842127e+00
9.346158150969530176e-01
9.770374598337950856e-01
1.005169708448753640e+00
9.904337686980609901e-01
9.435466876731303243e-01
9.609618891966760224e-01
1.010081688365651154e+00
9.846287015235457574e-01
9.953457486149585032e-01
9.948992049861496989e-01
9.712323926592798529e-01
9.551568220221607897e-01
1.019459104570637153e+00
1.026157259002770106e+00
9.975784667590028576e-01
9.815028961218836834e-01
9.980250103878116619e-01
1.011867862880886593e+00
1.012314406509695397e+00
9.993646412742382967e-01
1.045805178670360158e+00
1.021245279085872593e+00
1.065453098337950211e+00
1.055182594875346380e+00
1.044019004155124719e+00
1.030622695290858815e+00
1.044019004155124719e+00
1.051610245844875502e+00
1.065006554709141406e+00
1.061434205678670528e+00
1.075277058171745237e+00
1.097157695983379533e+00
1.100283501385041607e+00
1.052503333102493110e+00
1.085994105263157872e+00
1.032855413434903058e+00
1.065453098337950211e+00
1.092245716066482020e+00
1.048484440443213428e+00
1.070811621883656528e+00
1.050717158587257671e+00
1.087333736149584507e+00
1.074830514542936433e+00
1.064113467451523576e+00
1.057415313019390624e+00
1.072151252770083163e+00
1.062773836565096941e+00
1.035534675207756328e+00
1.065006554709141406e+00
1.062327292936288137e+00
1.022138366343490423e+00
1.116359072022160781e+00
1.063220380193905967e+00
1.066346185595568041e+00
1.073044340027700994e+00
1.033748500692520889e+00
1.028389977146814571e+00
1.044912091412742550e+00
1.075723601800554041e+00
1.060541118421052698e+00
1.069918534626038920e+00
1.021691822714681619e+00
1.015886755540166275e+00
1.083761387119113628e+00
1.036874306094182963e+00
1.085101018005540263e+00
1.037320849722991767e+00
1.056968769390581819e+00
1.028389977146814571e+00
1.050270614958448867e+00
1.041786286011080476e+00
1.063220380193905967e+00
1.009188601108033323e+00
1.050270614958448867e+00
1.053396420360110941e+00
1.052056789473684306e+00
1.014547124653739640e+00
1.026603802631579132e+00
1.038213936980609597e+00
1.020352191828254984e+00
1.052949876731301915e+00
1.066792729224376846e+00
1.048930984072022232e+00
9.899872250692521858e-01
9.815028961218836834e-01
1.036874306094182963e+00
1.006955882963989080e+00
1.061434205678670528e+00
1.085101018005540263e+00
1.029729608033240984e+00
1.026157259002770106e+00
1.037767393351800571e+00
1.050717158587257671e+00
1.041339742382271449e+00
1.059201487534626063e+00
1.028836520775623375e+00
1.029729608033240984e+00
1.000257728531856127e+00
1.024371084487534667e+00
1.016333299168975079e+00
1.016333299168975079e+00
1.018119473684210519e+00
1.017672930055401714e+00
1.035088131578947523e+00
9.864148760387811965e-01
1.034195044321329693e+00
1.034641587950138497e+00
1.065899641966759015e+00
1.002490446675900371e+00
