9.680835332963987350e-01
9.416262790027699614e-01
1.015454617174515128e+00
9.811861735180054112e-01
9.567447100277006733e-01
9.784144611634347788e-01
9.786664350138503110e-01
9.809341996675898789e-01
9.695953763988918173e-01
9.534690499722990875e-01
9.723670887534624496e-01
9.300354818836563675e-01
9.275157433795012674e-01
9.433900959556785759e-01
9.575006315789472700e-01
9.383506189473682646e-01
9.386025927977837968e-01
9.290275864819943497e-01
9.464137821606647405e-01
9.136571816066481055e-01
9.801782781163433933e-01
9.461618083102492083e-01
9.244920571745151028e-01
9.451539129085870794e-01
9.156729724099721413e-01
9.373427235457062467e-01
9.217203448199444704e-01
9.564927361772851411e-01
9.134052077562325733e-01
8.950111166759001646e-01
8.945071689750691002e-01
8.892157181163433677e-01
8.783808425484763704e-01
8.960190120775621825e-01
8.428525296398891031e-01
8.320176540720221059e-01
8.032926351246536534e-01
7.710399822714680829e-01
6.951958532963987691e-01
7.110702058725760777e-01
1.365446295401661958e+00
1.413069353130193662e+00
1.240215291745152104e+00
1.157063921108033133e+00
1.113220471135733858e+00
1.101629674016620264e+00
1.070636890415512354e+00
1.036116472908587216e+00
1.068621099612188319e+00
1.014950669473684064e+00
1.007643427811634185e+00
1.026541466592797658e+00
9.776585396121882932e-01
9.960526306925205908e-01
9.837059120221605113e-01
9.834539381717449791e-01
9.612802393351799202e-01
9.771545919113572287e-01
9.630440562880885347e-01
9.824460427700829612e-01
9.312953511357339176e-01
9.421302267036010258e-01
9.703512979501384139e-01
9.758947226592796786e-01
9.519572068698060052e-01
9.343190373407200822e-01
9.179407370637118202e-01
8.871999273130192210e-01
8.796407118005539205e-01
8.849321626592796530e-01
8.715775485872575556e-01
8.446163465927977176e-01
8.433564773407200565e-01
8.287419940166204091e-01
9.610282654847643879e-01
1.196623815623268472e+00
1.282042950914127344e+00
1.251806088864265698e+00
1.230640285429362768e+00
1.160339581163434719e+00
1.138669830027700725e+00
1.121535608199445866e+00
1.102133621717451328e+00
1.100621778614958357e+00
1.089282955346260184e+00
1.062321753351800346e+00
1.057534250193905789e+00
1.048715165429362717e+00
1.046195426925207617e+00
1.045439505373961131e+00
1.041659897617728481e+00
1.049219113130193781e+00
1.020494094182825329e+00
1.028053309695290629e+00
1.001596055401661856e+00
1.004115793905816956e+00
1.000084212299168884e+00
1.018478303379501293e+00
1.003863820055401535e+00
1.017218434127423743e+00
1.021501989584487458e+00
9.960526306925205908e-01
1.023013832686980429e+00
1.000840133850415370e+00
9.872335459279777403e-01
1.015202643324099485e+00
9.988243430470913342e-01
1.012682904819944385e+00
9.988243430470913342e-01
9.564927361772851411e-01
9.751388011080330820e-01
9.620361608864265168e-01
9.620361608864265168e-01
9.602723439335179023e-01
9.761466965096952109e-01
9.968085522437671875e-01
9.572486577285317377e-01
9.993282907479222876e-01
9.731230103047090463e-01
9.459098344598336761e-01
9.479256252631578228e-01
9.554848407756231232e-01
9.534690499722990875e-01
9.257519264265926529e-01
9.602723439335179023e-01
9.388545666481993290e-01
9.320512726869805142e-01
9.043341491412740796e-01
9.242400833240995706e-01
9.189486324653738381e-01
8.924913781717450645e-01
8.713255747368420234e-01
8.572150391135733294e-01
8.627584638227145941e-01
8.330255494736841237e-01
8.247104124099722267e-01
8.058123736288087535e-01
8.048044782271467357e-01
7.660005052631577716e-01
8.325216017728530593e-01
1.012178957119113543e+00
1.239459370193905619e+00
1.341508779612188285e+00
1.290610061828254773e+00
1.277003473905816922e+00
1.220561331412742145e+00
1.192592234016620401e+00
1.200907371080332187e+00
1.146984967091412511e+00
1.149504705595567611e+00
1.111204680332409822e+00
1.121787582049861287e+00
1.136906013074792110e+00
1.128842849861495745e+00
1.106417177174515043e+00
1.079707949030470848e+00
1.094070458504154963e+00
1.053250694736842075e+00
1.086007295290858599e+00
1.049975034681440267e+00
1.051486877783933460e+00
1.058038197894736632e+00
1.052746747036011010e+00
1.033848708254847537e+00
1.055266485540166110e+00
1.072652681218836390e+00
1.037628316011080187e+00
1.058038197894736632e+00
1.036116472908587216e+00
1.040400028365650931e+00
1.040148054515235287e+00
1.025533571191135529e+00
1.045439505373961131e+00
1.046195426925207617e+00
1.020242120332409907e+00
1.030069100498614887e+00
1.003107898504155049e+00
1.033596734404431894e+00
1.024021728088642558e+00
1.033092786703601051e+00
1.028557257396121694e+00
1.049219113130193781e+00
1.002855924653739406e+00
1.054006616288088560e+00
1.049471086980609202e+00
1.019990146481994264e+00
9.847138074238226402e-01
9.978164476454292053e-01
1.014194747922437578e+00
1.011926983268697899e+00
1.013438826371191093e+00
9.847138074238226402e-01
1.006383558559556635e+00
9.698473502493073495e-01
1.034604629806094023e+00
9.637999778393350203e-01
9.942888137396120873e-01
1.002100003102492920e+00
9.829499904709140257e-01
9.907611798337948583e-01
1.018226329529085650e+00
9.849657812742380614e-01
9.935328921883654907e-01
1.004115793905816956e+00
1.012682904819944385e+00
1.006383558559556635e+00
1.032084891301938923e+00
1.075172419722991490e+00
1.085503347590027534e+00
1.111708628033240887e+00
1.081723739833794884e+00
1.071644785817174483e+00
1.079455975180055205e+00
1.092558615401661992e+00
1.054762537839335046e+00
1.080463870581717334e+00
1.067865178060941611e+00
1.063581622603877896e+00
1.064589518005540025e+00
1.074920445872576069e+00
1.046951348476454102e+00
1.041911871468143902e+00
1.038888185263157737e+00
1.048211217728531652e+00
1.040903976066481773e+00
1.050478982382271331e+00
1.059550040997229825e+00
1.047959243878116231e+00
1.047455296177285167e+00
1.052746747036011010e+00
1.039644106814404223e+00
1.019990146481994264e+00
1.006635532409972278e+00
1.038384237562326673e+00
1.062069779501384925e+00
1.021250015734071814e+00
1.031580943601107858e+00
1.005123689307479085e+00
1.008399349362880670e+00
1.042667793019390388e+00
1.043423714570636873e+00
1.006887506260387699e+00
1.034352655955678602e+00
1.018730277229916714e+00
1.004871715457063663e+00
9.963046045429361230e-01
1.032840812853185408e+00
1.046447400775623038e+00
1.030825022049861373e+00
1.001092107700830791e+00
1.054258590138503981e+00
1.035612525207756152e+00
1.045439505373961131e+00
1.039140159113573381e+00
1.035360551357340508e+00
1.025029623490304465e+00
1.046699374626038681e+00
9.998322384487533521e-01
1.019234224930747779e+00
1.046951348476454102e+00
1.033596734404431894e+00
1.008651323213296314e+00
1.042667793019390388e+00
1.016210538725761614e+00
1.014194747922437578e+00
1.028053309695290629e+00
1.014950669473684064e+00
1.044935557673130067e+00
1.028809231246537337e+00
1.009659218614958220e+00
1.035864499058171573e+00
1.031076995900276794e+00
9.970605260941827197e-01
1.032336865152354344e+00
1.034604629806094023e+00
1.022005937285318522e+00
1.014194747922437578e+00
9.983203953462602698e-01
1.006131584709141213e+00
1.038132263711911252e+00
9.995802645983378198e-01
1.003611846204986113e+00
1.047707270027700588e+00
1.017218434127423743e+00
1.020494094182825329e+00
9.955486829916896374e-01
1.005879610858725570e+00
1.029817126648199244e+00
1.016210538725761614e+00
1.017218434127423743e+00
1.027549361994459787e+00
1.007391453961218764e+00
1.000840133850415370e+00
1.018730277229916714e+00
1.014698695623268643e+00
1.026289492742382237e+00
1.001848029252077499e+00
1.042919766869806031e+00
1.019990146481994264e+00
9.998322384487533521e-01
9.947927614404430408e-01
1.016462512576177257e+00
9.990763168975067554e-01
1.004367767756232599e+00
1.014698695623268643e+00
1.016714486426592678e+00
1.013438826371191093e+00
1.005879610858725570e+00
1.026793440443213079e+00
1.017470407977839164e+00
1.029565152797783822e+00
1.043171740720221452e+00
1.005627637008310149e+00
1.040148054515235287e+00
1.024777649639889043e+00
1.032336865152354344e+00
1.016966460277008100e+00
1.024273701939057979e+00
1.033092786703601051e+00
1.044179636121883581e+00
1.041659897617728481e+00
1.016714486426592678e+00
1.019486198781163200e+00
9.922730229362879406e-01
1.014698695623268643e+00
1.027549361994459787e+00
1.041659897617728481e+00
1.020746068033240972e+00
9.935328921883654907e-01
1.015958564875346193e+00
1.013438826371191093e+00
1.013186852520775449e+00
1.020242120332409907e+00
1.020494094182825329e+00
9.930289444875345373e-01
1.009407244764542799e+00
1.000084212299168884e+00
9.736269580055399997e-01
1.005123689307479085e+00
1.009155270914127378e+00
1.021753963434902879e+00
1.008399349362880670e+00
1.007391453961218764e+00
1.001596055401661856e+00
1.009407244764542799e+00
9.958006568421051696e-01
9.869815720775622081e-01
1.013690800221606514e+00
1.016714486426592678e+00
9.935328921883654907e-01
1.012430930969528964e+00
1.007139480110803120e+00
9.950447352908585730e-01
9.776585396121882932e-01
1.005627637008310149e+00
9.955486829916896374e-01
1.048463191578947296e+00
9.993282907479222876e-01
1.036116472908587216e+00
1.013942774072021935e+00
1.035108577506925087e+00
9.847138074238226402e-01
9.978164476454292053e-01
9.945407875900276196e-01
9.887453890304708226e-01
9.910131536842103905e-01
9.942888137396120873e-01
9.935328921883654907e-01
9.814381473684209434e-01
9.915171013850414550e-01
9.756427488088641464e-01
1.001848029252077499e+00
9.801782781163433933e-01
9.952967091412741052e-01
9.882414413296397582e-01
9.849657812742380614e-01
1.029313178947368179e+00
9.970605260941827197e-01
9.983203953462602698e-01
1.017722381828254807e+00
1.027297388144044143e+00
1.032084891301938923e+00
1.066101361108032997e+00
1.031580943601107858e+00
1.042415819168974966e+00
1.075928341274237976e+00
1.064841491855955447e+00
1.059802014847645246e+00
1.087771112243767213e+00
1.041407923767312838e+00
1.069880968864265869e+00
1.063077674903047054e+00
1.061565831800553861e+00
1.074920445872576069e+00
1.071140838116343419e+00
1.096338223157894642e+00
1.043423714570636873e+00
1.026289492742382237e+00
1.068117151911357254e+00
1.058794119445983339e+00
1.056778328642659082e+00
1.040903976066481773e+00
1.032084891301938923e+00
1.060557936398891732e+00
1.040148054515235287e+00
1.039896080664819866e+00
1.036116472908587216e+00
1.066353334958448640e+00
1.070384916565096711e+00
1.050730956232686752e+00
1.059298067146814182e+00
1.046447400775623038e+00
1.023265806537396072e+00
1.043675688421052516e+00
1.002855924653739406e+00
1.043171740720221452e+00
1.031328969750692437e+00
1.020494094182825329e+00
1.041155949916897416e+00
1.000336186149584305e+00
