8.189561095570534466e-01
-8.574775914128849089e-17
6.969095006933462289e-01
3.641289136346497615e-17
2.438782145684233460e-01
1.012413285136620323e-16
-2.918576291678262255e-02
1.786978830247593573e-16
-2.037586913970255292e-02
-1.901112909140510219e-16
-6.457333328739004452e-01
-4.109156285591650216e-17
-3.317216795113633321e-01
-9.854153811952381242e-03
-3.317216795113632766e-01
9.854153811952315323e-03
-8.101548334303450005e-01
-3.879572368246261144e-03
-8.101548334303441123e-01
3.879572368246379972e-03
