-8.092278127405494459e-01
-1.895330636763086454e-243
-8.037437067047592532e-01
1.665257300899509495e-241
-5.968468508612498891e-01
1.894040629586343708e-241
9.424779366477877840e-01
4.378552672427031376e-240
7.274310404695208954e-01
-6.491488919072183447e-241
5.275268770458259038e-01
4.243173291220493216e-241
3.209444009582005930e-01
1.208635964967184535e-240
1.020504125080986396e-01
-5.632893655601169194e-241
-3.265280197727895573e-01
3.029823069437052040e-240
-1.111878801783087178e-01
1.010490642904008213e-241
