9.928022465698624899e-01 -9.105282380191017425e-241
9.922304966845755247e-01 -8.920954644721601648e-241
9.916114242193637685e-01 -8.728884525115691771e-241
9.909388318088611092e-01 -8.528316037678572104e-241
9.902053870037803573e-01 -8.318365246600889747e-241
9.894023497706959658e-01 -8.097989591072557755e-241
9.885192175215697930e-01 -7.865947730152038236e-241
9.875432570038418234e-01 -7.620746282158495844e-241
9.864588786131248677e-01 -7.360568162179619840e-241
9.852467875521403462e-01 -7.083174627199398100e-241
9.838828130900143520e-01 -6.785769024765362818e-241
9.823362638501883515e-01 -6.464803552777082246e-241
9.805675689716392140e-01 -6.115699155536035448e-241
9.785248149954607344e-01 -5.732429389438306665e-241
9.761385239535188552e-01 -5.306884607338298561e-241
9.733135334130382788e-01 -4.827868619071034470e-241
9.699159090913108683e-01 -4.279454773049990127e-241
9.657509381035289664e-01 -3.638170448578775187e-241
9.605241917580926714e-01 -2.867911978534062711e-241
9.537681977172800529e-01 -1.910144591011352470e-241
9.446930747165915854e-01 -6.634154571331277779e-242
9.318495795666787984e-01 1.064226970341900686e-241
9.122553638812043175e-01 3.682655350374648057e-241
8.786159424763787529e-01 8.239087408340469785e-241
8.069114198267171023e-01 1.835020720522206787e-240
5.372581413839863096e-01 5.863028899831580277e-240
1.522529286866989962e+00 1.484068184342284899e-241
1.367714967291415729e+00 3.697187729712540870e-240
1.180914322123936877e+00 -9.286930847739724122e-241
1.123460321191229072e+00 -1.085162426104951988e-240
1.094738737585014388e+00 -1.008427324230454898e-240
1.077416401087189612e+00 -9.123432029641773871e-241
1.065813726430013819e+00 -8.226444557529313895e-241
1.057497081620376811e+00 -7.414427111657126052e-241
1.051245795636689628e+00 -6.671596463976446087e-241
1.046379410786363762e+00 -5.979108281591771903e-241
1.042488619748222156e+00 -5.320912299619620733e-241
1.039312719726721790e+00 -4.684069034807713730e-241
1.036678207144590802e+00 -4.058037021741956018e-241
1.034465684062513713e+00 -3.433895785793068258e-241
1.032590996233812008e+00 -2.803673966442314435e-241
1.030994036776513356e+00 -2.159764988634681035e-241
1.029631956755437061e+00 -1.494367339460368141e-241
1.028475108619228306e+00 -7.988664325205255468e-242
1.027504888961546570e+00 -6.304334016912695885e-243
1.026713181947000120e+00 7.260729330440215357e-242
1.026103592090810146e+00 1.586041575180140506e-241
1.025695371295252567e+00 2.542196597708825517e-241
1.025532456858013308e+00 3.633625236622566640e-241
1.025703991507935786e+00 4.925385271286481003e-241
1.026394959001317497e+00 6.536190006774611042e-241
1.028031969501275622e+00 8.710015657201154714e-241
1.031823311510003727e+00 1.203561674981684589e-240
1.042947431932110147e+00 1.819064684334721844e-240
1.159115079823881178e+00 -4.644249960569092578e-240
9.742843950207471515e-01 -4.133927232927181633e-240
9.969634247136031080e-01 -1.129139786184629109e-240
1.002908227348747738e+00 -3.786672839658906123e-241
1.005423959103908027e+00 2.499421332432971415e-243
1.006669500188541067e+00 2.616027344053050479e-241
1.007306492250622521e+00 4.684945756358166510e-241
1.007604186246881861e+00 6.507507742588938360e-241
1.007691727471894394e+00 8.217482138986956425e-241
1.007637913264390228e+00 9.890585685012432372e-241
1.007481957265027539e+00 1.157578024955492873e-240
1.007247080607867495e+00 1.330891608869674213e-240
1.006947130551503422e+00 1.511948366840867879e-240
1.006590036608039362e+00 1.703438535651898324e-240
1.006179697746050872e+00 1.908034615423554280e-240
1.005717026413098791e+00 2.128571803075397353e-240
1.005200500399500152e+00 2.368208048555007040e-240
1.004626397040728980e+00 2.630589631882435245e-240
1.003988792979363609e+00 2.920043613059045445e-240
1.003279359043402152e+00 3.241819842158565033e-240
1.002486941203062143e+00 3.602411607620087315e-240
1.001596882069340833e+00 4.009996594905546686e-240
1.000589992459050004e+00 4.475061900218233472e-240
9.994410163136366876e-01 5.011315059321435812e-240
9.981163239408842314e-01 5.637050510341516101e-240
9.965703794891815903e-01 6.377263979994777337e-240
9.947401810028312363e-01 7.267041362476678839e-240
9.925361989773200388e-01 8.357216579671025400e-240
9.898269628477994742e-01 9.724285088311167160e-240
9.864114352622950221e-01 1.148881747441981251e-239
9.819661898246512255e-01 1.385221737380887686e-239
9.759357978007889844e-01 1.717713506943448219e-239
9.672796650510281369e-01 2.218594705272222925e-239
9.537947922276498458e-01 3.053994417519181615e-239
9.298647463574790661e-01 4.701282421784825303e-239
8.756710948072059519e-01 9.210684718894406704e-239
6.351788424561533031e-01 4.226185658131356930e-238
1.545449055094018531e+00 2.936358460256365341e-238
1.171912678293300925e+00 -2.237128148827438961e-239
1.107380260805397532e+00 -2.492708890159862667e-239
1.080647122370263835e+00 -2.148303439698476734e-239
1.066053669461852094e+00 -1.848054032049141255e-239
1.056885113255317643e+00 -1.618061612352370827e-239
1.050612567936220376e+00 -1.441587723546916414e-239
1.046071801145737279e+00 -1.303429768193032170e-239
1.042652899441164571e+00 -1.192933138463360262e-239
1.040006239874914806e+00 -1.102850802844231374e-239
1.037917875730194783e+00 -1.028197551457292424e-239
1.036250501892668208e+00 -9.654729649620965303e-240
1.034913070416895620e+00 -9.121667246381213742e-240
1.033844162594214522e+00 -8.664445939549545870e-240
1.033002514768360358e+00 -8.269465837743383203e-240
1.032361563173273211e+00 -7.926555009619649348e-240
1.031906468318316339e+00 -7.628110036356263243e-240
1.031632900237203332e+00 -7.368546615970574931e-240
1.031547377415410027e+00 -7.143982242677432444e-240
1.031669404908700960e+00 -6.952124183285803761e-240
1.032036278267133289e+00 -6.792390450086013692e-240
1.032712595646551046e+00 -6.666378086199270790e-240
1.033809194103628037e+00 -6.578978558615019922e-240
1.035523158603146587e+00 -6.540920174660439939e-240
1.038231153979268573e+00 -6.574976322275949621e-240
1.042741186747558224e+00 -6.733430686266777793e-240
1.051138344395321056e+00 -7.160035077674320216e-240
1.070915070597413754e+00 -8.421620541956120676e-240
1.164554465080310575e+00 -1.662236055948389419e-239
8.449358180061231627e-01 -5.932281417703040249e-241
9.643072721626023691e-01 -2.351604711896890489e-240
9.861917705639257070e-01 -3.136041711788488916e-240
9.952537283698532633e-01 -3.463162042651279783e-240
1.000134679621895506e+00 -3.617137577509075223e-240
1.003138117523937556e+00 -3.689164609557608093e-240
1.005139094646338993e+00 -3.716624735856351679e-240
1.006542280819798796e+00 -3.717436701468349986e-240
1.007560095536516043e+00 -3.701114523533982586e-240
1.008314303719503036e+00 -3.673053010358880996e-240
1.008879266951221432e+00 -3.636419809058460647e-240
1.009302492861942069e+00 -3.593071690057472940e-240
1.009615225418898143e+00 -3.544025781819763327e-240
1.009838233798374896e+00 -3.489706630931239289e-240
1.009985090286957821e+00 -3.430067510821554949e-240
1.010064022112806770e+00 -3.364630017014501116e-240
1.010078862216702511e+00 -3.292457806029145067e-240
1.010029328297692430e+00 -3.212061190458702442e-240
1.009910662193117314e+00 -3.121209692798698292e-240
1.009712465104135148e+00 -3.016600272708766956e-240
1.009416263310540796e+00 -2.893273793501262054e-240
1.008990730701985195e+00 -2.743555014173202017e-240
1.008382050064298374e+00 -2.555016914147387283e-240
1.007492992692383682e+00 -2.306260086572418933e-240
1.006132103952675161e+00 -1.957225278560485482e-240
1.003868191837178347e+00 -1.423701115257227551e-240
9.994923676370199850e-01 -4.964594483205059781e-241
9.878465933871777294e-01 1.472677044468155596e-240
8.723713840859608215e-01 -1.405365545637957886e-239
1.055386345979661966e+00 -1.865874821771159685e-239
1.032178571107367882e+00 -9.260034807845419306e-240
1.025755162181222202e+00 -7.093375357615577125e-240
1.022776326874437203e+00 -6.144232577463877066e-240
1.021079506094464628e+00 -5.614791797298354287e-240
1.020000839179821428e+00 -5.279749232370059574e-240
1.019269034468015978e+00 -5.051409989823190739e-240
1.018752952501900122e+00 -4.888763893647131572e-240
1.018381821615763405e+00 -4.770238151976730309e-240
1.018114458081625262e+00 -4.683568474339416475e-240
1.017925661003838300e+00 -4.621447293441469766e-240
1.017799582627796573e+00 -4.579454643768454274e-240
1.017726267372079940e+00 -4.555006214784088853e-240
1.017699771348263615e+00 -4.546804128095413664e-240
1.017717145461227046e+00 -4.554564851236089246e-240
1.017777946334532224e+00 -4.578924035090927774e-240
1.017884127672337158e+00 -4.621481551110507978e-240
1.018040278195540882e+00 -4.684992119198821963e-240
1.018254269069886586e+00 -4.773749399733865073e-240
1.018538499249939555e+00 -4.894275139995587322e-240
1.018912147492274656e+00 -5.056545870169665689e-240
1.019405297051621417e+00 -5.276250987568614427e-240
1.020066859599281006e+00 -5.579200752409069641e-240
1.020980960136484317e+00 -6.010664711417634764e-240
1.022304447674281302e+00 -6.657469548118665466e-240
1.024365835860592489e+00 -7.708993297889352573e-240
1.027986883030942433e+00 -9.668965310034284667e-240
1.035961671043081678e+00 -1.444247803280725761e-239
1.067840394678799099e+00 -3.944345412446547971e-239
9.083209283067950057e-01 -7.550720297025641997e-240
9.881800988616989967e-01 5.723629826765915277e-240
9.996081725130004925e-01 2.872031404461328724e-240
1.004206942930570667e+00 1.413288620597522066e-240
1.006710851437040866e+00 5.602006604651255535e-241
1.008303813708458785e+00 7.795827318305505630e-243
1.009422559063993807e+00 -3.754461406051042693e-241
1.010266246376949617e+00 -6.545725053598152727e-241
1.010939176368487624e+00 -8.652670061187200100e-241
1.011501801067993034e+00 -1.028701269397982074e-240
1.011992170307485006e+00 -1.158229907754753837e-240
1.012436097497261933e+00 -1.262706019290214260e-240
1.012852478307079362e+00 -1.348252009841203555e-240
1.013256351333082117e+00 -1.419267374486290691e-240
1.013660869162117173e+00 -1.479036236922478091e-240
1.014078777979754653e+00 -1.530116407789405354e-240
1.014523776872967797e+00 -1.574608801144639930e-240
1.015012072381287656e+00 -1.614367989872075676e-240
1.015564519701225965e+00 -1.651201106642882651e-240
1.016209998103363432e+00 -1.687108735731795713e-240
1.016991290992943053e+00 -1.724658071279807360e-240
1.017976267912046540e+00 -1.767686603628664978e-240
1.019281235974787592e+00 -1.822855602287488296e-240
1.021125641969345743e+00 -1.903654006801521242e-240
1.023981733085058021e+00 -2.042888948330914190e-240
1.029090264105232411e+00 -2.344211461181220878e-240
1.041106538661178416e+00 -3.330162478334610466e-240
1.105842159444727413e+00 -1.533413916107811283e-239
9.345008238737257944e-01 -8.084855340284122377e-240
9.847080735044140276e-01 -2.025155300025183382e-240
9.955804701934986012e-01 -1.596751428207500750e-240
1.000384770868800066e+00 -1.501423513664865828e-240
1.003127950874670660e+00 -1.468442440644430085e-240
1.004928718514761066e+00 -1.452071611294304466e-240
1.006223229321357993e+00 -1.440531135984425430e-240
1.007217408248193946e+00 -1.430088043900890983e-240
1.008021815682450306e+00 -1.419457556774662241e-240
1.008701822617820598e+00 -1.408233799436829439e-240
1.009299324083644755e+00 -1.396373079618415777e-240
1.009843276725826522e+00 -1.384008399061955739e-240
1.010355342406945800e+00 -1.371384875008066819e-240
1.010853236451286552e+00 -1.358847038308852057e-240
1.011352992395065264e+00 -1.346854785476467219e-240
1.011870802455712814e+00 -1.336022540207762603e-240
1.012424898841336240e+00 -1.327185674781651969e-240
1.013037959692267176e+00 -1.321506752011254395e-240
1.013740768607455767e+00 -1.320646014836729427e-240
1.014578517009188774e+00 -1.327040466521530684e-240
1.015622804364202603e+00 -1.344369483944817548e-240
1.016996908081152284e+00 -1.378328157113147002e-240
1.018935809112378355e+00 -1.437773250079868291e-240
1.021953894900104132e+00 -1.535117594699515806e-240
1.027442589284182750e+00 -1.671699786706562784e-240
1.040944754051193577e+00 -1.583160514965691445e-240
1.133301309008174274e+00 1.889970817956642967e-239
9.463616552921746417e-01 1.451387820174231901e-239
9.847181118979076997e-01 3.667527703442732478e-240
9.943287282402936134e-01 1.989875287559075838e-240
9.987542693572460939e-01 1.410929298570706963e-240
1.001334835937808920e+00 1.166531209836577681e-240
1.003051059782391174e+00 1.069674394704366125e-240
1.004295430731158900e+00 1.054166636590992649e-240
1.005256288721802616e+00 1.091559355145990481e-240
1.006035823498369730e+00 1.168350705787162295e-240
1.006694830312722111e+00 1.278059203354458530e-240
1.007272329938335487e+00 1.418026288858322879e-240
1.007795161604524870e+00 1.588018158335029099e-240
1.008283119416496509e+00 1.789623956946435923e-240
1.008751953571420445e+00 2.026069764410726299e-240
1.009215310759069562e+00 2.302304207270829613e-240
1.009686170357005919e+00 2.625320995223724538e-240
1.010178116367989487e+00 3.004754119947701257e-240
1.010706716936747185e+00 3.453852952373987770e-240
1.011291319288045942e+00 3.991049405502384260e-240
1.011957728114001975e+00 4.642516046076976741e-240
1.012742621689303402e+00 5.446481114114193417e-240
1.013701456452699601e+00 6.460842851607246543e-240
1.014923815893564729e+00 7.777392041046782564e-240
1.016566149384764195e+00 9.550313571373172082e-240
1.018930491501518487e+00 1.205845859718691577e-239
1.022687827369084035e+00 1.585601831556719708e-239
1.029693507027851673e+00 2.216859281028686897e-239
1.047675366996386748e+00 3.336504105311822017e-239
1.201759975006793324e+00 -1.747951100059233933e-238
9.377031508616970878e-01 -1.521149099508400203e-238
9.777943622776817945e-01 -5.242062710424465442e-239
9.886216878116825812e-01 -3.188213506529210201e-239
9.936770544968993590e-01 -2.324713658508187627e-239
9.966144534567267232e-01 -1.852212285961936541e-239
9.985402351264293097e-01 -1.554870853839280647e-239
9.999039539276095567e-01 -1.350749912148172042e-239
1.000922822404685109e+00 -1.202043240847997994e-239
