9.605969601743964414e-01 1.167902580201385376e-15
9.597256207630872060e-01 1.175491995408783907e-15
9.588055805166069145e-01 1.182647729747188237e-15
9.578320798437151007e-01 1.188502421478609961e-15
9.567996792071677969e-01 1.196091836686008492e-15
9.557021296624382822e-01 1.203247571024412821e-15
9.545322122414441335e-01 1.208451741452343242e-15
9.532815370148109979e-01 1.215390635356250471e-15
9.519402894413679928e-01 1.220594805784180892e-15
9.504969070531658071e-01 1.224714774039625809e-15
9.489376629844935573e-01 1.230569465771047533e-15
9.472461233320936813e-01 1.232521029681521441e-15
9.454024312420765686e-01 1.232521029681521441e-15
9.433823493858496390e-01 1.233822072288504046e-15
9.411559598595162779e-01 1.230786306205544633e-15
9.386858693104273010e-01 1.225148454908620010e-15
9.359246847149476078e-01 1.216474837528735975e-15
9.328113892147572583e-01 1.203030730589915720e-15
9.292660161178651901e-01 1.183515091485176640e-15
9.251816125958640669e-01 1.149687983703628902e-15
9.204117427350502201e-01 1.110223024625156540e-15
9.147503672493607629e-01 1.044737213407032073e-15
9.078981150517891896e-01 9.523631883112670948e-16
8.994030018462521037e-01 8.118505867571457202e-16
8.885502451536415602e-01 5.971785566050158423e-16
8.741434917042648634e-01 2.389581588158051773e-16
8.540362139634188887e-01 -4.024558464266192459e-16
8.240502245846864637e-01 -1.710003666444137593e-15
7.755180300439092900e-01 -4.902328543110456849e-15
6.964844095048818851e-01 -1.505653240974069718e-14
8.567286637319304621e-01 -1.811918670657775010e-15
1.460341779307852139e+00 2.647838545644098929e-14
1.250208958760036460e+00 2.410398269869773458e-15
1.148406784475511699e+00 1.541301808405393103e-15
1.096314044544395516e+00 1.778958924614215675e-15
1.064967554906284919e+00 2.012279232133096230e-15
1.043832773645029910e+00 2.184016856254800132e-15
1.028364450881582126e+00 2.321060010856967892e-15
1.016304530060280209e+00 2.442490654175344389e-15
1.006403149045546064e+00 2.556115041851825254e-15
9.979051125938188660e-01 2.668872067790317715e-15
9.903172304040314122e-01 2.789435349370705808e-15
9.832918124328208220e-01 2.911733354427070708e-15
9.765626983476435319e-01 3.054848041195157293e-15
9.699064041022011917e-01 3.214442600985023546e-15
9.631152312327252440e-01 3.396588565962588291e-15
9.559750978622080231e-01 3.608224830031758756e-15
9.482431572057700153e-01 3.856290287096442171e-15
9.396207152738546009e-01 4.158132171916406605e-15
9.297162499730904361e-01 4.531097719251420131e-15
9.179923430995043931e-01 4.996003610813204432e-15
9.036932498083889431e-01 5.582340145693365230e-15
8.857793993927620679e-01 6.321332346459485052e-15
8.630782759045305674e-01 7.216449660063517513e-15
8.359668893007206059e-01 7.931155732165962036e-15
8.178774257486453036e-01 6.696032617270475384e-15
8.958434190115921458e-01 -2.629840789580839555e-15
1.185445831833140451e+00 -5.266620473065586339e-15
1.284792271006826692e+00 4.510281037539698445e-16
1.231310181817523386e+00 -8.673617379884035472e-16
1.177760421182900696e+00 -1.519617764955683015e-15
1.139840559191406255e+00 -1.538699723191427893e-15
1.113131208105286873e+00 -1.342459129971551590e-15
1.093605221226493285e+00 -1.090382124868671809e-15
1.078756898641456408e+00 -8.435092901937224497e-16
1.067066499973237992e+00 -6.162605148407607203e-16
1.057586165100178333e+00 -4.115631446754974831e-16
1.049702212051816019e+00 -2.281161370909501329e-16
1.043002521155166340e+00 -6.331740687315345895e-17
1.037200941496410289e+00 8.803721640582296004e-17
1.032092744946984997e+00 2.268150944839675276e-16
1.027527450446595880e+00 3.543172699682628490e-16
1.023391689876534283e+00 4.727121472036799332e-16
1.019598070883246166e+00 5.841681305351897890e-16
1.016077731453892685e+00 6.925883477837402324e-16
1.012775230285217543e+00 7.958043946043602546e-16
1.009644951094205156e+00 8.955509944730266625e-16
1.006648508440869838e+00 9.944302326037046669e-16
1.003752826743417481e+00 1.091141066389411662e-15
1.000928676312250687e+00 1.186984538437130254e-15
9.981495198456629137e-01 1.284129053091831452e-15
9.953905665612209352e-01 1.384743014698486263e-15
9.926279585835957597e-01 1.482321210222181662e-15
9.898380309678844746e-01 1.588139342256766895e-15
9.869965960352208301e-01 1.694391155160346329e-15
9.840782062788916429e-01 1.805847138491856185e-15
9.810553486836965931e-01 1.925543058334255875e-15
9.778975167790650014e-01 2.046540020783638170e-15
9.745700941804656958e-01 2.179680047564858114e-15
9.710329628184471984e-01 2.323662096070933103e-15
9.672387171509323478e-01 2.479787208908845741e-15
9.631303169007968679e-01 2.644585939126642415e-15
9.586379363887985727e-01 2.830201351056160775e-15
9.536746541190046500e-01 3.035332402090418213e-15
9.481304492823303676e-01 3.261713815705391539e-15
9.418636970581371060e-01 3.513031879287531467e-15
9.346889307020840310e-01 3.801212816734178546e-15
9.263590046044789528e-01 4.129942915431783490e-15
9.165389357501199097e-01 4.499439015814843401e-15
9.047679290078552983e-01 4.927915714381114753e-15
8.904072037914096960e-01 5.421661383731013473e-15
8.725825607756256819e-01 5.935573213489142574e-15
8.501897558440870695e-01 6.466615437572542646e-15
8.223151823283704198e-01 6.789057163669731665e-15
7.908232321884105520e-01 6.250642364813430163e-15
7.736303560985469119e-01 3.234608761393253928e-15
8.546305465312646898e-01 -3.057016445540128302e-15
1.139595088167536296e+00 -3.243065538338640863e-15
1.322110017339065191e+00 -5.926899596109258539e-15
1.308966381843474913e+00 -9.624245844719325760e-15
1.257510141221727107e+00 -9.762373201493979025e-15
1.213274150135544849e+00 -8.728261169377304896e-15
1.179806723377595734e+00 -7.602642473902854192e-15
1.154585711330243125e+00 -6.609946964775126332e-15
1.135180296972414515e+00 -5.792892207590050191e-15
1.119877783497209345e+00 -5.117867935000575130e-15
1.107527404634383705e+00 -4.562539582253499759e-15
1.097351480977084570e+00 -4.096115807650235752e-15
1.088813769412954935e+00 -3.700165174258529532e-15
1.081535720285479840e+00 -3.361460415574057947e-15
1.075243828425556325e+00 -3.067424786395989145e-15
1.069736135112814734e+00 -2.811553073689410098e-15
1.064860490933474013e+00 -2.585171660074436772e-15
1.060500139417450916e+00 -2.381558492081659040e-15
1.056563945887333045e+00 -2.199412527104094295e-15
1.052979635377198520e+00 -2.033963275582806318e-15
1.049689019874946450e+00 -1.880657088393355991e-15
1.046644566279327782e+00 -1.741662369880714323e-15
1.043806884075909380e+00 -1.611558109182453791e-15
1.041142854029601050e+00 -1.489476944560585991e-15
1.038624209833688194e+00 -1.374985195146116723e-15
1.036226443432099353e+00 -1.265263935290583674e-15
1.033927943478705869e+00 -1.159987904342241194e-15
1.031709302329141709e+00 -1.058181320345852328e-15
1.029552744563471567e+00 -9.595189226496714241e-16
1.027441642170759062e+00 -8.640007112536984835e-16
1.025360090079119546e+00 -7.668561965989972862e-16
1.023292522027639651e+00 -6.715548256375214464e-16
1.021223351943792323e+00 -5.730008481585890934e-16
1.019136631139603510e+00 -4.732542482899226854e-16
1.017015718287811454e+00 -3.717729249452794704e-16
1.014842969765170189e+00 -2.628106066104862748e-16
1.012599477064991538e+00 -1.484272774132655570e-16
1.010264914238641065e+00 -2.244298497044994178e-17
1.007817628838515667e+00 1.105886215935214523e-16
1.005235249209234238e+00 2.589074787895384588e-16
1.002496360564882449e+00 4.286935390007684532e-16
9.995843717413940288e-01 6.189710202719744814e-16
9.964958714138434370e-01 8.380882793312949275e-16
9.932582311648878726e-01 1.091357906823908763e-15
9.899663461227445893e-01 1.387887200998694226e-15
9.868588129546652654e-01 1.726917220334911462e-15
9.844727839176010686e-01 2.130674109368513314e-15
9.839391021325382125e-01 2.557524504676056409e-15
9.874415449121988209e-01 3.010829432992245813e-15
9.984772732452140698e-01 3.422175737233246196e-15
1.020291757822026968e+00 3.881335357280857323e-15
1.050545344445388940e+00 4.360119036650456081e-15
1.078354931859465626e+00 4.518846234702333930e-15
1.094108451015959549e+00 3.962216839348275954e-15
1.098022061032884134e+00 2.960522452188918408e-15
1.095157441946851939e+00 1.969236405885421703e-15
1.089607303922248249e+00 1.179937224315974476e-15
1.083484680698584945e+00 6.188626000547259309e-16
1.077659418022535398e+00 2.249719507907421701e-16
1.072414435398380217e+00 -4.716279450311944288e-17
1.067790142104676931e+00 -2.366813342535856179e-16
1.063738144504413397e+00 -3.668940151690947005e-16
1.060184896781641850e+00 -4.537386091851836056e-16
1.057056376965777478e+00 -5.140202499753776522e-16
1.054286548056845074e+00 -5.541357303573413162e-16
1.051819309231009303e+00 -5.812407846694789271e-16
1.049608001218686359e+00 -5.973953970395129431e-16
1.047614138041693899e+00 -6.058521739848998777e-16
1.045806028134064869e+00 -6.086710996333621893e-16
1.044157524822476812e+00 -6.079121581126223361e-16
1.042646972305959041e+00 -6.036837696399288689e-16
1.041256345482134638e+00 -5.975038172567614936e-16
1.039970558876379014e+00 -5.892638807458716599e-16
1.038776915114199673e+00 -5.797229016279992209e-16
1.037664665479631099e+00 -5.690977203376412774e-16
1.036624659327839426e+00 -5.581472783955376826e-16
1.035649063535014847e+00 -5.473052566706826383e-16
1.034731137076987828e+00 -5.350537721215964382e-16
1.033865049053894758e+00 -5.233443886587529903e-16
1.033045731049909488e+00 -5.110929041096667902e-16
1.032268756730402526e+00 -4.991666802123262414e-16
1.031530243140722725e+00 -4.871320360977371422e-16
1.030826769377515717e+00 -4.749889717658994925e-16
1.030155309235137651e+00 -4.630627478685589438e-16
1.029513175149829651e+00 -4.514617846229640463e-16
1.028897971322367377e+00 -4.397524011601205984e-16
1.028307554333778073e+00 -4.278261772627800497e-16
1.027739999907407054e+00 -4.163336342344337027e-16
1.027193574736098070e+00 -4.053831922923301079e-16
1.026666712502297463e+00 -3.937822290467352104e-16
1.026157993384220646e+00 -3.829402073218801661e-16
1.025666126472602580e+00 -3.724234462487707731e-16
1.025189934627406929e+00 -3.613645840894186279e-16
1.024728341387939556e+00 -3.510646634508063357e-16
1.024280359617525837e+00 -3.405479023776969427e-16
1.023845081618659725e+00 -3.303564019563332010e-16
1.023421670499015335e+00 -3.202733217522180098e-16
1.023009352604975719e+00 -3.098649808963571672e-16
1.022607410869036837e+00 -3.006492624302303796e-16
1.022215178941842328e+00 -2.908914428778608396e-16
1.021832035999744370e+00 -2.814588839772369511e-16
1.021457402135452996e+00 -2.719179048593645120e-16
1.021090734253176313e+00 -2.624853459587406235e-16
1.020731522401197910e+00 -2.533780477098623862e-16
1.020379286484476511e+00 -2.440539090264870481e-16
1.020033573307943087e+00 -2.351634512121059117e-16
1.019693953907962136e+00 -2.261103630718519497e-16
1.019360021135153449e+00 -2.172199052574708134e-16
1.019031387456604598e+00 -2.088173384207081540e-16
1.018707682949595350e+00 -1.999810907149512929e-16
1.018388553462419299e+00 -1.914701036609400830e-16
1.018073658920834346e+00 -1.827422761724317724e-16
1.017762671761154092e+00 -1.743939194442933882e-16
1.017455275473121867e+00 -1.659371424989064536e-16
1.017151163237487665e+00 -1.572093150103981429e-16
1.016850036644728172e+00 -1.491862189340054101e-16
1.016551604482619942e+00 -1.410547026403641269e-16
1.016255581581439804e+00 -1.324895054777286418e-16
1.015961687706442573e+00 -1.245206195099601842e-16
1.015669646487985300e+00 -1.166059436508160019e-16
1.015379184380234445e+00 -1.080407464881805168e-16
1.015090029639830638e+00 -9.985502008591495837e-17
1.014801911316196792e+00 -9.188613411814650078e-17
1.014514558245379838e+00 -8.342935717275956620e-17
1.014227698039403824e+00 -7.540626109636683339e-17
1.013941056063098145e+00 -6.689527404235562358e-17
1.013654354390250090e+00 -5.870954764009006510e-17
1.013367310730704407e+00 -5.041540102057595618e-17
1.013079637319709292e+00 -4.168757353206764549e-17
1.012791039760368106e+00 -3.366447745567491268e-17
1.012501215809505917e+00 -2.520770051028797809e-17
1.012209854096589146e+00 -1.680513367352531873e-17
1.011916632764531698e+00 -8.348356728138384142e-18
1.011621218020284374e+00 1.626303258728256651e-19
1.011323262582014770e+00 9.324138683375338132e-18
1.011022404008438791e+00 1.837722682362930016e-17
1.010718262894443109e+00 2.759294528975608785e-17
1.010410440915543662e+00 3.599551212651874721e-17
1.010098518701930237e+00 4.542807102714263578e-17
1.009782053520870138e+00 5.496905014501507480e-17
1.009460576744057203e+00 6.445581915426323860e-17
1.009133591074145242e+00 7.535205098774255816e-17
1.008800567502179168e+00 8.510987054011209807e-17
1.008460941965038771e+00 9.557242150459721586e-17
1.008114111669371482e+00 1.056012916000881319e-16
1.007759431046013843e+00 1.172022548456830293e-16
1.007396207296761492e+00 1.280442765705380737e-16
1.007023695493926896e+00 1.402957611196242738e-16
1.006641093192919501e+00 1.510835727358550429e-16
1.006247534519870479e+00 1.641482089143053713e-16
1.005842083701261824e+00 1.758033822685245440e-16
1.005423728012275530e+00 1.905485318143274043e-16
1.004991370137669371e+00 2.037757983186505584e-16
1.004543819967071761e+00 2.191172590593204461e-16
1.004079785891117238e+00 2.336455681706262055e-16
1.003597865733851124e+00 2.498001805406602216e-16
1.003096537562284229e+00 2.677437264952953200e-16
1.002574150773709594e+00 2.848199107119420148e-16
1.002028918102184640e+00 3.049860711201723973e-16
1.001458909547808362e+00 3.246643405507843028e-16
1.000862049777378804e+00 3.447762908503904100e-16
1.000236121366426367e+00 3.668398050604704252e-16
9.995787774947353377e-01 3.916138247017642016e-16
9.988875695941339394e-01 4.179057273845376841e-16
9.981599983285452948e-01 4.449565715880510197e-16
9.973936007136555704e-01 4.746095010055295660e-16
9.965860930330722178e-01 5.084366087870773043e-16
9.957355998805599295e-01 5.406916234185210612e-16
9.948410164077440276e-01 5.781508084778952394e-16
9.939025773230469873e-01 6.172362967959976743e-16
9.929227482480222911e-01 6.596286017401808977e-16
9.919076221248921410e-01 7.041893110293351299e-16
9.908691103628041175e-01 7.465274058648940780e-16
9.898283878775764322e-01 7.907086443936783837e-16
9.888213144757379558e-01 8.277883586926826354e-16
9.879069466168204361e-01 8.495266122510169993e-16
9.871807807489518805e-01 8.448645429093293302e-16
9.867949068836568971e-01 7.883233996142102740e-16
9.869872322590161895e-01 6.414682153510486984e-16
9.881195721750094529e-01 3.420657854191766489e-16
9.907151378237027961e-01 -2.281703471995744081e-16
9.954610325204179544e-01 -1.204169142871025500e-15
1.003093900663383886e+00 -2.728340556951147633e-15
1.014047619896825347e+00 -4.835758529719846877e-15
1.027851087664793273e+00 -7.199481896064119368e-15
1.042688103450467363e+00 -9.174789834115459897e-15
1.055876819053629401e+00 -1.006090826968786267e-14
1.065266302705718537e+00 -9.711686749930281692e-15
1.070257461272506205e+00 -8.523130118343047457e-15
1.071580360120313324e+00 -7.081141228937326559e-15
1.070447791588007735e+00 -5.708866539222423597e-15
1.067940541396763532e+00 -4.577230521690678344e-15
1.064808945204065438e+00 -3.692196288290761075e-15
1.061504479748676788e+00 -3.017172015701286014e-15
1.058271752334214222e+00 -2.506946473329607628e-15
1.055229280981123008e+00 -2.119344196666039792e-15
1.052424323169424580e+00 -1.817177051194329707e-15
1.049866152008542608e+00 -1.581092028135611116e-15
1.047545085565828149e+00 -1.394988725228474280e-15
1.045442959746411660e+00 -1.244230413144364888e-15
1.043538702884261538e+00 -1.120902416024138759e-15
1.041811181817763776e+00 -1.018933201701877067e-15
1.040240557431876267e+00 -9.324680784461580885e-16
1.038808841929864002e+00 -8.598265328896292914e-16
1.037500040342596019e+00 -7.974306978630885112e-16
1.036300085570997620e+00 -7.433832195646861152e-16
1.035196680095036292e+00 -6.955156936494510944e-16
1.034179104324303156e+00 -6.537739100087591737e-16
1.033238022313010873e+00 -6.162063047321364451e-16
1.032365299587536311e+00 -5.831923485799528351e-16
1.031553839232080882e+00 -5.525094270986130596e-16
1.030797437862150945e+00 -5.255670031123482744e-16
1.030090660854305451e+00 -5.007929834710544981e-16
1.029428735170506481e+00 -4.773200064367433271e-16
