1.008602860600148476e+00 0.000000000000000000e+00
1.008562104315037233e+00 0.000000000000000000e+00
1.008520246764009531e+00 0.000000000000000000e+00
1.008477241774244915e+00 0.000000000000000000e+00
1.008433040539406633e+00 0.000000000000000000e+00
1.008387591428664631e+00 0.000000000000000000e+00
1.008340839778823161e+00 0.000000000000000000e+00
1.008292727667786437e+00 0.000000000000000000e+00
1.008243193667372140e+00 0.000000000000000000e+00
1.008192172573238343e+00 0.000000000000000000e+00
1.008139595109413644e+00 0.000000000000000000e+00
1.008085387604592542e+00 0.000000000000000000e+00
1.008029471636996188e+00 0.000000000000000000e+00
1.007971763644168961e+00 0.000000000000000000e+00
1.007912174493607260e+00 0.000000000000000000e+00
1.007850609009540266e+00 0.000000000000000000e+00
1.007786965450547356e+00 0.000000000000000000e+00
1.007721134931940377e+00 0.000000000000000000e+00
1.007653000785960984e+00 0.000000000000000000e+00
1.007582437851835655e+00 0.000000000000000000e+00
1.007509311686533016e+00 0.000000000000000000e+00
1.007433477685686585e+00 0.000000000000000000e+00
1.007354780102500680e+00 0.000000000000000000e+00
1.007273050950541871e+00 0.000000000000000000e+00
1.007188108774038859e+00 0.000000000000000000e+00
1.007099757266618267e+00 0.000000000000000000e+00
1.007007783716196592e+00 0.000000000000000000e+00
1.006911957249926326e+00 0.000000000000000000e+00
1.006812026848506125e+00 0.000000000000000000e+00
1.006707719093663966e+00 0.000000000000000000e+00
1.006598735605970019e+00 0.000000000000000000e+00
1.006484750122091709e+00 0.000000000000000000e+00
1.006365405150799530e+00 0.000000000000000000e+00
1.006240308135069705e+00 0.000000000000000000e+00
1.006109027032929815e+00 0.000000000000000000e+00
1.005971085211569305e+00 0.000000000000000000e+00
1.005825955526761684e+00 0.000000000000000000e+00
1.005673053431640263e+00 0.000000000000000000e+00
1.005511728923760062e+00 0.000000000000000000e+00
1.005341257095129004e+00 0.000000000000000000e+00
1.005160826993755974e+00 0.000000000000000000e+00
1.004969528433601544e+00 0.000000000000000000e+00
1.004766336297689744e+00 0.000000000000000000e+00
1.004550091759848440e+00 0.000000000000000000e+00
1.004319479694898654e+00 0.000000000000000000e+00
1.004073001342326688e+00 0.000000000000000000e+00
1.003808941016738787e+00 0.000000000000000000e+00
1.003525325294416959e+00 0.000000000000000000e+00
1.003219872612953534e+00 0.000000000000000000e+00
1.002889930547851360e+00 0.000000000000000000e+00
1.002532397099284545e+00 0.000000000000000000e+00
1.002143621019491393e+00 0.000000000000000000e+00
1.001719274363593204e+00 0.000000000000000000e+00
1.001254187788325201e+00 0.000000000000000000e+00
1.000742135238804842e+00 0.000000000000000000e+00
1.000175548890758881e+00 0.000000000000000000e+00
9.995451364762812929e-01 0.000000000000000000e+00
9.988393596185841661e-01 0.000000000000000000e+00
9.980437104646332491e-01 0.000000000000000000e+00
9.971396893357755697e-01 0.000000000000000000e+00
9.961033285225004974e-01 0.000000000000000000e+00
9.949030083276535485e-01 0.000000000000000000e+00
9.934961350256510393e-01 0.000000000000000000e+00
9.918239229078963382e-01 0.000000000000000000e+00
9.898028852129829858e-01 0.000000000000000000e+00
9.873103274416353825e-01 0.000000000000000000e+00
9.841582541715953036e-01 0.000000000000000000e+00
9.800432343356996201e-01 0.000000000000000000e+00
9.744416922783581958e-01 0.000000000000000000e+00
9.663659533858094397e-01 0.000000000000000000e+00
9.537034882794156454e-01 0.000000000000000000e+00
9.309777863949568744e-01 0.000000000000000000e+00
8.782225315244667208e-01 0.000000000000000000e+00
6.194192854221993727e-01 0.000000000000000000e+00
1.420674857447971728e+00 0.000000000000000000e+00
1.145083130123180526e+00 0.000000000000000000e+00
1.090975550170198760e+00 0.000000000000000000e+00
1.067864359727995316e+00 0.000000000000000000e+00
1.055028276266448906e+00 0.000000000000000000e+00
1.046847957331879853e+00 0.000000000000000000e+00
1.041167938920753544e+00 0.000000000000000000e+00
1.036983646296148365e+00 0.000000000000000000e+00
1.033763338806232168e+00 0.000000000000000000e+00
1.031198793605275332e+00 0.000000000000000000e+00
1.029098566281059668e+00 0.000000000000000000e+00
1.027336932507572298e+00 0.000000000000000000e+00
1.025827269762039640e+00 0.000000000000000000e+00
1.024507150454577742e+00 0.000000000000000000e+00
1.023329418625211318e+00 0.000000000000000000e+00
1.022256434205810915e+00 0.000000000000000000e+00
1.021255952281523438e+00 0.000000000000000000e+00
1.020297650686470048e+00 0.000000000000000000e+00
1.019349436898695949e+00 0.000000000000000000e+00
1.018372358004093314e+00 0.000000000000000000e+00
1.017311837731803781e+00 0.000000000000000000e+00
1.016079716499878050e+00 0.000000000000000000e+00
1.014511090294171858e+00 0.000000000000000000e+00
1.012239195990616070e+00 0.000000000000000000e+00
1.008218403626457649e+00 0.000000000000000000e+00
9.977110705256978518e-01 0.000000000000000000e+00
8.280088719106688533e-01 0.000000000000000000e+00
1.046863298044703461e+00 0.000000000000000000e+00
1.031629593845520221e+00 0.000000000000000000e+00
1.026844623423561975e+00 0.000000000000000000e+00
1.024424656150939805e+00 0.000000000000000000e+00
1.022921631486280347e+00 0.000000000000000000e+00
1.021873074447264385e+00 0.000000000000000000e+00
1.021085102575971737e+00 0.000000000000000000e+00
1.020461903394465963e+00 0.000000000000000000e+00
1.019950521861312742e+00 0.000000000000000000e+00
1.019519196475557887e+00 0.000000000000000000e+00
1.019147645010336500e+00 0.000000000000000000e+00
1.018822255148174927e+00 0.000000000000000000e+00
1.018533513415784908e+00 0.000000000000000000e+00
1.018274543507865948e+00 0.000000000000000000e+00
1.018040232255200461e+00 0.000000000000000000e+00
1.017826684393764447e+00 0.000000000000000000e+00
1.017630869968785490e+00 0.000000000000000000e+00
1.017450389117734888e+00 0.000000000000000000e+00
1.017283310846421429e+00 0.000000000000000000e+00
1.017128059854500277e+00 0.000000000000000000e+00
1.016983335392278143e+00 0.000000000000000000e+00
1.016848051975444367e+00 0.000000000000000000e+00
1.016721295331863617e+00 0.000000000000000000e+00
1.016602289166654849e+00 0.000000000000000000e+00
1.016490369745047362e+00 0.000000000000000000e+00
1.016384966215425179e+00 0.000000000000000000e+00
1.016285585209850906e+00 0.000000000000000000e+00
1.016191798676564950e+00 0.000000000000000000e+00
1.016103234186874538e+00 0.000000000000000000e+00
1.016019567160674653e+00 0.000000000000000000e+00
1.015940514598461242e+00 0.000000000000000000e+00
1.015865830011334570e+00 0.000000000000000000e+00
1.015795299316340383e+00 0.000000000000000000e+00
1.015728737520796399e+00 0.000000000000000000e+00
1.015665986061674353e+00 0.000000000000000000e+00
1.015606910698593879e+00 0.000000000000000000e+00
1.015551399884380146e+00 0.000000000000000000e+00
1.015499363557437418e+00 0.000000000000000000e+00
1.015450732316937499e+00 0.000000000000000000e+00
1.015405456956143704e+00 0.000000000000000000e+00
1.015363508342038257e+00 0.000000000000000000e+00
1.015324877641548884e+00 0.000000000000000000e+00
1.015289576906815538e+00 0.000000000000000000e+00
1.015257640044804566e+00 0.000000000000000000e+00
1.015229124210929701e+00 0.000000000000000000e+00
1.015204111683082555e+00 0.000000000000000000e+00
1.015182712292709954e+00 0.000000000000000000e+00
1.015165066514728709e+00 0.000000000000000000e+00
1.015151349350048582e+00 0.000000000000000000e+00
1.015141775175857797e+00 0.000000000000000000e+00
1.015136603793209913e+00 0.000000000000000000e+00
1.015136147973888070e+00 0.000000000000000000e+00
1.015140782906251093e+00 0.000000000000000000e+00
1.015150958073233189e+00 0.000000000000000000e+00
1.015167212280308595e+00 0.000000000000000000e+00
1.015190192809961145e+00 0.000000000000000000e+00
1.015220680046843960e+00 0.000000000000000000e+00
1.015259619447936190e+00 0.000000000000000000e+00
1.015308163508720218e+00 0.000000000000000000e+00
1.015367727534195241e+00 0.000000000000000000e+00
1.015440064782312968e+00 0.000000000000000000e+00
1.015527369275079028e+00 0.000000000000000000e+00
1.015632418900991096e+00 0.000000000000000000e+00
1.015758778478364377e+00 0.000000000000000000e+00
1.015911094250381952e+00 0.000000000000000000e+00
1.016095531694679810e+00 0.000000000000000000e+00
1.016320445149726526e+00 0.000000000000000000e+00
1.016597436269766730e+00 0.000000000000000000e+00
1.016943092882625743e+00 0.000000000000000000e+00
1.017381979690860305e+00 0.000000000000000000e+00
1.017952075531097567e+00 0.000000000000000000e+00
1.018715360695586325e+00 0.000000000000000000e+00
1.019780312039611836e+00 0.000000000000000000e+00
1.021355535469710141e+00 0.000000000000000000e+00
1.023899897552552174e+00 0.000000000000000000e+00
1.028658484408106366e+00 0.000000000000000000e+00
1.040607910313131379e+00 0.000000000000000000e+00
1.124201049217177228e+00 0.000000000000000000e+00
9.563802214145461500e-01 0.000000000000000000e+00
9.900613937722628766e-01 0.000000000000000000e+00
9.984387346598032620e-01 0.000000000000000000e+00
1.002223032472867592e+00 0.000000000000000000e+00
1.004367752783636103e+00 0.000000000000000000e+00
1.005741037611809219e+00 0.000000000000000000e+00
1.006690017794389380e+00 0.000000000000000000e+00
1.007380662891159906e+00 0.000000000000000000e+00
1.007902313267898364e+00 0.000000000000000000e+00
1.008307320970730281e+00 0.000000000000000000e+00
1.008628389691430760e+00 0.000000000000000000e+00
1.008886995929807684e+00 0.000000000000000000e+00
1.009097820691654102e+00 0.000000000000000000e+00
1.009271235305602143e+00 0.000000000000000000e+00
1.009414770156043639e+00 0.000000000000000000e+00
1.009534020807903332e+00 0.000000000000000000e+00
1.009633227832098079e+00 0.000000000000000000e+00
1.009715659623718231e+00 0.000000000000000000e+00
1.009783872089218493e+00 0.000000000000000000e+00
1.009839889024570114e+00 0.000000000000000000e+00
1.009885330040888096e+00 0.000000000000000000e+00
1.009921502976123930e+00 0.000000000000000000e+00
1.009949471751550698e+00 0.000000000000000000e+00
1.009970106925905942e+00 0.000000000000000000e+00
1.009984123846215498e+00 0.000000000000000000e+00
1.009992111765661615e+00 0.000000000000000000e+00
1.009994556285910283e+00 0.000000000000000000e+00
1.009991856797592957e+00 0.000000000000000000e+00
1.009984340123249336e+00 0.000000000000000000e+00
1.009972271239679031e+00 0.000000000000000000e+00
1.009955861724912030e+00 0.000000000000000000e+00
1.009935276408614913e+00 0.000000000000000000e+00
1.009910638583598308e+00 0.000000000000000000e+00
1.009882034046603927e+00 0.000000000000000000e+00
1.009849514169455897e+00 0.000000000000000000e+00
1.009813098150492028e+00 0.000000000000000000e+00
1.009772774556384256e+00 0.000000000000000000e+00
1.009728502232737135e+00 0.000000000000000000e+00
1.009680210635779618e+00 0.000000000000000000e+00
1.009627799615231858e+00 0.000000000000000000e+00
1.009571138658565737e+00 0.000000000000000000e+00
1.009510065588197669e+00 0.000000000000000000e+00
1.009444384684587304e+00 0.000000000000000000e+00
1.009373864188721104e+00 0.000000000000000000e+00
1.009298233115999199e+00 0.000000000000000000e+00
1.009217177288879830e+00 0.000000000000000000e+00
1.009130334466360468e+00 0.000000000000000000e+00
1.009037288412709676e+00 0.000000000000000000e+00
1.008937561703498131e+00 0.000000000000000000e+00
1.008830607010892111e+00 0.000000000000000000e+00
1.008715796538317777e+00 0.000000000000000000e+00
1.008592409181408689e+00 0.000000000000000000e+00
1.008459614869982257e+00 0.000000000000000000e+00
1.008316455383929444e+00 0.000000000000000000e+00
1.008161820719220669e+00 0.000000000000000000e+00
1.007994419787010321e+00 0.000000000000000000e+00
1.007812743827609658e+00 0.000000000000000000e+00
1.007615020365597802e+00 0.000000000000000000e+00
1.007399154753539694e+00 0.000000000000000000e+00
1.007162655245103844e+00 0.000000000000000000e+00
1.006902535942793442e+00 0.000000000000000000e+00
1.006615189628545348e+00 0.000000000000000000e+00
1.006296219003360193e+00 0.000000000000000000e+00
1.005940209575480138e+00 0.000000000000000000e+00
1.005540419242696659e+00 0.000000000000000000e+00
1.005088346621008988e+00 0.000000000000000000e+00
1.004573119038040030e+00 0.000000000000000000e+00
1.003980605744508425e+00 0.000000000000000000e+00
1.003292100791471464e+00 0.000000000000000000e+00
1.002482310526351172e+00 0.000000000000000000e+00
1.001516176092529964e+00 0.000000000000000000e+00
1.000343660157091197e+00 0.000000000000000000e+00
9.988907943260599831e-01 0.000000000000000000e+00
9.970434333264832638e-01 0.000000000000000000e+00
9.946156953115314892e-01 0.000000000000000000e+00
9.912831080278085016e-01 0.000000000000000000e+00
9.864238628169675893e-01 0.000000000000000000e+00
9.786770274920043589e-01 0.000000000000000000e+00
9.643800177797121620e-01 0.000000000000000000e+00
9.291385718042070030e-01 0.000000000000000000e+00
7.008783314196811443e-01 0.000000000000000000e+00
1.191716044384904416e+00 0.000000000000000000e+00
1.082083852177594396e+00 0.000000000000000000e+00
1.055667894940894413e+00 0.000000000000000000e+00
1.043786149239203764e+00 0.000000000000000000e+00
1.037031041438094103e+00 0.000000000000000000e+00
1.032673138869756091e+00 0.000000000000000000e+00
1.029628524992395544e+00 0.000000000000000000e+00
1.027381164337951791e+00 0.000000000000000000e+00
1.025654071585753169e+00 0.000000000000000000e+00
1.024285256623028051e+00 0.000000000000000000e+00
1.023173659294158711e+00 0.000000000000000000e+00
1.022252965185269646e+00 0.000000000000000000e+00
1.021477855702813686e+00 0.000000000000000000e+00
1.020816308799958660e+00 0.000000000000000000e+00
1.020245056263755057e+00 0.000000000000000000e+00
1.019746784315322286e+00 0.000000000000000000e+00
1.019308343931840444e+00 0.000000000000000000e+00
1.018919570090863314e+00 0.000000000000000000e+00
1.018572481202097757e+00 0.000000000000000000e+00
1.018260723187388805e+00 0.000000000000000000e+00
1.017979175217521126e+00 0.000000000000000000e+00
1.017723664802646644e+00 0.000000000000000000e+00
1.017490758419230534e+00 0.000000000000000000e+00
1.017277605303134269e+00 0.000000000000000000e+00
1.017081819303306212e+00 0.000000000000000000e+00
1.016901388404863660e+00 0.000000000000000000e+00
1.016734604651721607e+00 0.000000000000000000e+00
1.016580009303788446e+00 0.000000000000000000e+00
1.016436349507105374e+00 0.000000000000000000e+00
1.016302543760381205e+00 0.000000000000000000e+00
1.016177654171256828e+00 0.000000000000000000e+00
1.016060864003641928e+00 0.000000000000000000e+00
1.015951459385478151e+00 0.000000000000000000e+00
1.015848814315956306e+00 0.000000000000000000e+00
1.015752378310949000e+00 0.000000000000000000e+00
1.015661666174898059e+00 0.000000000000000000e+00
1.015576249500357520e+00 0.000000000000000000e+00
1.015495749582604912e+00 0.000000000000000000e+00
1.015419831503180603e+00 0.000000000000000000e+00
1.015348199187954714e+00 0.000000000000000000e+00
1.015280591286091827e+00 0.000000000000000000e+00
1.015216777748820576e+00 0.000000000000000000e+00
1.015156557013341843e+00 0.000000000000000000e+00
1.015099753719103992e+00 0.000000000000000000e+00
1.015046216902347531e+00 0.000000000000000000e+00
1.014995818631314606e+00 0.000000000000000000e+00
1.014948453059772548e+00 0.000000000000000000e+00
1.014904035891386780e+00 0.000000000000000000e+00
1.014862504262903808e+00 0.000000000000000000e+00
1.014823817071069056e+00 0.000000000000000000e+00
1.014787955787953333e+00 0.000000000000000000e+00
1.014754925833443400e+00 0.000000000000000000e+00
1.014724758604230948e+00 0.000000000000000000e+00
1.014697514298673608e+00 0.000000000000000000e+00
1.014673285730683272e+00 0.000000000000000000e+00
1.014652203399614594e+00 0.000000000000000000e+00
1.014634442186358454e+00 0.000000000000000000e+00
1.014620230192815109e+00 0.000000000000000000e+00
1.014609860454840362e+00 0.000000000000000000e+00
1.014603706572789532e+00 0.000000000000000000e+00
1.014602243775778900e+00 0.000000000000000000e+00
1.014606077659710337e+00 0.000000000000000000e+00
1.014615983974242575e+00 0.000000000000000000e+00
1.014632964657690817e+00 0.000000000000000000e+00
1.014658328329426595e+00 0.000000000000000000e+00
1.014693808572114664e+00 0.000000000000000000e+00
1.014741742357134990e+00 0.000000000000000000e+00
1.014805347486631648e+00 0.000000000000000000e+00
1.014889169576651762e+00 0.000000000000000000e+00
1.014999833031226650e+00 0.000000000000000000e+00
1.015147367896390040e+00 0.000000000000000000e+00
1.015347703131137536e+00 0.000000000000000000e+00
1.015627727718393380e+00 0.000000000000000000e+00
1.016036644112191079e+00 0.000000000000000000e+00
1.016675126066129975e+00 0.000000000000000000e+00
1.017786380627553111e+00 0.000000000000000000e+00
1.020146411247503382e+00 0.000000000000000000e+00
1.028288762787368249e+00 0.000000000000000000e+00
9.424641073598470919e-01 0.000000000000000000e+00
1.002814812087616581e+00 0.000000000000000000e+00
1.007617604244913201e+00 0.000000000000000000e+00
1.009377204794269067e+00 0.000000000000000000e+00
1.010281071873049052e+00 0.000000000000000000e+00
1.010825495569233512e+00 0.000000000000000000e+00
1.011185209968046061e+00 0.000000000000000000e+00
1.011437508561672249e+00 0.000000000000000000e+00
1.011621848991853811e+00 0.000000000000000000e+00
1.011760474465837945e+00 0.000000000000000000e+00
1.011866873752767626e+00 0.000000000000000000e+00
1.011949698403233455e+00 0.000000000000000000e+00
1.012014749290186755e+00 0.000000000000000000e+00
1.012066058342089514e+00 0.000000000000000000e+00
1.012106512318759366e+00 0.000000000000000000e+00
1.012138229890747532e+00 0.000000000000000000e+00
1.012162798787761497e+00 0.000000000000000000e+00
1.012181430047142783e+00 0.000000000000000000e+00
1.012195061288120090e+00 0.000000000000000000e+00
1.012204427616306024e+00 0.000000000000000000e+00
1.012210111384407307e+00 0.000000000000000000e+00
1.012212577792751533e+00 0.000000000000000000e+00
1.012212200792587113e+00 0.000000000000000000e+00
1.012209282213252459e+00 0.000000000000000000e+00
1.012204066066254349e+00 0.000000000000000000e+00
1.012196749357103798e+00 0.000000000000000000e+00
1.012187490327213446e+00 0.000000000000000000e+00
1.012176414774588862e+00 0.000000000000000000e+00
1.012163620915466744e+00 0.000000000000000000e+00
1.012149183119546603e+00 0.000000000000000000e+00
1.012133154760017417e+00 0.000000000000000000e+00
1.012115570353835370e+00 0.000000000000000000e+00
1.012096447119523068e+00 0.000000000000000000e+00
1.012075786043615366e+00 0.000000000000000000e+00
1.012053572518996525e+00 0.000000000000000000e+00
1.012029776596069741e+00 0.000000000000000000e+00
1.012004352869017909e+00 0.000000000000000000e+00
1.011977240002818634e+00 0.000000000000000000e+00
1.011948359890950444e+00 0.000000000000000000e+00
1.011917616417713273e+00 0.000000000000000000e+00
1.011884893781681116e+00 0.000000000000000000e+00
1.011850054316757008e+00 0.000000000000000000e+00
1.011812935723129581e+00 0.000000000000000000e+00
1.011773347590239958e+00 0.000000000000000000e+00
1.011731067055127831e+00 0.000000000000000000e+00
1.011685833388773048e+00 0.000000000000000000e+00
1.011637341235386289e+00 0.000000000000000000e+00
1.011585232138049850e+00 0.000000000000000000e+00
1.011529083858468958e+00 0.000000000000000000e+00
1.011468396823801630e+00 0.000000000000000000e+00
1.011402576786931240e+00 0.000000000000000000e+00
1.011330912433535456e+00 0.000000000000000000e+00
1.011252546156050425e+00 0.000000000000000000e+00
1.011166435455795209e+00 0.000000000000000000e+00
1.011071301292091107e+00 0.000000000000000000e+00
1.010965557942653525e+00 0.000000000000000000e+00
1.010847216185289943e+00 0.000000000000000000e+00
1.010713747181157807e+00 0.000000000000000000e+00
1.010561887119755475e+00 0.000000000000000000e+00
1.010387350216146007e+00 0.000000000000000000e+00
1.010184395665032042e+00 0.000000000000000000e+00
1.009945153837273679e+00 0.000000000000000000e+00
1.009658539631844931e+00 0.000000000000000000e+00
1.009308424330801479e+00 0.000000000000000000e+00
1.008870399927817019e+00 0.000000000000000000e+00
1.008305685543856134e+00 0.000000000000000000e+00
1.007548722637470862e+00 0.000000000000000000e+00
1.006479241979061134e+00 0.000000000000000000e+00
1.004850145934846006e+00 0.000000000000000000e+00
1.002060472619738185e+00 0.000000000000000000e+00
9.961686740934645456e-01 0.000000000000000000e+00
9.754413727997747197e-01 0.000000000000000000e+00
1.155018801736841905e+00 0.000000000000000000e+00
1.036989716740090106e+00 0.000000000000000000e+00
1.025917568838789817e+00 0.000000000000000000e+00
1.021744961252277539e+00 0.000000000000000000e+00
1.019551620114411028e+00 0.000000000000000000e+00
1.018197100850868564e+00 0.000000000000000000e+00
1.017275912791745895e+00 0.000000000000000000e+00
1.016607620897020059e+00 0.000000000000000000e+00
1.016099731423478758e+00 0.000000000000000000e+00
1.015699933245418407e+00 0.000000000000000000e+00
1.015376413599662797e+00 0.000000000000000000e+00
1.015108712496264776e+00 0.000000000000000000e+00
1.014883072422140708e+00 0.000000000000000000e+00
1.014689900709552672e+00 0.000000000000000000e+00
1.014522303617817700e+00 0.000000000000000000e+00
1.014375198798312061e+00 0.000000000000000000e+00
1.014244756329224728e+00 0.000000000000000000e+00
1.014128034652407750e+00 0.000000000000000000e+00
1.014022736477445452e+00 0.000000000000000000e+00
1.013927040929694989e+00 0.000000000000000000e+00
1.013839485529224982e+00 0.000000000000000000e+00
1.013758881551467761e+00 0.000000000000000000e+00
1.013684252246111583e+00 0.000000000000000000e+00
1.013614787018376484e+00 0.000000000000000000e+00
1.013549806955689636e+00 0.000000000000000000e+00
1.013488738547970502e+00 0.000000000000000000e+00
1.013431093411744977e+00 0.000000000000000000e+00
1.013376452472060318e+00 0.000000000000000000e+00
1.013324453494512056e+00 0.000000000000000000e+00
1.013274781162934346e+00 0.000000000000000000e+00
1.013227159111184328e+00 0.000000000000000000e+00
1.013181343468898099e+00 0.000000000000000000e+00
1.013137117590208192e+00 0.000000000000000000e+00
1.013094287713915964e+00 0.000000000000000000e+00
1.013052679362160369e+00 0.000000000000000000e+00
1.013012134328173719e+00 0.000000000000000000e+00
1.012972508136387839e+00 0.000000000000000000e+00
1.012933667882880417e+00 0.000000000000000000e+00
1.012895490382987429e+00 0.000000000000000000e+00
1.012857860567359491e+00 0.000000000000000000e+00
1.012820670078880436e+00 0.000000000000000000e+00
1.012783816031479045e+00 0.000000000000000000e+00
1.012747199898549777e+00 0.000000000000000000e+00
1.012710726503861958e+00 0.000000000000000000e+00
1.012674303091816608e+00 0.000000000000000000e+00
1.012637838456935668e+00 0.000000000000000000e+00
1.012601242114706146e+00 0.000000000000000000e+00
1.012564423497502419e+00 0.000000000000000000e+00
1.012527291160323140e+00 0.000000000000000000e+00
1.012489751981616060e+00 0.000000000000000000e+00
1.012451710344493883e+00 0.000000000000000000e+00
1.012413067283243207e+00 0.000000000000000000e+00
1.012373719579115816e+00 0.000000000000000000e+00
1.012333558787992249e+00 0.000000000000000000e+00
1.012292470180505166e+00 0.000000000000000000e+00
1.012250331572548623e+00 0.000000000000000000e+00
1.012207012020637009e+00 0.000000000000000000e+00
1.012162370352135410e+00 0.000000000000000000e+00
1.012116253494738549e+00 0.000000000000000000e+00
1.012068494562421428e+00 0.000000000000000000e+00
1.012018910646012460e+00 0.000000000000000000e+00
1.011967300245001589e+00 0.000000000000000000e+00
1.011913440262497410e+00 0.000000000000000000e+00
1.011857082466387725e+00 0.000000000000000000e+00
1.011797949295454746e+00 0.000000000000000000e+00
1.011735728857669825e+00 0.000000000000000000e+00
1.011670068926671773e+00 0.000000000000000000e+00
1.011600569688156703e+00 0.000000000000000000e+00
1.011526774915793236e+00 0.000000000000000000e+00
1.011448161159615555e+00 0.000000000000000000e+00
1.011364124398976161e+00 0.000000000000000000e+00
1.011273963433097167e+00 0.000000000000000000e+00
1.011176859034505382e+00 0.000000000000000000e+00
1.011071847543582258e+00 0.000000000000000000e+00
1.010957787089823423e+00 0.000000000000000000e+00
1.010833313916063236e+00 0.000000000000000000e+00
1.010696785244464158e+00 0.000000000000000000e+00
1.010546203579804514e+00 0.000000000000000000e+00
1.010379115006778683e+00 0.000000000000000000e+00
1.010192470420312683e+00 0.000000000000000000e+00
1.009982432904053207e+00 0.000000000000000000e+00
1.009744105185589325e+00 0.000000000000000000e+00
1.009471135600564784e+00 0.000000000000000000e+00
1.009155134307594626e+00 0.000000000000000000e+00
1.008784783843401645e+00 0.000000000000000000e+00
1.008344439451166030e+00 0.000000000000000000e+00
1.007811841606951697e+00 0.000000000000000000e+00
1.007154206094453164e+00 0.000000000000000000e+00
1.006321169076100697e+00 0.000000000000000000e+00
1.005231178890522825e+00 0.000000000000000000e+00
1.003742931862391607e+00 0.000000000000000000e+00
1.001588374906535295e+00 0.000000000000000000e+00
9.981895041130368629e-01 0.000000000000000000e+00
9.920282031300690084e-01 0.000000000000000000e+00
9.774251311212484028e-01 0.000000000000000000e+00
8.992399232394188147e-01 0.000000000000000000e+00
1.110249353462444688e+00 0.000000000000000000e+00
1.047344176593671072e+00 0.000000000000000000e+00
1.033956469765843655e+00 0.000000000000000000e+00
1.028130759442229980e+00 0.000000000000000000e+00
1.024871037561976062e+00 0.000000000000000000e+00
1.022788067626917652e+00 0.000000000000000000e+00
1.021342210146905849e+00 0.000000000000000000e+00
1.020280082056016058e+00 0.000000000000000000e+00
1.019466973262736609e+00 0.000000000000000000e+00
1.018824653856849505e+00 0.000000000000000000e+00
1.018304582838653216e+00 0.000000000000000000e+00
1.017875045617048890e+00 0.000000000000000000e+00
1.017514445483014507e+00 0.000000000000000000e+00
1.017207567701220672e+00 0.000000000000000000e+00
1.016943385181113602e+00 0.000000000000000000e+00
1.016713711355118566e+00 0.000000000000000000e+00
1.016512341728730062e+00 0.000000000000000000e+00
1.016334489088927429e+00 0.000000000000000000e+00
1.016176401502605131e+00 0.000000000000000000e+00
1.016035097626605932e+00 0.000000000000000000e+00
1.015908179353084639e+00 0.000000000000000000e+00
1.015793696660963308e+00 0.000000000000000000e+00
1.015690048463212980e+00 0.000000000000000000e+00
1.015595908748846643e+00 0.000000000000000000e+00
1.015510170807280677e+00 0.000000000000000000e+00
1.015431904582188016e+00 0.000000000000000000e+00
1.015360323695292166e+00 0.000000000000000000e+00
1.015294759685948733e+00 0.000000000000000000e+00
1.015234641700783369e+00 0.000000000000000000e+00
1.015179480346443563e+00 0.000000000000000000e+00
1.015128854756299104e+00 0.000000000000000000e+00
1.015082402163451913e+00 0.000000000000000000e+00
1.015039809447276342e+00 0.000000000000000000e+00
1.015000806248804732e+00 0.000000000000000000e+00
1.014965159345188939e+00 0.000000000000000000e+00
1.014932668044567832e+00 0.000000000000000000e+00
1.014903160416523953e+00 0.000000000000000000e+00
1.014876490214576155e+00 0.000000000000000000e+00
1.014852534379158566e+00 0.000000000000000000e+00
1.014831191034719859e+00 0.000000000000000000e+00
1.014812377914720232e+00 0.000000000000000000e+00
1.014796031164766132e+00 0.000000000000000000e+00
1.014782104487931713e+00 0.000000000000000000e+00
1.014770568608295287e+00 0.000000000000000000e+00
1.014761411039545314e+00 0.000000000000000000e+00
1.014754636155793976e+00 0.000000000000000000e+00
1.014750265572009313e+00 0.000000000000000000e+00
1.014748338852342613e+00 0.000000000000000000e+00
1.014748914576681260e+00 0.000000000000000000e+00
1.014752071809755130e+00 0.000000000000000000e+00
1.014757912033970255e+00 0.000000000000000000e+00
1.014766561628018593e+00 0.000000000000000000e+00
1.014778174999804161e+00 0.000000000000000000e+00
1.014792938516461573e+00 0.000000000000000000e+00
1.014811075419227882e+00 0.000000000000000000e+00
1.014832851970866479e+00 0.000000000000000000e+00
1.014858585164246874e+00 0.000000000000000000e+00
1.014888652431323868e+00 0.000000000000000000e+00
1.014923503944995309e+00 0.000000000000000000e+00
1.014963678321410212e+00 0.000000000000000000e+00
1.015009822836469677e+00 0.000000000000000000e+00
1.015062719712644945e+00 0.000000000000000000e+00
1.015123320681835084e+00 0.000000000000000000e+00
1.015192793000672999e+00 0.000000000000000000e+00
1.015272581573238631e+00 0.000000000000000000e+00
1.015364494136065776e+00 0.000000000000000000e+00
1.015470820122191586e+00 0.000000000000000000e+00
1.015594499804026496e+00 0.000000000000000000e+00
1.015739370377877426e+00 0.000000000000000000e+00
1.015910533140998773e+00 0.000000000000000000e+00
1.016114917456023781e+00 0.000000000000000000e+00
1.016362176581286469e+00 0.000000000000000000e+00
1.016666167937627208e+00 0.000000000000000000e+00
1.017047516868370582e+00 0.000000000000000000e+00
1.017538317649960167e+00 0.000000000000000000e+00
1.018191385747412747e+00 0.000000000000000000e+00
1.019100190934861372e+00 0.000000000000000000e+00
1.020447283330741195e+00 0.000000000000000000e+00
1.022643589376881046e+00 0.000000000000000000e+00
1.026848038689333276e+00 0.000000000000000000e+00
1.038090755402089727e+00 0.000000000000000000e+00
1.163279348039231609e+00 0.000000000000000000e+00
9.764504302499987798e-01 0.000000000000000000e+00
9.969115723679317087e-01 0.000000000000000000e+00
1.002764908061743787e+00 0.000000000000000000e+00
1.005535530476084460e+00 0.000000000000000000e+00
1.007149291446481687e+00 0.000000000000000000e+00
1.008204440626528919e+00 0.000000000000000000e+00
1.008947444773584001e+00 0.000000000000000000e+00
1.009498417595013686e+00 0.000000000000000000e+00
1.009922891133237632e+00 0.000000000000000000e+00
1.010259656712332532e+00 0.000000000000000000e+00
1.010533142283595254e+00 0.000000000000000000e+00
1.010759497549377439e+00 0.000000000000000000e+00
1.010949827253164734e+00 0.000000000000000000e+00
1.011112018957867287e+00 0.000000000000000000e+00
1.011251829971009153e+00 0.000000000000000000e+00
1.011373561592950887e+00 0.000000000000000000e+00
1.011480492613448190e+00 0.000000000000000000e+00
1.011575166723155617e+00 0.000000000000000000e+00
1.011659588228672524e+00 0.000000000000000000e+00
1.011735358487629188e+00 0.000000000000000000e+00
1.011803773014280372e+00 0.000000000000000000e+00
1.011865891886043700e+00 0.000000000000000000e+00
1.011922591650624925e+00 0.000000000000000000e+00
1.011974604177995563e+00 0.000000000000000000e+00
1.012022546146027491e+00 0.000000000000000000e+00
1.012066941705567436e+00 0.000000000000000000e+00
1.012108240111621926e+00 0.000000000000000000e+00
1.012146829594124053e+00 0.000000000000000000e+00
1.012183048389060147e+00 0.000000000000000000e+00
1.012217193604773913e+00 0.000000000000000000e+00
1.012249528424403078e+00 0.000000000000000000e+00
1.012280288021051300e+00 0.000000000000000000e+00
1.012309684472396221e+00 0.000000000000000000e+00
1.012337910895926729e+00 0.000000000000000000e+00
1.012365144977931397e+00 0.000000000000000000e+00
1.012391552034040298e+00 0.000000000000000000e+00
1.012417287713219816e+00 0.000000000000000000e+00
1.012442500438387238e+00 0.000000000000000000e+00
1.012467333663656932e+00 0.000000000000000000e+00
1.012491928019625398e+00 0.000000000000000000e+00
1.012516423413389433e+00 0.000000000000000000e+00
1.012540961148844509e+00 0.000000000000000000e+00
1.012565686135219023e+00 0.000000000000000000e+00
1.012590749258023726e+00 0.000000000000000000e+00
1.012616309997236952e+00 0.000000000000000000e+00
1.012642539393640684e+00 0.000000000000000000e+00
1.012669623487341797e+00 0.000000000000000000e+00
1.012697767385011938e+00 0.000000000000000000e+00
1.012727200157740537e+00 0.000000000000000000e+00
1.012758180834770094e+00 0.000000000000000000e+00
1.012791005847434977e+00 0.000000000000000000e+00
1.012826018403938155e+00 0.000000000000000000e+00
1.012863620456858849e+00 0.000000000000000000e+00
1.012904288188992030e+00 0.000000000000000000e+00
1.012948592332814979e+00 0.000000000000000000e+00
1.012997225224857800e+00 0.000000000000000000e+00
1.013051037394590903e+00 0.000000000000000000e+00
1.013111087894540852e+00 0.000000000000000000e+00
1.013178714835565319e+00 0.000000000000000000e+00
1.013255636310129715e+00 0.000000000000000000e+00
1.013344098200000820e+00 0.000000000000000000e+00
1.013447096453312213e+00 0.000000000000000000e+00
1.013568721659877214e+00 0.000000000000000000e+00
1.013714712400357154e+00 0.000000000000000000e+00
1.013893381570457164e+00 0.000000000000000000e+00
1.014117246149479845e+00 0.000000000000000000e+00
1.014406074006370284e+00 0.000000000000000000e+00
1.014793028836164401e+00 0.000000000000000000e+00
1.015338338675809915e+00 0.000000000000000000e+00
1.016163990108990944e+00 0.000000000000000000e+00
1.017560190942918386e+00 0.000000000000000000e+00
1.020427940843801062e+00 0.000000000000000000e+00
1.029670408017828276e+00 0.000000000000000000e+00
8.530625746168838397e-01 0.000000000000000000e+00
9.977025054850719998e-01 0.000000000000000000e+00
1.004553443450840078e+00 0.000000000000000000e+00
1.006981218211232099e+00 0.000000000000000000e+00
1.008222529306838977e+00 0.000000000000000000e+00
1.008975235212780097e+00 0.000000000000000000e+00
1.009479543569446358e+00 0.000000000000000000e+00
1.009840323239690418e+00 0.000000000000000000e+00
1.010110651715530938e+00 0.000000000000000000e+00
1.010320273243528133e+00 0.000000000000000000e+00
1.010487150278064350e+00 0.000000000000000000e+00
1.010622770614391541e+00 0.000000000000000000e+00
1.010734822768410091e+00 0.000000000000000000e+00
1.010828645936745041e+00 0.000000000000000000e+00
1.010908062922109441e+00 0.000000000000000000e+00
1.010975882074845122e+00 0.000000000000000000e+00
1.011034212159863888e+00 0.000000000000000000e+00
1.011084666730156512e+00 0.000000000000000000e+00
1.011128500738949221e+00 0.000000000000000000e+00
1.011166704223726009e+00 0.000000000000000000e+00
1.011200068011083975e+00 0.000000000000000000e+00
1.011229230723246220e+00 0.000000000000000000e+00
1.011254713007235573e+00 0.000000000000000000e+00
1.011276942856921268e+00 0.000000000000000000e+00
1.011296274613199486e+00 0.000000000000000000e+00
1.011313003403339961e+00 0.000000000000000000e+00
1.011327376240489295e+00 0.000000000000000000e+00
1.011339600643595515e+00 0.000000000000000000e+00
1.011349851392783883e+00 0.000000000000000000e+00
1.011358275865785306e+00 0.000000000000000000e+00
1.011364998282189065e+00 0.000000000000000000e+00
1.011370123097792062e+00 0.000000000000000000e+00
1.011373737730434152e+00 0.000000000000000000e+00
1.011375914754307104e+00 0.000000000000000000e+00
1.011376713666931382e+00 0.000000000000000000e+00
1.011376182308518334e+00 0.000000000000000000e+00
1.011374357994920592e+00 0.000000000000000000e+00
1.011371268411202173e+00 0.000000000000000000e+00
1.011366932301863031e+00 0.000000000000000000e+00
1.011361359985079478e+00 0.000000000000000000e+00
1.011354553711342863e+00 0.000000000000000000e+00
1.011346507881143442e+00 0.000000000000000000e+00
1.011337209131481840e+00 0.000000000000000000e+00
1.011326636296718151e+00 0.000000000000000000e+00
1.011314760245368705e+00 0.000000000000000000e+00
1.011301543590707785e+00 0.000000000000000000e+00
1.011286940269276569e+00 0.000000000000000000e+00
1.011270894977420953e+00 0.000000000000000000e+00
1.011253342451617021e+00 0.000000000000000000e+00
1.011234206573362604e+00 0.000000000000000000e+00
1.011213399273555691e+00 0.000000000000000000e+00
1.011190819204239144e+00 0.000000000000000000e+00
1.011166350136950776e+00 0.000000000000000000e+00
1.011139859036163546e+00 0.000000000000000000e+00
1.011111193742729286e+00 0.000000000000000000e+00
1.011080180184943167e+00 0.000000000000000000e+00
1.011046619012543113e+00 0.000000000000000000e+00
1.011010281519965748e+00 0.000000000000000000e+00
1.010970904687092053e+00 0.000000000000000000e+00
1.010928185115223865e+00 0.000000000000000000e+00
1.010881771568428400e+00 0.000000000000000000e+00
1.010831255738936285e+00 0.000000000000000000e+00
1.010776160730210149e+00 0.000000000000000000e+00
1.010715926578288570e+00 0.000000000000000000e+00
1.010649891889674912e+00 0.000000000000000000e+00
1.010577270330064614e+00 0.000000000000000000e+00
1.010497120202887844e+00 0.000000000000000000e+00
1.010408304632168131e+00 0.000000000000000000e+00
1.010309438786360259e+00 0.000000000000000000e+00
1.010198818946141497e+00 0.000000000000000000e+00
1.010074325691701302e+00 0.000000000000000000e+00
1.009933289485448915e+00 0.000000000000000000e+00
1.009772300435512804e+00 0.000000000000000000e+00
1.009586933192017977e+00 0.000000000000000000e+00
1.009371339263987588e+00 0.000000000000000000e+00
1.009117625711209998e+00 0.000000000000000000e+00
1.008814877126116505e+00 0.000000000000000000e+00
1.008447556701999703e+00 0.000000000000000000e+00
1.007992772076707233e+00 0.000000000000000000e+00
1.007415339427234713e+00 0.000000000000000000e+00
1.006658256653370387e+00 0.000000000000000000e+00
1.005622690039178035e+00 0.000000000000000000e+00
1.004120982066142087e+00 0.000000000000000000e+00
1.001747954920566119e+00 0.000000000000000000e+00
9.974371542898606835e-01 0.000000000000000000e+00
9.871819961904482188e-01 0.000000000000000000e+00
9.314326722513128765e-01 0.000000000000000000e+00
1.078744396358969793e+00 0.000000000000000000e+00
1.035868028726296242e+00 0.000000000000000000e+00
1.026632970618427620e+00 0.000000000000000000e+00
1.022602719047512876e+00 0.000000000000000000e+00
1.020344827035732704e+00 0.000000000000000000e+00
1.018901084386759637e+00 0.000000000000000000e+00
1.017898528488387910e+00 0.000000000000000000e+00
1.017161817022118164e+00 0.000000000000000000e+00
1.016597648377206342e+00 0.000000000000000000e+00
1.016151804336731912e+00 0.000000000000000000e+00
1.015790625543128378e+00 0.000000000000000000e+00
1.015492110847454832e+00 0.000000000000000000e+00
1.015241272255218208e+00 0.000000000000000000e+00
1.015027546859917029e+00 0.000000000000000000e+00
1.014843276087124213e+00 0.000000000000000000e+00
1.014682771759997104e+00 0.000000000000000000e+00
1.014541720770295363e+00 0.000000000000000000e+00
1.014416793291634367e+00 0.000000000000000000e+00
1.014305377722830803e+00 0.000000000000000000e+00
1.014205396982730267e+00 0.000000000000000000e+00
1.014115178444305876e+00 0.000000000000000000e+00
1.014033360083856250e+00 0.000000000000000000e+00
