9.422350467590030476e-01
9.693948152908590243e-01
9.457170683656511700e-01
1.025803565318559762e+00
1.001429414072022350e+00
9.916797535734074298e-01
9.902869449307482030e-01
1.000036605429363235e+00
9.589487504709143240e-01
9.819300930747925094e-01
9.840193060387814050e-01
9.025400004432135859e-01
9.610379634349033307e-01
9.833229017174517361e-01
9.171644911911359666e-01
9.756624541828257113e-01
9.645199850415514531e-01
1.013268287534626388e+00
9.721804325761775889e-01
9.443242597229919433e-01
9.373602165096955874e-01
9.568595375069254283e-01
9.213429171191138689e-01
9.965545838227148900e-01
9.178608955124656354e-01
9.303961732963991205e-01
9.805372844321331716e-01
9.415386424376733787e-01
9.150752782271470709e-01
9.575559418282550972e-01
9.324853862603880161e-01
9.310925776177287894e-01
9.505918986149587413e-01
9.485026856509697346e-01
9.415386424376733787e-01
9.269141516897508870e-01
8.997543831578950213e-01
9.721804325761775889e-01
9.276105560110805559e-01
9.387530251523548142e-01
8.816478708033242961e-01
9.199501084764545311e-01
9.255213430470916602e-01
9.317889819390584583e-01
9.303961732963991205e-01
9.129860652631581752e-01
9.164680868698062977e-01
9.129860652631581752e-01
9.095040436565099418e-01
9.526811115789476370e-01
9.415386424376733787e-01
9.276105560110805559e-01
9.011471918005542481e-01
9.283069603324102248e-01
8.962723615512467878e-01
8.976651701939060146e-01
9.199501084764545311e-01
8.788622535180057316e-01
8.879155096952910942e-01
8.663269757340722466e-01
8.356851855955680364e-01
8.600593368421054485e-01
8.635413584487536820e-01
8.099182257063713974e-01
8.280247380609420116e-01
8.252391207756234470e-01
8.196678862049863179e-01
8.008649695290860349e-01
7.611699232132965731e-01
7.744016053185597270e-01
6.845654478670362142e-01
6.915294910803325701e-01
7.632591361772854688e-01
1.174137685761773131e+00
1.468020309362881193e+00
1.421361219833795486e+00
1.321078997562327162e+00
1.265366651855956093e+00
1.137228256731302345e+00
1.151852747479224615e+00
1.183190941939058494e+00
1.093354784487534870e+00
1.059230972742382537e+00
1.066891420277008562e+00
1.060623781385041875e+00
1.101015232022160895e+00
1.032071204210526671e+00
1.101711636343490675e+00
1.022321543711911529e+00
1.071069846204986353e+00
9.902869449307482030e-01
1.002822222714681688e+00
1.013964691855955946e+00
9.986437967867038967e-01
1.029285586925207996e+00
9.888941362880888652e-01
1.023017948033241309e+00
1.006304244321329922e+00
1.016750309141274400e+00
9.902869449307482030e-01
9.415386424376733787e-01
9.909833492520778719e-01
9.686984109695293554e-01
9.443242597229919433e-01
1.027892778282548658e+00
9.561631331855958704e-01
9.791444757894739448e-01
9.868049233240999696e-01
9.624307720775625574e-01
1.000733009750692792e+00
9.206465127977842000e-01
9.561631331855958704e-01
9.227357257617730957e-01
9.324853862603880161e-01
9.686984109695293554e-01
9.582523461495847661e-01
9.185572998337953043e-01
9.108968522991691685e-01
9.589487504709143240e-01
9.220393214404434268e-01
8.913975313019393276e-01
9.206465127977842000e-01
9.018435961218839170e-01
8.837370837673133028e-01
8.203642905263159868e-01
8.927903399445985544e-01
8.976651701939060146e-01
8.517024849861497549e-01
8.273283337396124537e-01
8.008649695290860349e-01
8.287211423822716805e-01
8.433456331301941722e-01
8.196678862049863179e-01
8.287211423822716805e-01
8.245427164542938892e-01
9.533775159002773059e-01
9.401458337950141519e-01
1.155334769085872848e+00
1.222885988254847955e+00
1.261884630249307859e+00
1.295312037673130634e+00
1.257706204321330068e+00
1.265366651855956093e+00
1.211047114792244139e+00
1.255616991357340950e+00
1.118425340055402062e+00
1.169262855512465782e+00
1.129567809196676098e+00
1.181101728975069598e+00
1.106586466592798024e+00
1.139317469695291241e+00
1.144192299944598590e+00
1.081515911024931054e+00
1.090569167202216416e+00
1.010482670249307713e+00
1.140013874016620798e+00
1.082908719667590391e+00
1.054356142493074966e+00
1.047392099279778721e+00
1.115639722770083386e+00
1.059927377063712095e+00
1.040428056066482254e+00
1.048784907922438059e+00
1.073159059168975249e+00
9.972509881440445589e-01
1.023714352354570867e+00
1.061320185706371433e+00
1.025803565318559762e+00
1.057838164099723199e+00
1.065498611634349224e+00
1.011875478891967051e+00
1.052963333850415850e+00
1.035553225817174683e+00
1.004911435678670584e+00
1.067587824598338120e+00
1.011179074570637493e+00
1.040428056066482254e+00
1.018143117783933738e+00
1.027196373961219100e+00
1.005607840000000364e+00
9.979473924653742278e-01
1.057838164099723199e+00
1.002822222714681688e+00
1.039731651745152696e+00
1.023017948033241309e+00
1.011875478891967051e+00
9.680020066481996865e-01
1.002822222714681688e+00
1.062016590027701213e+00
9.798408801108036137e-01
1.011179074570637493e+00
1.003518627036011246e+00
1.042517269030471150e+00
1.022321543711911529e+00
9.547703245429365326e-01
1.019535926426593075e+00
9.819300930747925094e-01
9.763588585041553802e-01
1.001429414072022350e+00
1.030678395567867334e+00
9.888941362880888652e-01
9.338781949030473539e-01
9.533775159002773059e-01
9.749660498614961535e-01
9.478062813296401767e-01
9.721804325761775889e-01
9.638235807202218952e-01
9.986437967867038967e-01
1.002822222714681688e+00
9.596451547922439929e-01
1.000733009750692792e+00
9.714840282548479200e-01
9.164680868698062977e-01
9.547703245429365326e-01
9.505918986149587413e-01
9.714840282548479200e-01
9.979473924653742278e-01
9.255213430470916602e-01
9.310925776177287894e-01
9.826264973961221783e-01
1.007000648642659479e+00
9.422350467590030476e-01
9.930725622160667676e-01
9.491990899722994035e-01
8.670233800554019155e-01
9.255213430470916602e-01
9.547703245429365326e-01
9.352710035457065807e-01
9.373602165096955874e-01
9.290033646537398937e-01
9.171644911911359666e-01
9.498954942936290724e-01
9.972509881440445589e-01
9.422350467590030476e-01
9.290033646537398937e-01
9.422350467590030476e-01
9.108968522991691685e-01
9.025400004432135859e-01
8.997543831578950213e-01
8.976651701939060146e-01
8.851298924099725296e-01
9.046292134072024815e-01
8.363815899168977053e-01
8.893083183379503209e-01
8.523988893074794237e-01
8.635413584487536820e-01
8.461312504155127368e-01
8.363815899168977053e-01
8.433456331301941722e-01
7.911153090304711144e-01
8.377743985595570431e-01
7.744016053185597270e-01
7.994721608864268081e-01
7.813656485318561939e-01
8.071326084210528329e-01
8.147930559556788577e-01
9.206465127977842000e-01
9.735732412188368157e-01
1.103104444986149790e+00
1.251438565429363159e+00
1.317596975955678928e+00
1.291133611745152621e+00
1.324561019168975395e+00
1.285562377174515492e+00
1.265366651855956093e+00
1.247260139501385368e+00
1.194333411080332752e+00
1.286955185817174829e+00
1.218011158005540384e+00
1.146977917229917265e+00
1.206868688864266348e+00
1.149763534515235719e+00
1.187369367867036285e+00
1.114246914127424049e+00
1.130960617839335436e+00
1.148370725872576381e+00
1.120514553019390958e+00
1.117728935734072282e+00
1.094051188808864650e+00
1.130264213518005878e+00
1.103800849307479570e+00
1.114943318448753828e+00
1.153941960443213510e+00
1.087087145595568183e+00
1.057141759778393642e+00
1.068284228919667900e+00
1.071069846204986353e+00
1.052963333850415850e+00
1.049481312243767617e+00
1.046695694958448941e+00
1.071069846204986353e+00
1.075944676454293925e+00
1.089872762880886636e+00
1.055748951135734304e+00
1.070373441883656795e+00
1.053659738171745408e+00
1.017446713462604180e+00
1.039035247423822916e+00
1.068980633240997458e+00
1.055052546814404746e+00
1.052266929529086070e+00
1.066195015955679004e+00
1.021625139390581971e+00
1.055748951135734304e+00
1.002125818393352130e+00
1.064105802991690108e+00
9.819300930747925094e-01
1.044606481994460045e+00
1.057838164099723199e+00
1.066195015955679004e+00
1.045999290637119383e+00
1.040428056066482254e+00
1.020232330747922633e+00
1.025803565318559762e+00
1.067587824598338120e+00
9.916797535734074298e-01
1.027196373961219100e+00
9.791444757894739448e-01
1.050177716565097175e+00
1.050874120886426955e+00
1.050874120886426955e+00
1.018143117783933738e+00
1.002125818393352130e+00
1.032767608531856229e+00
1.046695694958448941e+00
1.018839522105263518e+00
9.972509881440445589e-01
1.020928735069252413e+00
1.022321543711911529e+00
1.001429414072022350e+00
9.979473924653742278e-01
1.010482670249307713e+00
1.006304244321329922e+00
1.075944676454293925e+00
1.020928735069252413e+00
9.881977319667593074e-01
9.965545838227148900e-01
1.016750309141274400e+00
1.043910077673130488e+00
1.058534568421052979e+00
1.048784907922438059e+00
1.055748951135734304e+00
1.016750309141274400e+00
1.043213673351800930e+00
1.007697052963989259e+00
1.036946034459834021e+00
1.009786265927978155e+00
9.979473924653742278e-01
9.854121146814407428e-01
1.013964691855955946e+00
1.009786265927978155e+00
1.056445355457064084e+00
9.624307720775625574e-01
1.016053904819944842e+00
1.016053904819944842e+00
1.046695694958448941e+00
1.007697052963989259e+00
1.001429414072022350e+00
1.001429414072022350e+00
1.010482670249307713e+00
9.923761578947370987e-01
9.958581795013853322e-01
1.019535926426593075e+00
9.533775159002773059e-01
1.045302886315789825e+00
1.000036605429363235e+00
9.875013276454296385e-01
1.010482670249307713e+00
1.026499969639889542e+00
9.213429171191138689e-01
9.847157103601110739e-01
1.011179074570637493e+00
1.009089861606648375e+00
9.812336887534628405e-01
9.979473924653742278e-01
1.028589182603878438e+00
1.011179074570637493e+00
1.020928735069252413e+00
1.020232330747922633e+00
1.052266929529086070e+00
1.049481312243767617e+00
1.088479954238227521e+00
1.064802207313019666e+00
1.115639722770083386e+00
1.125389383268698307e+00
1.133049830803324332e+00
1.126085787590028087e+00
1.137924661052631903e+00
1.100318827700831337e+00
1.065498611634349224e+00
1.112854105484764933e+00
1.133049830803324332e+00
1.131657022160665216e+00
1.042517269030471150e+00
1.050874120886426955e+00
1.058534568421052979e+00
1.094747593130194208e+00
1.045999290637119383e+00
1.078730293739612378e+00
1.093354784487534870e+00
1.094747593130194208e+00
1.088479954238227521e+00
1.066891420277008562e+00
1.056445355457064084e+00
1.048784907922438059e+00
1.052266929529086070e+00
1.013268287534626388e+00
1.026499969639889542e+00
1.048784907922438059e+00
1.009786265927978155e+00
1.071766250526316133e+00
1.110068488199446257e+00
1.057141759778393642e+00
1.047392099279778721e+00
1.085694336952908845e+00
1.011875478891967051e+00
1.003518627036011246e+00
1.047392099279778721e+00
1.088479954238227521e+00
1.029981991246537776e+00
1.079426698060942158e+00
1.023714352354570867e+00
1.018143117783933738e+00
1.033464012853185787e+00
1.018143117783933738e+00
1.028589182603878438e+00
1.028589182603878438e+00
1.034160417174515567e+00
1.068284228919667900e+00
1.077337485096953262e+00
1.027196373961219100e+00
1.004215031357341026e+00
1.032767608531856229e+00
1.033464012853185787e+00
1.008393457285318817e+00
1.059230972742382537e+00
9.673056023268700176e-01
1.033464012853185787e+00
9.916797535734074298e-01
1.018839522105263518e+00
1.000733009750692792e+00
1.011179074570637493e+00
9.937689665373964365e-01
1.040428056066482254e+00
9.854121146814407428e-01
1.039731651745152696e+00
1.011179074570637493e+00
9.909833492520778719e-01
1.089176358559557078e+00
1.025107160997230205e+00
1.016053904819944842e+00
1.040428056066482254e+00
1.026499969639889542e+00
1.039731651745152696e+00
1.032767608531856229e+00
1.131657022160665216e+00
1.049481312243767617e+00
1.048784907922438059e+00
1.023714352354570867e+00
1.018143117783933738e+00
1.045999290637119383e+00
9.986437967867038967e-01
1.047392099279778721e+00
1.030678395567867334e+00
1.055052546814404746e+00
1.044606481994460045e+00
1.045999290637119383e+00
9.798408801108036137e-01
1.008393457285318817e+00
1.033464012853185787e+00
1.050177716565097175e+00
1.024410756675900647e+00
9.944653708587259944e-01
1.039731651745152696e+00
1.082908719667590391e+00
1.034856821495845125e+00
1.099622423379501779e+00
1.007697052963989259e+00
1.002125818393352130e+00
1.035553225817174683e+00
1.004911435678670584e+00
1.001429414072022350e+00
1.044606481994460045e+00
1.091265571523545974e+00
1.013268287534626388e+00
1.003518627036011246e+00
1.063409398670360329e+00
1.016053904819944842e+00
9.742696455401664846e-01
9.805372844321331716e-01
9.840193060387814050e-01
9.680020066481996865e-01
1.031374799889196892e+00
1.017446713462604180e+00
1.027892778282548658e+00
1.027196373961219100e+00
1.013268287534626388e+00
1.048088503601108279e+00
9.749660498614961535e-01
1.052266929529086070e+00
1.029981991246537776e+00
9.728768368975071468e-01
9.450206640443216122e-01
9.680020066481996865e-01
1.018839522105263518e+00
1.062016590027701213e+00
1.009786265927978155e+00
9.847157103601110739e-01
1.027892778282548658e+00
1.020928735069252413e+00
1.020232330747922633e+00
9.575559418282550972e-01
1.025107160997230205e+00
1.032767608531856229e+00
9.840193060387814050e-01
1.055748951135734304e+00
1.032071204210526671e+00
1.041820864709141592e+00
1.020232330747922633e+00
1.013268287534626388e+00
9.589487504709143240e-01
1.039731651745152696e+00
1.012571883213296609e+00
1.011179074570637493e+00
1.012571883213296609e+00
1.048088503601108279e+00
9.958581795013853322e-01
1.018143117783933738e+00
1.006304244321329922e+00
1.032767608531856229e+00
9.951617751800556633e-01
9.770552628254850491e-01
1.016750309141274400e+00
1.008393457285318817e+00
9.728768368975071468e-01
1.049481312243767617e+00
1.000733009750692792e+00
1.003518627036011246e+00
9.895905406094185341e-01
9.861085190027703007e-01
9.805372844321331716e-01
9.944653708587259944e-01
9.861085190027703007e-01
9.735732412188368157e-01
9.756624541828257113e-01
1.000036605429363235e+00
1.003518627036011246e+00
9.868049233240999696e-01
9.881977319667593074e-01
9.937689665373964365e-01
1.029981991246537776e+00
9.951617751800556633e-01
1.013268287534626388e+00
9.317889819390584583e-01
9.965545838227148900e-01
9.498954942936290724e-01
9.965545838227148900e-01
1.009089861606648375e+00
1.091265571523545974e+00
1.029981991246537776e+00
1.009089861606648375e+00
9.958581795013853322e-01
9.561631331855958704e-01
1.031374799889196892e+00
1.002822222714681688e+00
9.979473924653742278e-01
1.032071204210526671e+00
1.016053904819944842e+00
1.017446713462604180e+00
9.805372844321331716e-01
9.993402011080334546e-01
1.014661096177285504e+00
1.018839522105263518e+00
1.046695694958448941e+00
9.666091980055404598e-01
1.028589182603878438e+00
1.006304244321329922e+00
9.937689665373964365e-01
1.008393457285318817e+00
1.025107160997230205e+00
1.042517269030471150e+00
1.044606481994460045e+00
1.072462654847645691e+00
1.029981991246537776e+00
1.036249630138504463e+00
1.013964691855955946e+00
1.022321543711911529e+00
1.002125818393352130e+00
9.902869449307482030e-01
1.017446713462604180e+00
1.029981991246537776e+00
1.000036605429363235e+00
1.024410756675900647e+00
1.016750309141274400e+00
1.034856821495845125e+00
1.036249630138504463e+00
1.032767608531856229e+00
1.020928735069252413e+00
9.847157103601110739e-01
1.020232330747922633e+00
1.002822222714681688e+00
1.041124460387811812e+00
1.049481312243767617e+00
1.002822222714681688e+00
9.937689665373964365e-01
9.700912196121885822e-01
1.027196373961219100e+00
1.052963333850415850e+00
9.993402011080334546e-01
1.043910077673130488e+00
9.812336887534628405e-01
1.013268287534626388e+00
9.965545838227148900e-01
1.028589182603878438e+00
1.050874120886426955e+00
9.951617751800556633e-01
1.035553225817174683e+00
9.686984109695293554e-01
9.881977319667593074e-01
1.009786265927978155e+00
1.054356142493074966e+00
1.014661096177285504e+00
9.965545838227148900e-01
1.000036605429363235e+00
1.025803565318559762e+00
1.009786265927978155e+00
1.011875478891967051e+00
1.002125818393352130e+00
9.666091980055404598e-01
1.007697052963989259e+00
9.686984109695293554e-01
1.030678395567867334e+00
9.645199850415514531e-01
9.840193060387814050e-01
1.009089861606648375e+00
1.028589182603878438e+00
1.007000648642659479e+00
1.034160417174515567e+00
1.008393457285318817e+00
9.888941362880888652e-01
1.007697052963989259e+00
9.993402011080334546e-01
1.007000648642659479e+00
9.979473924653742278e-01
1.002125818393352130e+00
1.050874120886426955e+00
9.993402011080334546e-01
9.951617751800556633e-01
9.784480714681442759e-01
1.006304244321329922e+00
9.847157103601110739e-01
1.001429414072022350e+00
1.035553225817174683e+00
1.017446713462604180e+00
9.909833492520778719e-01
1.052266929529086070e+00
1.004911435678670584e+00
1.033464012853185787e+00
1.036249630138504463e+00
1.036946034459834021e+00
9.680020066481996865e-01
9.888941362880888652e-01
9.958581795013853322e-01
9.624307720775625574e-01
9.805372844321331716e-01
9.888941362880888652e-01
1.007697052963989259e+00
9.568595375069254283e-01
9.986437967867038967e-01
9.979473924653742278e-01
1.033464012853185787e+00
1.060623781385041875e+00
9.164680868698062977e-01
1.031374799889196892e+00
9.951617751800556633e-01
9.909833492520778719e-01
9.965545838227148900e-01
1.034856821495845125e+00
9.491990899722994035e-01
9.770552628254850491e-01
9.840193060387814050e-01
1.026499969639889542e+00
9.777516671468146070e-01
9.436278554016622744e-01
9.749660498614961535e-01
9.875013276454296385e-01
9.631271763988922263e-01
9.401458337950141519e-01
9.693948152908590243e-01
9.826264973961221783e-01
9.631271763988922263e-01
9.624307720775625574e-01
1.014661096177285504e+00
9.833229017174517361e-01
9.993402011080334546e-01
1.033464012853185787e+00
9.777516671468146070e-01
1.027892778282548658e+00
9.902869449307482030e-01
1.070373441883656795e+00
1.066195015955679004e+00
1.071766250526316133e+00
1.007000648642659479e+00
1.021625139390581971e+00
1.028589182603878438e+00
1.130264213518005878e+00
1.071069846204986353e+00
1.058534568421052979e+00
1.094747593130194208e+00
1.073855463490305029e+00
1.126085787590028087e+00
1.085694336952908845e+00
1.086390741274238403e+00
1.062016590027701213e+00
1.068980633240997458e+00
1.041820864709141592e+00
1.107282870914127804e+00
1.059927377063712095e+00
1.015357500498615284e+00
1.078033889418282820e+00
1.054356142493074966e+00
1.101015232022160895e+00
1.108675679556786919e+00
1.050874120886426955e+00
1.025107160997230205e+00
1.096140401772853545e+00
1.046695694958448941e+00
1.002822222714681688e+00
1.027892778282548658e+00
1.042517269030471150e+00
1.082212315346260612e+00
1.064802207313019666e+00
1.072462654847645691e+00
1.063409398670360329e+00
1.057838164099723199e+00
1.062712994349030771e+00
1.024410756675900647e+00
1.028589182603878438e+00
1.071766250526316133e+00
1.039035247423822916e+00
1.057838164099723199e+00
1.022321543711911529e+00
1.016053904819944842e+00
1.045999290637119383e+00
1.094051188808864650e+00
1.045999290637119383e+00
1.081515911024931054e+00
1.056445355457064084e+00
1.081515911024931054e+00
1.056445355457064084e+00
1.087087145595568183e+00
1.066195015955679004e+00
1.062016590027701213e+00
1.048088503601108279e+00
1.078033889418282820e+00
1.000036605429363235e+00
1.041124460387811812e+00
1.006304244321329922e+00
1.064105802991690108e+00
1.039731651745152696e+00
1.042517269030471150e+00
1.015357500498615284e+00
1.087087145595568183e+00
1.105890062271468466e+00
1.045999290637119383e+00
9.742696455401664846e-01
9.464134726869808389e-01
1.046695694958448941e+00
1.025803565318559762e+00
1.054356142493074966e+00
