9.653032400000000068e-01
9.651346800000000226e-01
9.652647699999999942e-01
9.651244199999999829e-01
9.646609000000000433e-01
9.646809400000000423e-01
9.645513700000000190e-01
9.645200900000000521e-01
9.643769700000000000e-01
9.642239999999999700e-01
9.641133200000000514e-01
9.640950000000000353e-01
9.639721700000000171e-01
9.637783300000000164e-01
9.637792200000000475e-01
9.637776099999999513e-01
9.634949499999999611e-01
9.634724500000000358e-01
9.631805599999999634e-01
9.631614499999999746e-01
9.628468100000000529e-01
9.628839000000000148e-01
9.626970799999999828e-01
9.625115699999999830e-01
9.624604500000000229e-01
9.622598799999999564e-01
9.622003000000000084e-01
9.619036899999999779e-01
9.618707100000000176e-01
9.616538599999999715e-01
9.615162999999999904e-01
9.613527499999999781e-01
9.611965700000000279e-01
9.610947699999999871e-01
9.608895600000000314e-01
9.608495999999999704e-01
9.605379800000000134e-01
9.603557099999999735e-01
9.602898600000000506e-01
9.601899900000000487e-01
9.598843900000000318e-01
9.596722600000000547e-01
9.596103499999999453e-01
9.591429299999999492e-01
9.590095400000000492e-01
9.588286499999999490e-01
9.588390500000000261e-01
9.585702200000000284e-01
9.583218599999999698e-01
9.581062299999999476e-01
9.576893199999999551e-01
9.574735500000000066e-01
9.572477700000000533e-01
9.571457199999999776e-01
9.569520000000000248e-01
9.567244099999999696e-01
9.561110999999999915e-01
9.559214999999999796e-01
9.555152300000000487e-01
9.553749900000000350e-01
9.549888699999999897e-01
9.546698599999999812e-01
9.542905000000000415e-01
9.536628799999999906e-01
9.532864899999999864e-01
9.528218499999999702e-01
9.523942399999999475e-01
9.517033799999999877e-01
9.512378200000000117e-01
9.506601599999999763e-01
9.498808899999999777e-01
9.490037199999999951e-01
9.480380099999999866e-01
9.470092300000000352e-01
9.460858699999999954e-01
9.445384199999999897e-01
9.428615299999999477e-01
9.407889200000000285e-01
9.384131399999999790e-01
9.354223099999999791e-01
9.320478100000000321e-01
9.312494900000000131e-01
9.511967500000000353e-01
1.055027649999999984e+00
1.067045400000000033e+00
1.025106209999999907e+00
1.002396770000000048e+00
9.900913900000000156e-01
9.824240499999999932e-01
9.772342800000000107e-01
9.736626099999999839e-01
9.709307799999999933e-01
9.687901399999999663e-01
9.669621699999999542e-01
9.654973100000000530e-01
9.643504600000000204e-01
9.630408599999999986e-01
9.620095699999999805e-01
9.614330599999999505e-01
9.606482100000000024e-01
9.597008399999999995e-01
9.590450200000000258e-01
9.583907499999999580e-01
9.579801599999999695e-01
9.572885300000000264e-01
9.565555700000000217e-01
9.561795400000000500e-01
9.554774099999999715e-01
9.550772899999999677e-01
9.547159100000000009e-01
9.540935299999999675e-01
9.535948800000000336e-01
9.532882700000000487e-01
9.528701400000000321e-01
9.522722999999999605e-01
9.517538800000000521e-01
9.513845100000000166e-01
9.508308199999999655e-01
9.507210799999999962e-01
9.500680000000000236e-01
9.495637099999999498e-01
9.493272900000000458e-01
9.489046599999999554e-01
9.482116000000000433e-01
9.478528099999999901e-01
9.473301200000000533e-01
9.468619799999999920e-01
9.464970499999999509e-01
9.459584500000000062e-01
9.454532799999999515e-01
9.448624799999999491e-01
9.444255499999999470e-01
9.439319099999999851e-01
9.435587899999999806e-01
9.427442900000000403e-01
9.421830599999999611e-01
9.417730699999999899e-01
9.413164200000000426e-01
9.405145700000000497e-01
9.400268000000000512e-01
9.392884299999999520e-01
9.387785199999999497e-01
9.383725899999999509e-01
9.373983700000000363e-01
9.367193400000000114e-01
9.361795299999999820e-01
9.354734799999999684e-01
9.347212900000000380e-01
9.340742699999999843e-01
9.332480100000000167e-01
9.324657100000000032e-01
9.316379900000000269e-01
9.308344600000000302e-01
9.299546199999999541e-01
9.290023400000000375e-01
9.278459300000000409e-01
9.271331400000000222e-01
9.262550299999999792e-01
9.253211900000000156e-01
9.240751999999999855e-01
9.231703599999999676e-01
9.219840000000000257e-01
9.207668100000000466e-01
9.193677399999999889e-01
9.180854699999999591e-01
9.168285600000000146e-01
9.154358700000000404e-01
9.139456900000000328e-01
9.123669800000000496e-01
9.109186900000000309e-01
9.090094100000000177e-01
9.074740599999999713e-01
9.053799599999999836e-01
9.038222799999999779e-01
9.016306899999999569e-01
8.994766800000000284e-01
8.971046799999999877e-01
8.946116299999999910e-01
8.918543799999999466e-01
8.891595899999999997e-01
8.862062600000000234e-01
8.833623999999999921e-01
8.800001400000000418e-01
8.761701800000000206e-01
8.724461799999999601e-01
8.681238199999999905e-01
8.636768200000000117e-01
8.588608899999999879e-01
8.535231199999999685e-01
8.476510900000000515e-01
8.415742099999999892e-01
8.346493099999999776e-01
8.267522099999999874e-01
8.185905599999999671e-01
8.091698200000000396e-01
7.990029899999999685e-01
7.875617599999999996e-01
7.751949200000000095e-01
7.614822599999999664e-01
7.471362099999999673e-01
7.328658300000000514e-01
7.198804199999999653e-01
7.127118799999999643e-01
7.188139900000000138e-01
7.538417200000000484e-01
8.413386000000000475e-01
9.986915499999999835e-01
1.198121130000000090e+00
1.359352239999999989e+00
1.432291339999999913e+00
1.435402580000000095e+00
1.405418719999999899e+00
1.365179670000000067e+00
1.325659549999999909e+00
1.290054390000000106e+00
1.258996159999999920e+00
1.232556989999999963e+00
1.209874939999999954e+00
1.190504210000000063e+00
1.173675840000000026e+00
1.158820390000000033e+00
1.146347130000000103e+00
1.134821220000000075e+00
1.124666619999999950e+00
1.115733480000000055e+00
1.107757459999999972e+00
1.100464909999999907e+00
1.094042359999999992e+00
1.087941739999999990e+00
1.082505950000000050e+00
1.077490059999999916e+00
1.072978479999999957e+00
1.069003869999999967e+00
1.064963330000000097e+00
1.061336279999999910e+00
1.057950589999999913e+00
1.054731929999999984e+00
1.051781599999999983e+00
1.048990789999999951e+00
1.046148150000000054e+00
1.043915090000000045e+00
1.041614279999999892e+00
1.039675750000000010e+00
1.037264970000000064e+00
1.035410289999999955e+00
1.033517800000000042e+00
1.031573140000000111e+00
1.029954239999999910e+00
1.028150219999999893e+00
1.026718019999999898e+00
1.025439189999999945e+00
1.023953019999999992e+00
1.022621070000000021e+00
1.021486059999999974e+00
1.019973779999999941e+00
1.018739300000000014e+00
1.017902510000000094e+00
1.016708530000000055e+00
1.015493229999999913e+00
1.014663630000000039e+00
1.013436779999999926e+00
1.012506300000000081e+00
1.011593399999999976e+00
1.010627809999999904e+00
1.010110169999999918e+00
1.009061610000000053e+00
1.008363239999999994e+00
1.007398769999999999e+00
1.006474909999999889e+00
1.005715410000000087e+00
1.005141880000000043e+00
1.004600970000000038e+00
1.003798949999999968e+00
1.002800670000000061e+00
1.002415129999999932e+00
1.001484569999999907e+00
1.001040109999999927e+00
1.000419680000000033e+00
9.998520600000000425e-01
9.991783699999999824e-01
9.987547700000000139e-01
9.981242399999999959e-01
9.976612200000000152e-01
9.970323100000000327e-01
9.965608000000000244e-01
9.960369599999999712e-01
9.954243900000000478e-01
9.951167400000000551e-01
9.944867200000000462e-01
9.941575000000000273e-01
9.937008499999999689e-01
9.930605300000000524e-01
9.928133900000000178e-01
9.921177700000000099e-01
9.918105999999999867e-01
9.914554300000000264e-01
9.910393699999999750e-01
9.905838599999999827e-01
9.901586100000000501e-01
9.897071899999999589e-01
9.893026999999999793e-01
9.888233400000000506e-01
9.885116800000000037e-01
9.883589699999999478e-01
9.878102600000000511e-01
9.873887799999999659e-01
9.870193800000000017e-01
9.868223799999999990e-01
9.865053000000000294e-01
9.859094200000000363e-01
9.856768200000000091e-01
9.851379799999999687e-01
9.848923699999999615e-01
9.846390600000000104e-01
9.843276899999999774e-01
9.839397300000000124e-01
9.835473500000000424e-01
9.833136799999999678e-01
9.827270500000000464e-01
9.826700299999999721e-01
9.823605399999999488e-01
9.818549100000000251e-01
9.818114500000000300e-01
9.812996899999999467e-01
9.810645099999999452e-01
9.808869199999999955e-01
9.803619099999999476e-01
9.802728000000000552e-01
9.796952899999999964e-01
9.797222799999999454e-01
9.792398399999999725e-01
9.789288299999999721e-01
9.785991200000000445e-01
9.784572400000000059e-01
9.780086300000000454e-01
9.777430200000000182e-01
9.775529200000000474e-01
9.771195000000000297e-01
9.770129499999999911e-01
9.766273500000000052e-01
9.765907700000000524e-01
9.761631699999999690e-01
9.758561500000000333e-01
9.754283799999999838e-01
9.754136199999999812e-01
9.749832299999999785e-01
9.747845499999999719e-01
9.745966600000000035e-01
9.740000199999999664e-01
9.737690199999999852e-01
9.737800699999999976e-01
9.733773900000000090e-01
9.731252400000000025e-01
9.727124999999999799e-01
9.724724399999999935e-01
9.720930399999999638e-01
9.718085100000000143e-01
9.715331999999999857e-01
9.714924999999999811e-01
9.710021599999999475e-01
9.707911399999999968e-01
9.705495699999999726e-01
9.702332399999999968e-01
9.699919799999999759e-01
9.697594699999999568e-01
9.694103899999999552e-01
9.689867500000000078e-01
9.689264899999999736e-01
9.686255499999999463e-01
9.683906799999999482e-01
9.680168099999999498e-01
9.678189499999999557e-01
9.675416700000000203e-01
9.672514199999999729e-01
9.669446299999999717e-01
9.665694299999999517e-01
9.664770099999999697e-01
9.660288099999999600e-01
9.659301300000000534e-01
9.656752199999999453e-01
9.652573599999999532e-01
9.649630099999999544e-01
9.646945599999999787e-01
9.643734900000000554e-01
9.641209099999999976e-01
9.635851500000000014e-01
9.635850299999999535e-01
9.631882200000000394e-01
9.628902700000000481e-01
9.625656000000000212e-01
9.622876099999999600e-01
9.619218200000000385e-01
9.618037499999999573e-01
9.613525200000000437e-01
9.613143899999999631e-01
9.607152300000000311e-01
9.604314200000000357e-01
9.601333100000000176e-01
9.600120199999999659e-01
9.593876799999999649e-01
9.591680099999999598e-01
9.588189000000000295e-01
9.588369500000000212e-01
9.582136900000000068e-01
9.578150699999999906e-01
9.576622599999999874e-01
9.572347399999999729e-01
9.568543600000000149e-01
9.565817699999999979e-01
9.560958200000000407e-01
9.559749499999999900e-01
9.555516200000000460e-01
9.550404700000000302e-01
9.547251199999999827e-01
9.544738600000000073e-01
9.539012100000000549e-01
9.536092600000000141e-01
9.532717200000000446e-01
9.531258700000000417e-01
9.525511300000000237e-01
9.520126799999999445e-01
9.519117000000000273e-01
9.513268000000000280e-01
9.510539900000000157e-01
9.504942299999999955e-01
9.500752700000000273e-01
9.498450400000000293e-01
9.494451699999999494e-01
9.489257300000000228e-01
9.485387600000000363e-01
9.480418800000000035e-01
9.473939399999999900e-01
9.472213499999999620e-01
9.467388199999999809e-01
9.463162699999999594e-01
9.458788599999999880e-01
9.453081399999999634e-01
9.448999399999999937e-01
9.445611000000000423e-01
9.438277099999999864e-01
9.432439900000000321e-01
9.428128399999999854e-01
9.423805800000000232e-01
9.418925900000000295e-01
9.411579500000000209e-01
9.408863400000000432e-01
9.400369100000000033e-01
9.395867500000000261e-01
9.389889300000000549e-01
9.383380999999999528e-01
9.378686800000000101e-01
9.371055000000000357e-01
9.366117200000000365e-01
9.358084700000000034e-01
9.353799299999999706e-01
9.347085299999999819e-01
9.340383599999999564e-01
9.333599500000000493e-01
9.325482800000000072e-01
9.319096399999999836e-01
9.313351300000000110e-01
9.304709599999999581e-01
9.299153000000000002e-01
9.292046499999999654e-01
9.281968699999999517e-01
9.274747899999999934e-01
9.264926100000000497e-01
9.256065900000000068e-01
9.248730499999999743e-01
9.240290799999999471e-01
9.231418599999999808e-01
9.221954799999999564e-01
9.214889299999999839e-01
9.202091399999999810e-01
9.193818499999999450e-01
9.180300300000000524e-01
9.169488000000000083e-01
9.160452599999999723e-01
9.149010899999999724e-01
9.138182299999999536e-01
9.124271800000000043e-01
9.113353800000000282e-01
9.100132100000000168e-01
9.089241099999999518e-01
9.072433600000000542e-01
9.061700000000000310e-01
9.044933200000000451e-01
9.029545399999999722e-01
9.012350399999999873e-01
8.996652600000000222e-01
8.980859799999999504e-01
8.962393699999999797e-01
8.946370099999999548e-01
8.926657399999999853e-01
8.906505700000000303e-01
8.887097699999999545e-01
8.867293800000000115e-01
8.844535700000000222e-01
8.820189600000000185e-01
8.797087300000000498e-01
8.772699099999999861e-01
8.744641600000000459e-01
8.718900200000000433e-01
8.687376300000000384e-01
8.658218899999999829e-01
8.624781099999999645e-01
8.590604699999999649e-01
8.557057000000000135e-01
8.518658700000000250e-01
8.480737200000000309e-01
8.440410000000000412e-01
8.396887699999999732e-01
8.351138299999999459e-01
8.306244400000000194e-01
8.259325299999999981e-01
8.212662499999999755e-01
8.168728600000000339e-01
8.129190400000000372e-01
8.098960400000000392e-01
8.082944699999999871e-01
8.094035400000000324e-01
8.145675900000000080e-01
8.234661300000000184e-01
8.360495599999999694e-01
8.483091299999999668e-01
8.550525599999999615e-01
8.538640899999999645e-01
8.453820899999999749e-01
8.320659200000000144e-01
8.168631699999999718e-01
8.020206399999999514e-01
7.892259099999999750e-01
7.811941700000000210e-01
7.801957800000000054e-01
7.905840400000000434e-01
8.182668499999999900e-01
8.697713400000000039e-01
9.485069400000000206e-01
1.051185690000000061e+00
1.163627310000000081e+00
1.263065469999999912e+00
1.334693520000000078e+00
1.373565010000000086e+00
1.385644129999999974e+00
1.380333569999999899e+00
1.364779390000000037e+00
1.344469839999999916e+00
1.322562079999999973e+00
1.301030560000000058e+00
1.280045330000000092e+00
1.261062090000000024e+00
1.243430239999999909e+00
1.227231380000000094e+00
1.212662539999999955e+00
1.199453960000000041e+00
1.187241580000000019e+00
1.176009379999999993e+00
1.166039580000000075e+00
1.156705230000000029e+00
1.147950749999999909e+00
1.140220940000000072e+00
1.132920200000000044e+00
1.126267319999999961e+00
1.119763510000000073e+00
1.114079569999999908e+00
1.108603540000000054e+00
1.103627890000000056e+00
1.098680450000000031e+00
1.094327829999999890e+00
1.089872500000000022e+00
1.086035359999999894e+00
1.082563429999999993e+00
1.078809869999999949e+00
1.075358100000000094e+00
1.072305939999999902e+00
1.069317810000000035e+00
1.066392170000000084e+00
1.063392029999999933e+00
1.060857259999999913e+00
1.058342359999999927e+00
1.055933779999999933e+00
1.053776250000000081e+00
1.051530850000000017e+00
1.049446840000000103e+00
1.047339540000000069e+00
1.045362029999999942e+00
1.043667109999999898e+00
1.041621380000000041e+00
1.040107499999999963e+00
1.038279930000000073e+00
1.036758419999999958e+00
1.034843579999999985e+00
1.033523579999999997e+00
1.031832499999999930e+00
1.030314149999999929e+00
1.029128129999999919e+00
1.027843690000000088e+00
1.026234869999999910e+00
1.025137490000000096e+00
1.023785329999999938e+00
1.022713739999999927e+00
1.021361610000000031e+00
1.020214549999999942e+00
1.018943050000000072e+00
1.017894800000000100e+00
1.016996599999999917e+00
1.015744519999999929e+00
1.014711630000000087e+00
1.013728540000000011e+00
1.012594500000000064e+00
1.011892980000000053e+00
1.010585269999999980e+00
1.009726260000000098e+00
1.008995560000000014e+00
1.007947689999999952e+00
1.007050669999999926e+00
1.006329959999999968e+00
1.005412779999999895e+00
1.004500289999999962e+00
1.003655179999999980e+00
1.003065799999999896e+00
1.001968799999999993e+00
1.001209699999999980e+00
1.000292739999999903e+00
9.996915800000000241e-01
9.989726399999999673e-01
9.980438499999999546e-01
9.971950600000000220e-01
9.964539500000000327e-01
9.958657199999999543e-01
9.951657299999999706e-01
9.944464699999999713e-01
9.935665599999999875e-01
9.928098300000000043e-01
9.922000100000000211e-01
9.913315099999999713e-01
9.904580400000000395e-01
9.901016299999999548e-01
9.891014599999999879e-01
9.886189499999999963e-01
9.879102300000000003e-01
9.871762899999999563e-01
9.864147500000000068e-01
9.858495900000000534e-01
9.851561500000000082e-01
9.845134800000000519e-01
9.837328100000000131e-01
9.832130300000000434e-01
9.824730600000000091e-01
9.815559099999999759e-01
9.810533399999999959e-01
9.801989300000000238e-01
9.797413299999999658e-01
9.788630400000000176e-01
9.780340100000000092e-01
9.774526700000000234e-01
9.766422900000000240e-01
9.759348199999999807e-01
9.753530099999999647e-01
9.746352799999999927e-01
9.738914199999999521e-01
9.730998800000000282e-01
9.721411500000000094e-01
9.717171799999999582e-01
9.709140699999999624e-01
9.701279000000000430e-01
9.691733999999999627e-01
9.685162000000000493e-01
9.676217599999999974e-01
9.669910600000000134e-01
9.660868400000000022e-01
9.652144099999999671e-01
9.642998099999999795e-01
9.634193899999999866e-01
9.626776400000000011e-01
9.616823599999999583e-01
9.606351899999999722e-01
9.596340399999999660e-01
9.587033499999999542e-01
9.580040100000000169e-01
9.569372499999999615e-01
9.559819899999999482e-01
9.549878899999999504e-01
9.541660899999999668e-01
9.533510499999999777e-01
9.527795900000000096e-01
9.523972800000000127e-01
9.522415600000000424e-01
9.523591999999999613e-01
9.532957800000000370e-01
9.553181299999999876e-01
9.582181899999999697e-01
9.628592400000000051e-01
9.695665300000000375e-01
9.787730100000000544e-01
9.901177100000000397e-01
1.002723170000000108e+00
1.014545349999999901e+00
1.024058960000000074e+00
1.029984350000000104e+00
1.032088600000000023e+00
1.031391270000000082e+00
1.028210620000000075e+00
1.024415349999999947e+00
1.019919529999999908e+00
1.015412390000000054e+00
1.011341969999999924e+00
1.007051560000000068e+00
1.003285930000000103e+00
9.998504900000000362e-01
9.965733199999999847e-01
9.935168899999999859e-01
9.909720899999999721e-01
9.885752500000000165e-01
9.864349599999999718e-01
9.842482500000000467e-01
9.823106999999999811e-01
9.804192900000000543e-01
9.785091200000000100e-01
9.771473800000000098e-01
9.755249599999999965e-01
9.737926500000000374e-01
9.724658800000000047e-01
9.709989199999999876e-01
9.699420399999999498e-01
9.685381299999999971e-01
9.674194299999999691e-01
9.660846600000000395e-01
9.647379299999999658e-01
9.637618000000000018e-01
9.625840300000000349e-01
9.612748300000000246e-01
9.604416700000000251e-01
9.594745199999999974e-01
9.583690599999999948e-01
9.573449600000000226e-01
9.561743900000000407e-01
9.551371800000000301e-01
9.543919299999999994e-01
9.534041399999999555e-01
9.525382599999999700e-01
9.513313799999999487e-01
9.505432200000000220e-01
9.496190700000000096e-01
9.486957099999999699e-01
9.476216899999999610e-01
9.466208900000000481e-01
9.456170499999999590e-01
9.446563599999999727e-01
9.436094400000000215e-01
9.426334400000000446e-01
9.417497000000000229e-01
9.407530899999999585e-01
9.397315299999999816e-01
9.387491700000000217e-01
9.377990299999999779e-01
9.366599500000000189e-01
9.358167099999999961e-01
9.348768899999999604e-01
9.338729500000000350e-01
9.327318300000000395e-01
9.318610600000000188e-01
9.307185799999999620e-01
9.294663600000000470e-01
9.282168100000000033e-01
9.275133500000000142e-01
9.262869299999999528e-01
9.251076000000000299e-01
9.239139299999999944e-01
9.228877699999999962e-01
9.216813200000000261e-01
9.204748600000000058e-01
9.192500099999999508e-01
9.179570500000000521e-01
9.168815700000000346e-01
9.156496600000000319e-01
9.142898699999999490e-01
9.131728900000000149e-01
9.116079599999999949e-01
9.103217999999999588e-01
9.090154099999999682e-01
9.076022200000000151e-01
9.060557299999999481e-01
9.046976399999999696e-01
9.033447900000000086e-01
9.017130799999999446e-01
9.001810000000000089e-01
8.987631999999999843e-01
8.969421600000000439e-01
8.955034699999999681e-01
8.937717600000000262e-01
8.922462199999999788e-01
8.904452699999999554e-01
8.887116400000000249e-01
8.867761100000000063e-01
8.851138699999999693e-01
8.830872300000000008e-01
8.812035099999999677e-01
8.790709599999999568e-01
8.770309299999999864e-01
8.750993299999999531e-01
8.730376300000000089e-01
8.708327700000000338e-01
8.684008199999999622e-01
8.661088399999999909e-01
8.638056200000000517e-01
8.613574299999999795e-01
8.590761399999999881e-01
8.564989600000000314e-01
8.537555199999999900e-01
8.510864399999999996e-01
8.484346499999999569e-01
8.455718100000000348e-01
8.427292699999999748e-01
8.396369700000000380e-01
8.366755399999999954e-01
8.334360499999999838e-01
8.303962000000000288e-01
8.270493399999999662e-01
8.236327300000000351e-01
8.201417500000000027e-01
8.165554499999999605e-01
8.130196499999999826e-01
8.094346799999999620e-01
8.058584399999999537e-01
8.019099200000000538e-01
7.980376799999999715e-01
7.944511800000000346e-01
7.905458400000000552e-01
7.868239299999999492e-01
7.832288499999999765e-01
7.795975600000000227e-01
7.762326699999999580e-01
7.731892799999999788e-01
7.704386199999999629e-01
7.678479099999999669e-01
7.659723400000000293e-01
7.649618599999999935e-01
7.644674099999999584e-01
7.652289500000000189e-01
7.669084000000000456e-01
7.706935700000000500e-01
7.761133999999999533e-01
7.833972799999999737e-01
7.935326600000000008e-01
8.061856400000000367e-01
8.220914299999999564e-01
8.412802600000000020e-01
8.638472200000000267e-01
8.896802000000000321e-01
9.185867699999999969e-01
9.498907399999999557e-01
9.831963099999999622e-01
1.017039859999999907e+00
1.050795090000000043e+00
1.083452139999999897e+00
1.113716939999999989e+00
1.141452679999999997e+00
1.165473580000000009e+00
1.185824809999999951e+00
1.202543989999999896e+00
1.215275859999999986e+00
1.225115240000000050e+00
1.231607719999999961e+00
1.235518370000000088e+00
1.237242600000000081e+00
1.237005300000000085e+00
1.235471709999999890e+00
1.232553309999999902e+00
1.228737469999999998e+00
1.224133300000000091e+00
1.219123589999999924e+00
1.213549200000000106e+00
1.207782530000000021e+00
1.202027900000000038e+00
1.195809340000000054e+00
1.189761349999999940e+00
1.183670109999999998e+00
1.177628539999999946e+00
1.171756170000000097e+00
1.165698200000000018e+00
1.159656720000000085e+00
1.154424169999999972e+00
1.148980930000000011e+00
1.143551519999999933e+00
1.137987029999999899e+00
1.133005480000000009e+00
1.127947569999999899e+00
1.122972639999999966e+00
1.118525690000000017e+00
1.113716600000000057e+00
1.109145129999999924e+00
1.104624410000000001e+00
1.100358060000000027e+00
1.096184489999999956e+00
1.091974489999999909e+00
1.088014489999999945e+00
1.083881630000000040e+00
1.080122599999999933e+00
1.076320380000000076e+00
1.072417409999999904e+00
1.068999269999999946e+00
1.065290840000000072e+00
1.061978869999999908e+00
1.058570760000000055e+00
1.054996360000000077e+00
1.051641849999999989e+00
1.048348199999999952e+00
1.045167460000000048e+00
1.042031190000000107e+00
1.039226149999999960e+00
1.036122350000000081e+00
1.033335480000000084e+00
1.030261370000000065e+00
1.027498540000000071e+00
1.024686280000000060e+00
1.022213889999999958e+00
1.019642299999999890e+00
1.017327459999999961e+00
1.014778979999999997e+00
1.012836120000000006e+00
1.010850639999999911e+00
1.008949169999999951e+00
1.007259279999999979e+00
1.005866179999999943e+00
1.004768319999999937e+00
1.003800229999999960e+00
1.003359660000000098e+00
1.003067340000000085e+00
1.003125349999999916e+00
1.004155399999999920e+00
1.004959809999999898e+00
1.007080149999999952e+00
1.009096430000000044e+00
1.012076530000000085e+00
1.015920139999999972e+00
1.020303579999999988e+00
1.025548569999999993e+00
1.031508909999999890e+00
1.038701670000000021e+00
1.046452249999999973e+00
1.055049329999999896e+00
1.064255130000000049e+00
1.074240850000000025e+00
1.084593410000000091e+00
1.095505469999999981e+00
1.106577900000000003e+00
1.117740399999999967e+00
1.128607130000000014e+00
1.138884039999999986e+00
1.148926789999999976e+00
1.158272079999999926e+00
1.167121470000000105e+00
1.174815310000000057e+00
1.181630380000000091e+00
1.187433640000000068e+00
1.192498009999999997e+00
1.196376579999999912e+00
1.199515499999999957e+00
1.201962420000000087e+00
1.203534270000000017e+00
1.204451010000000100e+00
1.204793950000000002e+00
1.204659130000000022e+00
1.204015800000000080e+00
1.202817809999999987e+00
1.201468790000000064e+00
1.199901740000000050e+00
1.197913329999999998e+00
1.195779170000000002e+00
1.193560629999999900e+00
1.191381510000000032e+00
1.188951300000000044e+00
1.186040320000000037e+00
1.183759720000000071e+00
1.181161050000000046e+00
1.178606519999999991e+00
1.176057020000000009e+00
1.173306160000000098e+00
1.170710420000000029e+00
1.168223819999999913e+00
1.165401600000000037e+00
1.163028450000000102e+00
1.160396519999999931e+00
1.158150409999999964e+00
1.155561870000000102e+00
1.153382609999999975e+00
1.151043349999999910e+00
1.148847170000000029e+00
1.146407799999999977e+00
1.144410939999999988e+00
1.142011770000000093e+00
1.140019450000000045e+00
1.137892279999999978e+00
1.136107159999999894e+00
1.134122759999999897e+00
1.132023409999999952e+00
1.130111080000000046e+00
1.128406110000000018e+00
1.126482619999999990e+00
1.124517479999999958e+00
1.123191019999999929e+00
1.121448039999999979e+00
1.119729909999999995e+00
1.118175719999999984e+00
1.116629579999999899e+00
1.115003570000000055e+00
1.113485709999999962e+00
1.112311770000000033e+00
1.110600379999999943e+00
1.109303699999999893e+00
1.108258549999999953e+00
1.107107819999999965e+00
1.105558260000000015e+00
1.104395680000000102e+00
1.103326730000000033e+00
1.102563640000000067e+00
1.101302089999999900e+00
1.100369259999999905e+00
1.099559600000000081e+00
1.098905730000000025e+00
1.098191179999999934e+00
1.097606260000000056e+00
1.097193670000000010e+00
1.096706339999999891e+00
1.096301830000000033e+00
1.096353729999999915e+00
1.096210719999999972e+00
1.096208920000000031e+00
1.096446129999999908e+00
1.096857109999999969e+00
1.097188599999999958e+00
1.098017599999999927e+00
1.098694550000000048e+00
1.099938370000000054e+00
1.101070769999999976e+00
1.102367890000000017e+00
1.103773200000000010e+00
1.105314150000000106e+00
1.106767110000000054e+00
1.108645719999999946e+00
1.110146950000000077e+00
1.111901390000000100e+00
1.113849630000000035e+00
1.115307480000000018e+00
1.116794590000000031e+00
1.118296409999999907e+00
1.119734680000000093e+00
1.120915499999999954e+00
1.121877919999999973e+00
1.122545649999999950e+00
1.123288049999999982e+00
1.123568780000000045e+00
1.123949599999999993e+00
1.124029299999999898e+00
1.123860539999999908e+00
1.123505669999999901e+00
1.123228880000000096e+00
1.122821220000000064e+00
1.122316180000000108e+00
1.121623749999999919e+00
1.120808479999999996e+00
1.120095169999999918e+00
1.119406219999999896e+00
1.118365939999999892e+00
1.117186149999999989e+00
1.116322400000000048e+00
1.115325630000000068e+00
1.114419950000000048e+00
1.113489790000000035e+00
1.112378960000000028e+00
1.111257130000000037e+00
