8.322683700876490898e-01
-7.203589383818482085e-17
7.314951681842677411e-01
3.922372706094517123e-17
5.377325617610121400e-01
-1.542691031696137242e-17
-8.096480769546104961e-01
3.522865371669321120e-17
-6.445034664358098020e-01
-9.806630994374621046e-03
-6.445034664358102461e-01
9.806630994374549923e-03
-3.287630788454943831e-01
-1.036469628387795723e-02
-3.287630788454946607e-01
1.036469628387804917e-02
8.567602517439798157e-03
-1.553915416923526829e-16
1.715743466128817063e-01
2.487492475766408250e-17
