9.806098088642659638e-01
9.064835664819945737e-01
9.355089023545707372e-01
9.792701779778394400e-01
9.940061177285319793e-01
1.001150815789473736e+00
9.926664868421053445e-01
9.471190367036012026e-01
9.636411509695291810e-01
9.627480637119114615e-01
9.837356142659280378e-01
9.752512853185596464e-01
9.413139695290859699e-01
9.533706475069252395e-01
9.551568220221607897e-01
9.444397749307480439e-01
9.265780297783934305e-01
9.725720235457064877e-01
9.283642042936288696e-01
9.600688019390583028e-01
9.489052112188366417e-01
9.703393054016621333e-01
9.556033656509695939e-01
9.774840034626040008e-01
9.506913857340720808e-01
9.618549764542937419e-01
9.480121239612189221e-01
9.288107479224377849e-01
9.252383988919667956e-01
9.252383988919667956e-01
9.301503788088643088e-01
9.413139695290859699e-01
9.408674259002770546e-01
9.051439355955679389e-01
9.256849425207757109e-01
9.216660498614959174e-01
9.386347077562328112e-01
9.154144390581717694e-01
9.113955463988920869e-01
9.064835664819945737e-01
8.850494722991690821e-01
9.364019896121884567e-01
8.988923247922437909e-01
9.297038351800555045e-01
9.051439355955679389e-01
9.274711170360111501e-01
9.288107479224377849e-01
8.908545394736843148e-01
9.261314861495845152e-01
8.823702105263158124e-01
9.118420900277008911e-01
8.953199757617729126e-01
9.198798753462604783e-01
8.703135325484765428e-01
8.403951094182826598e-01
8.488794383656510512e-01
8.868356468144045213e-01
8.640619217451523948e-01
8.256591696675901204e-01
8.109232299168975810e-01
8.180679279778394486e-01
8.332504113573407922e-01
7.662688670360111587e-01
8.028854445983379939e-01
7.314384639889197626e-01
7.448347728531856671e-01
6.818721211911358271e-01
7.050923898891967578e-01
1.034195044321329693e+00
1.445015182825484912e+00
1.478059411357340869e+00
1.346329040858725845e+00
1.247196355263157974e+00
1.207007428670360261e+00
1.164139240304709277e+00
1.106535112188365755e+00
1.116359072022160781e+00
1.090459541551246581e+00
1.074383970914127406e+00
1.060094574792243893e+00
1.040893198753462645e+00
1.034641587950138497e+00
1.012760950138504201e+00
1.034195044321329693e+00
1.050717158587257671e+00
1.025710715373961301e+00
1.002936990304709175e+00
1.019012560941828349e+00
1.023477997229917058e+00
1.014993668282548667e+00
1.006955882963989080e+00
9.944526613573407836e-01
9.815028961218836834e-01
9.649807818559557049e-01
1.007402426592797884e+00
9.658738691135735355e-01
9.542637347645429591e-01
9.346158150969530176e-01
9.774840034626040008e-01
9.533706475069252395e-01
9.832890706371192335e-01
9.274711170360111501e-01
9.377416204986149806e-01
9.480121239612189221e-01
9.806098088642659638e-01
9.761443725761773660e-01
9.649807818559557049e-01
9.457794058171745677e-01
9.609618891966760224e-01
8.988923247922437909e-01
9.471190367036012026e-01
8.939803448753462778e-01
9.328296405817175785e-01
9.216660498614959174e-01
9.529241038781164352e-01
8.868356468144045213e-01
9.073766537396122933e-01
8.957665193905818279e-01
8.511121565096954056e-01
8.712066198060942623e-01
8.113697735457063853e-01
8.354831295013851467e-01
8.207471897506926073e-01
8.247660824099724008e-01
7.930614847645429677e-01
8.457536329639889772e-01
8.850494722991690821e-01
9.806098088642659638e-01
1.134220817174515394e+00
1.215938301246537456e+00
1.282919845567867201e+00
1.275775147506925222e+00
1.212365952216066578e+00
1.232013871883656631e+00
1.218171019390581922e+00
1.136453535318559638e+00
1.138239709833795077e+00
1.160566891274238399e+00
1.143598233379501394e+00
1.113233266620498707e+00
1.124396857340720368e+00
1.081528668975069385e+00
1.044465547783933523e+00
1.106535112188365755e+00
1.113679810249307511e+00
1.075723601800554041e+00
1.106088568559556951e+00
1.073490883656509798e+00
1.074830514542936433e+00
1.063666923822714772e+00
1.053842963988919745e+00
1.059648031163435089e+00
1.036874306094182963e+00
1.065453098337950211e+00
1.059201487534626063e+00
1.037767393351800571e+00
1.051163702216066476e+00
1.006955882963989080e+00
1.032408869806094254e+00
1.034641587950138497e+00
1.013654037396122032e+00
1.058308400277008454e+00
1.044465547783933523e+00
9.886475941828255509e-01
1.020352191828254984e+00
9.998111849030472120e-01
1.029729608033240984e+00
1.012760950138504201e+00
1.040000111495845037e+00
9.779305470914128051e-01
9.828425270083103182e-01
1.012760950138504201e+00
1.003383533933517979e+00
1.026603802631579132e+00
1.010974775623268762e+00
1.023031453601108032e+00
1.002490446675900371e+00
1.001150815789473736e+00
9.989180976454294925e-01
9.877545069252078314e-01
9.765909162049862813e-01
9.618549764542937419e-01
9.899872250692521858e-01
1.010081688365651154e+00
1.006955882963989080e+00
1.032408869806094254e+00
1.006955882963989080e+00
9.453328621883657634e-01
1.000257728531856127e+00
9.953457486149585032e-01
9.890941378116344662e-01
9.672135000000000593e-01
9.404208822714682503e-01
9.341692714681441023e-01
9.957922922437674185e-01
9.783770907202217204e-01
9.685531308864266942e-01
9.756978289473684507e-01
9.614084328254848266e-01
9.493517548476455570e-01
9.502448421052632765e-01
9.230056807479225522e-01
9.288107479224377849e-01
1.004276621191135810e+00
9.859683324099723922e-01
9.765909162049862813e-01
1.003383533933517979e+00
9.314900096952909436e-01
9.368485332409972610e-01
9.890941378116344662e-01
9.377416204986149806e-01
9.725720235457064877e-01
9.935595740997230640e-01
9.556033656509695939e-01
9.640876945983379853e-01
9.399743386426593350e-01
9.542637347645429591e-01
9.189867880886427587e-01
9.431001440443214090e-01
9.002319556786704258e-01
9.506913857340720808e-01
9.096093718836565367e-01
9.069301101108033780e-01
8.560241364265929187e-01
9.127351772853186107e-01
9.087162846260388172e-01
8.841563850415513626e-01
8.783513178670361299e-01
8.618292036011081514e-01
8.555775927977840034e-01
8.069043372576177875e-01
8.636153781163435905e-01
7.970803774238227613e-01
8.095835990304709462e-01
8.421812839335180989e-01
7.751997396121884654e-01
7.564449072022161324e-01
7.591241689750692911e-01
7.859167867036012112e-01
8.546845055401662838e-01
9.667669563711912550e-01
1.115019441135734146e+00
1.285152563711911444e+00
1.337844711911357454e+00
1.333825819252077771e+00
1.294083436288088640e+00
1.282919845567867201e+00
1.263718469529085953e+00
1.253894509695290926e+00
1.226208804709141287e+00
1.193611119806094356e+00
1.185126790858725965e+00
1.187359509002770208e+00
1.177982092797783986e+00
1.167711589335180156e+00
1.129308837257617881e+00
1.151636018698060981e+00
1.164139240304709277e+00
1.146277495152354664e+00
1.166371958448753521e+00
1.131988099030470929e+00
1.119038333795014051e+00
1.122610682825484929e+00
1.076170145429363068e+00
1.111893635734072072e+00
1.048037896814404624e+00
1.073937427285318602e+00
1.058308400277008454e+00
1.055182594875346380e+00
1.061434205678670528e+00
1.084654474376731459e+00
1.074383970914127406e+00
1.094924977839335289e+00
1.086887192520775702e+00
1.052503333102493110e+00
1.056075682132963989e+00
1.050270614958448867e+00
1.073490883656509798e+00
1.022138366343490423e+00
1.062327292936288137e+00
1.044912091412742550e+00
1.048484440443213428e+00
1.075723601800554041e+00
1.029729608033240984e+00
1.052949876731301915e+00
1.013207493767313006e+00
9.975784667590028576e-01
1.070365078254847724e+00
1.036427762465373936e+00
1.058308400277008454e+00
1.044912091412742550e+00
1.052503333102493110e+00
1.021691822714681619e+00
1.028836520775623375e+00
1.040000111495845037e+00
1.014547124653739640e+00
1.040000111495845037e+00
1.035534675207756328e+00
1.017672930055401714e+00
1.031069238919667619e+00
9.948992049861496989e-01
1.080189038088642750e+00
1.042679373268698084e+00
1.062327292936288137e+00
1.008742057479224519e+00
1.028836520775623375e+00
1.030622695290858815e+00
9.953457486149585032e-01
1.035088131578947523e+00
1.000704272160664932e+00
1.017226386426592910e+00
1.061880749307479332e+00
1.007848970221606688e+00
1.041339742382271449e+00
1.012314406509695397e+00
1.006509339335180053e+00
1.019905648199445958e+00
1.035534675207756328e+00
9.966853795013851380e-01
1.051163702216066476e+00
1.036874306094182963e+00
9.890941378116344662e-01
9.801632652354571595e-01
9.935595740997230640e-01
1.005169708448753640e+00
1.023477997229917058e+00
1.059648031163435089e+00
9.948992049861496989e-01
9.850752451523546727e-01
9.957922922437674185e-01
1.034195044321329693e+00
1.039107024238227206e+00
9.761443725761773660e-01
1.026157259002770106e+00
9.502448421052632765e-01
9.667669563711912550e-01
1.002936990304709175e+00
1.001150815789473736e+00
9.770374598337950856e-01
9.908803123268699053e-01
9.716789362880887682e-01
9.899872250692521858e-01
9.725720235457064877e-01
9.730185671745152920e-01
9.689996745152354984e-01
1.013654037396122032e+00
1.003830077562327006e+00
9.940061177285319793e-01
1.015440211911357471e+00
9.765909162049862813e-01
1.002490446675900371e+00
1.014547124653739640e+00
1.038660480609418402e+00
1.064560011080332602e+00
1.048930984072022232e+00
1.035981218836565132e+00
1.076616689058171872e+00
1.102069675900277046e+00
1.066792729224376846e+00
1.086440648891966898e+00
1.083761387119113628e+00
1.088226823407202337e+00
1.123950313711911342e+00
1.100283501385041607e+00
1.079295950831024919e+00
1.094031890581717459e+00
1.068132360110803480e+00
1.135113904432133003e+00
1.131095011772853320e+00
1.115465984764542950e+00
1.054289507617728550e+00
1.066346185595568041e+00
1.073044340027700994e+00
1.071258165512465554e+00
1.038213936980609597e+00
1.073490883656509798e+00
1.061434205678670528e+00
1.098050783240997363e+00
1.062327292936288137e+00
1.044912091412742550e+00
1.020798735457063788e+00
1.065899641966759015e+00
1.030176151662050010e+00
1.081528668975069385e+00
1.057861856648199428e+00
1.036427762465373936e+00
1.062773836565096941e+00
1.025264171745152497e+00
1.049377527700831036e+00
1.056968769390581819e+00
1.043572460526315915e+00
1.020352191828254984e+00
1.042232829639889280e+00
1.067239272853185650e+00
1.014993668282548667e+00
1.058308400277008454e+00
1.023477997229917058e+00
1.029283064404432180e+00
1.066792729224376846e+00
1.059648031163435089e+00
1.065899641966759015e+00
1.057861856648199428e+00
1.026603802631579132e+00
1.056075682132963989e+00
1.043125916897507111e+00
1.017226386426592910e+00
1.072151252770083163e+00
1.004723164819944614e+00
1.041786286011080476e+00
1.011421319252077566e+00
1.017672930055401714e+00
9.984715540166205772e-01
1.037320849722991767e+00
1.044465547783933523e+00
1.015886755540166275e+00
1.021245279085872593e+00
1.036427762465373936e+00
9.948992049861496989e-01
1.048930984072022232e+00
1.030622695290858815e+00
1.026603802631579132e+00
1.050270614958448867e+00
1.009635144736842127e+00
9.931130304709142598e-01
1.009635144736842127e+00
1.069918534626038920e+00
1.029729608033240984e+00
1.012760950138504201e+00
1.014993668282548667e+00
1.048037896814404624e+00
1.016333299168975079e+00
1.037320849722991767e+00
1.052056789473684306e+00
1.004723164819944614e+00
1.056522225761773015e+00
1.006509339335180053e+00
1.025710715373961301e+00
1.035088131578947523e+00
1.022138366343490423e+00
1.048930984072022232e+00
1.017672930055401714e+00
1.015886755540166275e+00
1.025710715373961301e+00
1.005616252077562445e+00
1.039553567867036010e+00
1.030622695290858815e+00
1.033301957063712084e+00
9.850752451523546727e-01
1.065899641966759015e+00
1.010081688365651154e+00
1.015886755540166275e+00
1.048037896814404624e+00
1.040893198753462645e+00
1.048930984072022232e+00
1.048484440443213428e+00
1.029283064404432180e+00
9.931130304709142598e-01
1.042679373268698084e+00
1.010528231994459958e+00
9.703393054016621333e-01
1.023031453601108032e+00
1.023924540858725862e+00
1.041786286011080476e+00
9.846287015235457574e-01
1.044912091412742550e+00
9.899872250692521858e-01
1.041339742382271449e+00
1.010974775623268762e+00
1.032408869806094254e+00
1.025264171745152497e+00
9.886475941828255509e-01
1.033748500692520889e+00
9.877545069252078314e-01
1.031515782548476645e+00
1.027050346260387936e+00
1.014100581024930836e+00
1.036427762465373936e+00
1.061880749307479332e+00
1.037767393351800571e+00
1.015886755540166275e+00
9.828425270083103182e-01
1.028836520775623375e+00
1.003830077562327006e+00
1.001150815789473736e+00
1.066792729224376846e+00
9.908803123268699053e-01
1.002490446675900371e+00
1.040000111495845037e+00
1.006509339335180053e+00
1.023477997229917058e+00
1.004276621191135810e+00
1.007402426592797884e+00
1.023477997229917058e+00
1.016779842797784106e+00
9.922199432132964292e-01
9.730185671745152920e-01
1.011867862880886593e+00
1.005169708448753640e+00
1.093585346952908655e+00
1.045358635041551354e+00
1.010974775623268762e+00
1.048037896814404624e+00
1.044465547783933523e+00
9.797167216066482442e-01
9.712323926592798529e-01
1.006062795706371249e+00
1.044912091412742550e+00
9.850752451523546727e-01
1.019905648199445958e+00
9.922199432132964292e-01
1.006062795706371249e+00
1.017672930055401714e+00
1.014100581024930836e+00
1.002936990304709175e+00
1.000704272160664932e+00
9.841821578947369531e-01
1.014547124653739640e+00
1.003383533933517979e+00
1.024371084487534667e+00
1.020798735457063788e+00
9.873079632963989161e-01
9.859683324099723922e-01
1.021691822714681619e+00
1.027943433518005545e+00
1.001597359418282540e+00
1.008295513850415492e+00
1.010081688365651154e+00
1.005169708448753640e+00
9.908803123268699053e-01
1.015440211911357471e+00
9.957922922437674185e-01
9.998111849030472120e-01
9.801632652354571595e-01
1.027496889889196741e+00
1.014993668282548667e+00
9.935595740997230640e-01
1.002043903047091566e+00
1.010081688365651154e+00
1.031962326177285449e+00
1.021245279085872593e+00
9.748047416897507311e-01
1.000704272160664932e+00
1.030176151662050010e+00
1.007402426592797884e+00
1.020798735457063788e+00
1.044465547783933523e+00
1.039107024238227206e+00
1.080635581717451554e+00
1.024371084487534667e+00
1.014547124653739640e+00
1.012760950138504201e+00
9.895406814404432705e-01
1.065006554709141406e+00
9.685531308864266942e-01
1.031069238919667619e+00
1.050717158587257671e+00
9.913268559556787096e-01
1.022584909972299227e+00
1.041786286011080476e+00
1.011867862880886593e+00
1.011867862880886593e+00
1.077063232686980676e+00
1.009635144736842127e+00
1.033301957063712084e+00
9.917733995844876249e-01
1.004723164819944614e+00
9.480121239612189221e-01
1.044912091412742550e+00
1.009635144736842127e+00
1.027050346260387936e+00
9.873079632963989161e-01
1.042232829639889280e+00
1.068132360110803480e+00
1.010528231994459958e+00
1.016779842797784106e+00
1.031069238919667619e+00
1.039553567867036010e+00
1.010081688365651154e+00
9.819494397506925987e-01
1.009188601108033323e+00
9.984715540166205772e-01
1.022138366343490423e+00
1.010528231994459958e+00
1.010528231994459958e+00
1.018566017313019545e+00
1.002490446675900371e+00
9.480121239612189221e-01
1.056075682132963989e+00
1.025710715373961301e+00
9.859683324099723922e-01
1.008742057479224519e+00
1.001150815789473736e+00
9.944526613573407836e-01
9.707858490304709376e-01
1.008742057479224519e+00
1.027050346260387936e+00
1.015440211911357471e+00
9.453328621883657634e-01
1.006509339335180053e+00
9.886475941828255509e-01
1.015886755540166275e+00
9.993646412742382967e-01
1.008742057479224519e+00
1.017672930055401714e+00
1.023924540858725862e+00
1.003383533933517979e+00
9.506913857340720808e-01
1.010974775623268762e+00
1.015440211911357471e+00
1.012314406509695397e+00
9.837356142659280378e-01
1.002043903047091566e+00
1.020352191828254984e+00
9.645342382271469006e-01
9.497982984764543612e-01
9.913268559556787096e-01
9.685531308864266942e-01
9.971319231301939423e-01
9.806098088642659638e-01
9.538171911357341548e-01
9.770374598337950856e-01
1.008742057479224519e+00
1.004276621191135810e+00
1.040446655124653841e+00
1.025264171745152497e+00
1.001150815789473736e+00
1.015440211911357471e+00
1.013207493767313006e+00
1.019459104570637153e+00
9.609618891966760224e-01
9.435466876731303243e-01
1.030176151662050010e+00
9.564964529085873135e-01
9.712323926592798529e-01
1.015440211911357471e+00
1.000257728531856127e+00
9.850752451523546727e-01
9.837356142659280378e-01
9.962388358725762227e-01
9.672135000000000593e-01
1.032855413434903058e+00
9.823959833795015140e-01
9.672135000000000593e-01
9.877545069252078314e-01
1.036427762465373936e+00
1.015440211911357471e+00
1.011867862880886593e+00
9.658738691135735355e-01
1.030622695290858815e+00
1.034641587950138497e+00
9.806098088642659638e-01
1.003383533933517979e+00
9.676600436288089746e-01
1.030622695290858815e+00
1.055182594875346380e+00
1.035981218836565132e+00
1.053396420360110941e+00
1.084207930747922433e+00
1.063666923822714772e+00
1.025710715373961301e+00
1.085101018005540263e+00
1.067239272853185650e+00
1.062773836565096941e+00
1.070365078254847724e+00
1.027943433518005545e+00
1.019905648199445958e+00
1.108767830332409998e+00
1.089566454293628972e+00
1.055182594875346380e+00
1.094478434210526485e+00
1.024817628116343471e+00
1.044912091412742550e+00
1.101176588642659437e+00
1.056075682132963989e+00
1.071704709141274359e+00
1.053396420360110941e+00
1.086887192520775702e+00
1.045805178670360158e+00
1.065453098337950211e+00
1.045358635041551354e+00
1.043125916897507111e+00
1.046251722299168962e+00
1.056075682132963989e+00
1.057415313019390624e+00
1.010081688365651154e+00
1.065899641966759015e+00
1.065006554709141406e+00
9.819494397506925987e-01
1.062327292936288137e+00
1.070365078254847724e+00
1.065006554709141406e+00
1.018119473684210519e+00
1.035981218836565132e+00
1.069025447368421089e+00
1.064560011080332602e+00
1.037320849722991767e+00
1.035088131578947523e+00
1.060094574792243893e+00
1.036874306094182963e+00
1.002043903047091566e+00
1.006509339335180053e+00
1.095371521468144094e+00
1.021245279085872593e+00
1.027496889889196741e+00
1.011867862880886593e+00
1.045805178670360158e+00
1.028836520775623375e+00
1.008742057479224519e+00
9.886475941828255509e-01
1.052503333102493110e+00
1.003383533933517979e+00
1.022584909972299227e+00
1.046698265927977989e+00
1.024371084487534667e+00
1.050270614958448867e+00
1.011421319252077566e+00
1.065899641966759015e+00
1.048037896814404624e+00
1.039553567867036010e+00
1.041339742382271449e+00
