9.490788565215111383e-01
-9.818631699655330549e-18
7.230672959598999361e-01
3.282623238126716675e-17
5.145238533768959899e-01
-1.127405393089229993e-16
2.421427997937829757e-01
-2.606442835543078103e-17
1.988472004836427942e-02
-2.441736501006204191e-17
-8.093605818075687575e-01
5.491149181132087673e-19
-6.471509753337547632e-01
-7.820118306210304543e-03
-6.471509753337545412e-01
7.820118306210120662e-03
-3.315928962182918549e-01
-9.335712218307638810e-03
-3.315928962182916329e-01
9.335712218307567686e-03
