9.315315070360111749e-01
9.937521229639890707e-01
1.015084905567867235e+00
9.244205795013851201e-01
9.510865577562328532e-01
9.439756302216067985e-01
9.724193403601109065e-01
9.084209925484765247e-01
8.870882099445984714e-01
8.995323331301939840e-01
8.390894490858726851e-01
7.039818259279779777e-01
1.297744275069252273e+00
9.901966591966759879e-01
1.029306760637119345e+00
9.706416084764544205e-01
9.244205795013851201e-01
8.870882099445984714e-01
8.853104780609419855e-01
8.479781085041552258e-01
7.679801737396122485e-01
1.047084079473684426e+00
1.240856854792243835e+00
1.141303869307479291e+00
1.059528202659279827e+00
1.086194180914127561e+00
1.052417275124653884e+00
9.973075867313020426e-01
1.128859746121883889e+00
1.047084079473684426e+00
9.706416084764544205e-01
9.617529490581718798e-01
1.050639543240997398e+00
9.546420215235458251e-01
9.404201664542937156e-01
9.884189273130195019e-01
9.493088258725762563e-01
9.475310939889197703e-01
8.781995505263159307e-01
8.106457389473685771e-01
1.199969021468144215e+00
1.215968608421052810e+00
1.169747579445983510e+00
1.068416862077562479e+00
1.105749231634349128e+00
1.048861811357340912e+00
1.107526963518005614e+00
1.137748405540166319e+00
1.023973564986149665e+00
1.119971086703601237e+00
9.706416084764544205e-01
1.006196246149584583e+00
1.036417688171745288e+00
1.102193767867036156e+00
1.054195007008310370e+00
9.724193403601109065e-01
1.018640369335180207e+00
9.564197534072023110e-01
1.018640369335180207e+00
1.050639543240997398e+00
1.143081601191135777e+00
1.132415209889196861e+00
1.082638717146814589e+00
1.063083666426593021e+00
9.973075867313020426e-01
1.027529028753462637e+00
1.063083666426593021e+00
9.439756302216067985e-01
1.009751709916897555e+00
9.581974852908587970e-01
1.027529028753462637e+00
1.127082014238227403e+00
1.031084492520775830e+00
1.016862637451523721e+00
1.045306347590027940e+00
1.022195833102493179e+00
1.039973151939058260e+00
1.084416449030471075e+00
1.000863050498615126e+00
1.150192528725761942e+00
1.080860985263158103e+00
1.075527789612188423e+00
1.061305934542936535e+00
1.018640369335180207e+00
1.082638717146814589e+00
1.063083666426593021e+00
9.546420215235458251e-01
9.901966591966759879e-01
1.025751296869806151e+00
1.016862637451523721e+00
1.047084079473684426e+00
1.000863050498615126e+00
1.000863050498615126e+00
9.261983113850417171e-01
9.990853186149585285e-01
9.795302678947369612e-01
9.581974852908587970e-01
9.226428476177286342e-01
1.050639543240997398e+00
9.208651157340721483e-01
1.032862224404432316e+00
9.884189273130195019e-01
9.741970722437673924e-01
9.937521229639890707e-01
1.025751296869806151e+00
1.020418101218836693e+00
9.901966591966759879e-01
9.830857316620500441e-01
1.016862637451523721e+00
1.079083253379501617e+00
1.057750470775623342e+00
1.025751296869806151e+00
1.039973151939058260e+00
1.011529441800554041e+00
1.061305934542936535e+00
1.038195420055401774e+00
1.071972325844875451e+00
1.061305934542936535e+00
1.059528202659279827e+00
1.064861398310249507e+00
