8.273074797353542342e-01
5.548994344480061258e-17
7.356129613242760046e-01
-1.125603583761379944e-16
4.701371525918567884e-01
5.488100218491203296e-18
2.540862350341743237e-01
1.487075062236969035e-17
-1.624381939618297147e-02
-3.621619792849880402e-17
-6.430380648412823419e-01
7.829626275707174435e-18
-8.101346011239877187e-01
3.801279683811232320e-03
-8.101346011239874967e-01
-3.801279683811115660e-03
-3.301507476969587351e-01
1.001930273640809152e-02
-3.301507476969588462e-01
-1.001930273640799438e-02
