1.000145350920521148e+00
1.000146159113056710e+00
1.000146978754942406e+00
1.000147810141188698e+00
1.000148653578018632e+00
1.000149509383423618e+00
1.000150377887752295e+00
1.000151259434334694e+00
1.000152154380146374e+00
1.000153063096512529e+00
1.000153985969855164e+00
1.000154923402489571e+00
1.000155875813470763e+00
1.000156843639493420e+00
1.000157827335851568e+00
1.000158827377462201e+00
1.000159844259954189e+00
1.000160878500832240e+00
1.000161930640720120e+00
1.000163001244687599e+00
1.000164090903669978e+00
1.000165200235986651e+00
1.000166329888968253e+00
1.000167480540697484e+00
1.000168652901878508e+00
1.000169847717842009e+00
1.000171065770696588e+00
1.000172307881643352e+00
1.000173574913464591e+00
1.000174867773200749e+00
1.000176187415037887e+00
1.000177534843416094e+00
1.000178911116389235e+00
1.000180317349248504e+00
1.000181754718442173e+00
1.000183224465817311e+00
1.000184727903210780e+00
1.000186266417428138e+00
1.000187841475645323e+00
1.000189454631276176e+00
1.000191107530349788e+00
1.000192801918454499e+00
1.000194539648301184e+00
1.000196322687973538e+00
1.000198153129936873e+00
1.000200033200886462e+00
1.000201965272525584e+00
1.000203951873376740e+00
1.000205995701739958e+00
1.000208099639926962e+00
1.000210266769919087e+00
1.000212500390614156e+00
1.000214804036845040e+00
1.000217181500390629e+00
1.000219636853211247e+00
1.000222174473190506e+00
1.000224799072693571e+00
1.000227515730300443e+00
1.000230329926126593e+00
1.000233247581200358e+00
1.000236275101440420e+00
1.000239419426858012e+00
1.000242688086705911e+00
1.000246089261410898e+00
1.000249631852261123e+00
1.000253325559979256e+00
1.000257180973498583e+00
1.000261209670490148e+00
1.000265424331449049e+00
1.000269838869472849e+00
1.000274468578250975e+00
1.000279330301242720e+00
1.000284442625586134e+00
1.000289826104954871e+00
1.000295503516414497e+00
1.000301500157330103e+00
1.000307844189633366e+00
1.000314567040272884e+00
1.000321703868582768e+00
1.000329294113651013e+00
1.000337382137729936e+00
1.000346017985430658e+00
1.000355258283135873e+00
1.000365167309009484e+00
1.000375818271600270e+00
1.000387294844806929e+00
1.000399693019648595e+00
1.000413123349778832e+00
1.000427713689345355e+00
1.000443612550449002e+00
1.000460993245658070e+00
1.000480059032393898e+00
1.000501049545710064e+00
1.000524248901466073e+00
1.000549995984052476e+00
1.000578697617722446e+00
1.000610845582329711e+00
1.000647038809443723e+00
1.000688012639807889e+00
1.000734677826354169e+00
1.000788173169407935e+00
1.000849937501416598e+00
1.000921809577360655e+00
1.001006168918201045e+00
1.001106137917421757e+00
1.001225877551588983e+00
1.001371029502169385e+00
1.001549393354024708e+00
1.001771992460307903e+00
1.002054804023204015e+00
1.002421667741003608e+00
1.002909377430859061e+00
1.003577020863943847e+00
1.004524073324151612e+00
1.005927763791253371e+00
1.008126220458154920e+00
1.011819784262992794e+00
1.018600749695880880e+00
1.032374149622109050e+00
1.061490199161096770e+00
1.099353036284119733e+00
1.080812278325356646e+00
1.043180899236271886e+00
1.023656809698797243e+00
1.014398289722924007e+00
1.009584656806219671e+00
1.006828662468532976e+00
1.005122572371679457e+00
1.003999803996178830e+00
1.003224409174690246e+00
1.002667830683931616e+00
1.002255562540076861e+00
1.001942154243148364e+00
1.001698664186925880e+00
1.001505981420799163e+00
1.001351088142313994e+00
1.001224875736877573e+00
1.001120819961232034e+00
1.001034150592054806e+00
1.000961315800173557e+00
1.000899627718929485e+00
1.000847022518277285e+00
1.000801894645285017e+00
1.000762980179084938e+00
1.000729273368406114e+00
1.000699965999406027e+00
1.000674402734025081e+00
1.000652047791262822e+00
1.000632459797940355e+00
1.000615272599593597e+00
1.000600180471733269e+00
1.000586926615980587e+00
1.000575294133691839e+00
1.000565098886121884e+00
1.000556183804054200e+00
1.000548414320476365e+00
1.000541674680260895e+00
1.000535864939819053e+00
1.000530898513381395e+00
1.000526700155205395e+00
1.000523204291611012e+00
1.000520353635408366e+00
1.000518098029574698e+00
1.000516393478028121e+00
1.000515201329882142e+00
1.000514487590217438e+00
1.000514222335630254e+00
1.000514379216947525e+00
1.000514935034762409e+00
1.000515869376070288e+00
1.000517164302367368e+00
1.000518804081272251e+00
1.000520774955094838e+00
1.000523064940886497e+00
1.000525663657418241e+00
1.000528562175273750e+00
1.000531752886859582e+00
1.000535229393643588e+00
1.000538986408345599e+00
1.000543019670167899e+00
1.000547325871431026e+00
1.000551902594237541e+00
1.000556748255988726e+00
1.000561862062753216e+00
1.000567243969640252e+00
1.000572894647449917e+00
1.000578815454985948e+00
1.000585008416511767e+00
1.000591476203902985e+00
1.000598222123128433e+00
1.000605250104748656e+00
1.000612564698173612e+00
1.000620171069474651e+00
1.000628075002578665e+00
1.000636282903725416e+00
1.000644801809088102e+00
1.000653639395502781e+00
1.000662803994275318e+00
1.000672304608066998e+00
1.000682150930883640e+00
1.000692353371226417e+00
1.000702923078481188e+00
1.000713871972657598e+00
1.000725212777609840e+00
1.000736959057904052e+00
1.000749125259521310e+00
1.000761726754622050e+00
1.000774779890622801e+00
1.000788302043875477e+00
1.000802311678276935e+00
1.000816828409174297e+00
1.000831873072977718e+00
1.000847467802939095e+00
1.000863636111610777e+00
1.000880402980554029e+00
1.000897794957936515e+00
1.000915840264723133e+00
1.000934568910254896e+00
1.000954012818091821e+00
1.000974205963100383e+00
1.000995184520879766e+00
1.001016987030746819e+00
1.001039654573640192e+00
1.001063230966470208e+00
1.001087762974617323e+00
1.001113300544492546e+00
1.001139897058302086e+00
1.001167609613427212e+00
1.001196499329128464e+00
1.001226631683628021e+00
1.001258076885016335e+00
1.001290910279875046e+00
1.001325212804023534e+00
1.001361071480384446e+00
1.001398579969642544e+00
1.001437839180148615e+00
1.001478957944426096e+00
1.001522053770677934e+00
1.001567253678901315e+00
1.001614695132626132e+00
1.001664527078922173e+00
1.001716911111242947e+00
1.001772022771895587e+00
1.001830053013562871e+00
1.001891209842374231e+00
1.001955720168667963e+00
1.002023831895880734e+00
1.002095816283095742e+00
1.002171970622835362e+00
1.002252621282911482e+00
1.002338127169773996e+00
1.002428883681164562e+00
1.002525327228346974e+00
1.002627940423243658e+00
1.002737258044052338e+00
1.002853873915104499e+00
1.002978448863812933e+00
1.003111719950737557e+00
1.003254511209637156e+00
1.003407746184795002e+00
1.003572462615496486e+00
1.003749829695496754e+00
1.003941168432943121e+00
1.004147975759003275e+00
1.004371953188681887e+00
1.004615041034546241e+00
1.004879459426055943e+00
1.005167757710855980e+00
1.005482874232552337e+00
1.005828209022932018e+00
1.006207712657224418e+00
1.006625995456135847e+00
1.007088462457042866e+00
1.007601481228415752e+00
1.008172591819108899e+00
1.008810771132222284e+00
1.009526768094862081e+00
1.010333531590462464e+00
1.011246760842260395e+00
1.012285618660275111e+00
1.013473662938718656e+00
1.014840072789574776e+00
1.016421275207138653e+00
1.018263119571775510e+00
1.020423805009453844e+00
1.022977844657354751e+00
1.026021455211482802e+00
1.029679887279454586e+00
1.034117338286566712e+00
1.039550131490952767e+00
1.046263562967065130e+00
1.054631589038171002e+00
1.065134822679467463e+00
1.078362666743665876e+00
1.094962984648023552e+00
1.115458055708724805e+00
1.139783060064780251e+00
1.166410476174728927e+00
1.191300360691123661e+00
1.207960210874106544e+00
1.210391050214508990e+00
1.197600314555124612e+00
1.174473980691426833e+00
1.147814855329516437e+00
1.122526322888348638e+00
1.100807014628957248e+00
1.083056769089616900e+00
1.068866387102866078e+00
1.057597418810472645e+00
1.048633186343196577e+00
1.041458615317089054e+00
1.035668714551203129e+00
1.030953223605866054e+00
1.027076677583410813e+00
1.023860501535928336e+00
1.021168722639503867e+00
1.018897127594776908e+00
1.016965215317171767e+00
1.015310274736558993e+00
1.013883031325746753e+00
1.012644437044472490e+00
1.011563290514367441e+00
1.010614460729325481e+00
1.009777551298925546e+00
1.009035888110590973e+00
1.008375746039786192e+00
1.007785753637066906e+00
1.007256431320765921e+00
1.006779830474548776e+00
1.006349249381486066e+00
1.005959008096719121e+00
1.005604268852563932e+00
1.005280891882250893e+00
1.004985318978517173e+00
1.004714478909400022e+00
1.004465710165213688e+00
1.004236697529082400e+00
1.004025419735753211e+00
1.003830106072933548e+00
1.003649200232163974e+00
1.003481330066069654e+00
1.003325282180694389e+00
1.003179980504084412e+00
1.003044468139223655e+00
1.002917891941269346e+00
1.002799489363698671e+00
1.002688577201454878e+00
1.002584541926081263e+00
1.002486831361675268e+00
1.002394947494039457e+00
1.002308440240737619e+00
1.002226902038583223e+00
1.002149963128656562e+00
1.002077287438307263e+00
1.002008568975566671e+00
1.001943528664591909e+00
1.001881911561728788e+00
1.001823484400903963e+00
1.001768033424682791e+00
1.001715362463716286e+00
1.001665291232677335e+00
1.001617653815301434e+00
1.001572297314982096e+00
1.001529080650607861e+00
1.001487873480086055e+00
1.001448555236341242e+00
1.001411014262584276e+00
1.001375147035360902e+00
1.001340857465362388e+00
1.001308056267244728e+00
1.001276660390794548e+00
1.001246592506724653e+00
1.001217780541190816e+00
1.001190157253836643e+00
1.001163659854782617e+00
1.001138229656509893e+00
1.001113811757060379e+00
1.001090354751376976e+00
1.001067810467968666e+00
1.001046133728396459e+00
1.001025282127348648e+00
1.001005215831321626e+00
1.000985897394128132e+00
1.000967291587647745e+00
1.000949365246400102e+00
1.000932087124665637e+00
1.000915427765010079e+00
1.000899359377189990e+00
1.000883855726507621e+00
1.000868892030787327e+00
1.000854444865221682e+00
1.000840492074405397e+00
1.000827012690946427e+00
1.000813986860099369e+00
1.000801395769914226e+00
1.000789221586449118e+00
1.000777447393629060e+00
1.000766057137373988e+00
1.000755035573657414e+00
1.000744368220177094e+00
1.000734041311360345e+00
1.000724041756438920e+00
1.000714357100357832e+00
1.000704975487305193e+00
1.000695885626657455e+00
1.000687076761166638e+00
1.000678538637216786e+00
1.000670261477000667e+00
1.000662235952475054e+00
1.000654453160967794e+00
1.000646904602314313e+00
1.000639582157421215e+00
1.000632478068149256e+00
1.000625584918429345e+00
1.000618895616523396e+00
1.000612403378351889e+00
1.000606101711815743e+00
1.000599984402046561e+00
1.000594045497519735e+00
1.000588279296978245e+00
1.000582680337108732e+00
1.000577243380924353e+00
1.000571963406807097e+00
1.000566835598166504e+00
1.000561855333677919e+00
1.000557018178061419e+00
1.000552319873368790e+00
1.000547756330744775e+00
1.000543323622638203e+00
1.000539017975428546e+00
1.000534835762449282e+00
1.000530773497379400e+00
1.000526827827983523e+00
1.000522995530179315e+00
1.000519273502411988e+00
1.000515658760319671e+00
1.000512148431670578e+00
1.000508739751559073e+00
1.000505430057842426e+00
1.000502216786807619e+00
1.000499097469053300e+00
1.000496069725576476e+00
1.000493131264049262e+00
1.000490279875281052e+00
1.000487513429848541e+00
1.000484829874891179e+00
1.000482227231059396e+00
1.000479703589606917e+00
1.000477257109622542e+00
1.000474886015392251e+00
1.000472588593882994e+00
1.000470363192345724e+00
1.000468208216027666e+00
1.000466122125991619e+00
1.000464103437033403e+00
1.000462150715695220e+00
1.000460262578369397e+00
1.000458437689486058e+00
1.000456674759784281e+00
1.000454972544658094e+00
1.000453329842578842e+00
1.000451745493583955e+00
1.000450218377836320e+00
1.000448747414243167e+00
1.000447331559137787e+00
1.000445969805018320e+00
1.000444661179339834e+00
1.000443404743360576e+00
1.000442199591037085e+00
1.000441044847966809e+00
1.000439939670376477e+00
1.000438883244153532e+00
1.000437874783918435e+00
1.000436913532137817e+00
1.000435998758274492e+00
1.000435129757972774e+00
1.000434305852281103e+00
1.000433526386904859e+00
1.000432790731491606e+00
1.000432098278948745e+00
1.000431448444786708e+00
1.000430840666493459e+00
1.000430274402933417e+00
1.000429749133772361e+00
1.000429264358928760e+00
1.000428819598045749e+00
1.000428414389988641e+00
1.000428048292362204e+00
1.000427720881051030e+00
1.000427431749777218e+00
1.000427180509680047e+00
1.000426966788913630e+00
1.000426790232262553e+00
1.000426650500774173e+00
1.000426547271408673e+00
1.000426480236705329e+00
1.000426449104464321e+00
1.000426453597442533e+00
1.000426493453066445e+00
1.000426568423156359e+00
1.000426678273666603e+00
1.000426822784438396e+00
1.000427001748964484e+00
1.000427214974168200e+00
1.000427462280193414e+00
1.000427743500206690e+00
1.000428058480211213e+00
1.000428407078871373e+00
1.000428789167349120e+00
1.000429204629150304e+00
1.000429653359981685e+00
1.000430135267617926e+00
1.000430650271780131e+00
1.000431198304021052e+00
1.000431779307623170e+00
1.000432393237504547e+00
1.000433040060133560e+00
1.000433719753454742e+00
1.000434432306820609e+00
1.000435177720936153e+00
1.000435956007808214e+00
1.000436767190706400e+00
1.000437611304131780e+00
1.000438488393793346e+00
1.000439398516593581e+00
1.000440341740622907e+00
1.000441318145161462e+00
1.000442327820690203e+00
1.000443370868909554e+00
1.000444447402767167e+00
1.000445557546492781e+00
1.000446701435643293e+00
1.000447879217154945e+00
1.000449091049403050e+00
1.000450337102272602e+00
1.000451617557235773e+00
1.000452932607437839e+00
1.000454282457792221e+00
1.000455667325085285e+00
1.000457087438087811e+00
1.000458543037677339e+00
1.000460034376968954e+00
1.000461561721454951e+00
1.000463125349154936e+00
1.000464725550773482e+00
1.000466362629870432e+00
1.000468036903038760e+00
1.000469748700092865e+00
1.000471498364268630e+00
1.000473286252432370e+00
1.000475112735301764e+00
1.000476978197676559e+00
1.000478883038682820e+00
1.000480827672026063e+00
1.000482812526258591e+00
1.000484838045057723e+00
1.000486904687517775e+00
1.000489012928453381e+00
1.000491163258717897e+00
1.000493356185534255e+00
1.000495592232840680e+00
1.000497871941651296e+00
1.000500195870430487e+00
1.000502564595484145e+00
1.000504978711366455e+00
1.000507438831303109e+00
1.000509945587632288e+00
1.000512499632262076e+00
1.000515101637148296e+00
1.000517752294789675e+00
1.000520452318742981e+00
1.000523202444159931e+00
1.000526003428342525e+00
1.000528856051323912e+00
1.000531761116468576e+00
1.000534719451098509e+00
1.000537731907143568e+00
1.000540799361816058e+00
1.000543922718313272e+00
1.000547102906547137e+00
1.000550340883901601e+00
1.000553637636022231e+00
1.000556994177633330e+00
1.000560411553391038e+00
1.000563890838767067e+00
1.000567433140969298e+00
1.000571039599897682e+00
1.000574711389139893e+00
1.000578449717004270e+00
1.000582255827596079e+00
1.000586131001935941e+00
1.000590076559124020e+00
1.000594093857550160e+00
1.000598184296154436e+00
1.000602349315737660e+00
1.000606590400326956e+00
1.000610909078595956e+00
1.000615306925344061e+00
1.000619785563037878e+00
1.000624346663415265e+00
1.000628991949157109e+00
1.000633723195629932e+00
1.000638542232700878e+00
1.000643450946630209e+00
1.000648451282045492e+00
1.000653545243998188e+00
1.000658734900110591e+00
1.000664022382816487e+00
1.000669409891696171e+00
1.000674899695918052e+00
1.000680494136784393e+00
1.000686195630391850e+00
1.000692006670409695e+00
1.000697929830983490e+00
1.000703967769769109e+00
1.000710123231104864e+00
1.000716399049328187e+00
1.000722798152245963e+00
1.000729323564763629e+00
1.000735978412685245e+00
1.000742765926690092e+00
1.000749689446498447e+00
1.000756752425233875e+00
1.000763958433995127e+00
1.000771311166647415e+00
1.000778814444847731e+00
1.000786472223312851e+00
1.000794288595348913e+00
1.000802267798653000e+00
1.000810414221406042e+00
1.000818732408669254e+00
1.000827227069107206e+00
1.000835903082051503e+00
1.000844765504927958e+00
1.000853819581068782e+00
1.000863070747931349e+00
1.000872524645749273e+00
1.000882187126641343e+00
1.000892064264207404e+00
1.000902162363639158e+00
1.000912487972380971e+00
1.000923047891371542e+00
1.000933849186906643e+00
1.000944899203160210e+00
1.000956205575406655e+00
1.000967776243991691e+00
1.000979619469096749e+00
1.000991743846353366e+00
1.001004158323362425e+00
1.001016872217178166e+00
1.001029895232823819e+00
1.001043237482909465e+00
1.001056909508425852e+00
1.001070922300799637e+00
1.001085287325295337e+00
1.001100016545862337e+00
1.001115122451527784e+00
1.001130618084449253e+00
1.001146517069747555e+00
1.001162833647250450e+00
1.001179582705290283e+00
1.001196779816709626e+00
1.001214441277241018e+00
1.001232584146447779e+00
1.001251226291417273e+00
1.001270386433428028e+00
1.001290084197822727e+00
1.001310340167345991e+00
1.001331175939222939e+00
1.001352614186289181e+00
1.001374678722502631e+00
1.001397394573205535e+00
1.001420788050536581e+00
1.001444886834434111e+00
1.001469720059712465e+00
1.001495318409742374e+00
1.001521714217320502e+00
1.001548941573369600e+00
1.001577036444181834e+00
1.001606036797983101e+00
1.001635982741690301e+00
1.001666916668813689e+00
1.001698883419568586e+00
1.001731930454373476e+00
1.001766108042038805e+00
1.001801469464105754e+00
1.001838071236950123e+00
1.001875973353459237e+00
1.001915239546299130e+00
1.001955937575029987e+00
1.001998139539593602e+00
1.002041922223011916e+00
1.002087367466482970e+00
1.002134562580458299e+00
1.002183600795747198e+00
1.002234581759213761e+00
1.002287612079232559e+00
1.002342805926757618e+00
1.002400285698651583e+00
1.002460182750843698e+00
1.002522638209929928e+00
1.002587803873072003e+00
1.002655843207460817e+00
1.002726932462276288e+00
1.002801261908009556e+00
1.002879037220271830e+00
1.002960481027871609e+00
1.003045834648061296e+00
1.003135360035531498e+00
1.003229341976077826e+00
1.003328090561025343e+00
1.003431943984613550e+00
1.003541271713862537e+00
1.003656478089173909e+00
1.003778006424408398e+00
1.003906343687806624e+00
1.004042025860361731e+00
1.004185644086724061e+00
1.004337851756182731e+00
1.004499372678674174e+00
1.004671010554335941e+00
1.004853659976381541e+00
1.005048319257971112e+00
1.005256105436785008e+00
1.005478271889362007e+00
1.005716229085027003e+00
1.005971569131673293e+00
1.006246094919585721e+00
1.006541854863654661e+00
1.006861184490102756e+00
1.007206756425875316e+00
1.007581640746052054e+00
1.007989378141270764e+00
1.008434069014105372e+00
1.008920482439346511e+00
1.009454189975710126e+00
1.010041730651589864e+00
1.010690815126277453e+00
1.011410579107407059e+00
1.012211898614955530e+00
1.013107782575127125e+00
1.014113861279039908e+00
1.015248991845394633e+00
1.016536002599407906e+00
1.018002594297385821e+00
1.019682401483302581e+00
1.021616180433057242e+00
1.023853009304310557e+00
1.026451221482533427e+00
1.029478476110239127e+00
1.033009793354833228e+00
1.037121412166718049e+00
1.041876900251750282e+00
1.047300398200354365e+00
1.053331777736644659e+00
1.059763936131551620e+00
1.066180067608285320e+00
1.071940327605286569e+00
1.076289257089849682e+00
1.078609110819602979e+00
1.078707129976355761e+00
1.076927077739731731e+00
1.073990167789785621e+00
1.070700292606350690e+00
1.067717514726658656e+00
1.065481269174024970e+00
1.064240829004043931e+00
1.064122573406935057e+00
1.065191077654153995e+00
1.067490225572117701e+00
1.071064685930371629e+00
1.075965057629756361e+00
1.082238066659983122e+00
1.089900048598639426e+00
1.098889612423302964e+00
1.108996316366959833e+00
1.119770728305883090e+00
1.130442580864810642e+00
1.139906329889977421e+00
1.146853526010536584e+00
1.150088788637968262e+00
1.148935024283102013e+00
1.143503250183205644e+00
1.134641355532145734e+00
1.123598471626424899e+00
1.111625755252026782e+00
1.099710622430198681e+00
1.088493735725713840e+00
1.078310007140308002e+00
1.069276153113790206e+00
1.061375507140232433e+00
1.054521419441598384e+00
1.048598123588795783e+00
1.043484310978022966e+00
1.039065295510634090e+00
1.035238342769297715e+00
1.031914212276195730e+00
1.029016771130229824e+00
1.026481742036335687e+00
1.024255160229135653e+00
1.022291829814617525e+00
1.020553912017373666e+00
1.019009693597592969e+00
1.017632541213425501e+00
1.016400027879117873e+00
1.015293210142213631e+00
1.014296033183001100e+00
1.013394842471899926e+00
1.012577983188458042e+00
1.011835471440227785e+00
1.011158724010894350e+00
1.010540335746700658e+00
1.009973895713345504e+00
1.009453834935625238e+00
1.008975299907186818e+00
1.008534047173127224e+00
1.008126355187987544e+00
1.007748950375416008e+00
1.007398944897153203e+00
1.007073784105934289e+00
1.006771202032279211e+00
1.006489183557282452e+00
1.006225932167212456e+00
1.005979842382689116e+00
1.005749476114812913e+00
1.005533542330271368e+00
1.005330879513084419e+00
1.005140440496932630e+00
1.004961279312726496e+00
1.004792539754161274e+00
1.004633445411882819e+00
1.004483290966459386e+00
1.004341434563146285e+00
1.004207291118696777e+00
1.004080326433190562e+00
1.003960051998848524e+00
1.003846020413714513e+00
1.003737821321465828e+00
1.003635077809882592e+00
1.003537443210021030e+00
1.003444598246205688e+00
1.003356248493786129e+00
1.003272122107436104e+00
1.003191967787731009e+00
1.003115552957990042e+00
1.003042662127000328e+00
1.002973095416366034e+00
1.002906667233911087e+00
1.002843205076878519e+00
1.002782548450674494e+00
1.002724547890632367e+00
1.002669064075776717e+00
1.002615967024876875e+00
1.002565135366208615e+00
1.002516455673437612e+00
1.002469821860909382e+00
1.002425134632377146e+00
1.002382300977876284e+00
1.002341233714026725e+00
1.002301851063565952e+00
1.002264076270362514e+00
1.002227837246561615e+00
1.002193066248864728e+00
1.002159699581259833e+00
1.002127677321792643e+00
1.002096943071216550e+00
1.002067443721575524e+00
1.002039129242970450e+00
1.002011952486928870e+00
1.001985869004959007e+00
1.001960836880995576e+00
1.001936816576582956e+00
1.001913770787739466e+00
1.001891664312551056e+00
1.001870463928632882e+00
1.001850138279675395e+00
1.001830657770361732e+00
1.001811994469016032e+00
1.001794122017388711e+00
1.001777015547052896e+00
1.001760651601919072e+00
1.001745008066432296e+00
1.001730064099044970e+00
1.001715800070602791e+00
1.001702197507308822e+00
1.001689239037961920e+00
1.001676908345195738e+00
1.001665190120466065e+00
1.001654070022560461e+00
1.001643534639422572e+00
1.001633571453107052e+00
1.001624168807692561e+00
1.001615315880008517e+00
1.001607002653031930e+00
1.001599219891841086e+00
1.001591959122013487e+00
1.001585212610379694e+00
1.001578973348046908e+00
1.001573235035627674e+00
1.001567992070613089e+00
1.001563239536846339e+00
1.001558973196058133e+00
1.001555189481443175e+00
1.001551885493259908e+00
1.001549058996451302e+00
1.001546708420293808e+00
1.001544832860090883e+00
1.001543432080943319e+00
1.001542506523630527e+00
1.001542057312660772e+00
1.001542086266550280e+00
1.001542595910411171e+00
1.001543589490936137e+00
1.001545070993889119e+00
1.001547045164218996e+00
1.001549517528937283e+00
1.001552494422913719e+00
1.001555983017767382e+00
1.001559991354048273e+00
1.001564528376931662e+00
1.001569603975670519e+00
1.001575229027080072e+00
1.001581415443359990e+00
1.001588176224594395e+00
1.001595525516305374e+00
1.001603478672480785e+00
1.001612052324541091e+00
1.001621264456764360e+00
1.001631134488743635e+00
1.001641683365515956e+00
1.001652933656079991e+00
1.001664909661087455e+00
1.001677637530601794e+00
1.001691145392899607e+00
1.001705463495425885e+00
1.001720624359123457e+00
1.001736662947519507e+00
1.001753616852105955e+00
1.001771526495743636e+00
1.001790435356027853e+00
1.001810390210798651e+00
1.001831441408246537e+00
1.001853643164383190e+00
1.001877053890997127e+00
1.001901736557623934e+00
1.001927759091529424e+00
1.001955194820232542e+00
1.001984122961716350e+00
1.002014629168177073e+00
1.002046806129981649e+00
1.002080754247445027e+00
1.002116582379127818e+00
1.002154408676625197e+00
1.002194361517283472e+00
1.002236580547998024e+00
1.002281217855239825e+00
1.002328439278798555e+00
1.002378425889460578e+00
1.002431375654060375e+00
1.002487505315117655e+00
1.002547052516735704e+00
1.002610278213694528e+00
1.002677469406925370e+00
1.002748942255939690e+00
1.002825045627608880e+00
1.002906165151184803e+00
1.002992727861999667e+00
1.003085207531313694e+00
1.003184130797803331e+00
1.003290084237870694e+00
1.003403722538067200e+00
1.003525777964457522e+00
1.003657071361850894e+00
1.003798524961958982e+00
1.003951177335432376e+00
1.004116200890487809e+00
1.004294922402981793e+00
1.004488847162303244e+00
1.004699687437765387e+00
1.004929396115178619e+00
1.005180206527115150e+00
1.005454679707102450e+00
1.005755760540829824e+00
1.006086844567487093e+00
1.006451857497949076e+00
1.006855349851113468e+00
1.007302609436272922e+00
1.007799794669989701e+00
1.008354091802317498e+00
1.008973898845781925e+00
1.009669038014402886e+00
1.010450996215188413e+00
1.011333188630522351e+00
1.012331232109109580e+00
1.013463200410249065e+00
1.014749808364321382e+00
1.016214430811243741e+00
1.017882796548367441e+00
1.019782097542319521e+00
1.021939111080527596e+00
1.024376750810047421e+00
1.027108280495574677e+00
1.030128361586444052e+00
1.033400430488533583e+00
1.036841076618814750e+00
1.040304650066277814e+00
1.043575282402346094e+00
1.046377139115675314e+00
1.048412635225915324e+00
1.049427530870441938e+00
1.049282772648477691e+00
1.047999400750921906e+00
1.045751513067021854e+00
1.042811371984175173e+00
1.039476338127326871e+00
1.036009478482695645e+00
1.032608943805592538e+00
1.029403427642524793e+00
1.026462937486427807e+00
1.023814751115319277e+00
1.021458456243769852e+00
1.019377641682646107e+00
1.017547977940769233e+00
1.015942332390531444e+00
1.014533754828960799e+00
1.013297058098697523e+00
1.012209529331827840e+00
1.011251133874498276e+00
1.010404442555869364e+00
1.009654422625074544e+00
1.008988174126500104e+00
1.008394657069572320e+00
1.007864432847849212e+00
1.007389430605025282e+00
1.006962742085022455e+00
1.006578444685575668e+00
1.006231450565645336e+00
1.005917378891950653e+00
1.005632448146437596e+00
1.005373385561085353e+00
1.005137351031500259e+00
1.004921873193410420e+00
1.004724795677368832e+00
1.004544231862823489e+00
1.004378526723431975e+00
1.004226224588997685e+00
1.004086041847448652e+00
1.003956843776418362e+00
1.003837624832361053e+00
1.003727491839828678e+00
1.003625649618351545e+00
1.003531388662606938e+00
1.003444074556097299e+00
1.003363138851801395e+00
1.003288071197205422e+00
1.003218412517442371e+00
1.003153749100322178e+00
1.003093707451947703e+00
1.003037949812303653e+00
1.002986170237415209e+00
1.002938091169030876e+00
1.002893460424777450e+00
1.002852048551770903e+00
1.002813646495105848e+00
1.002778063539723874e+00
1.002745125490145606e+00
1.002714673057595540e+00
1.002686560428323048e+00
1.002660653990552264e+00
1.002636831200576895e+00
1.002614979571144982e+00
1.002594995767525310e+00
1.002576784798565601e+00
1.002560259291702893e+00
1.002545338842302014e+00
1.002531949428915325e+00
1.002520022887113171e+00
1.002509496435434633e+00
1.002500312247808889e+00
1.002492417067465835e+00
1.002485761857959901e+00
1.002480301487438608e+00
1.002475994442749041e+00
1.002472802570356203e+00
1.002470690841404055e+00
1.002469627138544928e+00
1.002469582062431641e+00
1.002470528755998957e+00
1.002472442744867021e+00
1.002475301792384643e+00
1.002479085767982170e+00
1.002483776527656634e+00
1.002489357805529613e+00
1.002495815115537425e+00
1.002503135662403455e+00
1.002511308261144318e+00
1.002520323264428415e+00
1.002530172497186234e+00
1.002540849197929074e+00
1.002552347966294777e+00
1.002564664716387499e+00
1.002577796635528262e+00
1.002591742148070564e+00
1.002606500883981289e+00
1.002622073651913581e+00
1.002638462416536536e+00
1.002655670279912759e+00
1.002673701466742839e+00
1.002692561313321296e+00
1.002712256260069879e+00
1.002732793847536996e+00
1.002754182715772213e+00
1.002776432607005441e+00
1.002799554371573532e+00
1.002823559977062073e+00
1.002848462520639528e+00
1.002874276244581475e+00
1.002901016554999414e+00
1.002928700043798527e+00
1.002957344513913052e+00
1.002986969007873652e+00
1.003017593839786059e+00
1.003049240630808026e+00
1.003081932348236283e+00
1.003115693348322068e+00
1.003150549422959115e+00
1.003186527850403076e+00
1.003223657450196926e+00
1.003261968642503055e+00
1.003301493512055442e+00
1.003342265876974171e+00
1.003384321362703835e+00
1.003427697481360070e+00
1.003472433716802614e+00
1.003518571615770183e+00
1.003566154885451311e+00
1.003615229497895944e+00
1.003665843801701429e+00
1.003718048641452532e+00
1.003771897485429498e+00
1.003827446562143955e+00
1.003884755006308138e+00
1.003943885014897397e+00
1.004004902014015155e+00
1.004067874837338392e+00
1.004132875916974754e+00
1.004199981487644777e+00
1.004269271805173114e+00
1.004340831380355015e+00
1.004414749229360249e+00
1.004491119141928790e+00
1.004570039968726070e+00
1.004651615929338604e+00
1.004735956942516495e+00
1.004823178980414289e+00
1.004913404448725123e+00
1.005006762594771175e+00
1.005103389945791292e+00
1.005203430779862739e+00
1.005307037632100498e+00
1.005414371839018273e+00
1.005525604124173578e+00
1.005640915228499077e+00
1.005760496589021002e+00
1.005884551069974320e+00
1.006013293750686044e+00
1.006146952774962688e+00
1.006285770267131063e+00
1.006430003320315958e+00
1.006579925063006309e+00
1.006735825810473051e+00
1.006898014308128531e+00
1.007066819074496911e+00
1.007242589852067161e+00
1.007425699174929301e+00
1.007616544062756470e+00
1.007815547851373061e+00
1.008023162170834430e+00
1.008239869082623974e+00
1.008466183388239568e+00
1.008702655122047487e+00
1.008949872241825751e+00
1.009208463530821165e+00
1.009479101725394123e+00
1.009762506882301070e+00
1.010059449999324288e+00
1.010370756902140510e+00
1.010697312408910475e+00
1.011040064781852710e+00
1.011400030471814260e+00
1.011778299157257477e+00
1.012176039072769207e+00
1.012594502613679115e+00
1.013035032192077800e+00
1.013499066304681451e+00
1.013988145753720094e+00
1.014503919937169929e+00
1.015048153092869665e+00
1.015622730340643765e+00
1.016229663315518783e+00
1.016871095121003377e+00
1.017549304251417208e+00
1.018266707033027352e+00
1.019025858011550323e+00
1.019829447564219560e+00
1.020680295833663598e+00
1.021581341863863290e+00
1.022535626561526634e+00
1.023546267806660692e+00
1.024616425693652078e+00
1.025749255502779400e+00
1.026947845592314223e+00
1.028215136984032441e+00
1.029553821025406934e+00
1.030966211205939675e+00
1.032454085066223382e+00
1.034018492284457524e+00
1.035659525615911569e+00
1.037376052601279408e+00
1.039165408097638688e+00
1.041023050995511623e+00
1.042942193233735271e+00
1.044913415604047824e+00
1.046924292869518380e+00
1.048959060112332864e+00
1.050998362205453063e+00
1.053019137460060817e+00
1.054994692703249637e+00
1.056895027512846141e+00
1.058687457022610801e+00
1.060337562993541427e+00
1.061810470597379652e+00
1.063072405113404617e+00
1.064092433575408725e+00
1.064844249950661625e+00
1.065307829548191032e+00
1.065470769440139076e+00
1.065329153234273019e+00
1.064887830214856779e+00
1.064160072452547512e+00
1.063166654540611544e+00
1.061934472517745975e+00
1.060494867344627057e+00
1.058881836578628555e+00
1.057130306095528383e+00
1.055274598897252059e+00
1.053347190824537316e+00
1.051377794097096974e+00
1.049392767327540721e+00
1.047414819688234466e+00
1.045462958462748171e+00
1.043552621947575920e+00
1.041695940878159865e+00
1.039902078181930145e+00
1.038177606190350266e+00
1.036526890413515867e+00
1.034952458257600849e+00
1.033455338933350731e+00
1.032035367009908278e+00
1.030691446656410326e+00
1.029421776789130272e+00
1.028224039374173282e+00
1.027095554297978053e+00
1.026033404753811551e+00
1.025034537202368812e+00
1.024095839803608632e+00
1.023214202899105141e+00
1.022386564729615976e+00
1.021609945154641430e+00
1.020881469733211588e+00
1.020198386147427749e+00
1.019558074612193055e+00
1.018958053619514192e+00
1.018395982113129428e+00
1.017869658976205738e+00
1.017377020537385546e+00
1.016916136654154590e+00
1.016485205812881487e+00
1.016082549587861372e+00
1.015706606723496552e+00
1.015355927041163397e+00
1.015029165322496096e+00
1.014725075281417865e+00
1.014442503706286969e+00
1.014180384829333370e+00
1.013937734961835702e+00
1.013713647419079988e+00
1.013507287748193431e+00
1.013317889263717797e+00
1.013144748889702296e+00
1.012987223302687534e+00
1.012844725366854215e+00
1.012716720850513896e+00
1.012602725411799964e+00
1.012502301840685792e+00
1.012415057544164831e+00
1.012340642261452484e+00
1.012278745996340490e+00
1.012229097154250690e+00
1.012191460872066795e+00
1.012165637529412354e+00
1.012151461430653487e+00
1.012148799647519359e+00
1.012157551012824230e+00
1.012177645256313152e+00
1.012209042274150095e+00
1.012251731523971854e+00
1.012305731537769038e+00
1.012371089545081038e+00
1.012447881199110666e+00
1.012536210398357728e+00
1.012636209196212000e+00
1.012748037790637934e+00
1.012871884585574200e+00
1.013007966314964925e+00
1.013156528219387731e+00
1.013317844264013834e+00
1.013492217385104199e+00
1.013679979750341076e+00
1.013881493015988733e+00
1.014097148561099004e+00
1.014327367675657898e+00
1.014572601675646890e+00
1.014833331913365999e+00
1.015110069645957402e+00
1.015403355718781819e+00
1.015713760013011724e+00
1.016041880598443470e+00
1.016388342522944077e+00
1.016753796159089340e+00
1.017138915016279066e+00
1.017544392912922202e+00
1.017970940388119860e+00
1.018419280215687284e+00
1.018890141865492094e+00
1.019384254738173734e+00
1.019902339979782857e+00
1.020445100663359472e+00
1.021013210105864211e+00
1.021607298072455761e+00
1.022227934607559341e+00
1.022875611225717130e+00
1.023550719197718895e+00
1.024253524682506411e+00
1.024984140487191553e+00
1.025742494291332907e+00
1.026528293253302193e+00
1.027340985032604515e+00
1.028179715419221152e+00
1.029043282965955708e+00
1.029930091277957427e+00
1.030838099928458540e+00
1.031764775341115437e+00
1.032707043401525304e+00
1.033661246020361579e+00
1.034623104345215650e+00
1.035587691773139252e+00
1.036549420303621627e+00
1.037502044032148074e+00
1.038438683646985661e+00
1.039351875580393436e+00
1.040233648907295416e+00
1.041075632121763128e+00
1.041869190526443223e+00
1.042605593159511956e+00
1.043276206033912468e+00
1.043872706117209948e+00
1.044387308144862025e+00
1.044812994292456887e+00
1.045143735212241243e+00
1.045374690225681080e+00
1.045502374751281272e+00
1.045524784421782538e+00
1.045441467756034637e+00
1.045253542502754707e+00
1.044963654545645770e+00
1.044575882151548285e+00
1.044095591936183842e+00
1.043529255843046233e+00
1.042884240409565511e+00
1.042168580496930730e+00
1.041390749496583723e+00
1.040559436935114324e+00
1.039683342608397343e+00
1.038770994158746408e+00
1.037830592639416238e+00
1.036869888327581535e+00
1.035896087030313772e+00
1.034915785491582918e+00
1.033934933301084769e+00
1.032958817923538053e+00
1.031992069067196649e+00
1.031038678526737584e+00
1.030102031792954342e+00
1.029184948045316350e+00
1.028289725566891910e+00
1.027418190089625316e+00
1.026571744049717516e+00
1.025751415178605574e+00
1.024957903256342284e+00
1.024191624201408635e+00
1.023452750961104663e+00
1.022741250901207932e+00
1.022056919577100986e+00
1.021399410907094296e+00
1.020768263869012094e+00
1.020162925909941176e+00
1.019582773302640355e+00
1.019027128706061713e+00
1.018495276196511812e+00
1.017986474034186184e+00
1.017499965420375574e+00
1.017034987486146624e+00
1.016590778735706246e+00
1.016166585148485568e+00
1.015761665124309543e+00
1.015375293436650006e+00
1.015006764340392165e+00
1.014655393963149743e+00
1.014320522093114851e+00
1.014001513461816106e+00
1.013697758607004173e+00
1.013408674389139286e+00
1.013133704224551179e+00
1.012872318089194756e+00
1.012624012338902979e+00
1.012388309385073848e+00
1.012164757258672720e+00
1.011952929090215614e+00
1.011752422528901407e+00
1.011562859120212154e+00
1.011383883658004246e+00
1.011215163524303629e+00
1.011056388027630870e+00
1.010907267748649918e+00
1.010767533900222892e+00
1.010636937707491079e+00
1.010515249812380389e+00
1.010402259705884598e+00
1.010297775190602820e+00
1.010201621875256528e+00
1.010113642702271441e+00
1.010033697508958994e+00
1.009961662622343326e+00
1.009897430487251890e+00
1.009840909326892300e+00
1.009792022834762548e+00
1.009750709896381826e+00
1.009716924338966759e+00
1.009690634706793544e+00
1.009671824059581224e+00
1.009660489790792148e+00
1.009656643462240044e+00
1.009660310650841275e+00
1.009671530802705997e+00
1.009690357089029655e+00
1.009716856257408146e+00
1.009751108471234948e+00
1.009793207128723669e+00
1.009843258651834885e+00
1.009901382233925116e+00
1.009967709533281965e+00
1.010042384297822560e+00
1.010125561904106961e+00
1.010217408791415084e+00
1.010318101768961752e+00
1.010427827171338500e+00
1.010546779833990660e+00
1.010675161856934956e+00
1.010813181121049231e+00
1.010961049517112187e+00
1.011118980843413340e+00
1.011287188323282793e+00
1.011465881689403989e+00
1.011655263777466285e+00
1.011855526567814634e+00
1.012066846610566895e+00
1.012289379767583597e+00
1.012523255204231143e+00
1.012768568565637572e+00
1.013025374276925517e+00
1.013293676915558716e+00
1.013573421617533388e+00
1.013864483498835067e+00
1.014166656100646158e+00
1.014479638902543002e+00
1.014803023993642750e+00
1.015136282048478389e+00
1.015478747823046035e+00
1.015829605467204022e+00
1.016187874041754258e+00
1.016552393730265846e+00
1.016921813343643954e+00
1.017294579824348455e+00
1.017668930559581408e+00
1.018042889398943274e+00
1.018414267329996070e+00
1.018780668781055221e+00
1.019139504479574798e+00
1.019488011682345929e+00
1.019823282398333752e+00
1.020142299938957553e+00
1.020441983753800796e+00
1.020719242051555842e+00
1.020971031187419831e+00
1.021194420252085511e+00
1.021386658767886368e+00
1.021545244936291619e+00
1.021667991542174247e+00
1.021753086454132875e+00
1.021799144704750084e+00
1.021805249409097005e+00
1.021770979278927793e+00
1.021696421182656689e+00
1.021582167032256461e+00
1.021429295174638874e+00
1.021239337345283271e+00
1.021014233026392493e+00
1.020756273673748327e+00
1.020468039689473194e+00
1.020152333201139738e+00
1.019812109665914068e+00
1.019450411079007024e+00
1.019070303172339376e+00
1.018674818494658796e+00
1.018266906722432363e+00
1.017849393010894721e+00
1.017424944696524447e+00
1.016996046234207363e+00
1.016564981910681231e+00
1.016133825625956222e+00
1.015704436872937100e+00
1.015278461962937584e+00
1.014857339527941660e+00
1.014442309364614436e+00
1.014034423755672432e+00
1.013634560498091863e+00
1.013243436973624956e+00
1.012861624706378416e+00
1.012489563958205663e+00
1.012127578010941109e+00
1.011775886872284591e+00
1.011434620218166769e+00
1.011103829448340097e+00
1.010783498784285417e+00
1.010473555380156041e+00
1.010173878449652562e+00
1.009884307435719109e+00
1.009604649267075605e+00
1.009334684757110301e+00
1.009074174207655883e+00
1.008822862283644373e+00
