9.356453009753042949e-01
-1.139588022162189256e-17
7.099942135315878700e-01
-3.780943073024188630e-17
5.212450586253870588e-01
-1.289249138035272054e-16
2.926101731935092376e-01
1.425875505734667373e-17
-5.475520956322840194e-01
1.533251003212834986e-17
-8.099147960801578172e-01
3.921178938857616640e-03
-8.099147960801573731e-01
-3.921178938857812664e-03
-3.322586586265361963e-01
-9.612341726221437094e-03
-3.322586586265360298e-01
9.612341726221301785e-03
-3.289882871938199643e-02
3.430283302607467848e-17
