-1.000000000000000000e+00
-9.945799457994579651e-01
-9.891598915989160412e-01
-9.837398373983740063e-01
-9.783197831978319714e-01
-9.728997289972899365e-01
-9.674796747967480126e-01
-9.620596205962059777e-01
-9.566395663956639428e-01
-9.512195121951219079e-01
-9.457994579945799840e-01
-9.403794037940379491e-01
-9.349593495934959142e-01
-9.295392953929539903e-01
-9.241192411924119554e-01
-9.186991869918699205e-01
-9.132791327913278856e-01
-9.078590785907858507e-01
-9.024390243902439268e-01
-8.970189701897018919e-01
-8.915989159891598570e-01
-8.861788617886179331e-01
-8.807588075880758982e-01
-8.753387533875338633e-01
-8.699186991869918284e-01
-8.644986449864499045e-01
-8.590785907859078696e-01
-8.536585365853658347e-01
-8.482384823848239108e-01
-8.428184281842818759e-01
-8.373983739837398410e-01
-8.319783197831978061e-01
-8.265582655826557712e-01
-8.211382113821138473e-01
-8.157181571815718124e-01
-8.102981029810297775e-01
-8.048780487804878536e-01
-7.994579945799458187e-01
-7.940379403794037838e-01
-7.886178861788617489e-01
-7.831978319783197140e-01
-7.777777777777777901e-01
-7.723577235772357552e-01
-7.669376693766938313e-01
-7.615176151761517964e-01
-7.560975609756097615e-01
-7.506775067750677266e-01
-7.452574525745256917e-01
-7.398373983739837678e-01
-7.344173441734417329e-01
-7.289972899728998090e-01
-7.235772357723577741e-01
-7.181571815718157392e-01
-7.127371273712737043e-01
-7.073170731707316694e-01
-7.018970189701896345e-01
-6.964769647696477106e-01
-6.910569105691056757e-01
-6.856368563685637518e-01
-6.802168021680217169e-01
-6.747967479674796820e-01
-6.693766937669376471e-01
-6.639566395663956122e-01
-6.585365853658535773e-01
-6.531165311653116534e-01
-6.476964769647697295e-01
-6.422764227642276946e-01
-6.368563685636856597e-01
-6.314363143631436248e-01
-6.260162601626015899e-01
-6.205962059620595550e-01
-6.151761517615176311e-01
-6.097560975609755962e-01
-6.043360433604336723e-01
-5.989159891598916374e-01
-5.934959349593496025e-01
-5.880758807588075676e-01
-5.826558265582655327e-01
-5.772357723577234978e-01
-5.718157181571815739e-01
-5.663956639566395390e-01
-5.609756097560976151e-01
-5.555555555555555802e-01
-5.501355013550135453e-01
-5.447154471544715104e-01
-5.392953929539294755e-01
-5.338753387533875516e-01
-5.284552845528455167e-01
-5.230352303523035928e-01
-5.176151761517615579e-01
-5.121951219512195230e-01
-5.067750677506774881e-01
-5.013550135501354532e-01
-4.959349593495935293e-01
-4.905149051490514944e-01
-4.850948509485094595e-01
-4.796747967479675356e-01
-4.742547425474255007e-01
-4.688346883468834658e-01
-4.634146341463414309e-01
-4.579945799457995070e-01
-4.525745257452574721e-01
-4.471544715447154372e-01
-4.417344173441734023e-01
-4.363143631436314784e-01
-4.308943089430894435e-01
-4.254742547425474086e-01
-4.200542005420053737e-01
-4.146341463414634498e-01
-4.092140921409214149e-01
-4.037940379403793800e-01
-3.983739837398373451e-01
-3.929539295392954212e-01
-3.875338753387533863e-01
-3.821138211382113514e-01
-3.766937669376694275e-01
-3.712737127371273926e-01
-3.658536585365853577e-01
-3.604336043360433228e-01
-3.550135501355013989e-01
-3.495934959349593640e-01
-3.441734417344173291e-01
-3.387533875338752942e-01
-3.333333333333333703e-01
-3.279132791327913354e-01
-3.224932249322493005e-01
-3.170731707317072656e-01
-3.116531165311653417e-01
-3.062330623306233068e-01
-3.008130081300812719e-01
-2.953929539295393480e-01
-2.899728997289973131e-01
-2.845528455284552782e-01
-2.791327913279132433e-01
-2.737127371273713194e-01
-2.682926829268292845e-01
-2.628726287262872496e-01
-2.574525745257452147e-01
-2.520325203252032908e-01
-2.466124661246612559e-01
-2.411924119241192210e-01
-2.357723577235771861e-01
-2.303523035230352622e-01
-2.249322493224932273e-01
-2.195121951219511924e-01
-2.140921409214092686e-01
-2.086720867208672336e-01
-2.032520325203251987e-01
-1.978319783197831638e-01
-1.924119241192412399e-01
-1.869918699186992050e-01
-1.815718157181571701e-01
-1.761517615176151352e-01
-1.707317073170732113e-01
-1.653116531165311764e-01
-1.598915989159891415e-01
-1.544715447154471066e-01
-1.490514905149051827e-01
-1.436314363143631478e-01
-1.382113821138211129e-01
-1.327913279132790780e-01
-1.273712737127371541e-01
-1.219512195121951192e-01
-1.165311653116530843e-01
-1.111111111111111605e-01
-1.056910569105691255e-01
-1.002710027100270906e-01
-9.485094850948505574e-02
-8.943089430894313185e-02
-8.401084010840109695e-02
-7.859078590785906204e-02
-7.317073170731702714e-02
-6.775067750677510325e-02
-6.233062330623306835e-02
-5.691056910569103344e-02
-5.149051490514899854e-02
-4.607046070460707465e-02
-4.065040650406503975e-02
-3.523035230352300484e-02
-2.981029810298108096e-02
-2.439024390243904605e-02
-1.897018970189701115e-02
-1.355013550135497624e-02
-8.130081300813052358e-03
-2.710027100271017453e-03
2.710027100270906431e-03
8.130081300812941336e-03
1.355013550135497624e-02
1.897018970189701115e-02
2.439024390243904605e-02
2.981029810298108096e-02
3.523035230352311586e-02
4.065040650406492873e-02
4.607046070460696363e-02
5.149051490514899854e-02
5.691056910569103344e-02
6.233062330623306835e-02
6.775067750677510325e-02
7.317073170731713816e-02
7.859078590785917307e-02
8.401084010840098593e-02
8.943089430894302083e-02
9.485094850948505574e-02
1.002710027100270906e-01
1.056910569105691255e-01
1.111111111111111605e-01
1.165311653116531954e-01
1.219512195121952303e-01
1.273712737127370431e-01
1.327913279132790780e-01
1.382113821138211129e-01
1.436314363143631478e-01
1.490514905149051827e-01
1.544715447154472177e-01
1.598915989159892526e-01
1.653116531165310654e-01
1.707317073170731003e-01
1.761517615176151352e-01
1.815718157181571701e-01
1.869918699186992050e-01
1.924119241192412399e-01
1.978319783197832749e-01
2.032520325203253098e-01
2.086720867208671226e-01
2.140921409214091575e-01
2.195121951219511924e-01
2.249322493224932273e-01
2.303523035230352622e-01
2.357723577235772972e-01
2.411924119241193321e-01
2.466124661246611449e-01
2.520325203252031798e-01
2.574525745257452147e-01
2.628726287262872496e-01
2.682926829268292845e-01
2.737127371273713194e-01
2.791327913279133544e-01
2.845528455284553893e-01
2.899728997289972021e-01
2.953929539295392370e-01
3.008130081300812719e-01
3.062330623306233068e-01
3.116531165311653417e-01
3.170731707317073766e-01
3.224932249322494116e-01
3.279132791327912244e-01
3.333333333333332593e-01
3.387533875338752942e-01
3.441734417344173291e-01
3.495934959349593640e-01
3.550135501355013989e-01
3.604336043360434338e-01
3.658536585365854688e-01
3.712737127371272816e-01
3.766937669376693165e-01
3.821138211382113514e-01
3.875338753387533863e-01
3.929539295392954212e-01
3.983739837398374561e-01
4.037940379403794910e-01
4.092140921409213039e-01
4.146341463414633388e-01
4.200542005420053737e-01
4.254742547425474086e-01
4.308943089430894435e-01
4.363143631436314784e-01
4.417344173441735133e-01
4.471544715447155482e-01
4.525745257452573611e-01
4.579945799457993960e-01
4.634146341463414309e-01
4.688346883468834658e-01
4.742547425474255007e-01
4.796747967479675356e-01
4.850948509485095705e-01
4.905149051490513834e-01
4.959349593495934183e-01
5.013550135501354532e-01
5.067750677506774881e-01
5.121951219512195230e-01
5.176151761517615579e-01
5.230352303523035928e-01
5.284552845528456277e-01
5.338753387533874406e-01
5.392953929539294755e-01
5.447154471544715104e-01
5.501355013550135453e-01
5.555555555555555802e-01
5.609756097560976151e-01
5.663956639566396500e-01
5.718157181571814629e-01
5.772357723577234978e-01
5.826558265582655327e-01
5.880758807588075676e-01
5.934959349593496025e-01
5.989159891598916374e-01
6.043360433604336723e-01
6.097560975609757072e-01
6.151761517615175201e-01
6.205962059620595550e-01
6.260162601626015899e-01
6.314363143631436248e-01
6.368563685636856597e-01
6.422764227642276946e-01
6.476964769647697295e-01
6.531165311653115424e-01
6.585365853658535773e-01
6.639566395663956122e-01
6.693766937669376471e-01
6.747967479674796820e-01
6.802168021680217169e-01
6.856368563685637518e-01
6.910569105691057867e-01
6.964769647696475996e-01
7.018970189701896345e-01
7.073170731707316694e-01
7.127371273712737043e-01
7.181571815718157392e-01
7.235772357723577741e-01
7.289972899728998090e-01
7.344173441734418439e-01
7.398373983739836568e-01
7.452574525745256917e-01
7.506775067750677266e-01
7.560975609756097615e-01
7.615176151761517964e-01
7.669376693766938313e-01
7.723577235772358662e-01
7.777777777777776791e-01
7.831978319783197140e-01
7.886178861788617489e-01
7.940379403794037838e-01
7.994579945799458187e-01
8.048780487804878536e-01
8.102981029810298885e-01
8.157181571815719234e-01
8.211382113821137363e-01
8.265582655826557712e-01
8.319783197831978061e-01
8.373983739837398410e-01
8.428184281842818759e-01
8.482384823848239108e-01
8.536585365853659457e-01
8.590785907859077586e-01
8.644986449864497935e-01
8.699186991869918284e-01
8.753387533875338633e-01
8.807588075880758982e-01
8.861788617886179331e-01
8.915989159891599680e-01
8.970189701897020029e-01
9.024390243902438158e-01
9.078590785907858507e-01
9.132791327913278856e-01
9.186991869918699205e-01
9.241192411924119554e-01
9.295392953929539903e-01
9.349593495934960252e-01
9.403794037940378381e-01
9.457994579945798730e-01
9.512195121951219079e-01
9.566395663956639428e-01
9.620596205962059777e-01
9.674796747967480126e-01
9.728997289972900475e-01
9.783197831978320824e-01
9.837398373983738953e-01
9.891598915989159302e-01
9.945799457994579651e-01
1.000000000000000000e+00
