9.826525264856349473e-01 6.220763102965414098e-16
9.823701264176046832e-01 6.300994063729341426e-16
9.820800585139822791e-01 6.383393428838239763e-16
9.817819845606049478e-01 6.467961198292109109e-16
9.814755457108765846e-01 6.556865776435920472e-16
9.811603608769352558e-01 6.652275567614644862e-16
9.808360249675694975e-01 6.730338124033601182e-16
9.805021069555681645e-01 6.830084723902267590e-16
9.801581477549197174e-01 6.938504941150818033e-16
9.798036578856592627e-01 7.038251541019484441e-16
9.794381149011531784e-01 7.142334949578092867e-16
9.790609605491329415e-01 7.250755166826643310e-16
9.786715976337568845e-01 7.363512192765135771e-16
9.782693865413102374e-01 7.484942836083512268e-16
9.778536413867060517e-01 7.602036670711946747e-16
9.774236257316091248e-01 7.727804122720265261e-16
9.769785478175763149e-01 7.866582000798409828e-16
9.765175552489004929e-01 8.005359878876554396e-16
9.760397290496023448e-01 8.148474565644640981e-16
9.755440770069244705e-01 8.291589252412727567e-16
9.750295261993835449e-01 8.452051173940582223e-16
9.744949145904481247e-01 8.612513095468436879e-16
9.739389815486857449e-01 8.781648634376175571e-16
9.733603571310348590e-01 8.963794599353740316e-16
9.727575499368559253e-01 9.150277373021247078e-16
9.721289333054792259e-01 9.336760146688753841e-16
9.714727295877485513e-01 9.540590155116028675e-16
9.707869921708121019e-01 9.753093780923187544e-16
9.700695848729483650e-01 9.978607832800172466e-16
9.693181582487508940e-01 1.021279550205704142e-15
9.685301222509433705e-01 1.045999359738373643e-15
9.677026145788732991e-01 1.072887573616014153e-15
9.668324638993632814e-01 1.099775787493654663e-15
9.659161469453304560e-01 1.129266086585260384e-15
9.649497382712348692e-01 1.159623747414854508e-15
9.639288511585294428e-01 1.192583493458413843e-15
9.628485678010021420e-01 1.229012686453926792e-15
9.617033564352552855e-01 1.265441879449439741e-15
9.604869724832283406e-01 1.305340519396906304e-15
9.591923399976172160e-01 1.347841244558338078e-15
9.578114086868069199e-01 1.393811416671723466e-15
9.563349804597242043e-01 1.441516312261085661e-15
9.547524976555553655e-01 1.496160101754355084e-15
9.530517827427416044e-01 1.552538614723601315e-15
9.512187160490327420e-01 1.614121298120777967e-15
9.492368336769068105e-01 1.681775513683873444e-15
9.470868216646447513e-01 1.756368623150876149e-15
9.447458739287756257e-01 1.834431179569832468e-15
9.421868694498375385e-01 1.924636800320626437e-15
9.393773068336533916e-01 2.022648676713316038e-15
9.362779091497031025e-01 2.131936255699854885e-15
9.328407746500678721e-01 2.255101622494208188e-15
9.290068929282014887e-01 2.386940606668445527e-15
9.247027603857728151e-01 2.546535166458311780e-15
9.198356954110911143e-01 2.725211684483922911e-15
9.142872417217396963e-01 2.928174331173209341e-15
9.079037049201774678e-01 3.169300894333985527e-15
9.004822997588191047e-01 3.448591373966251469e-15
8.917504305434961198e-01 3.778188834401844817e-15
8.813339999340868980e-01 4.180644680828464063e-15
8.687078764808336961e-01 4.687183935813691735e-15
8.531171591330268811e-01 5.318623281069249517e-15
8.334519034223489831e-01 6.120065526970534395e-15
8.080579407521187862e-01 7.181716294268339548e-15
7.745253438592948347e-01 8.590311756761506908e-15
7.299593618865052314e-01 1.032503523273831400e-14
6.755188415682951142e-01 1.164342507448068739e-14
6.526562628139499500e-01 6.009043224508018741e-15
9.196132192277020057e-01 -3.032300525635022668e-14
1.458667579692072502e+00 -3.298754051545060238e-14
1.483802254703851853e+00 -1.292025934535090106e-14
1.375239150954024270e+00 -8.361406050483852018e-15
1.291590349199454035e+00 -6.737704876969559789e-15
1.234503921309836549e+00 -5.729830537427034867e-15
1.194571541738107090e+00 -4.981297357543042606e-15
1.165481578869603130e+00 -4.403580229934141568e-15
1.143486431173752038e+00 -3.937861186742993139e-15
1.126326791250466863e+00 -3.555354660290107174e-15
1.112587646735580194e+00 -3.240068668531322485e-15
1.101346981028143546e+00 -2.971620210623911587e-15
1.091981922845265851e+00 -2.744371435270949858e-15
1.084058103633702475e+00 -2.547480320747582253e-15
1.077264098468557529e+00 -2.377477420101855157e-15
1.071371163884396793e+00 -2.226556477691872940e-15
1.066207688590004921e+00 -2.092982770041658794e-15
1.061642496052011442e+00 -1.976756297151212719e-15
1.057573640573092000e+00 -1.870938165116627486e-15
1.053920709848736204e+00 -1.775528373937903096e-15
1.050619423208818182e+00 -1.689659561877051144e-15
1.047617767637939457e+00 -1.611597005458094825e-15
1.044873185399346038e+00 -1.540473342943045734e-15
1.042350494357512147e+00 -1.475421212593915468e-15
1.040020327503700548e+00 -1.416006933541709825e-15
1.037857946052751945e+00 -1.362230505786428805e-15
1.035842325033403233e+00 -1.311923524983101400e-15
1.033955440069649123e+00 -1.265085991131727608e-15
1.032181704270836109e+00 -1.222585265970295834e-15
1.030507518075507667e+00 -1.182686626022829271e-15
1.028920904602200981e+00 -1.145390071289327919e-15
1.027411209888082766e+00 -1.111562963507780180e-15
1.025968852218172023e+00 -1.079036898333215047e-15
1.024585108139169476e+00 -1.049546599241609327e-15
1.023251925089087466e+00 -1.022224704494974615e-15
1.021961752096253173e+00 -9.966375332243167102e-16
1.020707380846777479e+00 -9.740861280366182180e-16
1.019481789642906255e+00 -9.515347228489197258e-16
1.018277982350192401e+00 -9.315854028751864442e-16
1.017088813240946132e+00 -9.146718489844125750e-16
1.015906786441566068e+00 -8.977582950936387058e-16
1.014723815049581868e+00 -8.825794646788416437e-16
1.013530919163120769e+00 -8.695690386090155905e-16
1.012317832799084494e+00 -8.595943786221489497e-16
1.011072474780840613e+00 -8.504870803732707125e-16
1.009780214275119548e+00 -8.439818673383576859e-16
1.008422820667737696e+00 -8.396450586484156682e-16
1.006976916485747164e+00 -8.396450586484156682e-16
1.005411624696752160e+00 -8.409461012553982735e-16
1.003684863468625954e+00 -8.483186760282997036e-16
1.001737273770530567e+00 -8.613291020981257568e-16
9.994817931942309164e-01 -8.808447412028648367e-16
9.967847267806089206e-01 -9.125034446394415661e-16
9.934289369275818293e-01 -9.604251806633008621e-16
9.890357464566947865e-01 -1.035235130564800668e-15
9.828790841239426479e-01 -1.156448933448680064e-15
9.733665717550803453e-01 -1.376108293594243262e-15
9.561946207440088497e-01 -1.847519398190940590e-15
9.142918732119881264e-01 -3.351524651862832341e-15
6.343783507477875894e-01 -2.526194951518789514e-14
1.211654282919328418e+00 -2.424748634822223151e-15
1.089487072706553539e+00 2.056094500158354978e-17
1.059113457397553359e+00 3.682397758886611629e-17
1.045133492659565677e+00 -2.801131232576704886e-17
1.036979186976641376e+00 -8.200458051554516968e-17
1.031561323675245667e+00 -1.229874226354972373e-16
1.027648022000033468e+00 -1.526945621616000588e-16
1.024651121175023993e+00 -1.741617651768130466e-16
1.022254183979141695e+00 -1.910753190675869157e-16
1.020271744660916191e+00 -2.036520642684187672e-16
1.018587838097096743e+00 -2.127593625172970044e-16
1.017126181600968682e+00 -2.194814159867071319e-16
1.015834496888829319e+00 -2.249024268491346541e-16
1.014675721941200370e+00 -2.288055546700824700e-16
1.013622821140282015e+00 -2.307571185805563780e-16
1.012655584463112213e+00 -2.327086824910302860e-16
1.011758579612700437e+00 -2.329255229255273869e-16
1.010919799900270366e+00 -2.335760442290186896e-16
1.010129746780302096e+00 -2.329255229255273869e-16
1.009380792226384438e+00 -2.322750016220360842e-16
1.008666726103488731e+00 -2.311907994495505798e-16
1.007982428733505964e+00 -2.296729164080708736e-16
1.007323629969759882e+00 -2.281550333665911674e-16
1.006686729179051554e+00 -2.264203098906143603e-16
1.006068658836355212e+00 -2.242519055456433514e-16
1.005466779829519153e+00 -2.218666607661752417e-16
1.004878800142684714e+00 -2.199150968557013337e-16
1.004302710996089365e+00 -2.173130116417361230e-16
1.003736736172168964e+00 -2.151446072967651142e-16
1.003179291408582863e+00 -2.125425220827999035e-16
1.002628951551567171e+00 -2.101572773033317938e-16
1.002084423744627584e+00 -2.075551920893665831e-16
1.001544525348791792e+00 -2.043025855719100698e-16
1.001008165599099664e+00 -2.019173407924419601e-16
1.000474330230244124e+00 -1.993152555784767494e-16
9.999420684747547527e-01 -1.964963299300144379e-16
9.994104819655977856e-01 -1.932437234125579246e-16
9.988787151726566949e-01 -1.910753190675869157e-16
9.983459470772451105e-01 -1.880395529846275033e-16
9.978113838463286145e-01 -1.850037869016680909e-16
9.972742523126780778e-01 -1.821848612532057794e-16
9.967337941018434844e-01 -1.793659356047434679e-16
9.961892602738827707e-01 -1.769806908252753581e-16
9.956399063689242990e-01 -1.739449247423159457e-16
9.950849877621460449e-01 -1.704754777903623315e-16
9.945237552465864272e-01 -1.676565521419000200e-16
9.939554507720866905e-01 -1.648376264934377084e-16
9.933793032761456532e-01 -1.620187008449753969e-16
9.927945245479662395e-01 -1.589829347620159845e-16
9.922003050707838279e-01 -1.561640091135536730e-16
9.915958097899356671e-01 -1.531282430305942605e-16
9.909801737551902079e-01 -1.505261578166290499e-16
9.903524975857399548e-01 -1.471651310819239862e-16
9.897118427050067835e-01 -1.447798863024558764e-16
9.890572262900423350e-01 -1.417441202194964640e-16
9.883876158768132303e-01 -1.383830934847914002e-16
9.877019235579688194e-01 -1.356725880535776392e-16
9.869989997037206253e-01 -1.323115613188725754e-16
9.862776261290718827e-01 -1.294926356704102639e-16
9.855365086216472115e-01 -1.260231887184566497e-16
9.847742687335605538e-01 -1.233126832872428886e-16
9.839894347278325126e-01 -1.199516565525378249e-16
9.831804315544734330e-01 -1.162653691660871098e-16
9.823455697130446529e-01 -1.131211828658791469e-16
9.814830328367537549e-01 -1.096517359139255327e-16
9.805908638072736716e-01 -1.063991293964690194e-16
9.796669491786692552e-01 -1.024960015755212035e-16
9.787090016520724189e-01 -9.891813440631903885e-17
9.777145402988187683e-01 -9.609920875785672732e-17
9.766808681771029788e-01 -9.176240006791470958e-17
9.756050469239195833e-01 -8.829295311596109539e-17
9.744838678277499833e-01 -8.363088377427342633e-17
9.733138187951532183e-01 -7.929407508433140859e-17
9.720910465123990818e-01 -7.506568661163794130e-17
9.708113129668397567e-01 -7.018677683545317135e-17
9.694699453259386646e-01 -6.682575010074810760e-17
9.680617779672290313e-01 -6.151315945556913587e-17
9.665810852004289577e-01 -5.641740924488726504e-17
9.650215029112774179e-01 -5.002061642722278887e-17
9.633759369697832975e-01 -4.492486621654091803e-17
9.616364557634581312e-01 -3.863649361612499232e-17
9.597941636129466714e-01 -3.158917949496921350e-17
9.578390510700769411e-01 -2.475870580831053556e-17
9.557598171438930201e-01 -1.771139168715475674e-17
9.535436572935952482e-01 -1.077249778324752836e-17
9.511760094977731450e-01 -1.231518665375089344e-18
9.486402487667887629e-01 6.466316759271992137e-18
9.459173179964592837e-01 1.698307783238138515e-17
9.429852799272112618e-01 2.880088151247338348e-17
9.398187710098615533e-01 3.910080215108567560e-17
9.363883330093384361e-01 5.221964843816027925e-17
9.326595920423996766e-01 6.750689907020589177e-17
9.285922473873022831e-01 8.203520818151165119e-17
9.241388240536551058e-01 1.027434696759847859e-16
9.192431346909711865e-01 1.233433109532093701e-16
9.138383904680568159e-01 1.456778757064107615e-16
9.078449031103006384e-01 1.697471639355889599e-16
9.011673450617571079e-01 1.989122023754490292e-16
8.936916123010384405e-01 2.368592784124416844e-16
8.852815324495082461e-01 2.660243168523017536e-16
8.757761306458250461e-01 3.125365900519298939e-16
8.649892486673649294e-01 3.659877571554652625e-16
8.527157923752456403e-01 4.263778181629078594e-16
8.387545849740422055e-01 5.005372467609163627e-16
8.229710306619654192e-01 5.712272284069712518e-16
8.054536138283091562e-01 6.627338917647478260e-16
7.868890350450170601e-01 7.682267631475874075e-16
7.694320377444092696e-01 9.084141040499631308e-16
7.585913768257936951e-01 1.159298486763108857e-15
7.665874596734155721e-01 1.715819461899918283e-15
8.148047921972366714e-01 3.299079894380500408e-15
9.225208559532948049e-01 6.492163712567559516e-15
1.070406539349081143e+00 1.010158116498905154e-14
1.195650939800829260e+00 1.129637195906807743e-14
1.260939932519990592e+00 9.826410653612230513e-15
1.277935263479788697e+00 7.579510071353271124e-15
1.270198686644364194e+00 5.512912310378651912e-15
1.253047531360909073e+00 4.056720372513370906e-15
1.233734237043416115e+00 3.017078909317020704e-15
1.215181921373755136e+00 2.296518145483154458e-15
1.198375716530876378e+00 1.784232618983753613e-15
1.183503585754027032e+00 1.403677656441341556e-15
1.170451707213524761e+00 1.127314522674786476e-15
1.159010975935348631e+00 9.166540405608529645e-16
1.148959757123007686e+00 7.581436829434722162e-16
1.140094459359732637e+00 6.377972417975812241e-16
1.132238461924068185e+00 5.398937856221401737e-16
1.125242407797246935e+00 4.559765374717621305e-16
1.118981389659621462e+00 3.926591305986086715e-16
1.113351335716924240e+00 3.418100487090385136e-16
1.108265509826907635e+00 2.959482968129016760e-16
1.103651441693944912e+00 2.570254388206720668e-16
1.099448352097388337e+00 2.241741129943612825e-16
1.095605040106932826e+00 1.991290428099461301e-16
1.092078167529398680e+00 1.758186961015077847e-16
1.088830871840010595e+00 1.559777963450230536e-16
1.085831645420700431e+00 1.378716200645151295e-16
1.083053428580176725e+00 1.221506885634753152e-16
1.080472873467601236e+00 1.109834061868746196e-16
1.078069744479152048e+00 9.894876207228552036e-17
1.075826427815182784e+00 8.723937860944207247e-17
1.073727528543979126e+00 7.726471862257543168e-17
1.071759538055364391e+00 7.000056406692255197e-17
1.069910558354252750e+00 6.295324994576677315e-17
1.068170072443622942e+00 5.568909539011389344e-17
1.066528752241212796e+00 4.918388235520086684e-17
1.064978297196498502e+00 4.387129171002189511e-17
1.063511298128709370e+00 3.823344041309727205e-17
1.062121121874415763e+00 3.476399346114365786e-17
1.060801813178004815e+00 3.042718477120164013e-17
1.059548010929176165e+00 2.598195586401107195e-17
1.058354876386335075e+00 2.294618978105165953e-17
1.057218031452749507e+00 2.001884391534079756e-17
1.056133505416281038e+00 1.611571609439298160e-17
1.055097688841013959e+00 1.394731174942197273e-17
1.054107293523928623e+00 1.134522653545676209e-17
1.053159317612634593e+00 9.285242407734303666e-18
1.052251015129485712e+00 6.899997628266193911e-18
1.051379869269795986e+00 4.948433717792285930e-18
1.050543568942553074e+00 2.671609155572726618e-18
1.049739988105173438e+00 1.370566548590121298e-18
1.048967167512736332e+00 -2.557367101381353535e-19
1.048223298559406436e+00 -2.098880403363492891e-18
1.047506708937544273e+00 -3.833603879340299986e-18
1.046815849879996430e+00 -5.134646486322905307e-18
1.046149284784615885e+00 -6.869369962299712401e-18
1.045505679048342795e+00 -7.953572134785216835e-18
1.044883790962024328e+00 -9.471455176264923043e-18
1.044282463537369532e+00 -1.077249778324752836e-17
1.043700617154572186e+00 -1.218196060747868413e-17
1.043137242933731113e+00 -1.369984364895839034e-17
1.042591396745627952e+00 -1.494667614731672043e-17
1.042062193788051649e+00 -1.624771875429932576e-17
1.041548803662940781e+00 -1.738613103540910541e-17
1.041050445897404364e+00 -1.890401407688881162e-17
1.040566385858348042e+00 -2.053031733561706827e-17
1.040095931016148390e+00 -2.156030939947829748e-17
1.039638427517710184e+00 -2.313240254958227891e-17
1.039193257033421913e+00 -2.454186537381343468e-17
1.038759833846066183e+00 -2.616816863254169133e-17
1.038337602152749062e+00 -2.790289210851849842e-17
1.037926033553399296e+00 -2.974603580174385596e-17
1.037524624701443576e+00 -3.142654916909638783e-17
1.037132895093880069e+00 -3.326969286232174537e-17
1.036750384979196138e+00 -3.538388709866847902e-17
1.036376653362407474e+00 -3.766071166088803833e-17
1.036011276086915789e+00 -3.972069578861049675e-17
1.035653843972901722e+00 -4.232278100257570739e-17
1.035303960991529548e+00 -4.487065610791664281e-17
1.034961242453289909e+00 -4.747274132188185345e-17
1.034625313187298667e+00 -5.056271751346554109e-17
1.034295805686151981e+00 -5.354427348780067828e-17
1.033972358187918106e+00 -5.695951033113001725e-17
1.033654612662796124e+00 -6.064579771758073233e-17
1.033342212666668480e+00 -6.465734575577709873e-17
1.033034801016853743e+00 -6.872310390259774036e-17
1.032732017236395183e+00 -7.327675302703685898e-17
1.032433494701581855e+00 -7.842671334634300505e-17
1.032138857412263633e+00 -8.373930399152197677e-17
1.031847716284770788e+00 -8.948557550569515027e-17
1.031559664841327661e+00 -9.599078854060817688e-17
1.031274274135613123e+00 -1.030923127703882309e-16
1.030991086708557436e+00 -1.107359380864110372e-16
1.030709609307312702e+00 -1.190842948145494213e-16
1.030429304017488334e+00 -1.283542233893004842e-16
1.030149577345361500e+00 -1.384915137020399507e-16
1.029869766629869732e+00 -1.497672162958891968e-16
1.029589122944412738e+00 -1.622355412794724978e-16
1.029306789336621231e+00 -1.762217493045355050e-16
1.029021772805318813e+00 -1.916174201538296680e-16
1.028732907757649473e+00 -2.092357054567191150e-16
1.028438807713616177e+00 -2.288597647787067453e-16
1.028137800547512359e+00 -2.512485396405324118e-16
1.027827840271467341e+00 -2.767815008025660412e-16
1.027506384755088042e+00 -3.057839089165532849e-16
1.027170222921303111e+00 -3.395568065894767480e-16
1.026815225199966264e+00 -3.787507151248277333e-16
1.026435974232002613e+00 -4.249377276727102222e-16
1.026025202880927356e+00 -4.798525677091010217e-16
1.025572910995784071e+00 -5.460431103393410674e-16
1.025064924031529490e+00 -6.271956429498810743e-16
1.024480433488092812e+00 -7.284601258600271885e-16
1.023787567956997879e+00 -8.580222854720449683e-16
1.022934871563681014e+00 -1.029272018616130394e-15
1.021833474294688182e+00 -1.264652310262733406e-15
1.020315452029662229e+00 -1.607097566442279982e-15
1.018020658885961938e+00 -2.148764971816037997e-15
1.014011183982137299e+00 -3.128829525634309730e-15
1.004836302057068087e+00 -5.423651843917128415e-15
9.590423839424889740e-01 -1.691299647585464397e-14
1.093281597880749967e+00 1.763684047387193163e-14
1.049188327257664977e+00 6.115511877846095276e-15
1.040158211349877959e+00 3.818900625978675509e-15
1.036199778124449189e+00 2.839811854115640730e-15
1.033938605080440887e+00 2.299987592435108072e-15
1.032451196186729536e+00 1.959927581035029606e-15
1.031381711938851753e+00 1.727583055471386006e-15
1.030563890549281547e+00 1.560128029930999846e-15
1.029909625544253471e+00 1.434685838574426983e-15
1.029367862823024060e+00 1.338191845223217088e-15
1.028906969214939515e+00 1.262568743692353154e-15
1.028506294351738903e+00 1.202449733228031933e-15
1.028151780522387204e+00 1.154256946661051261e-15
1.027833522661158794e+00 1.115605139211943028e-15
1.027544337487368731e+00 1.084271696427111950e-15
1.027278886260738489e+00 1.059497676785818174e-15
1.027033116387358724e+00 1.039927827572454819e-15
1.026803894388896854e+00 1.024857417374906307e-15
1.026588757856270462e+00 1.013798555215554162e-15
1.026385743692130870e+00 1.006263350116779906e-15
1.026193266602551946e+00 1.001872331318213613e-15
1.026010031484393403e+00 1.000354448276733907e-15
1.025834969167713107e+00 1.001655490883716512e-15
1.025667188560000609e+00 1.005504408596040053e-15
1.025505940509012559e+00 1.011738571087831703e-15
1.025350590170108989e+00 1.020466398576340014e-15
1.025200595634358836e+00 1.031579470844316434e-15
1.025055491226672721e+00 1.045131998000385240e-15
1.024914874330146164e+00 1.061069769935922155e-15
1.024778394903583356e+00 1.079609627085424281e-15
1.024645747078439806e+00 1.100697359340267342e-15
1.024516662378327059e+00 1.124604017243572715e-15
1.024390904217994391e+00 1.151275390686716124e-15
1.024268263422369429e+00 1.181199370647316046e-15
1.024148554568645286e+00 1.214538587451245308e-15
1.024031613001790131e+00 1.251564091641625284e-15
1.023917292410628122e+00 1.292655353978825902e-15
1.023805462881091977e+00 1.338191845223217088e-15
1.023696009367922155e+00 1.388986717004162971e-15
1.023588830548155970e+00 1.445256809756160651e-15
1.023483838041297167e+00 1.508194745868944184e-15
1.023380956004417364e+00 1.578396836537380596e-15
1.023280121138623100e+00 1.657272544585701043e-15
1.023181283180714773e+00 1.746122912620888132e-15
1.023084406007349845e+00 1.846736874227542943e-15
1.022989469560114939e+00 1.961282833750636487e-15
1.022896472928613409e+00 2.092850767381752450e-15
1.022805439141234896e+00 2.244910122072844447e-15
1.022716422577949036e+00 2.422610858143218623e-15
1.022629520570229378e+00 2.632566608845036557e-15
1.022544891965752933e+00 2.884047302753049310e-15
1.022462787808199103e+00 3.190334416480204313e-15
1.022383604197712792e+00 3.570889379022616369e-15
1.022307978294333619e+00 4.055744590558133952e-15
1.022236974659908038e+00 4.693905989283101862e-15
1.022172479135997181e+00 5.570483445737632197e-15
1.022118130834522409e+00 6.848269916120423448e-15
1.022081902006651166e+00 8.881962141160107601e-15
1.022085143912698779e+00 1.261817703765378016e-14
1.022210565660938153e+00 2.171994585545234133e-14
1.023380688999609545e+00 7.699587942538943501e-14
1.020427674461422907e+00 -5.030463445482357630e-14
1.021055670603986165e+00 -1.903635222055888013e-14
1.021143125687855369e+00 -1.177273976599224317e-14
1.021140456694776377e+00 -8.540787299921578727e-15
1.021106894868160975e+00 -6.714231899935248618e-15
1.021059391254982573e+00 -5.541125149305932821e-15
1.021004619068907937e+00 -4.724612493207099431e-15
1.020945730611732216e+00 -4.123964489650129975e-15
1.020884403261810514e+00 -3.663991717973154719e-15
1.020821607474049042e+00 -3.300783990190510733e-15
1.020757940277716713e+00 -3.007019411555563307e-15
1.020693786339606168e+00 -2.764591805787804516e-15
1.020629402345777592e+00 -2.561520738881269535e-15
1.020564964153970910e+00 -2.388969963130201504e-15
1.020500594559776264e+00 -2.240759526151433048e-15
1.020436380372680141e+00 -2.112173148494652222e-15
1.020372383308567610e+00 -1.999741383207905413e-15
1.020308647157398108e+00 -1.900699514751354583e-15
1.020245202627478420e+00 -1.812987558997277274e-15
1.020182070695835996e+00 -1.734653952035199578e-15
1.020119264972039197e+00 -1.664560281584011717e-15
1.020056793394880312e+00 -1.601513925253979634e-15
1.019994659468194342e+00 -1.544647521307114926e-15
1.019932863172094528e+00 -1.493147918114053466e-15
1.019871401641501807e+00 -1.446364594371303949e-15
1.019810269675041070e+00 -1.403701238883999350e-15
1.019749460118309470e+00 -1.364832591000394016e-15
1.019688964152658306e+00 -1.329324969851493746e-15
1.019628771511808862e+00 -1.296798904676928613e-15
1.019568870642461045e+00 -1.267091765150825791e-15
1.019509248820693381e+00 -1.239932500730063905e-15
1.019449892232820343e+00 -1.214887430545648753e-15
1.019390786027076112e+00 -1.191956554597580334e-15
1.019331914340803280e+00 -1.171031452668610098e-15
1.019273260306531315e+00 -1.151841074215616670e-15
1.019214806039351773e+00 -1.134276999021351498e-15
1.019156532607210730e+00 -1.118393437194438858e-15
1.019098419985109860e+00 -1.103919338191757374e-15
1.019040446993678017e+00 -1.090800491904682770e-15
1.018982591222115541e+00 -1.078982688224590772e-15
1.018924828935086513e+00 -1.068465927151481379e-15
1.018867134962744725e+00 -1.059141788468106041e-15
1.018809482572668568e+00 -1.050901851957216207e-15
1.018751843322076800e+00 -1.043746117618811878e-15
1.018694186888243758e+00 -1.037837215778765879e-15
1.018636480874540284e+00 -1.032795675676708283e-15
1.018578690588966218e+00 -1.028838337747136192e-15
1.018520778791394132e+00 -1.025856781772801055e-15
1.018462705404971302e+00 -1.023959427970951422e-15
1.018404427186238914e+00 -1.023092066232963018e-15
1.018345897347430196e+00 -1.023146276341587294e-15
1.018287065123108404e+00 -1.024230478514072798e-15
1.018227875271715321e+00 -1.026398882859043807e-15
1.018168267500652258e+00 -1.029651489376500320e-15
1.018108175801124116e+00 -1.033879877849193788e-15
1.018047527676006592e+00 -1.039355098820245585e-15
1.017986243240312838e+00 -1.045806101746534336e-15
1.017924234169195419e+00 -1.053666567497054243e-15
1.017861402462602483e+00 -1.062773865745932481e-15
1.017797638988298781e+00 -1.073182206601793323e-15
1.017732821755518824e+00 -1.084945800173261046e-15
1.017666813859375630e+00 -1.098281486894832751e-15
1.017599461020409102e+00 -1.113243476875132712e-15
1.017530588623127619e+00 -1.129994400440033756e-15
1.017459998130359144e+00 -1.148588467698160157e-15
1.017387462714342439e+00 -1.169405149409881842e-15
1.017312721897399630e+00 -1.192390235466574536e-15
1.017235474929942152e+00 -1.217923196628608165e-15
1.017155372544523040e+00 -1.246220873330479831e-15
1.017072006601478673e+00 -1.277716946441183735e-15
1.016984896969153951e+00 -1.312682466503841253e-15
1.016893474736837222e+00 -1.351659534604695137e-15
1.016797060505951977e+00 -1.395081831612739590e-15
1.016694835989442325e+00 -1.443762509157338739e-15
1.016585806382369395e+00 -1.498297878433359612e-15
1.016468749804563698e+00 -1.559988982047784814e-15
1.016342148318712946e+00 -1.629865812064475575e-15
1.016204092183686791e+00 -1.709500461633535876e-15
1.016052144389910428e+00 -1.801007124991312450e-15
1.015883144827060658e+00 -1.906933677243146233e-15
1.015692920180259140e+00 -2.030641145123742289e-15
1.015475841991387851e+00 -2.176954228300661112e-15
1.015224131313051448e+00 -2.352161299374318629e-15
1.014926722521728442e+00 -2.565423866702217351e-15
1.014567321696319357e+00 -2.830348667549050359e-15
1.014120904187383321e+00 -3.167535543192042238e-15
1.013546961118449330e+00 -3.610811601412740726e-15
1.012775329759887377e+00 -4.218235868547744585e-15
1.011672978287137203e+00 -5.101101697602690846e-15
1.009953256732727844e+00 -6.499071978805500263e-15
1.006864159300016937e+00 -9.044724469692841188e-15
9.995988874452502726e-01 -1.512455078223118013e-14
9.611489956458905137e-01 -4.864650986233287009e-14
1.066024641901852199e+00 3.806608253925592491e-14
1.034311515162410267e+00 1.349144767748222970e-14
1.027583416784261905e+00 8.120906426183907763e-15
1.024643432076569383e+00 5.770085065692213563e-15
1.022986404590740861e+00 4.452020484601585823e-15
1.021917228759669616e+00 3.609053295494106125e-15
1.021166192922074556e+00 3.024017803220927933e-15
1.020606741870506928e+00 2.594402692373546801e-15
1.020171623329376498e+00 2.265781013893190407e-15
1.019821794076206878e+00 2.006385644126033471e-15
1.019533033119100374e+00 1.796538313641464088e-15
1.019289517449114557e+00 1.623445436804153305e-15
1.019080472553187899e+00 1.478162345691095711e-15
1.018898307619206411e+00 1.354725928353621031e-15
1.018737520465340163e+00 1.248474115450041597e-15
1.018594025384055746e+00 1.156100090354276619e-15
1.018464724874253324e+00 1.075110188069609438e-15
1.018347227907230756e+00 1.003552844685566145e-15
1.018239659389354568e+00 9.398559670520427594e-16
1.018140528144797274e+00 8.829353529965537766e-16
1.018048633471148712e+00 8.316525902379894169e-16
1.017962997730504249e+00 7.853029473642341023e-16
1.017882816889241759e+00 7.431274828545479798e-16
1.017807423668447342e+00 7.046925158399368476e-16
1.017736259707434199e+00 6.694830502884700911e-16
1.017668854269871304e+00 6.371738255484020590e-16
1.017604807766850472e+00 6.073311607507385495e-16
1.017543778872596949e+00 5.798466356782310121e-16
1.017485474351785824e+00 5.542323593532609698e-16
1.017429640956082793e+00 5.304883317758284227e-16
1.017376058915859360e+00 5.083435024028119946e-16
1.017324536673314572e+00 4.876894510169631352e-16
1.017274906590263095e+00 4.683635472924090186e-16
1.017227021427520750e+00 4.502031609032768194e-16
1.017180751439900055e+00 4.331811867952543998e-16
1.017135981966002189e+00 4.171349946424689341e-16
1.017092611418495052e+00 4.020374793906082849e-16
1.017050549600738707e+00 3.877260107137996264e-16
1.017009716291077392e+00 3.742276936663550962e-16
1.016970040048072565e+00 3.614070029767140062e-16
1.016931457199270028e+00 3.492368335905642189e-16
1.016893910983392990e+00 3.377713956165300096e-16
1.016857350821643857e+00 3.267938486201142772e-16
1.016821731698393405e+00 3.163312976556291594e-16
1.016787013635236381e+00 3.063295326144503810e-16
1.016753161245381509e+00 2.967614484422658043e-16
1.016720143357789707e+00 2.876541501933875671e-16
1.016687932702492470e+00 2.789263227048792564e-16
1.016656505650204378e+00 2.705779659767408723e-16
1.016625842000774993e+00 2.625006597917238642e-16
1.016595924816264818e+00 2.547486142584525075e-16
1.016566740295512528e+00 2.472947243226146645e-16
1.016538277688059377e+00 2.401389899842103353e-16
1.016510529246216432e+00 2.331458859716788317e-16
1.016483490214966867e+00 2.264509375565808418e-16
1.016457158860292642e+00 2.199457245216678152e-16
1.016431536537474090e+00 2.136302468669397519e-16
1.016406627801932583e+00 2.075045045923966518e-16
1.016382440566340195e+00 2.015956027523506526e-16
1.016358986309060741e+00 1.957409110209289287e-16
1.016336280340551568e+00 1.901301647783164433e-16
1.016314342136259485e+00 1.845465235900160954e-16
1.016293195746869937e+00 1.791526177819007109e-16
1.016272870299659736e+00 1.738129220824096015e-16
1.016253400608346347e+00 1.685816466001670426e-16
1.016234827913444105e+00 1.634045812265487590e-16
1.016217200781089458e+00 1.582275158529304753e-16
1.016200576195987582e+00 1.532130808051850173e-16
1.016185020894213364e+00 1.481444356488152841e-16
1.016170612994908629e+00 1.431300006010698260e-16
1.016157444007661281e+00 1.381155655533243680e-16
1.016145621316264958e+00 1.330198153426424972e-16
1.016135271272113227e+00 1.278427499690242135e-16
1.016126543075309474e+00 1.226927896497180675e-16
1.016119613684052680e+00 1.174073040588512333e-16
1.016114694081067693e+00 1.119862931964237112e-16
1.016112037352142394e+00 1.064026520081233633e-16
1.016111949215395382e+00 1.005750653310137770e-16
1.016114801911139232e+00 9.453063821940708979e-17
1.016121052770259992e+00 8.821516056467902646e-17
1.016131269405147641e+00 8.143889698664462375e-17
1.016146164449030165e+00 7.422895253961601926e-17
1.016166644346770953e+00 6.642269689772038734e-17
1.016193879302922820e+00 5.785749973508490231e-17
1.016229405919718776e+00 4.839783578014887612e-17
1.016275281849209344e+00 3.771844438116665745e-17
1.016334326043451641e+00 2.552116994070473257e-17
1.016410505486978311e+00 1.134522653545676209e-17
1.016509584386279030e+00 -5.487012192380694248e-18
1.016640270112313837e+00 -2.605974841529314088e-17
1.016816364168566356e+00 -5.208060055494524730e-17
1.017061122560149800e+00 -8.626007404255077458e-17
1.017417020088262181e+00 -1.335583938172309055e-16
1.017970766016244699e+00 -2.043296906262222074e-16
1.018931144669406930e+00 -3.227245678616392916e-16
1.020960498165723429e+00 -5.640950765112247163e-16
1.027870146763685044e+00 -1.337402276036510754e-15
9.473781073170086664e-01 1.122923273953691256e-14
1.005786594226885322e+00 1.315830175415703559e-15
1.010057750787295205e+00 7.503103222472644467e-16
1.011609785619440371e+00 5.475916210467872552e-16
1.012404279301061472e+00 4.430203215105603525e-16
1.012881805079658637e+00 3.788084478451063524e-16
1.013196783031739878e+00 3.352777306198133494e-16
1.013417345222575872e+00 3.036732372918608951e-16
1.013578216875276272e+00 2.795497389540584215e-16
1.013698954102300709e+00 2.604948857726256810e-16
1.013791409877737637e+00 2.450450048147072428e-16
1.013863185545600620e+00 2.321158939078176025e-16
1.013919379077012239e+00 2.211925570200261453e-16
1.013963536152299616e+00 2.117599981194022567e-16
1.013998198187696875e+00 2.036013767714488359e-16
1.014025233428893946e+00 1.963372222157959561e-16
1.014046045086030690e+00 1.898862192895072048e-16
1.014061706670031482e+00 1.841399477753340313e-16
1.014073052591387691e+00 1.788815672387793348e-16
1.014080740364827538e+00 1.740839726255309776e-16
1.014085294277045746e+00 1.696929538269646847e-16
1.014087136647328746e+00 1.656814057887683183e-16
1.014086610597411564e+00 1.619138032393811904e-16
1.014083996893550665e+00 1.584985663960518514e-16
1.014079526574529710e+00 1.552188548242832005e-16
1.014073390533764663e+00 1.521559836870116505e-16
1.014065746865697282e+00 1.493370580385493389e-16
1.014056726547198251e+00 1.466265526073355778e-16
1.014046437861594763e+00 1.440786775019946424e-16
1.014034969860001523e+00 1.416392226139022574e-16
1.014022395075162342e+00 1.393352929973705605e-16
1.014008771646237594e+00 1.371397835980874140e-16
1.013994144971747335e+00 1.350797994703649556e-16
1.013978548977461980e+00 1.330469203969546348e-16
1.013962007063141657e+00 1.311495665951050020e-16
1.013944532774401663e+00 1.292793178475675069e-16
1.013926130232013056e+00 1.274903842629664246e-16
1.013906794339455741e+00 1.257556607869896175e-16
1.013886510779608008e+00 1.241022524739492232e-16
1.013865255802381071e+00 1.224759492152209666e-16
1.013842995796218061e+00 1.209580661737412604e-16
1.013819686627092098e+00 1.193859730236372789e-16
1.013795272718293061e+00 1.179223000907818480e-16
1.013769685832153877e+00 1.165128372665506922e-16
1.013742843499976676e+00 1.150762693880073988e-16
1.013714647027584848e+00 1.136668065637762430e-16
1.013684978979459306e+00 1.123115538481693625e-16
1.013653700012001835e+00 1.109291960782503444e-16
1.013620644882774924e+00 1.096010484169556014e-16
1.013585617402785966e+00 1.082729007556608585e-16
1.013548384015874326e+00 1.069718581486782532e-16
1.013508665572345979e+00 1.056708155416956478e-16
1.013466126696863867e+00 1.043426678804009049e-16
1.013420361907903189e+00 1.030416252734182996e-16
1.013370877287709471e+00 1.016863725578114191e-16
1.013317065962846542e+00 1.003040147878924009e-16
1.013258174828977953e+00 9.892165701797338275e-17
1.013193258658108276e+00 9.745798408511795176e-17
1.013121115646405279e+00 9.594010104363824555e-17
1.013040195029600854e+00 9.431379778490998890e-17
1.012948461559942892e+00 9.257907430893318181e-17
1.012843191377823526e+00 9.070882556139568666e-17
1.012720655043881646e+00 8.867594648798536585e-17
1.012575607592828053e+00 8.634491181714153131e-17
1.012400433077616180e+00 8.368861649455204545e-17
1.012183635746067623e+00 8.054443019434408259e-17
1.011907010767221005e+00 7.664130237339626663e-17
1.011539916117725424e+00 7.162686732565080862e-17
1.011026466955409653e+00 6.482349869330426830e-17
1.010252804485364253e+00 5.465910332625266423e-17
1.008945603240156697e+00 3.755581405529383178e-17
1.006242486633093014e+00 1.533196874462946963e-18
9.972515311292522444e-01 -1.285439587694854475e-16
1.113019872411974642e+00 2.210570317484654572e-16
1.026365719835224732e+00 2.279688205980605480e-16
1.020536829388992928e+00 1.704790004020166754e-16
1.018408514587403779e+00 1.474939143453239814e-16
1.017301762503356022e+00 1.349713792531164052e-16
1.016620797436962320e+00 1.270024932853479476e-16
1.016157722780725026e+00 1.214459571513597374e-16
1.015821046932098959e+00 1.172717787872905453e-16
1.015564216036000111e+00 1.140191722698340320e-16
1.015361041540108644e+00 1.113899820015566837e-16
1.015195662006706412e+00 1.091673675479613996e-16
1.015057909577395723e+00 1.072700137461117669e-16
1.014940965746122137e+00 1.056166054330713726e-16
1.014840087235740596e+00 1.041800375545280793e-16
1.014751872371523422e+00 1.028789949475454739e-16
1.014673818117097115e+00 1.017134776121235567e-16
1.014604041741754115e+00 1.006563804939501898e-16
1.014541099898853327e+00 9.968059853871323585e-17
1.014483867533695349e+00 9.875902669210055708e-17
1.014431454744120664e+00 9.791877000842429115e-17
1.014383148405249457e+00 9.713272343337230043e-17
1.014338370359810559e+00 9.637378191263244733e-17
1.014296646937411506e+00 9.569615555482900706e-17
1.014257586376232201e+00 9.501852919702556678e-17
1.014220861855975597e+00 9.439511294784640174e-17
1.014186198579899889e+00 9.379880175297937430e-17
1.014153363821773457e+00 9.322959561242448447e-17
1.014122159173126203e+00 9.266038947186959464e-17
1.014092414443521495e+00 9.211828838562684242e-17
1.014063982816798548e+00 9.165750246232050304e-17
1.014036736971611452e+00 9.114250643038988843e-17
1.014010565949517995e+00 9.068172050708354905e-17
1.013985372607809188e+00 9.022093458377720966e-17
1.013961071533576508e+00 8.981435876909514550e-17
1.013937587324446499e+00 8.938067790010094373e-17
1.013914853162942498e+00 8.889278692248246673e-17
1.013892809627599423e+00 8.856752627073681540e-17
1.013871403696209095e+00 8.816095045605475124e-17
