9.067531313941388227e-01
0.000000000000000000e+00
7.197527686538571778e-01
0.000000000000000000e+00
5.164064353297982413e-01
0.000000000000000000e+00
1.250592439301564107e-01
0.000000000000000000e+00
3.240037814765161506e-01
0.000000000000000000e+00
-1.197425836709736513e-01
0.000000000000000000e+00
-8.125406527370038212e-01
0.000000000000000000e+00
-3.186255350696183819e-01
0.000000000000000000e+00
-6.475877227572279793e-01
0.000000000000000000e+00
-5.270091351150427705e-01
0.000000000000000000e+00
