-8.111443994296040350e-01
0.000000000000000000e+00
-7.402684989546962635e-01
0.000000000000000000e+00
9.339261666028391140e-01
0.000000000000000000e+00
-5.277998291357358651e-01
0.000000000000000000e+00
-3.304819634743121348e-01
0.000000000000000000e+00
7.232369794152744280e-01
0.000000000000000000e+00
5.145884898155209664e-01
0.000000000000000000e+00
-1.082233141671586352e-01
0.000000000000000000e+00
3.089530769827358303e-01
0.000000000000000000e+00
1.021137514931902829e-01
0.000000000000000000e+00
