1.007747099452338091e+00 0.000000000000000000e+00
1.007704853672118706e+00 0.000000000000000000e+00
1.007661451031002908e+00 0.000000000000000000e+00
1.007616841829646059e+00 0.000000000000000000e+00
1.007570973459482211e+00 0.000000000000000000e+00
1.007523790186547474e+00 0.000000000000000000e+00
1.007475232915752361e+00 0.000000000000000000e+00
1.007425238933513212e+00 0.000000000000000000e+00
1.007373741626388597e+00 0.000000000000000000e+00
1.007320670173075250e+00 0.000000000000000000e+00
1.007265949206774147e+00 0.000000000000000000e+00
1.007209498444551210e+00 0.000000000000000000e+00
1.007151232279872799e+00 0.000000000000000000e+00
1.007091059333976135e+00 0.000000000000000000e+00
1.007028881961149258e+00 0.000000000000000000e+00
1.006964595702302123e+00 0.000000000000000000e+00
1.006898088680421299e+00 0.000000000000000000e+00
1.006829240930575020e+00 0.000000000000000000e+00
1.006757923656057319e+00 0.000000000000000000e+00
1.006683998401005864e+00 0.000000000000000000e+00
1.006607316128355967e+00 0.000000000000000000e+00
1.006527716190259936e+00 0.000000000000000000e+00
1.006445025176071040e+00 0.000000000000000000e+00
1.006359055620576370e+00 0.000000000000000000e+00
1.006269604552318730e+00 0.000000000000000000e+00
1.006176451858446841e+00 0.000000000000000000e+00
1.006079358438490390e+00 0.000000000000000000e+00
1.005978064114608106e+00 0.000000000000000000e+00
1.005872285260029253e+00 0.000000000000000000e+00
1.005761712100380789e+00 0.000000000000000000e+00
1.005646005634077467e+00 0.000000000000000000e+00
1.005524794107593101e+00 0.000000000000000000e+00
1.005397668968781355e+00 0.000000000000000000e+00
1.005264180205874824e+00 0.000000000000000000e+00
1.005123830960648501e+00 0.000000000000000000e+00
1.004976071280486938e+00 0.000000000000000000e+00
1.004820290844524511e+00 0.000000000000000000e+00
1.004655810461972276e+00 0.000000000000000000e+00
1.004481872094054262e+00 0.000000000000000000e+00
1.004297627091778278e+00 0.000000000000000000e+00
1.004102122266230968e+00 0.000000000000000000e+00
1.003894283311032254e+00 0.000000000000000000e+00
1.003672894971002094e+00 0.000000000000000000e+00
1.003436577187320822e+00 0.000000000000000000e+00
1.003183756234185875e+00 0.000000000000000000e+00
1.002912629576495851e+00 0.000000000000000000e+00
1.002621122796081732e+00 0.000000000000000000e+00
1.002306836417736990e+00 0.000000000000000000e+00
1.001966979761245380e+00 0.000000000000000000e+00
1.001598287971797951e+00 0.000000000000000000e+00
1.001196917019810950e+00 0.000000000000000000e+00
1.000758309532849610e+00 0.000000000000000000e+00
1.000277021552143930e+00 0.000000000000000000e+00
9.997464962647952813e-01 0.000000000000000000e+00
9.991587647673247918e-01 0.000000000000000000e+00
9.985040448573603289e-01 0.000000000000000000e+00
9.977701948842084834e-01 0.000000000000000000e+00
9.969419576731149979e-01 0.000000000000000000e+00
9.959998939641648841e-01 0.000000000000000000e+00
9.949188457168161026e-01 0.000000000000000000e+00
9.936656683834638182e-01 0.000000000000000000e+00
9.921957915540772222e-01 0.000000000000000000e+00
9.904478353100626409e-01 0.000000000000000000e+00
9.883348667349606265e-01 0.000000000000000000e+00
9.857295665139246266e-01 0.000000000000000000e+00
9.824377074333314752e-01 0.000000000000000000e+00
9.781475762483446967e-01 0.000000000000000000e+00
9.723253481510585328e-01 0.000000000000000000e+00
9.639744344404450604e-01 0.000000000000000000e+00
9.509954022918379879e-01 0.000000000000000000e+00
9.280772427064185592e-01 0.000000000000000000e+00
8.767542263365084576e-01 0.000000000000000000e+00
6.584530416525107288e-01 0.000000000000000000e+00
1.574244413075587046e+00 0.000000000000000000e+00
1.167653303289962974e+00 0.000000000000000000e+00
1.102042140464093212e+00 0.000000000000000000e+00
1.075217682139623987e+00 0.000000000000000000e+00
1.060646587083404313e+00 0.000000000000000000e+00
1.051504885158013769e+00 0.000000000000000000e+00
1.045243985793077091e+00 0.000000000000000000e+00
1.040696134739218737e+00 0.000000000000000000e+00
1.037251119042585268e+00 0.000000000000000000e+00
1.034559348078725849e+00 0.000000000000000000e+00
1.032406519280374413e+00 0.000000000000000000e+00
1.030654386306292025e+00 0.000000000000000000e+00
1.029210290377233328e+00 0.000000000000000000e+00
1.028010444165336823e+00 0.000000000000000000e+00
1.027010323896496935e+00 0.000000000000000000e+00
1.026179010477564990e+00 0.000000000000000000e+00
1.025495914755573112e+00 0.000000000000000000e+00
1.024949135513733900e+00 0.000000000000000000e+00
1.024535203710107867e+00 0.000000000000000000e+00
1.024260430025438318e+00 0.000000000000000000e+00
1.024144782663825248e+00 0.000000000000000000e+00
1.024230796117556963e+00 0.000000000000000000e+00
1.024604345572936781e+00 0.000000000000000000e+00
1.025448434869797198e+00 0.000000000000000000e+00
1.027210308508922587e+00 0.000000000000000000e+00
1.031306514254328954e+00 0.000000000000000000e+00
1.045709947680917962e+00 0.000000000000000000e+00
8.389333355162110761e-01 0.000000000000000000e+00
9.965622783863621326e-01 0.000000000000000000e+00
1.006155875773163899e+00 0.000000000000000000e+00
1.009470558465854761e+00 0.000000000000000000e+00
1.011074365304251987e+00 0.000000000000000000e+00
1.011974681485769745e+00 0.000000000000000000e+00
1.012521124773543946e+00 0.000000000000000000e+00
1.012866698849832048e+00 0.000000000000000000e+00
1.013088733376382500e+00 0.000000000000000000e+00
1.013230363332382256e+00 0.000000000000000000e+00
1.013317440499221567e+00 0.000000000000000000e+00
1.013366325318302730e+00 0.000000000000000000e+00
1.013387821392917054e+00 0.000000000000000000e+00
1.013389309271462091e+00 0.000000000000000000e+00
1.013375971886249394e+00 0.000000000000000000e+00
1.013351532190536197e+00 0.000000000000000000e+00
1.013318714935489195e+00 0.000000000000000000e+00
1.013279545517421276e+00 0.000000000000000000e+00
1.013235548965474742e+00 0.000000000000000000e+00
1.013187885740155281e+00 0.000000000000000000e+00
1.013137446419775767e+00 0.000000000000000000e+00
1.013084918977281479e+00 0.000000000000000000e+00
1.013030837383630756e+00 0.000000000000000000e+00
1.012975617242008575e+00 0.000000000000000000e+00
1.012919582257665763e+00 0.000000000000000000e+00
1.012862984130217692e+00 0.000000000000000000e+00
1.012806017657752911e+00 0.000000000000000000e+00
1.012748832309938951e+00 0.000000000000000000e+00
1.012691541165997355e+00 0.000000000000000000e+00
1.012634227864195546e+00 0.000000000000000000e+00
1.012576952035054267e+00 0.000000000000000000e+00
1.012519753566709868e+00 0.000000000000000000e+00
1.012462655961950508e+00 0.000000000000000000e+00
1.012405668981769535e+00 0.000000000000000000e+00
1.012348790722715774e+00 0.000000000000000000e+00
1.012292009239915469e+00 0.000000000000000000e+00
1.012235303800984365e+00 0.000000000000000000e+00
1.012178645835728252e+00 0.000000000000000000e+00
1.012121999630807734e+00 0.000000000000000000e+00
1.012065322806182222e+00 0.000000000000000000e+00
1.012008566600210990e+00 0.000000000000000000e+00
1.011951675982098564e+00 0.000000000000000000e+00
1.011894589603367312e+00 0.000000000000000000e+00
1.011837239593819771e+00 0.000000000000000000e+00
1.011779551201612781e+00 0.000000000000000000e+00
1.011721442271305449e+00 0.000000000000000000e+00
1.011662822547721774e+00 0.000000000000000000e+00
1.011603592786838091e+00 0.000000000000000000e+00
1.011543643647285773e+00 0.000000000000000000e+00
1.011482854326966274e+00 0.000000000000000000e+00
1.011421090898100950e+00 0.000000000000000000e+00
1.011358204280012218e+00 0.000000000000000000e+00
1.011294027770980319e+00 0.000000000000000000e+00
1.011228374037202560e+00 0.000000000000000000e+00
1.011161031426204726e+00 0.000000000000000000e+00
1.011091759431179016e+00 0.000000000000000000e+00
1.011020283077627147e+00 0.000000000000000000e+00
1.010946285928560506e+00 0.000000000000000000e+00
1.010869401300800829e+00 0.000000000000000000e+00
1.010789201139949967e+00 0.000000000000000000e+00
1.010705181796212715e+00 0.000000000000000000e+00
1.010616745648036163e+00 0.000000000000000000e+00
1.010523177089553748e+00 0.000000000000000000e+00
1.010423610757936297e+00 0.000000000000000000e+00
1.010316988908972924e+00 0.000000000000000000e+00
1.010202003355543665e+00 0.000000000000000000e+00
1.010077015026133784e+00 0.000000000000000000e+00
1.009939940385914836e+00 0.000000000000000000e+00
1.009788087616683150e+00 0.000000000000000000e+00
1.009617914558628149e+00 0.000000000000000000e+00
1.009424661043376137e+00 0.000000000000000000e+00
1.009201772364244354e+00 0.000000000000000000e+00
1.008939960968022298e+00 0.000000000000000000e+00
1.008625610556926455e+00 0.000000000000000000e+00
1.008237913801582897e+00 0.000000000000000000e+00
1.007743392537345350e+00 0.000000000000000000e+00
1.007084505585498890e+00 0.000000000000000000e+00
1.006153270111745934e+00 0.000000000000000000e+00
1.004720436756731727e+00 0.000000000000000000e+00
1.002198731722841130e+00 0.000000000000000000e+00
9.964960551186683446e-01 0.000000000000000000e+00
9.706026717416862404e-01 0.000000000000000000e+00
1.062482654684843597e+00 0.000000000000000000e+00
1.026609273593948490e+00 0.000000000000000000e+00
1.020117944195030546e+00 0.000000000000000000e+00
1.017377133962211966e+00 0.000000000000000000e+00
1.015851771018650096e+00 0.000000000000000000e+00
1.014871108974237712e+00 0.000000000000000000e+00
1.014181050763260927e+00 0.000000000000000000e+00
1.013664104694637969e+00 0.000000000000000000e+00
1.013258446544188285e+00 0.000000000000000000e+00
1.012928430381134337e+00 0.000000000000000000e+00
1.012652048649239189e+00 0.000000000000000000e+00
1.012414969568666390e+00 0.000000000000000000e+00
1.012207450495157257e+00 0.000000000000000000e+00
1.012022629222580461e+00 0.000000000000000000e+00
1.011855525193588345e+00 0.000000000000000000e+00
1.011702428735465231e+00 0.000000000000000000e+00
1.011560513079792445e+00 0.000000000000000000e+00
1.011427579725719061e+00 0.000000000000000000e+00
1.011301886509341719e+00 0.000000000000000000e+00
1.011182028579009184e+00 0.000000000000000000e+00
1.011066854137956383e+00 0.000000000000000000e+00
1.010955403581401901e+00 0.000000000000000000e+00
1.010846864706893999e+00 0.000000000000000000e+00
1.010740539172110264e+00 0.000000000000000000e+00
1.010635816950198995e+00 0.000000000000000000e+00
1.010532156550444594e+00 0.000000000000000000e+00
1.010429069442560612e+00 0.000000000000000000e+00
1.010326107572605547e+00 0.000000000000000000e+00
1.010222853164885137e+00 0.000000000000000000e+00
1.010118910215691557e+00 0.000000000000000000e+00
1.010013897232265423e+00 0.000000000000000000e+00
1.009907440873976547e+00 0.000000000000000000e+00
1.009799170225567311e+00 0.000000000000000000e+00
1.009688711483128554e+00 0.000000000000000000e+00
1.009575682868107060e+00 0.000000000000000000e+00
1.009459689606949651e+00 0.000000000000000000e+00
1.009340318826485783e+00 0.000000000000000000e+00
1.009217134219355660e+00 0.000000000000000000e+00
1.009089670330503452e+00 0.000000000000000000e+00
1.008957426305122196e+00 0.000000000000000000e+00
1.008819858920051216e+00 0.000000000000000000e+00
1.008676374693482147e+00 0.000000000000000000e+00
1.008526320830286593e+00 0.000000000000000000e+00
1.008368974709832555e+00 0.000000000000000000e+00
1.008203531556312038e+00 0.000000000000000000e+00
1.008029089843386128e+00 0.000000000000000000e+00
1.007844633868482109e+00 0.000000000000000000e+00
1.007649012777671604e+00 0.000000000000000000e+00
1.007440915116140756e+00 0.000000000000000000e+00
1.007218837702483549e+00 0.000000000000000000e+00
1.006981047249747574e+00 0.000000000000000000e+00
1.006725532642062770e+00 0.000000000000000000e+00
1.006449945063711882e+00 0.000000000000000000e+00
1.006151522179463687e+00 0.000000000000000000e+00
1.005826991147517280e+00 0.000000000000000000e+00
1.005472443204195265e+00 0.000000000000000000e+00
1.005083169571139523e+00 0.000000000000000000e+00
1.004653443987810535e+00 0.000000000000000000e+00
1.004176230427221261e+00 0.000000000000000000e+00
1.003642784113050412e+00 0.000000000000000000e+00
1.003042097426917190e+00 0.000000000000000000e+00
1.002360115455518619e+00 0.000000000000000000e+00
1.001578601101735577e+00 0.000000000000000000e+00
1.000673452401108499e+00 0.000000000000000000e+00
9.996121365480966636e-01 0.000000000000000000e+00
9.983496477980606798e-01 0.000000000000000000e+00
9.968218934601107417e-01 0.000000000000000000e+00
9.949343722668657630e-01 0.000000000000000000e+00
9.925417097527502452e-01 0.000000000000000000e+00
9.894080966593904458e-01 0.000000000000000000e+00
9.851240103704728135e-01 0.000000000000000000e+00
9.789101357254171853e-01 0.000000000000000000e+00
9.690782587168880191e-01 0.000000000000000000e+00
9.511608610179208556e-01 0.000000000000000000e+00
9.081911305976021476e-01 0.000000000000000000e+00
6.652557996079047076e-01 0.000000000000000000e+00
1.274225235386641009e+00 0.000000000000000000e+00
1.107582801627336355e+00 0.000000000000000000e+00
1.070601284122157049e+00 0.000000000000000000e+00
1.054331698316564703e+00 0.000000000000000000e+00
1.045178647266914007e+00 0.000000000000000000e+00
1.039309481542120217e+00 0.000000000000000000e+00
1.035224862955792968e+00 0.000000000000000000e+00
1.032217672157872634e+00 0.000000000000000000e+00
1.029910821083764860e+00 0.000000000000000000e+00
1.028084828625691616e+00 0.000000000000000000e+00
1.026603269071171276e+00 0.000000000000000000e+00
1.025376880628219967e+00 0.000000000000000000e+00
1.024344805491682608e+00 0.000000000000000000e+00
1.023464124457629687e+00 0.000000000000000000e+00
1.022703701146058686e+00 0.000000000000000000e+00
1.022040398347105139e+00 0.000000000000000000e+00
1.021456664406348747e+00 0.000000000000000000e+00
1.020938943827316425e+00 0.000000000000000000e+00
1.020476601406708594e+00 0.000000000000000000e+00
1.020061176220272037e+00 0.000000000000000000e+00
1.019685853213084803e+00 0.000000000000000000e+00
1.019345081777983220e+00 0.000000000000000000e+00
1.019034295735716578e+00 0.000000000000000000e+00
1.018749704602983641e+00 0.000000000000000000e+00
1.018488135839554554e+00 0.000000000000000000e+00
1.018246914119644853e+00 0.000000000000000000e+00
1.018023767874459917e+00 0.000000000000000000e+00
1.017816756182981619e+00 0.000000000000000000e+00
1.017624211026705749e+00 0.000000000000000000e+00
1.017444691272665791e+00 0.000000000000000000e+00
1.017276945700683832e+00 0.000000000000000000e+00
1.017119883071146313e+00 0.000000000000000000e+00
1.016972547721995523e+00 0.000000000000000000e+00
1.016834099544053238e+00 0.000000000000000000e+00
1.016703797450427826e+00 0.000000000000000000e+00
1.016580985654993219e+00 0.000000000000000000e+00
1.016465082225181948e+00 0.000000000000000000e+00
1.016355569488682775e+00 0.000000000000000000e+00
1.016251985961381887e+00 0.000000000000000000e+00
1.016153919531787020e+00 0.000000000000000000e+00
1.016061001690132137e+00 0.000000000000000000e+00
1.015972902632012564e+00 0.000000000000000000e+00
1.015889327099417816e+00 0.000000000000000000e+00
1.015810010848462674e+00 0.000000000000000000e+00
1.015734717654456443e+00 0.000000000000000000e+00
1.015663236782436085e+00 0.000000000000000000e+00
1.015595380865761399e+00 0.000000000000000000e+00
1.015530984147639870e+00 0.000000000000000000e+00
1.015469901051033741e+00 0.000000000000000000e+00
1.015412005051870903e+00 0.000000000000000000e+00
1.015357187839224906e+00 0.000000000000000000e+00
1.015305358754607035e+00 0.000000000000000000e+00
1.015256444511129397e+00 0.000000000000000000e+00
1.015210389202521712e+00 0.000000000000000000e+00
1.015167154622358847e+00 0.000000000000000000e+00
1.015126720926054382e+00 0.000000000000000000e+00
1.015089087683054725e+00 0.000000000000000000e+00
1.015054275385409710e+00 0.000000000000000000e+00
1.015022327503088961e+00 0.000000000000000000e+00
1.014993313208303993e+00 0.000000000000000000e+00
1.014967330933921552e+00 0.000000000000000000e+00
1.014944512989461423e+00 0.000000000000000000e+00
1.014925031539087197e+00 0.000000000000000000e+00
1.014909106359775937e+00 0.000000000000000000e+00
1.014897014960266741e+00 0.000000000000000000e+00
1.014889105877001318e+00 0.000000000000000000e+00
1.014885816310835409e+00 0.000000000000000000e+00
1.014887695790485767e+00 0.000000000000000000e+00
1.014895438348904833e+00 0.000000000000000000e+00
1.014909926952082264e+00 0.000000000000000000e+00
1.014932295930523809e+00 0.000000000000000000e+00
1.014964020477253204e+00 0.000000000000000000e+00
1.015007047903561554e+00 0.000000000000000000e+00
1.015063995231181737e+00 0.000000000000000000e+00
1.015138455759738934e+00 0.000000000000000000e+00
1.015235491746371732e+00 0.000000000000000000e+00
1.015362459764582059e+00 0.000000000000000000e+00
1.015530463956000107e+00 0.000000000000000000e+00
1.015757075256125352e+00 0.000000000000000000e+00
1.016071821614220161e+00 0.000000000000000000e+00
1.016528417368508519e+00 0.000000000000000000e+00
1.017235864594910000e+00 0.000000000000000000e+00
1.018454166584794596e+00 0.000000000000000000e+00
1.020994193898093982e+00 0.000000000000000000e+00
1.029318935746590613e+00 0.000000000000000000e+00
8.883047379250905706e-01 0.000000000000000000e+00
1.000894727338862422e+00 0.000000000000000000e+00
1.006833091443934070e+00 0.000000000000000000e+00
1.008937928039996157e+00 0.000000000000000000e+00
1.010006409953432049e+00 0.000000000000000000e+00
1.010646925692111120e+00 0.000000000000000000e+00
1.011069682576325679e+00 0.000000000000000000e+00
1.011366648438562832e+00 0.000000000000000000e+00
1.011584432351221752e+00 0.000000000000000000e+00
1.011749174662370132e+00 0.000000000000000000e+00
1.011876668189921169e+00 0.000000000000000000e+00
1.011977014313433898e+00 0.000000000000000000e+00
1.012056972495489759e+00 0.000000000000000000e+00
1.012121234635252165e+00 0.000000000000000000e+00
1.012173157575845917e+00 0.000000000000000000e+00
1.012215204754300490e+00 0.000000000000000000e+00
1.012249223359514616e+00 0.000000000000000000e+00
1.012276624286110094e+00 0.000000000000000000e+00
1.012298502450799109e+00 0.000000000000000000e+00
1.012315719312678386e+00 0.000000000000000000e+00
1.012328960750632501e+00 0.000000000000000000e+00
1.012338778466538747e+00 0.000000000000000000e+00
1.012345620127245160e+00 0.000000000000000000e+00
1.012349851653515653e+00 0.000000000000000000e+00
1.012351773932952614e+00 0.000000000000000000e+00
1.012351635508088821e+00 0.000000000000000000e+00
1.012349642315120368e+00 0.000000000000000000e+00
1.012345965230881051e+00 0.000000000000000000e+00
1.012340745969462219e+00 0.000000000000000000e+00
1.012334101720435919e+00 0.000000000000000000e+00
1.012326128815732806e+00 0.000000000000000000e+00
1.012316905637549391e+00 0.000000000000000000e+00
1.012306494925743205e+00 0.000000000000000000e+00
1.012294945603744001e+00 0.000000000000000000e+00
1.012282294212755840e+00 0.000000000000000000e+00
1.012268566022030525e+00 0.000000000000000000e+00
1.012253775866162053e+00 0.000000000000000000e+00
1.012237928747255600e+00 0.000000000000000000e+00
1.012221020229379542e+00 0.000000000000000000e+00
1.012203036644149901e+00 0.000000000000000000e+00
1.012183955119011491e+00 0.000000000000000000e+00
1.012163743433326824e+00 0.000000000000000000e+00
1.012142359701348138e+00 0.000000000000000000e+00
1.012119751875189433e+00 0.000000000000000000e+00
1.012095857054720494e+00 0.000000000000000000e+00
1.012070600584501046e+00 0.000000000000000000e+00
1.012043894910090058e+00 0.000000000000000000e+00
1.012015638156847919e+00 0.000000000000000000e+00
1.011985712383093317e+00 0.000000000000000000e+00
1.011953981445482542e+00 0.000000000000000000e+00
1.011920288396711998e+00 0.000000000000000000e+00
1.011884452312816096e+00 0.000000000000000000e+00
1.011846264417594288e+00 0.000000000000000000e+00
1.011805483332527622e+00 0.000000000000000000e+00
1.011761829228372322e+00 0.000000000000000000e+00
1.011714976584364489e+00 0.000000000000000000e+00
1.011664545165308127e+00 0.000000000000000000e+00
1.011610088695034770e+00 0.000000000000000000e+00
1.011551080520921575e+00 0.000000000000000000e+00
1.011486895304435585e+00 0.000000000000000000e+00
1.011416785400421237e+00 0.000000000000000000e+00
1.011339850046161226e+00 0.000000000000000000e+00
1.011254994679751329e+00 0.000000000000000000e+00
1.011160876499811234e+00 0.000000000000000000e+00
1.011055830522733956e+00 0.000000000000000000e+00
1.010937767478306659e+00 0.000000000000000000e+00
1.010804030191847280e+00 0.000000000000000000e+00
1.010651187339613344e+00 0.000000000000000000e+00
1.010474730229733886e+00 0.000000000000000000e+00
1.010268614900321271e+00 0.000000000000000000e+00
1.010024548931311772e+00 0.000000000000000000e+00
1.009730839927656332e+00 0.000000000000000000e+00
1.009370455521517274e+00 0.000000000000000000e+00
1.008917583886422831e+00 0.000000000000000000e+00
1.008331142668234204e+00 0.000000000000000000e+00
1.007541529573861450e+00 0.000000000000000000e+00
1.006420681591900124e+00 0.000000000000000000e+00
1.004704391096891580e+00 0.000000000000000000e+00
1.001745911202162720e+00 0.000000000000000000e+00
9.954308837348342376e-01 0.000000000000000000e+00
9.725566534169182153e-01 0.000000000000000000e+00
1.142503727598907615e+00 0.000000000000000000e+00
1.037737273591186948e+00 0.000000000000000000e+00
1.026627641349276532e+00 0.000000000000000000e+00
1.022382417641614527e+00 0.000000000000000000e+00
1.020141729998631064e+00 0.000000000000000000e+00
1.018757478151830265e+00 0.000000000000000000e+00
1.017817852606790696e+00 0.000000000000000000e+00
1.017138654531767772e+00 0.000000000000000000e+00
1.016625136907117533e+00 0.000000000000000000e+00
1.016223585828451625e+00 0.000000000000000000e+00
1.015901279753646413e+00 0.000000000000000000e+00
1.015637149294059682e+00 0.000000000000000000e+00
1.015417016591130706e+00 0.000000000000000000e+00
1.015230992549216449e+00 0.000000000000000000e+00
1.015071970979395610e+00 0.000000000000000000e+00
1.014934715736007353e+00 0.000000000000000000e+00
1.014815285205455497e+00 0.000000000000000000e+00
1.014710657152692264e+00 0.000000000000000000e+00
1.014618477025551080e+00 0.000000000000000000e+00
1.014536884797063276e+00 0.000000000000000000e+00
1.014464393183655444e+00 0.000000000000000000e+00
1.014399800309508271e+00 0.000000000000000000e+00
1.014342125978507925e+00 0.000000000000000000e+00
1.014290564447300813e+00 0.000000000000000000e+00
1.014244448939311205e+00 0.000000000000000000e+00
1.014203224649298463e+00 0.000000000000000000e+00
1.014166427980008001e+00 0.000000000000000000e+00
1.014133670416812238e+00 0.000000000000000000e+00
1.014104625899015621e+00 0.000000000000000000e+00
1.014079020860079838e+00 0.000000000000000000e+00
1.014056626329516542e+00 0.000000000000000000e+00
1.014037251646412896e+00 0.000000000000000000e+00
1.014020739448205477e+00 0.000000000000000000e+00
1.014006961681552799e+00 0.000000000000000000e+00
1.013995816443965747e+00 0.000000000000000000e+00
1.013987225511384427e+00 0.000000000000000000e+00
1.013981132442499655e+00 0.000000000000000000e+00
1.013977501178371154e+00 0.000000000000000000e+00
1.013976315078020107e+00 0.000000000000000000e+00
1.013977576348847442e+00 0.000000000000000000e+00
1.013981305846174186e+00 0.000000000000000000e+00
1.013987543229959432e+00 0.000000000000000000e+00
1.013996347479634741e+00 0.000000000000000000e+00
1.014007797780772657e+00 0.000000000000000000e+00
1.014021994810712091e+00 0.000000000000000000e+00
1.014039062465082353e+00 0.000000000000000000e+00
1.014059150084285710e+00 0.000000000000000000e+00
1.014082435259508364e+00 0.000000000000000000e+00
1.014109127323105319e+00 0.000000000000000000e+00
1.014139471660057801e+00 0.000000000000000000e+00
1.014173755018072276e+00 0.000000000000000000e+00
1.014212312047117148e+00 0.000000000000000000e+00
1.014255533369435636e+00 0.000000000000000000e+00
1.014303875574900538e+00 0.000000000000000000e+00
1.014357873663417342e+00 0.000000000000000000e+00
1.014418156629572909e+00 0.000000000000000000e+00
1.014485467124981888e+00 0.000000000000000000e+00
1.014560686470790785e+00 0.000000000000000000e+00
1.014644866772036691e+00 0.000000000000000000e+00
1.014739272577176221e+00 0.000000000000000000e+00
1.014845435540180363e+00 0.000000000000000000e+00
1.014965227055482755e+00 0.000000000000000000e+00
1.015100956136212318e+00 0.000000000000000000e+00
1.015255503376802260e+00 0.000000000000000000e+00
1.015432507513018390e+00 0.000000000000000000e+00
1.015636630335994939e+00 0.000000000000000000e+00
1.015873941218865983e+00 0.000000000000000000e+00
1.016152489366422218e+00 0.000000000000000000e+00
1.016483180150681509e+00 0.000000000000000000e+00
1.016881162340900202e+00 0.000000000000000000e+00
1.017368111081203619e+00 0.000000000000000000e+00
1.017976162749651969e+00 0.000000000000000000e+00
1.018755087329808573e+00 0.000000000000000000e+00
1.019786299839404053e+00 0.000000000000000000e+00
1.021212756401814303e+00 0.000000000000000000e+00
1.023310639112041898e+00 0.000000000000000000e+00
1.026691675641776991e+00 0.000000000000000000e+00
1.033034985569353248e+00 0.000000000000000000e+00
1.049216389398579086e+00 0.000000000000000000e+00
1.176153628369944526e+00 0.000000000000000000e+00
9.442385087432028090e-01 0.000000000000000000e+00
9.839428616119081372e-01 0.000000000000000000e+00
9.943079228957006910e-01 0.000000000000000000e+00
9.990738933167042646e-01 0.000000000000000000e+00
1.001808908276621057e+00 0.000000000000000000e+00
1.003580450129903490e+00 0.000000000000000000e+00
1.004819408761426169e+00 0.000000000000000000e+00
1.005733048701844989e+00 0.000000000000000000e+00
1.006433417991591028e+00 0.000000000000000000e+00
1.006986390568022527e+00 0.000000000000000000e+00
1.007433227597254621e+00 0.000000000000000000e+00
1.007801088814814117e+00 0.000000000000000000e+00
1.008108580805307408e+00 0.000000000000000000e+00
1.008368876694930805e+00 0.000000000000000000e+00
1.008591563132249291e+00 0.000000000000000000e+00
1.008783781734128304e+00 0.000000000000000000e+00
1.008950960594613200e+00 0.000000000000000000e+00
1.009097297907667778e+00 0.000000000000000000e+00
1.009226090455765945e+00 0.000000000000000000e+00
1.009339962064656371e+00 0.000000000000000000e+00
1.009441025837239048e+00 0.000000000000000000e+00
1.009531001517857352e+00 0.000000000000000000e+00
1.009611301815726447e+00 0.000000000000000000e+00
1.009683096849331330e+00 0.000000000000000000e+00
1.009747362906645352e+00 0.000000000000000000e+00
1.009804919787673283e+00 0.000000000000000000e+00
1.009856459717202393e+00 0.000000000000000000e+00
1.009902569952245921e+00 0.000000000000000000e+00
1.009943750615825975e+00 0.000000000000000000e+00
1.009980428875360436e+00 0.000000000000000000e+00
1.010012970291535250e+00 0.000000000000000000e+00
1.010041687953952882e+00 0.000000000000000000e+00
1.010066849867705452e+00 0.000000000000000000e+00
1.010088684943227788e+00 0.000000000000000000e+00
1.010107387858665051e+00 0.000000000000000000e+00
1.010123123001428258e+00 0.000000000000000000e+00
1.010136027647933199e+00 0.000000000000000000e+00
1.010146214503659268e+00 0.000000000000000000e+00
1.010153773696691903e+00 0.000000000000000000e+00
1.010158774294690920e+00 0.000000000000000000e+00
1.010161265396096297e+00 0.000000000000000000e+00
1.010161276830144228e+00 0.000000000000000000e+00
1.010158819485851289e+00 0.000000000000000000e+00
1.010153885276731334e+00 0.000000000000000000e+00
1.010146446734802694e+00 0.000000000000000000e+00
1.010136456213690304e+00 0.000000000000000000e+00
1.010123844665471005e+00 0.000000000000000000e+00
1.010108519938367255e+00 0.000000000000000000e+00
1.010090364521308626e+00 0.000000000000000000e+00
1.010069232635138148e+00 0.000000000000000000e+00
1.010044946536807986e+00 0.000000000000000000e+00
1.010017291859406141e+00 0.000000000000000000e+00
1.009986011753279955e+00 0.000000000000000000e+00
1.009950799516179831e+00 0.000000000000000000e+00
1.009911289294992853e+00 0.000000000000000000e+00
1.009867044296173022e+00 0.000000000000000000e+00
1.009817541738381674e+00 0.000000000000000000e+00
1.009762153491820191e+00 0.000000000000000000e+00
1.009700120932261580e+00 0.000000000000000000e+00
1.009630521927969093e+00 0.000000000000000000e+00
1.009552226969161248e+00 0.000000000000000000e+00
1.009463840070347951e+00 0.000000000000000000e+00
1.009363617937877988e+00 0.000000000000000000e+00
1.009249357504444333e+00 0.000000000000000000e+00
1.009118236416716385e+00 0.000000000000000000e+00
1.008966581831067577e+00 0.000000000000000000e+00
1.008789526919125379e+00 0.000000000000000000e+00
1.008580485891960032e+00 0.000000000000000000e+00
1.008330324917781518e+00 0.000000000000000000e+00
1.008026001491386214e+00 0.000000000000000000e+00
1.007648227146435094e+00 0.000000000000000000e+00
1.007167224539240458e+00 0.000000000000000000e+00
1.006534481281369686e+00 0.000000000000000000e+00
1.005665271693667151e+00 0.000000000000000000e+00
1.004397121877805832e+00 0.000000000000000000e+00
1.002374089200068541e+00 0.000000000000000000e+00
9.986367465220107320e-01 0.000000000000000000e+00
9.894023075484630336e-01 0.000000000000000000e+00
9.287721123199791373e-01 0.000000000000000000e+00
1.057389234947334389e+00 0.000000000000000000e+00
1.029222013723172235e+00 0.000000000000000000e+00
1.022385108088271766e+00 0.000000000000000000e+00
1.019301793202854300e+00 0.000000000000000000e+00
1.017545321422411497e+00 0.000000000000000000e+00
1.016409818616293537e+00 0.000000000000000000e+00
1.015614586690305909e+00 0.000000000000000000e+00
1.015025872915823246e+00 0.000000000000000000e+00
1.014571838758518085e+00 0.000000000000000000e+00
1.014210448670230358e+00 0.000000000000000000e+00
1.013915465450026421e+00 0.000000000000000000e+00
1.013669664019967165e+00 0.000000000000000000e+00
1.013461266302270403e+00 0.000000000000000000e+00
1.013281944224864839e+00 0.000000000000000000e+00
1.013125641101219943e+00 0.000000000000000000e+00
1.012987845118179520e+00 0.000000000000000000e+00
1.012865124747069689e+00 0.000000000000000000e+00
1.012754822141022970e+00 0.000000000000000000e+00
1.012654845187506147e+00 0.000000000000000000e+00
1.012563523051125625e+00 0.000000000000000000e+00
1.012479503670649539e+00 0.000000000000000000e+00
1.012401679634954865e+00 0.000000000000000000e+00
1.012329133658794289e+00 0.000000000000000000e+00
1.012261097849462610e+00 0.000000000000000000e+00
1.012196922840665092e+00 0.000000000000000000e+00
1.012136054093278448e+00 0.000000000000000000e+00
1.012078013472654581e+00 0.000000000000000000e+00
1.012022384758187066e+00 0.000000000000000000e+00
1.011968802115168709e+00 0.000000000000000000e+00
1.011916940819405752e+00 0.000000000000000000e+00
1.011866509708770900e+00 0.000000000000000000e+00
1.011817244967040619e+00 0.000000000000000000e+00
1.011768904940056446e+00 0.000000000000000000e+00
1.011721265753201981e+00 0.000000000000000000e+00
1.011674117549793861e+00 0.000000000000000000e+00
1.011627261207248774e+00 0.000000000000000000e+00
1.011580505415376807e+00 0.000000000000000000e+00
1.011533664021260659e+00 0.000000000000000000e+00
1.011486553559698631e+00 0.000000000000000000e+00
1.011438990898237078e+00 0.000000000000000000e+00
1.011390790932275241e+00 0.000000000000000000e+00
1.011341764269049648e+00 0.000000000000000000e+00
1.011291714839826605e+00 0.000000000000000000e+00
1.011240437377392665e+00 0.000000000000000000e+00
1.011187714690860995e+00 0.000000000000000000e+00
1.011133314661557092e+00 0.000000000000000000e+00
1.011076986871818795e+00 0.000000000000000000e+00
1.011018458762088512e+00 0.000000000000000000e+00
1.010957431189550171e+00 0.000000000000000000e+00
1.010893573232108267e+00 0.000000000000000000e+00
1.010826516042397039e+00 0.000000000000000000e+00
1.010755845504545558e+00 0.000000000000000000e+00
1.010681093376997186e+00 0.000000000000000000e+00
1.010601726511382248e+00 0.000000000000000000e+00
1.010517133610958407e+00 0.000000000000000000e+00
1.010426608819070093e+00 0.000000000000000000e+00
1.010329331188703605e+00 0.000000000000000000e+00
1.010224338749263095e+00 0.000000000000000000e+00
1.010110495411855158e+00 0.000000000000000000e+00
1.009986448271795956e+00 0.000000000000000000e+00
1.009850571870630320e+00 0.000000000000000000e+00
1.009700894500896284e+00 0.000000000000000000e+00
1.009534999400669264e+00 0.000000000000000000e+00
1.009349890235121006e+00 0.000000000000000000e+00
1.009141804820200106e+00 0.000000000000000000e+00
1.008905952243048798e+00 0.000000000000000000e+00
1.008636133902758303e+00 0.000000000000000000e+00
1.008324183900496385e+00 0.000000000000000000e+00
1.007959119617606758e+00 0.000000000000000000e+00
1.007525810815001588e+00 0.000000000000000000e+00
1.007002815608963431e+00 0.000000000000000000e+00
1.006358703981224512e+00 0.000000000000000000e+00
1.005545472934353146e+00 0.000000000000000000e+00
1.004485961464769650e+00 0.000000000000000000e+00
1.003047744464172775e+00 0.000000000000000000e+00
1.000982860970347721e+00 0.000000000000000000e+00
9.977666584912788794e-01 0.000000000000000000e+00
9.920625264328671866e-01 0.000000000000000000e+00
9.791598961536096546e-01 0.000000000000000000e+00
9.221181750873647109e-01 0.000000000000000000e+00
1.139723732797803368e+00 0.000000000000000000e+00
1.049842901166135434e+00 0.000000000000000000e+00
1.034386307921093318e+00 0.000000000000000000e+00
1.027981445918553671e+00 0.000000000000000000e+00
1.024478332878304920e+00 0.000000000000000000e+00
1.022269591456323568e+00 0.000000000000000000e+00
1.020750048295498980e+00 0.000000000000000000e+00
1.019640974093938723e+00 0.000000000000000000e+00
1.018796127108248184e+00 0.000000000000000000e+00
1.018131396437623071e+00 0.000000000000000000e+00
1.017594975788324474e+00 0.000000000000000000e+00
1.017153214116786497e+00 0.000000000000000000e+00
1.016783304266265286e+00 0.000000000000000000e+00
1.016469241608111806e+00 0.000000000000000000e+00
1.016199464799917518e+00 0.000000000000000000e+00
1.015965414826632385e+00 0.000000000000000000e+00
1.015760620743711540e+00 0.000000000000000000e+00
1.015580100419733567e+00 0.000000000000000000e+00
1.015419956543865965e+00 0.000000000000000000e+00
1.015277097499762027e+00 0.000000000000000000e+00
1.015149040294154092e+00 0.000000000000000000e+00
1.015033768721582241e+00 0.000000000000000000e+00
1.014929629518486864e+00 0.000000000000000000e+00
1.014835255152704452e+00 0.000000000000000000e+00
1.014749505615048619e+00 0.000000000000000000e+00
1.014671423982832943e+00 0.000000000000000000e+00
1.014600202109640081e+00 0.000000000000000000e+00
1.014535153860026018e+00 0.000000000000000000e+00
1.014475694035199327e+00 0.000000000000000000e+00
1.014421321640628371e+00 0.000000000000000000e+00
1.014371606502156631e+00 0.000000000000000000e+00
1.014326178491097075e+00 0.000000000000000000e+00
1.014284718802329399e+00 0.000000000000000000e+00
1.014246952863746776e+00 0.000000000000000000e+00
1.014212644554802090e+00 0.000000000000000000e+00
1.014181591486334355e+00 0.000000000000000000e+00
1.014153621150196694e+00 0.000000000000000000e+00
1.014128587790383174e+00 0.000000000000000000e+00
1.014106369880874770e+00 0.000000000000000000e+00
1.014086868121846674e+00 0.000000000000000000e+00
1.014070003887090898e+00 0.000000000000000000e+00
1.014055718072945034e+00 0.000000000000000000e+00
1.014043970313762255e+00 0.000000000000000000e+00
1.014034738541904179e+00 0.000000000000000000e+00
1.014028018882130233e+00 0.000000000000000000e+00
1.014023825881747554e+00 0.000000000000000000e+00
1.014022193089614943e+00 0.000000000000000000e+00
1.014023174009745842e+00 0.000000000000000000e+00
1.014026843469566952e+00 0.000000000000000000e+00
1.014033299459771831e+00 0.000000000000000000e+00
1.014042665523328557e+00 0.000000000000000000e+00
1.014055093797034957e+00 0.000000000000000000e+00
1.014070768842140868e+00 0.000000000000000000e+00
1.014089912443721264e+00 0.000000000000000000e+00
1.014112789615675192e+00 0.000000000000000000e+00
1.014139716124969892e+00 0.000000000000000000e+00
1.014171067953141936e+00 0.000000000000000000e+00
1.014207293256889075e+00 0.000000000000000000e+00
1.014248927590355454e+00 0.000000000000000000e+00
1.014296613435871741e+00 0.000000000000000000e+00
1.014351125497981121e+00 0.000000000000000000e+00
1.014413403810878300e+00 0.000000000000000000e+00
1.014484597592586246e+00 0.000000000000000000e+00
1.014566124114024248e+00 0.000000000000000000e+00
1.014659748909690462e+00 0.000000000000000000e+00
1.014767696903188021e+00 0.000000000000000000e+00
1.014892809269190677e+00 0.000000000000000000e+00
1.015038769576255273e+00 0.000000000000000000e+00
1.015210437710841962e+00 0.000000000000000000e+00
1.015414356647899030e+00 0.000000000000000000e+00
1.015659546264930491e+00 0.000000000000000000e+00
1.015958793614640587e+00 0.000000000000000000e+00
1.016330843998754618e+00 0.000000000000000000e+00
1.016804323112023400e+00 0.000000000000000000e+00
1.017425227735107462e+00 0.000000000000000000e+00
1.018272449953716130e+00 0.000000000000000000e+00
1.019493574167758654e+00 0.000000000000000000e+00
1.021400425293977898e+00 0.000000000000000000e+00
1.024785570871452389e+00 0.000000000000000000e+00
1.032429717226768240e+00 0.000000000000000000e+00
1.065819682442203487e+00 0.000000000000000000e+00
9.344303201787237390e-01 0.000000000000000000e+00
9.900066924091354137e-01 0.000000000000000000e+00
9.993654724473016726e-01 0.000000000000000000e+00
1.003222525443461022e+00 0.000000000000000000e+00
1.005324566031228661e+00 0.000000000000000000e+00
1.006645726991003187e+00 0.000000000000000000e+00
1.007551816688295521e+00 0.000000000000000000e+00
1.008211050150778831e+00 0.000000000000000000e+00
1.008711588888372201e+00 0.000000000000000000e+00
1.009104098274548722e+00 0.000000000000000000e+00
1.009419765300803018e+00 0.000000000000000000e+00
1.009678837777109095e+00 0.000000000000000000e+00
1.009895033450991075e+00 0.000000000000000000e+00
1.010077975683444818e+00 0.000000000000000000e+00
1.010234614635777906e+00 0.000000000000000000e+00
1.010370094937715235e+00 0.000000000000000000e+00
1.010488306017378379e+00 0.000000000000000000e+00
1.010592242718565403e+00 0.000000000000000000e+00
1.010684248357675452e+00 0.000000000000000000e+00
1.010766182627324872e+00 0.000000000000000000e+00
1.010839540127873803e+00 0.000000000000000000e+00
1.010905535672655731e+00 0.000000000000000000e+00
1.010965166747728849e+00 0.000000000000000000e+00
1.011019259958779726e+00 0.000000000000000000e+00
1.011068506058092176e+00 0.000000000000000000e+00
1.011113486698207220e+00 0.000000000000000000e+00
