9.056955715770741433e-01
0.000000000000000000e+00
6.977246344832128688e-01
0.000000000000000000e+00
5.234629883379406934e-01
0.000000000000000000e+00
2.656949812930761712e-01
0.000000000000000000e+00
6.904357571987421172e-02
0.000000000000000000e+00
-2.276102322155222901e-01
0.000000000000000000e+00
-3.292699919430897570e-01
0.000000000000000000e+00
-5.328815193676632589e-01
0.000000000000000000e+00
-8.108000938363670862e-01
0.000000000000000000e+00
-7.579604067633721742e-01
0.000000000000000000e+00
