9.650433299999999770e-01
9.650651900000000172e-01
9.649812500000000126e-01
9.648979500000000042e-01
9.645824200000000515e-01
9.646786600000000211e-01
9.642785000000000384e-01
9.642160899999999701e-01
9.639853600000000133e-01
9.637593599999999538e-01
9.635910500000000045e-01
9.635091199999999967e-01
9.633259100000000075e-01
9.630539700000000369e-01
9.631295100000000220e-01
9.625572700000000204e-01
9.624826300000000057e-01
9.623730299999999627e-01
9.621621500000000493e-01
9.620432899999999954e-01
9.616672000000000553e-01
9.616535999999999973e-01
9.614994300000000438e-01
9.612300000000000288e-01
9.609168500000000446e-01
9.606720800000000393e-01
9.603701000000000043e-01
9.601102099999999639e-01
9.599437499999999845e-01
9.597186100000000275e-01
9.593014600000000502e-01
9.589358199999999943e-01
9.588397300000000012e-01
9.585389399999999505e-01
9.582611399999999557e-01
9.577733299999999783e-01
9.575846300000000477e-01
9.573622699999999597e-01
9.566227800000000059e-01
9.562587599999999854e-01
9.558847799999999895e-01
9.553955699999999718e-01
9.550585400000000114e-01
9.544292699999999963e-01
9.539166500000000326e-01
9.531416700000000519e-01
9.526326600000000200e-01
9.517815499999999762e-01
9.508963299999999563e-01
9.500589900000000476e-01
9.488129800000000280e-01
9.474465699999999879e-01
9.457952099999999973e-01
9.436409700000000234e-01
9.408458600000000338e-01
9.371640900000000052e-01
9.325537600000000094e-01
9.329413399999999523e-01
1.018515019999999938e+00
1.060479930000000071e+00
1.010472239999999911e+00
9.901838899999999555e-01
9.801522400000000079e-01
9.739979500000000012e-01
9.703139699999999701e-01
9.674640899999999988e-01
9.653026200000000001e-01
9.637792899999999552e-01
9.621353400000000056e-01
9.609704000000000024e-01
9.599782900000000119e-01
9.587996699999999928e-01
9.580679600000000518e-01
9.571590700000000007e-01
9.563065699999999669e-01
9.557183200000000101e-01
9.551429500000000461e-01
9.541583500000000440e-01
9.535788800000000176e-01
9.530334200000000200e-01
9.523824100000000126e-01
9.518312399999999673e-01
9.510725500000000165e-01
9.504270500000000510e-01
9.497286799999999918e-01
9.491762900000000336e-01
9.485087300000000221e-01
9.477228300000000161e-01
9.471962800000000016e-01
9.464359199999999861e-01
9.457727900000000298e-01
9.450454200000000249e-01
9.442026199999999925e-01
9.436259900000000256e-01
9.428703099999999893e-01
9.421752300000000302e-01
9.412266799999999822e-01
9.404921800000000109e-01
9.397168999999999661e-01
9.386524400000000323e-01
9.378271500000000538e-01
9.367760899999999502e-01
9.358853999999999784e-01
9.349531899999999895e-01
9.337584300000000281e-01
9.327347000000000277e-01
9.313429399999999525e-01
9.302727800000000213e-01
9.290068099999999607e-01
9.278587099999999754e-01
9.262696799999999842e-01
9.249084400000000539e-01
9.232784400000000335e-01
9.217337100000000394e-01
9.200104799999999639e-01
9.180812600000000101e-01
9.161856900000000525e-01
9.143203199999999642e-01
9.120279199999999920e-01
9.097737200000000080e-01
9.070545800000000547e-01
9.045338499999999726e-01
9.014886199999999628e-01
8.985963999999999618e-01
8.949603000000000419e-01
8.912840499999999944e-01
8.873048799999999625e-01
8.827910500000000216e-01
8.778980899999999643e-01
8.725127700000000486e-01
8.664927700000000232e-01
8.599253300000000433e-01
8.523143499999999984e-01
8.436020400000000530e-01
8.338262800000000308e-01
8.228645100000000490e-01
8.097575000000000189e-01
7.950063200000000441e-01
7.776324300000000411e-01
7.583747499999999864e-01
7.376653499999999974e-01
7.191207200000000466e-01
7.133917899999999701e-01
7.501417900000000305e-01
8.893927299999999647e-01
1.155417920000000098e+00
1.382111029999999907e+00
1.439789849999999927e+00
1.402881239999999918e+00
1.345421320000000032e+00
1.292751360000000016e+00
1.249575749999999985e+00
1.214873469999999900e+00
1.186884300000000003e+00
1.164384290000000099e+00
1.145738249999999958e+00
1.129977760000000053e+00
1.116840760000000099e+00
1.105393859999999950e+00
1.095576450000000035e+00
1.087154720000000019e+00
1.079756219999999933e+00
1.072964699999999993e+00
1.067229369999999955e+00
1.061766470000000018e+00
1.056802159999999935e+00
1.052595879999999928e+00
1.048416220000000010e+00
1.044782799999999900e+00
1.041432230000000070e+00
1.038568350000000029e+00
1.035840029999999912e+00
1.032925569999999960e+00
1.030513529999999900e+00
1.028210190000000024e+00
1.026142179999999904e+00
1.023852149999999961e+00
1.021995680000000073e+00
1.020338360000000000e+00
1.018548709999999913e+00
1.016876560000000040e+00
1.015293000000000001e+00
1.014142660000000085e+00
1.012645519999999966e+00
1.011393720000000052e+00
1.009916119999999973e+00
1.008683849999999937e+00
1.007673129999999917e+00
1.006425860000000005e+00
1.005360770000000015e+00
1.004327390000000042e+00
1.003512890000000102e+00
1.002406010000000069e+00
1.001758820000000050e+00
1.000640919999999934e+00
9.998338300000000345e-01
9.991147599999999906e-01
9.981994199999999484e-01
9.974957700000000038e-01
9.966889399999999677e-01
9.961617400000000178e-01
9.952881900000000170e-01
9.943566400000000138e-01
9.941227299999999545e-01
9.931969999999999965e-01
9.925793699999999609e-01
9.920420599999999478e-01
9.912348399999999504e-01
9.907005199999999734e-01
9.901894700000000160e-01
9.894324199999999792e-01
9.889508700000000374e-01
9.883735200000000054e-01
9.878182899999999877e-01
9.874088600000000548e-01
9.870426199999999817e-01
9.862852500000000022e-01
9.857823700000000189e-01
9.853703799999999902e-01
9.848098600000000369e-01
9.843739299999999526e-01
9.839126500000000553e-01
9.833756000000000164e-01
9.829928399999999789e-01
9.824821299999999535e-01
9.819473800000000363e-01
9.818408100000000083e-01
9.810629600000000394e-01
9.809162900000000240e-01
9.802551699999999535e-01
9.796284499999999840e-01
9.794794599999999685e-01
9.789760199999999468e-01
9.784013499999999475e-01
9.780710999999999711e-01
9.776950399999999597e-01
9.775427599999999551e-01
9.768814599999999793e-01
9.763995800000000447e-01
9.760469800000000085e-01
9.757053799999999555e-01
9.752811300000000516e-01
9.749529300000000509e-01
9.746331900000000381e-01
9.742293400000000547e-01
9.738519799999999504e-01
9.733750899999999984e-01
9.729125499999999871e-01
9.723814200000000518e-01
9.722425799999999674e-01
9.718030899999999805e-01
9.713913600000000370e-01
9.710297900000000038e-01
9.706217999999999790e-01
9.703111300000000217e-01
9.698234799999999600e-01
9.695221000000000533e-01
9.689655499999999533e-01
9.686964399999999920e-01
9.683194600000000207e-01
9.678869100000000447e-01
9.674545399999999740e-01
9.670279400000000303e-01
9.666043399999999508e-01
9.662936399999999537e-01
9.656796899999999795e-01
9.653869600000000162e-01
9.651214500000000474e-01
9.645600199999999624e-01
9.642232099999999972e-01
9.638096000000000441e-01
9.633068000000000186e-01
9.630893699999999447e-01
9.625624900000000483e-01
9.622100599999999782e-01
9.618058299999999727e-01
9.612492999999999732e-01
9.606999999999999984e-01
9.603407499999999652e-01
9.598643300000000433e-01
9.593348600000000115e-01
9.589716600000000035e-01
9.583770600000000028e-01
9.580616299999999974e-01
9.574753700000000478e-01
9.570095299999999972e-01
9.564421100000000120e-01
9.561709200000000353e-01
9.556523900000000182e-01
9.553480500000000042e-01
9.545739600000000546e-01
9.540773599999999854e-01
9.535476099999999899e-01
9.531921199999999761e-01
9.523651100000000147e-01
9.519979699999999712e-01
9.514004600000000034e-01
9.506541800000000153e-01
9.501310600000000273e-01
9.495715999999999601e-01
9.488825300000000018e-01
9.482749499999999498e-01
9.477668299999999491e-01
9.470669499999999630e-01
9.466522099999999940e-01
9.459825400000000384e-01
9.451814499999999786e-01
9.444447200000000153e-01
9.437247699999999906e-01
9.429961300000000435e-01
9.422011500000000428e-01
9.414150599999999702e-01
9.407084700000000188e-01
9.399403299999999906e-01
9.392920700000000345e-01
9.382880999999999583e-01
9.374299499999999563e-01
9.364308799999999655e-01
9.358737200000000200e-01
9.346363399999999544e-01
9.338827699999999732e-01
9.329377800000000498e-01
9.320390600000000303e-01
9.307070400000000410e-01
9.296700599999999648e-01
9.285111200000000231e-01
9.272943000000000158e-01
9.264184199999999647e-01
9.249944700000000131e-01
9.237552900000000067e-01
9.225018699999999461e-01
9.210502299999999698e-01
9.198117900000000180e-01
9.184303700000000514e-01
9.167737599999999931e-01
9.152621399999999463e-01
9.134426700000000121e-01
9.119310999999999945e-01
9.100841699999999701e-01
9.080637700000000478e-01
9.060219099999999859e-01
9.038781599999999861e-01
9.017636300000000382e-01
8.995125800000000060e-01
8.970592600000000250e-01
8.944765099999999469e-01
8.920027600000000056e-01
8.891647799999999879e-01
8.858581500000000108e-01
8.826812600000000231e-01
8.792726499999999890e-01
8.756747599999999965e-01
8.719772000000000078e-01
8.675698299999999863e-01
8.630033900000000369e-01
8.581026699999999563e-01
8.531680900000000456e-01
8.474971900000000113e-01
8.416691699999999665e-01
8.352638900000000088e-01
8.286414800000000414e-01
8.221115799999999529e-01
8.157319899999999624e-01
8.107187200000000038e-01
8.083249999999999602e-01
8.113427899999999804e-01
8.229802400000000295e-01
8.408616100000000371e-01
8.543264900000000495e-01
8.522777799999999848e-01
8.368510700000000302e-01
8.153698000000000334e-01
7.952528500000000111e-01
7.814634299999999589e-01
7.822705599999999482e-01
8.107476300000000524e-01
8.839351500000000028e-01
1.011991480000000054e+00
1.170425360000000081e+00
1.302563069999999934e+00
1.371613650000000018e+00
1.385383250000000066e+00
1.368800790000000100e+00
1.340297120000000008e+00
1.308937800000000040e+00
1.279323879999999969e+00
1.252622700000000089e+00
1.228779489999999974e+00
1.208111900000000016e+00
1.190149719999999967e+00
1.174234819999999901e+00
1.160280159999999894e+00
1.147828539999999897e+00
1.136747210000000008e+00
1.127010709999999971e+00
1.117806749999999960e+00
1.109953849999999909e+00
1.102783779999999991e+00
1.096085589999999943e+00
1.089854920000000060e+00
1.084223839999999939e+00
1.079108640000000063e+00
1.074420380000000064e+00
1.069992620000000061e+00
1.065813059999999979e+00
1.062002550000000101e+00
1.058379249999999994e+00
1.055080730000000022e+00
1.051781319999999909e+00
1.048796279999999914e+00
1.045817669999999922e+00
1.043263639999999937e+00
1.040766290000000094e+00
1.038342300000000051e+00
1.035806240000000100e+00
1.033778740000000029e+00
1.031392910000000107e+00
1.029541030000000079e+00
1.027472979999999980e+00
1.025711629999999985e+00
1.024024540000000094e+00
1.022109280000000009e+00
1.020522390000000001e+00
1.018785470000000082e+00
1.017150620000000005e+00
1.015607350000000020e+00
1.014365579999999989e+00
1.012613159999999901e+00
1.011582479999999951e+00
1.010086000000000039e+00
1.008658489999999963e+00
1.007392499999999913e+00
1.006097529999999907e+00
1.004985180000000033e+00
1.003868250000000018e+00
1.002622820000000026e+00
1.001325589999999988e+00
1.000219699999999934e+00
9.991264600000000495e-01
9.980407199999999923e-01
9.968922099999999453e-01
9.958720199999999689e-01
9.951627100000000059e-01
9.937640699999999994e-01
9.927990199999999765e-01
9.915842499999999449e-01
9.907465399999999534e-01
9.898031600000000152e-01
9.887154200000000115e-01
9.878283700000000112e-01
9.868205799999999472e-01
9.856359000000000092e-01
9.847446399999999489e-01
9.836052499999999865e-01
9.827341800000000127e-01
9.819450699999999754e-01
9.806850999999999763e-01
9.798069700000000548e-01
9.787281700000000084e-01
9.778444800000000159e-01
9.768027400000000027e-01
9.756511399999999723e-01
9.748937699999999928e-01
9.736217999999999817e-01
9.726321799999999573e-01
9.715378999999999543e-01
9.703598900000000027e-01
9.691505000000000258e-01
9.681839700000000049e-01
9.668869599999999620e-01
9.656954599999999500e-01
9.644214899999999924e-01
9.632103400000000537e-01
9.618950600000000239e-01
9.606838399999999556e-01
9.594490799999999542e-01
9.578982499999999511e-01
9.566277899999999779e-01
9.552571699999999888e-01
9.541989800000000299e-01
9.530351900000000320e-01
9.524499499999999896e-01
9.523606700000000203e-01
9.530754799999999749e-01
9.557812399999999764e-01
9.609602600000000105e-01
9.703260700000000405e-01
9.843205299999999713e-01
1.001752860000000078e+00
1.018559779999999915e+00
1.029095909999999892e+00
1.032197540000000080e+00
1.029733769999999993e+00
1.024034010000000050e+00
1.017781180000000063e+00
1.011476309999999934e+00
1.005729419999999985e+00
1.000765090000000024e+00
9.960551100000000213e-01
9.919499299999999797e-01
9.885445800000000061e-01
9.852634200000000009e-01
9.823104200000000175e-01
9.798089700000000013e-01
9.774528300000000502e-01
9.751823499999999756e-01
9.730316799999999544e-01
9.709029399999999921e-01
9.692347500000000338e-01
9.673825299999999627e-01
9.656661399999999507e-01
9.641655900000000168e-01
9.625773499999999983e-01
9.610360500000000306e-01
9.594291700000000533e-01
9.578408999999999951e-01
9.565162799999999965e-01
9.551373300000000066e-01
9.536662099999999587e-01
9.522888600000000148e-01
9.509958499999999759e-01
9.496010999999999758e-01
9.481957699999999933e-01
9.468311700000000553e-01
9.454544499999999463e-01
9.441464899999999494e-01
9.427988699999999556e-01
9.411215800000000131e-01
9.396763000000000199e-01
9.384234900000000268e-01
9.371922200000000203e-01
9.355633599999999550e-01
9.340059400000000345e-01
9.324139099999999569e-01
9.310664199999999502e-01
9.297071399999999874e-01
9.280281299999999511e-01
9.265327199999999763e-01
9.248611799999999494e-01
9.230813500000000227e-01
9.216271099999999716e-01
9.200705999999999607e-01
9.181540799999999836e-01
9.164139399999999824e-01
9.145422899999999800e-01
9.127428400000000552e-01
9.107674399999999837e-01
9.089650900000000311e-01
9.068957399999999502e-01
9.047006699999999846e-01
9.026157599999999892e-01
9.006810600000000333e-01
8.983668599999999893e-01
8.959559200000000168e-01
8.935379500000000252e-01
8.913479500000000000e-01
8.888350000000000417e-01
8.862632099999999680e-01
8.834765399999999769e-01
8.808474099999999973e-01
8.776660600000000256e-01
8.751636999999999889e-01
8.719159600000000454e-01
8.687354099999999857e-01
8.655238800000000232e-01
8.621213100000000296e-01
8.585873400000000322e-01
8.547617199999999471e-01
8.510560999999999821e-01
8.469592400000000021e-01
8.428888700000000123e-01
8.387291900000000133e-01
8.342391099999999504e-01
8.296369999999999578e-01
8.249491599999999591e-01
8.201462099999999866e-01
8.151046100000000072e-01
8.101223499999999911e-01
8.046524000000000454e-01
7.993968900000000266e-01
7.938931299999999469e-01
7.884714499999999626e-01
7.831757900000000383e-01
7.782683099999999632e-01
7.735229099999999525e-01
7.695733700000000344e-01
7.666668500000000108e-01
7.647367499999999652e-01
7.646531199999999640e-01
7.670405900000000221e-01
7.724870799999999926e-01
7.821552000000000504e-01
7.963899500000000131e-01
8.166520099999999838e-01
8.433676300000000348e-01
8.771657499999999663e-01
9.173484299999999925e-01
9.624100399999999667e-01
1.010317460000000001e+00
1.058678910000000029e+00
1.103749550000000079e+00
1.143813270000000104e+00
1.176484579999999891e+00
1.201485789999999998e+00
1.219265849999999984e+00
1.230425429999999931e+00
1.236085960000000039e+00
1.237435990000000041e+00
1.235255779999999914e+00
1.230837490000000090e+00
1.224450880000000019e+00
1.217347310000000071e+00
1.209114999999999940e+00
1.200567500000000010e+00
1.191989149999999942e+00
1.183311760000000046e+00
1.174534179999999983e+00
1.166415470000000010e+00
1.158209290000000058e+00
1.150102640000000065e+00
1.142542890000000089e+00
1.135237690000000077e+00
1.127660410000000057e+00
1.120761139999999934e+00
1.114185849999999922e+00
1.107726680000000075e+00
1.101465279999999991e+00
1.095413409999999921e+00
1.089399510000000015e+00
1.083950870000000011e+00
1.078307839999999906e+00
1.073118199999999911e+00
1.067838360000000097e+00
1.062721519999999975e+00
1.057947600000000099e+00
1.053306279999999928e+00
1.048458700000000077e+00
1.043848450000000039e+00
1.039674269999999900e+00
1.035275020000000046e+00
1.031197719999999984e+00
1.027038649999999942e+00
1.023309040000000003e+00
1.019877850000000086e+00
1.016278479999999984e+00
1.013146150000000079e+00
1.010324070000000019e+00
1.007848089999999974e+00
1.005739890000000081e+00
1.004285029999999912e+00
1.003295309999999940e+00
1.003197759999999938e+00
1.003765690000000044e+00
1.005552470000000032e+00
1.008204040000000079e+00
1.012486140000000034e+00
1.017991330000000083e+00
1.025363440000000015e+00
1.034164400000000095e+00
1.044765699999999908e+00
1.057094210000000034e+00
1.070882040000000091e+00
1.085483409999999926e+00
1.100993869999999930e+00
1.116757840000000002e+00
1.132181600000000010e+00
1.146940580000000098e+00
1.160226189999999935e+00
1.172151069999999962e+00
1.182035210000000003e+00
1.189726740000000005e+00
1.196011919999999895e+00
1.200346240000000009e+00
1.203265709999999933e+00
1.204692209999999930e+00
1.204898110000000022e+00
1.203948739999999962e+00
1.202146919999999897e+00
1.200149279999999985e+00
1.197368479999999957e+00
1.193926999999999961e+00
1.190796750000000070e+00
1.187294969999999950e+00
1.183567110000000033e+00
1.179961409999999988e+00
1.176221870000000003e+00
1.172588020000000064e+00
1.168821169999999965e+00
1.164999490000000026e+00
1.161559159999999924e+00
1.158288030000000024e+00
1.154569020000000057e+00
1.151284329999999967e+00
1.148154080000000077e+00
1.144911479999999981e+00
1.141677370000000025e+00
1.138828350000000045e+00
1.136111939999999931e+00
1.133313110000000012e+00
1.130449620000000044e+00
1.127897930000000049e+00
1.125318950000000040e+00
1.122961389999999948e+00
1.120587170000000077e+00
1.118360929999999920e+00
1.116004610000000064e+00
1.113811300000000060e+00
1.111648100000000028e+00
1.109927509999999895e+00
1.107968889999999984e+00
1.106130730000000062e+00
1.104571310000000084e+00
1.102901920000000091e+00
1.101604679999999892e+00
1.100372190000000083e+00
1.099291489999999927e+00
1.098143719999999934e+00
1.097323199999999943e+00
1.096659059999999908e+00
1.096275249999999923e+00
1.095938410000000029e+00
1.096280549999999909e+00
1.096554760000000073e+00
1.097405650000000010e+00
1.098377020000000037e+00
1.099766779999999944e+00
1.101337060000000090e+00
1.103345419999999910e+00
1.105263179999999901e+00
1.108013429999999966e+00
1.110361219999999927e+00
1.112771100000000013e+00
1.115311640000000049e+00
1.117330719999999999e+00
1.119456580000000034e+00
1.120963289999999946e+00
1.122353949999999934e+00
1.123173069999999996e+00
1.123778610000000011e+00
1.124048909999999957e+00
1.123790840000000069e+00
1.123472690000000052e+00
1.122796909999999926e+00
1.121967350000000030e+00
1.120916819999999925e+00
1.119760239999999962e+00
1.118167909999999932e+00
1.117013370000000005e+00
1.115521379999999896e+00
1.114198110000000019e+00
1.112727880000000003e+00
1.111428660000000068e+00
