1.005578764432133010e+00
1.018468223601108003e+00
1.020707372409972447e+00
1.001186587922437754e+00
9.986316617174515464e-01
9.977991576731302104e-01
1.014535359667590120e+00
1.007789206204986243e+00
1.004085998559556936e+00
1.003167373407202190e+00
9.925457700831025187e-01
9.985742476454294581e-01
1.005148158891966848e+00
9.994067516897507941e-01
1.000095720554016632e+00
1.002248748254847666e+00
9.951294033240998260e-01
9.982010561772853841e-01
1.005176865927977836e+00
1.012324917894736886e+00
1.008908780609418354e+00
1.002966424155124603e+00
9.997512361218837684e-01
9.964786340166205125e-01
1.013473199335180208e+00
9.988326109695291333e-01
9.971101888088643728e-01
1.007530842880886457e+00
9.976843295290859226e-01
1.002191334182825466e+00
1.010372839445983439e+00
1.012698109362880849e+00
1.014851137063711883e+00
1.023750318227146794e+00
1.090178399556786859e+00
1.229838129750692621e+00
1.090609005096953021e+00
1.029721381717451534e+00
1.009454214293628915e+00
1.004057291523545725e+00
1.004918502603878272e+00
1.009999647977839476e+00
1.008679124321329779e+00
1.000124427590027842e+00
1.006066784044321372e+00
1.007215065484764693e+00
1.002650646759002839e+00
1.003224787479224389e+00
9.971676028808864611e-01
1.005951955900276973e+00
9.992345094736843070e-01
1.009769991689750679e+00
1.000239255734072019e+00
9.959044932963989627e-01
1.009310679113573528e+00
9.981436421052631847e-01
1.002076506038781289e+00
1.007645671024930856e+00
1.005607471468143999e+00
1.014851137063711883e+00
1.009626456509695291e+00
1.013042593795013824e+00
1.021482462382271583e+00
1.034056144155124812e+00
1.064543016398892039e+00
1.107747105595567882e+00
1.109584355900277153e+00
1.073011592022160787e+00
1.039252117673130194e+00
1.018152446204986239e+00
1.015568812963989043e+00
1.008191104709141417e+00
1.011406292742382362e+00
1.007473428808864258e+00
1.006727045872576332e+00
1.002420990470914264e+00
1.005722299612188397e+00
9.990622672576178198e-01
9.987751968975069339e-01
9.991196813296399082e-01
1.001846849750692492e+00
9.949858681440443275e-01
9.975695013850416348e-01
1.006152905152354560e+00
9.997225290858726687e-01
1.000095720554016632e+00
1.002937717119113614e+00
9.989187320775624324e-01
9.950719892520776266e-01
1.008707831357340767e+00
1.003971170415512537e+00
1.002564525650969651e+00
9.981723491412742844e-01
1.004315654847645511e+00
9.861728080886427161e-01
1.006124198116343571e+00
1.009281972077562317e+00
1.002191334182825466e+00
1.006239026260387970e+00
9.990622672576178198e-01
1.000899517562326979e+00
9.992058024376732073e-01
1.010229304265928052e+00
9.920003363988920686e-01
1.007243772520775682e+00
1.004975916675900249e+00
1.004373068919667711e+00
9.982010561772853841e-01
9.961915636565097376e-01
1.005521350360110810e+00
1.005377815180055423e+00
1.001645900498614905e+00
1.005808420720221585e+00
1.001330123102493141e+00
1.015511398891966843e+00
1.005119451855955637e+00
1.003310908587257577e+00
1.005406522216066634e+00
1.018784000997229988e+00
1.012497160110803485e+00
1.024869892631578905e+00
1.032620792354570716e+00
1.057481085540166177e+00
1.079040069584487505e+00
1.089144946260387936e+00
1.055557714127423941e+00
1.035290546703601100e+00
1.016286488864265980e+00
1.019272020609418350e+00
1.017721840664820077e+00
1.005406522216066634e+00
1.015970711468143994e+00
1.004344361883656500e+00
1.013444492299168997e+00
9.990335602216067201e-01
9.958757862603878630e-01
1.003167373407202190e+00
9.933782741274238548e-01
1.009396800221606716e+00
1.000153134626038831e+00
9.975695013850416348e-01
1.006583510692520722e+00
9.975407943490305351e-01
1.000698568310249392e+00
9.989761461495845207e-01
1.000153134626038831e+00
1.000612447202216204e+00
1.004717553351800685e+00
1.006899288088642708e+00
1.005492643324099822e+00
1.004861088531856073e+00
9.919716293628809689e-01
9.922299926869806441e-01
9.964786340166205125e-01
1.013559320443213396e+00
1.001043052742382367e+00
1.005004623711911460e+00
9.941820711357340912e-01
1.000296669806094219e+00
1.006698338836565121e+00
1.005951955900276973e+00
1.002593232686980640e+00
1.000813396454293791e+00
1.005980662936288184e+00
1.007530842880886457e+00
1.002191334182825466e+00
1.001559779390581717e+00
1.007444721772853269e+00
1.002995131191135814e+00
9.923448208310249319e-01
1.002334869362880854e+00
1.006095491080332360e+00
1.014162168199445935e+00
1.009597749473684303e+00
1.013128714903047234e+00
1.011291464598337964e+00
1.008650417285318568e+00
1.021166684986149598e+00
1.018927536177285376e+00
1.031472510914127394e+00
1.038677976952908644e+00
1.035319253739612311e+00
1.048036470692520927e+00
1.032620792354570716e+00
1.024353165983379554e+00
1.028113787700831061e+00
1.023348419722991842e+00
1.018439516565097014e+00
1.013817683767313182e+00
1.009942233905817277e+00
1.011635949030470938e+00
1.008449468033240981e+00
9.986603687534626461e-01
9.990048531855956204e-01
1.009081022825484730e+00
1.012611988254847661e+00
1.004028584487534737e+00
1.009224558005540118e+00
9.962776847645430367e-01
1.006095491080332360e+00
1.007301186592797881e+00
9.992058024376732073e-01
9.926031841551247181e-01
1.008478175069252192e+00
9.955313018282548887e-01
9.964212199445984242e-01
1.000870810526315768e+00
1.011750777174515337e+00
1.011348878670360163e+00
1.001129173850415555e+00
9.931199108033241796e-01
9.977417436011081220e-01
1.003454443767313187e+00
1.001846849750692492e+00
1.000698568310249392e+00
1.009425507257617705e+00
1.004487897063711888e+00
1.003224787479224389e+00
1.006841874016620508e+00
1.017176406980609515e+00
1.004717553351800685e+00
1.006296440332409947e+00
1.007645671024930856e+00
1.008392053961219004e+00
1.005865834792243785e+00
1.001617193462603916e+00
9.998373572299169565e-01
1.008937487645429343e+00
9.975695013850416348e-01
1.002765474903047238e+00
1.000956931634349178e+00
1.005923248864265984e+00
1.006066784044321372e+00
1.003167373407202190e+00
1.007559549916897668e+00
1.003655393019390552e+00
1.005693592576177409e+00
9.977417436011081220e-01
9.973111380609418486e-01
1.005722299612188397e+00
9.961054425484765495e-01
9.944691414958449771e-01
1.003081252299169002e+00
1.005492643324099822e+00
1.004516604099723098e+00
9.940098289196676040e-01
9.962489777285319370e-01
1.004057291523545725e+00
9.940385359556787037e-01
1.003196080443213400e+00
1.004861088531856073e+00
9.994928727977839822e-01
9.939237078116344160e-01
1.002076506038781289e+00
1.007157651412742494e+00
1.000956931634349178e+00
1.010315425373961240e+00
1.012152675678670510e+00
9.978278647091413101e-01
9.937514655955679288e-01
1.006239026260387970e+00
1.003397029695290987e+00
1.003942463379501548e+00
1.004487897063711888e+00
1.007961448421052619e+00
1.005349108144044434e+00
1.014420531523545721e+00
1.001588486426592928e+00
1.003253494515235600e+00
9.942107781717451909e-01
1.003310908587257577e+00
1.001473658282548529e+00
9.995789939058172813e-01
1.006841874016620508e+00
1.001416244210526330e+00
1.004774967423822662e+00
1.008765245429362967e+00
9.996651150138504693e-01
1.010487667590027838e+00
9.942107781717451909e-01
1.013300957119113610e+00
1.009540335401662103e+00
1.010975687202216200e+00
1.010545081662049816e+00
1.004602725207756286e+00
1.006009369972299172e+00
1.013358371191135809e+00
9.959906144044321508e-01
1.002535818614958441e+00
1.003310908587257577e+00
9.934931022714682536e-01
1.005004623711911460e+00
9.960480284764543502e-01
1.007329893628808870e+00
1.009683870581717491e+00
9.978852787811635094e-01
9.915123167867037068e-01
1.000985638670360167e+00
1.010028355013850465e+00
9.937514655955679288e-01
9.893305820498615732e-01
1.005262987036011246e+00
1.004947209639889261e+00
1.002880303047091415e+00
1.002133920110803489e+00
9.990335602216067201e-01
1.003138666371191201e+00
9.988326109695291333e-01
1.007731792132964044e+00
1.001071759778393355e+00
1.011262757562326975e+00
1.001875556786703703e+00
1.006927995124653696e+00
1.002909010083102626e+00
1.007645671024930856e+00
1.008133690637119217e+00
1.002708060831025039e+00
9.983732983933518712e-01
1.007559549916897668e+00
1.001846849750692492e+00
9.995215798337950819e-01
1.007502135844875468e+00
9.985455406094183584e-01
1.001932970858725902e+00
1.008564296177285380e+00
1.004229533739612323e+00
1.009023608753462753e+00
1.008793952465373955e+00
9.998947713019391559e-01
1.011836898282548525e+00
1.013157421939058223e+00
1.014965965207756282e+00
1.022544622714681495e+00
1.021798239778393347e+00
1.026161709252077614e+00
1.028027666592797873e+00
1.028400858060941836e+00
1.033682952686980627e+00
1.031041905373961232e+00
1.023405833795013820e+00
1.018123739168975028e+00
1.014851137063711883e+00
1.013903804875346371e+00
1.004889795567867061e+00
1.017377356232687102e+00
1.016286488864265980e+00
1.006181612188365770e+00
1.005664885540166198e+00
9.995215798337950819e-01
1.004114705595567925e+00
1.006382561440443357e+00
1.005779713684210597e+00
1.019157192465373951e+00
9.990048531855956204e-01
1.000784689418282580e+00
1.013128714903047234e+00
1.010688616842105425e+00
1.002047799002770079e+00
9.975407943490305351e-01
9.993493376177285947e-01
1.002564525650969651e+00
1.001760728642659304e+00
9.978278647091413101e-01
9.946413837119114643e-01
1.001330123102493141e+00
1.000784689418282580e+00
9.983732983933518712e-01
1.006325147368421158e+00
1.008535589141274391e+00
1.002334869362880854e+00
