8.232418892586235160e-01
3.200063124795682334e-02
8.232418892586277348e-01
-3.200063124795667069e-02
-1.705100462680280912e-02
-2.127751325393309467e-02
-1.705100462680210482e-02
2.127751325393299059e-02
-3.299924268442407382e-01
-1.062709898106929500e-02
-3.299924268442410713e-01
1.062709898106960725e-02
-8.099283341397868208e-01
4.167634389891634525e-03
-8.099283341397860436e-01
-4.167634389891757690e-03
-6.442699582124471469e-01
-8.820942151474733817e-03
-6.442699582124472579e-01
8.820942151474945453e-03
