9.064081148199446547e-01
9.735123619944598961e-01
1.005562151689750827e+00
1.025593270249307576e+00
1.000554372049861529e+00
8.993972233240997705e-01
9.594905790027702386e-01
9.965481483379502459e-01
1.020585490609418500e+00
9.665014704986150118e-01
9.284423452354572115e-01
9.174252300277009331e-01
9.745139179224378001e-01
9.444672400831025660e-01
9.294439011634350045e-01
9.735123619944598961e-01
9.805232534903047803e-01
9.594905790027702386e-01
9.554843552908588444e-01
9.634968027146815217e-01
9.074096707479225588e-01
9.554843552908588444e-01
9.234345655955680243e-01
9.584890230747923345e-01
9.855310331301939675e-01
9.104143385318560489e-01
1.027596382105263384e+00
9.134190063157895390e-01
9.164236740997231401e-01
9.594905790027702386e-01
9.514781315789474503e-01
9.564859112188366375e-01
9.524796875069253543e-01
9.654999145706372188e-01
9.654999145706372188e-01
9.584890230747923345e-01
9.725108060664821030e-01
9.825263653462604774e-01
9.785201416343491942e-01
9.695061382825486129e-01
8.943894436842105833e-01
9.604921349307480316e-01
9.334501248753463987e-01
1.006563707617728731e+00
9.715092501385043100e-01
8.993972233240997705e-01
9.044050029639890687e-01
9.805232534903047803e-01
9.484734637950139602e-01
9.685045823545707089e-01
9.614936908587258246e-01
9.735123619944598961e-01
9.214314537396123272e-01
9.805232534903047803e-01
1.009568375401662221e+00
9.745139179224378001e-01
9.634968027146815217e-01
9.344516808033241917e-01
1.048629056592797815e+00
9.494750197229917532e-01
9.494750197229917532e-01
9.374563485872576818e-01
9.424641282271468690e-01
8.933878877562327903e-01
1.028597938033241066e+00
9.574874671468145415e-01
1.002557483905817337e+00
9.725108060664821030e-01
9.294439011634350045e-01
9.344516808033241917e-01
9.154221181717452360e-01
8.863769962603879060e-01
9.464703519390582631e-01
9.194283418836566302e-01
9.244361215235458173e-01
8.963925555401662804e-01
9.574874671468145415e-01
1.094700629279778514e+00
1.070663287008310371e+00
9.614936908587258246e-01
1.043621276952908739e+00
9.654999145706372188e-01
9.855310331301939675e-01
9.815248094182826843e-01
9.644983586426594258e-01
1.019583934681440596e+00
9.594905790027702386e-01
9.104143385318560489e-01
9.875341449861496645e-01
9.685045823545707089e-01
9.504765756509696573e-01
9.364547926592798888e-01
9.695061382825486129e-01
9.574874671468145415e-01
9.274407893074793074e-01
9.995528161218837360e-01
9.634968027146815217e-01
9.424641282271468690e-01
9.434656841551247730e-01
9.534812434349031474e-01
8.843738844044322089e-01
9.614936908587258246e-01
1.005562151689750827e+00
9.244361215235458173e-01
9.634968027146815217e-01
1.015577710969529202e+00
9.234345655955680243e-01
1.000554372049861529e+00
1.006563707617728731e+00
9.374563485872576818e-01
9.705076942105264060e-01
8.763614369806095317e-01
9.334501248753463987e-01
9.254376774515236104e-01
9.474719078670361672e-01
9.514781315789474503e-01
9.464703519390582631e-01
9.755154738504155931e-01
9.544827993628809404e-01
9.705076942105264060e-01
9.474719078670361672e-01
9.514781315789474503e-01
9.524796875069253543e-01
9.214314537396123272e-01
9.594905790027702386e-01
9.184267859556787261e-01
9.644983586426594258e-01
9.564859112188366375e-01
9.474719078670361672e-01
9.795216975623269873e-01
9.214314537396123272e-01
9.735123619944598961e-01
8.833723284764544159e-01
9.414625722991690759e-01
9.544827993628809404e-01
9.745139179224378001e-01
9.094127826038782558e-01
9.414625722991690759e-01
9.885357009141275686e-01
8.843738844044322089e-01
9.995528161218837360e-01
9.003987792520776745e-01
9.314470130193907016e-01
8.943894436842105833e-01
8.943894436842105833e-01
9.164236740997231401e-01
9.304454570914127975e-01
9.294439011634350045e-01
8.673474336288089503e-01
9.184267859556787261e-01
9.304454570914127975e-01
9.534812434349031474e-01
9.604921349307480316e-01
9.164236740997231401e-01
8.573318743490305760e-01
8.863769962603879060e-01
9.735123619944598961e-01
9.284423452354572115e-01
9.074096707479225588e-01
8.983956673961219774e-01
9.254376774515236104e-01
9.194283418836566302e-01
8.543272065650970859e-01
9.003987792520776745e-01
9.224330096675901203e-01
9.144205622437674430e-01
8.563303184210527830e-01
8.983956673961219774e-01
8.823707725484765119e-01
8.543272065650970859e-01
7.942338508864267288e-01
8.703521014127424404e-01
8.893816640443213961e-01
8.833723284764544159e-01
8.723552132686981375e-01
9.234345655955680243e-01
8.903832199722993002e-01
8.423085354293630145e-01
8.383023117174516203e-01
8.112603016620499874e-01
8.222774168698061548e-01
7.972385186703602189e-01
7.701965086149585860e-01
7.641871730470914947e-01
7.932322949584488248e-01
7.421529426315790490e-01
7.241249359279778863e-01
6.950798140166205563e-01
7.030922614404433446e-01
8.192727490858726647e-01
8.633412099168975562e-01
1.031602605817174556e+00
1.279988475955678773e+00
1.487310553047091588e+00
1.411192302520775765e+00
1.411192302520775765e+00
1.336075607922437847e+00
1.387154960249307623e+00
1.330066272354570867e+00
1.261960469252077610e+00
1.157798652742382473e+00
1.202868669501385268e+00
1.184840662797784105e+00
1.182837550941828297e+00
1.149786205318559684e+00
1.086688181855955726e+00
1.073667954792243862e+00
1.127751974903047127e+00
1.128753530831025031e+00
1.171820435734072241e+00
1.089692849639889216e+00
1.097705297063712004e+00
1.143776869750692704e+00
1.098706852991689908e+00
1.070663287008310371e+00
1.115733303767313167e+00
1.095702185207756418e+00
1.010569931329639903e+00
1.056641504016620603e+00
1.039615053240997344e+00
1.134762866398892012e+00
1.060647727728531997e+00
1.034607273601108046e+00
1.049630612520775719e+00
1.052635280304709209e+00
1.049630612520775719e+00
1.074669510720221766e+00
9.915403686980610587e-01
1.037611941385041758e+00
1.013574599113573615e+00
1.043621276952908739e+00
9.875341449861496645e-01
1.055639948088642699e+00
9.985512601939059429e-01
1.004560595761772923e+00
1.062650839584487583e+00
9.755154738504155931e-01
9.955465924099724528e-01
1.005562151689750827e+00
9.895372568421053616e-01
1.059646171800554093e+00
1.032604161745152460e+00
1.035608829529085950e+00
9.845294772022161744e-01
9.815248094182826843e-01
1.000554372049861529e+00
1.029599493961218970e+00
9.785201416343491942e-01
1.014576155041551297e+00
1.008566819473684317e+00
9.965481483379502459e-01
1.003559039833795019e+00
1.000554372049861529e+00
9.685045823545707089e-01
9.995528161218837360e-01
9.885357009141275686e-01
1.010569931329639903e+00
9.705076942105264060e-01
9.945450364819945488e-01
1.004560595761772923e+00
1.017580822825484788e+00
1.014576155041551297e+00
9.504765756509696573e-01
1.054638392160665017e+00
9.965481483379502459e-01
9.725108060664821030e-01
9.875341449861496645e-01
9.805232534903047803e-01
1.000554372049861529e+00
9.624952467867037287e-01
1.015577710969529202e+00
9.945450364819945488e-01
9.895372568421053616e-01
9.414625722991690759e-01
1.027596382105263384e+00
1.037611941385041758e+00
1.064653951440443391e+00
9.725108060664821030e-01
1.011571487257617807e+00
1.015577710969529202e+00
1.010569931329639903e+00
1.007565263545706413e+00
9.414625722991690759e-01
9.815248094182826843e-01
9.885357009141275686e-01
9.735123619944598961e-01
9.975497042659280389e-01
9.434656841551247730e-01
9.304454570914127975e-01
9.885357009141275686e-01
1.033605717673130364e+00
1.011571487257617807e+00
9.765170297783934972e-01
9.554843552908588444e-01
9.835279212742383814e-01
9.795216975623269873e-01
9.795216975623269873e-01
9.995528161218837360e-01
9.624952467867037287e-01
9.845294772022161744e-01
9.604921349307480316e-01
1.031602605817174556e+00
9.514781315789474503e-01
9.885357009141275686e-01
1.012573043185595711e+00
9.294439011634350045e-01
9.815248094182826843e-01
1.021587046537396182e+00
9.965481483379502459e-01
9.584890230747923345e-01
9.745139179224378001e-01
9.614936908587258246e-01
1.019583934681440596e+00
9.675030264265929159e-01
9.855310331301939675e-01
9.885357009141275686e-01
9.925419246260388517e-01
9.805232534903047803e-01
9.815248094182826843e-01
9.544827993628809404e-01
9.835279212742383814e-01
9.554843552908588444e-01
1.022588602465374086e+00
9.865325890581718715e-01
9.775185857063712902e-01
1.005562151689750827e+00
9.765170297783934972e-01
1.014576155041551297e+00
1.014576155041551297e+00
9.554843552908588444e-01
9.554843552908588444e-01
9.524796875069253543e-01
9.735123619944598961e-01
9.514781315789474503e-01
9.434656841551247730e-01
1.023590158393351990e+00
9.755154738504155931e-01
9.885357009141275686e-01
9.304454570914127975e-01
8.953909996121884873e-01
9.334501248753463987e-01
9.544827993628809404e-01
9.524796875069253543e-01
9.404610163711912829e-01
9.554843552908588444e-01
9.755154738504155931e-01
9.324485689473684946e-01
9.624952467867037287e-01
8.843738844044322089e-01
9.544827993628809404e-01
9.504765756509696573e-01
9.084112266759003518e-01
9.334501248753463987e-01
9.014003351800554675e-01
9.735123619944598961e-01
9.394594604432133789e-01
1.024591714321329672e+00
9.845294772022161744e-01
9.775185857063712902e-01
9.815248094182826843e-01
9.484734637950139602e-01
1.000554372049861529e+00
9.534812434349031474e-01
9.394594604432133789e-01
9.574874671468145415e-01
8.863769962603879060e-01
9.624952467867037287e-01
9.204298978116344232e-01
9.855310331301939675e-01
9.444672400831025660e-01
9.795216975623269873e-01
9.354532367313020957e-01
9.344516808033241917e-01
9.775185857063712902e-01
9.715092501385043100e-01
9.534812434349031474e-01
9.404610163711912829e-01
9.885357009141275686e-01
9.404610163711912829e-01
9.254376774515236104e-01
9.845294772022161744e-01
9.695061382825486129e-01
9.554843552908588444e-01
9.404610163711912829e-01
1.003559039833795019e+00
9.434656841551247730e-01
9.675030264265929159e-01
9.895372568421053616e-01
9.314470130193907016e-01
9.304454570914127975e-01
1.011571487257617807e+00
9.534812434349031474e-01
9.194283418836566302e-01
9.865325890581718715e-01
9.675030264265929159e-01
9.384579045152355858e-01
9.845294772022161744e-01
9.624952467867037287e-01
9.644983586426594258e-01
9.765170297783934972e-01
9.284423452354572115e-01
9.614936908587258246e-01
9.574874671468145415e-01
9.855310331301939675e-01
1.000554372049861529e+00
9.364547926592798888e-01
1.011571487257617807e+00
1.012573043185595711e+00
9.665014704986150118e-01
9.084112266759003518e-01
9.254376774515236104e-01
9.294439011634350045e-01
9.584890230747923345e-01
9.705076942105264060e-01
9.705076942105264060e-01
9.284423452354572115e-01
9.614936908587258246e-01
1.010569931329639903e+00
9.725108060664821030e-01
9.514781315789474503e-01
9.855310331301939675e-01
9.594905790027702386e-01
9.314470130193907016e-01
9.464703519390582631e-01
9.234345655955680243e-01
9.624952467867037287e-01
9.084112266759003518e-01
9.344516808033241917e-01
9.394594604432133789e-01
9.364547926592798888e-01
9.134190063157895390e-01
9.584890230747923345e-01
9.044050029639890687e-01
9.334501248753463987e-01
9.414625722991690759e-01
9.584890230747923345e-01
9.384579045152355858e-01
9.354532367313020957e-01
9.364547926592798888e-01
8.993972233240997705e-01
9.104143385318560489e-01
8.863769962603879060e-01
9.014003351800554675e-01
9.294439011634350045e-01
9.284423452354572115e-01
9.675030264265929159e-01
9.484734637950139602e-01
8.873785521883656990e-01
8.903832199722993002e-01
8.192727490858726647e-01
9.304454570914127975e-01
8.332945320775624332e-01
8.963925555401662804e-01
8.973941114681441844e-01
8.523240947091413888e-01
8.703521014127424404e-01
8.913847759002770932e-01
8.623396539889197632e-01
8.613380980609419701e-01
8.763614369806095317e-01
8.603365421329640661e-01
8.943894436842105833e-01
9.424641282271468690e-01
8.683489895567868544e-01
8.342960880055402262e-01
9.034034470360111646e-01
9.194283418836566302e-01
8.322929761495845291e-01
8.713536573407203445e-01
8.753598810526316276e-01
8.413069795013851104e-01
8.032478542382271991e-01
8.953909996121884873e-01
8.252820846537397559e-01
8.713536573407203445e-01
7.952354068144045218e-01
8.443116472853186005e-01
7.992416305263159160e-01
8.092571898060942903e-01
7.862214034626039405e-01
8.022462983102494061e-01
8.443116472853186005e-01
7.942338508864267288e-01
8.282867524376732460e-01
8.443116472853186005e-01
8.292883083656510390e-01
8.553287624930748789e-01
8.623396539889197632e-01
8.633412099168975562e-01
8.693505454847646474e-01
8.132634135180056845e-01
7.892260712465374306e-01
7.872229593905818446e-01
7.721996204709141720e-01
7.832167356786704504e-01
7.862214034626039405e-01
8.503209828531856918e-01
9.024018911080333716e-01
1.048629056592797815e+00
1.191851554293628990e+00
1.261960469252077610e+00
1.341083387562326923e+00
1.349095834986149711e+00
1.342084943490304827e+00
1.363117617977839480e+00
1.351098946842105519e+00
1.291005591163435051e+00
1.255951133684210630e+00
1.299018038587257839e+00
1.248940242188365746e+00
1.266968248891966908e+00
1.221898232132964113e+00
1.168815767950138529e+00
1.191851554293628990e+00
1.186843774653739692e+00
1.208878005069252248e+00
1.238924682908587371e+00
1.148784649390581780e+00
1.202868669501385268e+00
1.134762866398892012e+00
1.081680402216066650e+00
1.109723968199446187e+00
1.082681958144044554e+00
1.125748863047091541e+00
1.124747307119113637e+00
1.065655507368421073e+00
1.103714632631578985e+00
1.124747307119113637e+00
1.097705297063712004e+00
1.075671066648199670e+00
1.069661731080332467e+00
1.120741083407202243e+00
1.073667954792243862e+00
1.075671066648199670e+00
1.058644615872576189e+00
1.033605717673130364e+00
1.113730191911357359e+00
1.029599493961218970e+00
1.066657063296398977e+00
1.030601049889196874e+00
1.026594826177285480e+00
1.044622832880886643e+00
1.063652395512465487e+00
1.049630612520775719e+00
1.064653951440443391e+00
9.925419246260388517e-01
1.071664842936288276e+00
9.835279212742383814e-01
9.885357009141275686e-01
1.061649283656509901e+00
1.002557483905817337e+00
1.013574599113573615e+00
1.054638392160665017e+00
1.107720856343490379e+00
1.032604161745152460e+00
9.695061382825486129e-01
9.675030264265929159e-01
9.594905790027702386e-01
1.000554372049861529e+00
1.024591714321329672e+00
9.905388127700832657e-01
1.068660175152354785e+00
9.865325890581718715e-01
9.905388127700832657e-01
1.026594826177285480e+00
9.805232534903047803e-01
1.032604161745152460e+00
1.049630612520775719e+00
1.031602605817174556e+00
1.018582378753462692e+00
1.018582378753462692e+00
9.494750197229917532e-01
1.008566819473684317e+00
1.018582378753462692e+00
9.875341449861496645e-01
9.985512601939059429e-01
1.041618165096952930e+00
9.765170297783934972e-01
1.000554372049861529e+00
1.005562151689750827e+00
9.905388127700832657e-01
9.775185857063712902e-01
9.975497042659280389e-01
9.705076942105264060e-01
9.945450364819945488e-01
9.825263653462604774e-01
9.594905790027702386e-01
9.324485689473684946e-01
1.007565263545706413e+00
9.805232534903047803e-01
9.474719078670361672e-01
9.775185857063712902e-01
9.624952467867037287e-01
9.334501248753463987e-01
9.644983586426594258e-01
9.444672400831025660e-01
9.444672400831025660e-01
1.009568375401662221e+00
9.975497042659280389e-01
9.955465924099724528e-01
1.024591714321329672e+00
9.624952467867037287e-01
1.037611941385041758e+00
9.825263653462604774e-01
1.021587046537396182e+00
9.334501248753463987e-01
9.654999145706372188e-01
9.925419246260388517e-01
1.009568375401662221e+00
9.514781315789474503e-01
9.725108060664821030e-01
1.000554372049861529e+00
9.244361215235458173e-01
9.564859112188366375e-01
1.008566819473684317e+00
9.675030264265929159e-01
9.815248094182826843e-01
9.474719078670361672e-01
9.925419246260388517e-01
9.905388127700832657e-01
9.254376774515236104e-01
9.514781315789474503e-01
9.614936908587258246e-01
9.885357009141275686e-01
9.194283418836566302e-01
9.805232534903047803e-01
1.013574599113573615e+00
9.334501248753463987e-01
9.574874671468145415e-01
9.795216975623269873e-01
9.084112266759003518e-01
9.675030264265929159e-01
9.354532367313020957e-01
9.124174503878117459e-01
9.354532367313020957e-01
9.685045823545707089e-01
9.685045823545707089e-01
9.935434805540167558e-01
1.016579266897507106e+00
9.354532367313020957e-01
9.404610163711912829e-01
9.534812434349031474e-01
9.544827993628809404e-01
9.715092501385043100e-01
9.274407893074793074e-01
1.001555927977839433e+00
9.995528161218837360e-01
1.030601049889196874e+00
1.036610385457063854e+00
1.006563707617728731e+00
1.048629056592797815e+00
1.028597938033241066e+00
9.875341449861496645e-01
9.654999145706372188e-01
1.063652395512465487e+00
1.059646171800554093e+00
1.021587046537396182e+00
9.074096707479225588e-01
9.344516808033241917e-01
9.665014704986150118e-01
9.905388127700832657e-01
9.865325890581718715e-01
9.654999145706372188e-01
9.845294772022161744e-01
9.204298978116344232e-01
1.012573043185595711e+00
9.544827993628809404e-01
9.174252300277009331e-01
8.973941114681441844e-01
1.002557483905817337e+00
9.945450364819945488e-01
9.504765756509696573e-01
9.665014704986150118e-01
9.965481483379502459e-01
9.224330096675901203e-01
9.795216975623269873e-01
9.665014704986150118e-01
9.915403686980610587e-01
9.434656841551247730e-01
9.564859112188366375e-01
9.624952467867037287e-01
9.454687960110804701e-01
9.865325890581718715e-01
9.594905790027702386e-01
9.494750197229917532e-01
9.524796875069253543e-01
1.017580822825484788e+00
9.314470130193907016e-01
1.026594826177285480e+00
9.264392333795015144e-01
9.484734637950139602e-01
9.654999145706372188e-01
9.144205622437674430e-01
9.404610163711912829e-01
9.394594604432133789e-01
9.434656841551247730e-01
9.424641282271468690e-01
9.074096707479225588e-01
9.424641282271468690e-01
9.845294772022161744e-01
9.154221181717452360e-01
9.134190063157895390e-01
9.524796875069253543e-01
9.464703519390582631e-01
9.224330096675901203e-01
9.344516808033241917e-01
9.524796875069253543e-01
8.653443217728532533e-01
9.174252300277009331e-01
9.194283418836566302e-01
9.294439011634350045e-01
9.174252300277009331e-01
9.785201416343491942e-01
9.144205622437674430e-01
9.384579045152355858e-01
9.084112266759003518e-01
9.014003351800554675e-01
8.863769962603879060e-01
9.865325890581718715e-01
8.843738844044322089e-01
8.823707725484765119e-01
8.833723284764544159e-01
8.683489895567868544e-01
9.514781315789474503e-01
9.304454570914127975e-01
8.803676606925209258e-01
9.074096707479225588e-01
8.473163150692522017e-01
9.164236740997231401e-01
8.713536573407203445e-01
8.393038676454294134e-01
8.813692166204987188e-01
8.803676606925209258e-01
9.114158944598339529e-01
8.583334302770083690e-01
8.573318743490305760e-01
9.524796875069253543e-01
8.803676606925209258e-01
9.124174503878117459e-01
9.124174503878117459e-01
8.423085354293630145e-01
9.074096707479225588e-01
8.172696372299169676e-01
8.753598810526316276e-01
8.973941114681441844e-01
8.813692166204987188e-01
8.393038676454294134e-01
8.473163150692522017e-01
8.483178709972299947e-01
8.643427658448754602e-01
8.553287624930748789e-01
8.352976439335181302e-01
8.503209828531856918e-01
8.172696372299169676e-01
8.473163150692522017e-01
8.613380980609419701e-01
8.493194269252078987e-01
8.152665253739612705e-01
8.393038676454294134e-01
8.112603016620499874e-01
8.302898642936289431e-01
8.162680813019391746e-01
7.942338508864267288e-01
8.082556338781163863e-01
8.112603016620499874e-01
7.701965086149585860e-01
8.172696372299169676e-01
7.762058441828255662e-01
7.852198475346261475e-01
7.251264918559557904e-01
7.912291831024931277e-01
7.802120678947369603e-01
7.752042882548477731e-01
7.782089560387812632e-01
7.421529426315790490e-01
7.822151797506926574e-01
8.162680813019391746e-01
7.832167356786704504e-01
7.131078207202217190e-01
7.601809493351801006e-01
8.012447423822716130e-01
8.012447423822716130e-01
8.122618575900277804e-01
8.222774168698061548e-01
8.503209828531856918e-01
8.573318743490305760e-01
9.244361215235458173e-01
9.544827993628809404e-01
9.124174503878117459e-01
1.003559039833795019e+00
1.057643059944598507e+00
1.093699073351800610e+00
1.168815767950138529e+00
1.197860889861495970e+00
1.188846886509695500e+00
1.240927794764543179e+00
1.179832883157894807e+00
1.253948021828255044e+00
1.184840662797784105e+00
1.207876449141274344e+00
1.245935574404432256e+00
1.289002479307479465e+00
1.207876449141274344e+00
1.207876449141274344e+00
1.277985364099723187e+00
1.243932462548476670e+00
1.196859333933518066e+00
1.244934018476454352e+00
1.148784649390581780e+00
1.204871781357340854e+00
1.220896676204986209e+00
1.125748863047091541e+00
1.166812656094182943e+00
1.149786205318559684e+00
1.144778425678670386e+00
1.113730191911357359e+00
1.168815767950138529e+00
1.197860889861495970e+00
1.201867113573407364e+00
1.135764422326869916e+00
1.174825103518005731e+00
1.072666398864265958e+00
1.118737971551246657e+00
1.108722412271468283e+00
1.083683514072022236e+00
1.122744195263158051e+00
1.063652395512465487e+00
1.108722412271468283e+00
1.101711520775623399e+00
1.075671066648199670e+00
1.136765978254847820e+00
9.935434805540167558e-01
1.086688181855955726e+00
1.078675734432133160e+00
1.065655507368421073e+00
1.102713076703601303e+00
1.085686625927978044e+00
1.031602605817174556e+00
1.051633724376731527e+00
1.043621276952908739e+00
1.036610385457063854e+00
1.045624388808864325e+00
1.037611941385041758e+00
9.685045823545707089e-01
1.018582378753462692e+00
9.544827993628809404e-01
1.007565263545706413e+00
1.051633724376731527e+00
1.059646171800554093e+00
1.009568375401662221e+00
1.013574599113573615e+00
1.043621276952908739e+00
1.036610385457063854e+00
9.855310331301939675e-01
9.985512601939059429e-01
1.019583934681440596e+00
1.043621276952908739e+00
1.002557483905817337e+00
9.665014704986150118e-01
1.011571487257617807e+00
1.001555927977839433e+00
1.037611941385041758e+00
9.755154738504155931e-01
1.019583934681440596e+00
1.033605717673130364e+00
1.041618165096952930e+00
1.046625944736842229e+00
1.062650839584487583e+00
1.002557483905817337e+00
1.145779981606648290e+00
1.049630612520775719e+00
1.025593270249307576e+00
1.059646171800554093e+00
1.086688181855955726e+00
1.090694405567867120e+00
1.145779981606648290e+00
1.071664842936288276e+00
1.135764422326869916e+00
1.180834439085872711e+00
1.123745751191135955e+00
1.183839106869806201e+00
1.142775313822714800e+00
1.148784649390581780e+00
1.231913791412742487e+00
1.239926238836565275e+00
1.289002479307479465e+00
1.161804876454293867e+00
1.183839106869806201e+00
1.254949577756232726e+00
1.214887340637119229e+00
1.161804876454293867e+00
1.237923126980609467e+00
1.209879560997230152e+00
1.215888896565097133e+00
1.180834439085872711e+00
1.179832883157894807e+00
1.226906011772853411e+00
1.157798652742382473e+00
1.155795540886426664e+00
1.180834439085872711e+00
1.199864001717451556e+00
1.180834439085872711e+00
1.156797096814404568e+00
1.244934018476454352e+00
1.195857778005540384e+00
1.153792429030471078e+00
1.208878005069252248e+00
1.168815767950138529e+00
1.106719300415512697e+00
1.121742639335180147e+00
1.157798652742382473e+00
1.115733303767313167e+00
1.191851554293628990e+00
1.169817323878116433e+00
1.096703741135734100e+00
1.187845330581717596e+00
1.130756642686980840e+00
1.111727080055401773e+00
1.100709964847645495e+00
1.155795540886426664e+00
1.097705297063712004e+00
1.123745751191135955e+00
1.094700629279778514e+00
1.149786205318559684e+00
1.140772201966759214e+00
1.157798652742382473e+00
1.130756642686980840e+00
1.112728635983379677e+00
1.171820435734072241e+00
1.119739527479224561e+00
1.064653951440443391e+00
1.160803320526315963e+00
1.133761310470914330e+00
1.083683514072022236e+00
1.125748863047091541e+00
1.149786205318559684e+00
1.120741083407202243e+00
1.066657063296398977e+00
1.188846886509695500e+00
1.113730191911357359e+00
1.145779981606648290e+00
1.064653951440443391e+00
1.105717744487534793e+00
1.041618165096952930e+00
1.039615053240997344e+00
1.124747307119113637e+00
1.071664842936288276e+00
1.059646171800554093e+00
1.099708408919667812e+00
1.056641504016620603e+00
1.042619721024930834e+00
1.148784649390581780e+00
1.156797096814404568e+00
1.060647727728531997e+00
1.071664842936288276e+00
1.172821991662049923e+00
1.078675734432133160e+00
1.164809544238227357e+00
1.124747307119113637e+00
1.151789317174515270e+00
1.050632168448753623e+00
1.100709964847645495e+00
1.142775313822714800e+00
1.109723968199446187e+00
1.129755086759002936e+00
1.129755086759002936e+00
1.110725524127423869e+00
1.106719300415512697e+00
1.101711520775623399e+00
1.152790873102493174e+00
1.146781537534626194e+00
1.083683514072022236e+00
1.079677290360110842e+00
1.129755086759002936e+00
1.169817323878116433e+00
1.119739527479224561e+00
1.054638392160665017e+00
1.096703741135734100e+00
1.066657063296398977e+00
1.144778425678670386e+00
1.163807988310249453e+00
1.150787761246537588e+00
1.196859333933518066e+00
1.104716188559556889e+00
1.085686625927978044e+00
1.070663287008310371e+00
1.131758198614958522e+00
1.167814212022160847e+00
1.090694405567867120e+00
1.130756642686980840e+00
1.147783093462604098e+00
1.103714632631578985e+00
