8.247957184192409308e-01
3.501626148635417213e-02
8.247957184192403757e-01
-3.501626148635347824e-02
-1.515602852256158969e-02
2.290760494314350582e-02
-1.515602852255983762e-02
-2.290760494314380766e-02
-3.300962342952351580e-01
1.061510420060013914e-02
-3.300962342952354356e-01
-1.061510420060002464e-02
-6.442801867304646102e-01
8.849857321218155409e-03
-6.442801867304640551e-01
-8.849857321217888262e-03
-8.099619516148709453e-01
-4.138016049520853133e-03
-8.099619516148707232e-01
4.138016049520617211e-03
