9.812710335298344688e-01 4.897925920536350315e-16
9.810395669511177141e-01 4.954304433505596546e-16
9.808029489493151898e-01 5.006346137784900758e-16
9.805609928939647002e-01 5.067061459444089007e-16
9.803135028199850831e-01 5.127776781103277255e-16
9.800602728326138768e-01 5.184155294072523486e-16
9.798010864661476083e-01 5.244870615731711734e-16
9.795357159922447599e-01 5.309922746080842000e-16
9.792639216731003904e-01 5.370638067740030248e-16
9.789854509542956773e-01 5.440027006779102532e-16
9.787000375915599903e-01 5.505079137128232798e-16
9.784074007050425070e-01 5.570131267477363064e-16
9.781072437539753972e-01 5.639520206516435348e-16
9.777992534237974764e-01 5.713245954245449649e-16
9.774830984168936254e-01 5.786971701974463951e-16
9.771584281370688796e-01 5.860697449703478252e-16
9.768248712567012548e-01 5.934423197432492554e-16
9.764820341541848858e-01 6.016822562541390891e-16
9.761294992077557131e-01 6.090548310270405192e-16
9.757668229300650031e-01 6.177284484069245547e-16
9.753935339258898995e-01 6.264020657868085902e-16
9.750091306531090130e-01 6.355093640356868274e-16
9.746130789644817938e-01 6.446166622845650647e-16
9.742048094047932594e-01 6.528565987954548984e-16
9.737837142344939467e-01 6.632649396513157409e-16
9.733491441470139005e-01 6.732395996381823817e-16
9.729004046423458396e-01 6.836479404940432243e-16
9.724367520141951049e-01 6.936226004809098651e-16
9.719573889018157109e-01 7.044646222057649094e-16
9.714614593504745654e-01 7.166076865376025591e-16
9.709480433160814217e-01 7.278833891314518052e-16
9.704161505396893261e-01 7.395927725942952531e-16
9.698647137060124601e-01 7.521695177951271045e-16
9.692925807864913867e-01 7.647462629959589560e-16
9.686985064513461419e-01 7.786240508037734127e-16
9.680811424159818657e-01 7.916344768735994659e-16
9.674390265644242648e-01 8.059459455504081245e-16
9.667705706653927367e-01 8.211247759652051865e-16
9.660740464641975889e-01 8.376046489869848539e-16
9.653475698946897277e-01 8.523497985327877142e-16
9.645890831084829031e-01 8.696970332925557852e-16
9.637963339617450220e-01 8.887789915283006632e-16
9.629668525306207538e-01 9.069935880260571377e-16
9.620979241417909611e-01 9.260755462618020157e-16
9.611865583009443492e-01 9.468922279735237009e-16
9.602294527740855568e-01 9.668415479472569825e-16
9.592229519182511321e-01 9.919950383489206853e-16
9.581629981610885194e-01 1.013679081798630774e-15
9.570450752820496287e-01 1.040567295676271284e-15
9.558641418374751453e-01 1.066588147815923390e-15
9.546145526788050173e-01 1.093476361693563900e-15
9.532899660125236929e-01 1.122966660785169621e-15
9.518832328086472838e-01 1.155059045090740552e-15
9.503862645361570438e-01 1.188886152872288291e-15
9.487898741268563363e-01 1.223580622391824432e-15
9.470835836585075329e-01 1.260877177125325785e-15
9.452553903856595330e-01 1.304245264024745962e-15
9.432914802668792564e-01 1.346745989186177736e-15
9.411758748062385438e-01 1.394450884775539931e-15
9.388899925107402344e-01 1.446492589054844144e-15
9.364121000814649154e-01 1.500269016810125164e-15
9.337166199002899791e-01 1.559249614993336605e-15
9.307732484060696754e-01 1.626903830556432082e-15
9.275458230202623389e-01 1.696292769595504366e-15
9.239908510328430635e-01 1.776090049490437492e-15
9.200555787013908748e-01 1.862826223289277650e-15
9.156754271924769650e-01 1.956501290992025233e-15
9.107705452314062144e-01 2.067523593454540887e-15
9.052411128059738576e-01 2.185484789820963769e-15
8.989608546272375156e-01 2.320793220947154722e-15
8.917679532524831476e-01 2.473448886833113747e-15
8.834521410576006151e-01 2.650390681382748070e-15
8.737361347791773314e-01 2.851618604596057693e-15
8.622487117001100820e-01 3.091010444280857072e-15
8.484857488888053467e-01 3.368566200437146207e-15
8.317554556725239578e-01 3.673877532209064651e-15
8.111094957908087100e-01 4.034700015212240526e-15
7.852930298743829862e-01 4.430216967734952544e-15
7.528944451934218574e-01 4.804917238545942876e-15
7.135706865495842210e-01 4.943695116624087444e-15
6.746413621537560301e-01 4.222050150617735692e-15
6.829997746875315912e-01 7.803587742797502198e-16
9.131265814283158200e-01 -4.326667138995969669e-15
1.368196205452344216e+00 -2.383776845901946118e-15
1.498288075959709698e+00 -4.687489621999145545e-15
1.426729376080919653e+00 -6.422213097975952639e-15
1.343920827413637831e+00 -6.290374113801715300e-15
1.280670618740701538e+00 -5.638118086834435832e-15
1.234358939062016658e+00 -4.952902313823597030e-15
1.199890792970908171e+00 -4.366565778943436232e-15
1.173546537037272852e+00 -3.877617704206785870e-15
1.152880705430751496e+00 -3.473400029249878074e-15
1.136291008007737524e+00 -3.137514196213868800e-15
1.122705690331349038e+00 -2.854754269629649244e-15
1.111388874798325599e+00 -2.618831876896803479e-15
1.101821976328296815e+00 -2.415869230207517049e-15
1.093630601102097089e+00 -2.240662159133859532e-15
1.086538478849115918e+00 -2.092343301937842526e-15
1.080337709212991326e+00 -1.959636956025616783e-15
1.074869072777010270e+00 -1.846012568349135918e-15
1.070008700306869898e+00 -1.744531245004492506e-15
1.065658853497129410e+00 -1.653458262515710134e-15
1.061741423835865783e+00 -1.573660982620777007e-15
1.058193265838573094e+00 -1.502537320105727916e-15
1.054962792059783494e+00 -1.437485189756597650e-15
1.052007451404121552e+00 -1.381106676787351420e-15
1.049291835867162348e+00 -1.328197610770058803e-15
1.046786241085476021e+00 -1.282227438656673415e-15
1.044465559125326459e+00 -1.242328798709206852e-15
1.042308417605769977e+00 -1.204164882237717096e-15
1.040296503610388612e+00 -1.172072497932146165e-15
1.038414027722631694e+00 -1.143883241447523050e-15
1.036647295378458677e+00 -1.116127665831894136e-15
1.034984361166736422e+00 -1.095310984120172451e-15
1.033414747780961207e+00 -1.075361664146439169e-15
1.031929215745226447e+00 -1.058014429386671098e-15
1.030519573285473722e+00 -1.046305045923827651e-15
1.029178518125875685e+00 -1.033728300722995799e-15
1.027899504790692475e+00 -1.025488364212105965e-15
1.026676632346369855e+00 -1.020717874653169746e-15
1.025504548542044869e+00 -1.017682108570210334e-15
1.024378367080914121e+00 -1.017682108570210334e-15
1.023293595338681028e+00 -1.020284193784175544e-15
1.022246070280080188e+00 -1.025922045081100167e-15
1.021231900639262502e+00 -1.034595662460984203e-15
1.020247413643749601e+00 -1.046738726792821852e-15
1.019289104685791481e+00 -1.061483876338624713e-15
1.018353588382904240e+00 -1.079698472836381187e-15
1.017437549417238740e+00 -1.102249878024079679e-15
1.016537691388638809e+00 -1.128270730163731786e-15
1.015650681634978403e+00 -1.159062071862320112e-15
1.014773089526393335e+00 -1.195924945726827262e-15
1.013901315065320885e+00 -1.237124628281276431e-15
1.013031503625216212e+00 -1.285263204739632828e-15
1.012159441186434750e+00 -1.340340675101896453e-15
1.011280422239554388e+00 -1.403224401106055710e-15
1.010389079241645893e+00 -1.476516467966075810e-15
1.009479157503496038e+00 -1.559783194812962551e-15
1.008543211607759726e+00 -1.656494028598669546e-15
1.007572187111350770e+00 -1.767082650192190998e-15
1.006554831195513922e+00 -1.897186910890451728e-15
1.005476842308483887e+00 -2.048541534169428147e-15
1.004319610770838311e+00 -2.228519094802021883e-15
1.003058298289754680e+00 -2.443191124954151761e-15
1.001658810080269246e+00 -2.702532284612684421e-15
1.000072832609253837e+00 -3.020420361585434321e-15
9.982293203253567171e-01 -3.419840441929094155e-15
9.960190617814203007e-01 -3.932017548211246055e-15
9.932647288614551151e-01 -4.611161789056166032e-15
9.896575123685052988e-01 -5.549213508690624469e-15
9.846069142467726021e-01 -6.925716586878220898e-15
9.768237183256099909e-01 -9.131417486582731908e-15
9.628505980864209279e-01 -1.321907651728758072e-14
9.291932262058496539e-01 -2.334053747830875724e-14
7.194364188003141702e-01 -8.961608155887166964e-14
1.182500775192808495e+00 5.143298323019553260e-14
1.074227237752172437e+00 2.048074592921036097e-14
1.048241788892328774e+00 1.298110266169362812e-14
1.036397675599819213e+00 9.610534947870691940e-15
1.029519550023116681e+00 7.699520198647741825e-15
1.024959639727549332e+00 6.472420179828648696e-15
1.021669304005125678e+00 5.619153070082556706e-15
1.019150063253253080e+00 4.994435778296409051e-15
1.017134571753579575e+00 4.517169981968289999e-15
1.015466519126781098e+00 4.142903392026293869e-15
1.014048368763089680e+00 3.842145709378814939e-15
1.012816075827039697e+00 3.595814975790108331e-15
1.011725822730065394e+00 3.391117605624844700e-15
1.010746596768964611e+00 3.218946300634146596e-15
1.009855813184373785e+00 3.072795847783100598e-15
1.009036619069811014e+00 2.947462076643776285e-15
1.008276170300682839e+00 2.839258699829722943e-15
1.007564494984949599e+00 2.745366791692478259e-15
1.006893722972642902e+00 2.663617947887071224e-15
1.006257550843021598e+00 2.592060604503027932e-15
1.005650862443658200e+00 2.528960038064371574e-15
1.005069454626658532e+00 2.473882567702107949e-15
1.004509835633758952e+00 2.425960831678248653e-15
1.003969074604408984e+00 2.382809585213325576e-15
1.003444687674426739e+00 2.345079349610830022e-15
1.002934550669801306e+00 2.311902763132773586e-15
1.002436831403444195e+00 2.283279825779156269e-15
1.001949936607405389e+00 2.257909494942995465e-15
1.001472469921135922e+00 2.235574930189794074e-15
1.001003198322726995e+00 2.216276131519552095e-15
1.000541025072386292e+00 2.200446779801263730e-15
1.000084967725546115e+00 2.186352151558952173e-15
9.996341401264624560e-01 2.174642768096108725e-15
9.991877375519974125e-01 2.165318629412733387e-15
9.987450243668329897e-01 2.158813416377820360e-15
9.983053236944983144e-01 2.153175565080895737e-15
9.978680087165504586e-01 2.148838756390953719e-15
9.974324952943559586e-01 2.147104032914976912e-15
9.969982356708854132e-01 2.146670352045982710e-15
9.965647130585728597e-01 2.147537713783971114e-15
9.961314369571320215e-01 2.149922958563439224e-15
9.956979390748592618e-01 2.153826086384387040e-15
9.952637697503043945e-01 2.158813416377820360e-15
9.948284947896930408e-01 2.164668108109242084e-15
9.943916926502243125e-01 2.172474363751137716e-15
9.939529519111653943e-01 2.181364821565518852e-15
9.935118689841417883e-01 2.191122641117888392e-15
9.930680460216718686e-01 2.201964662842743436e-15
9.926210889891735611e-01 2.213890886740083985e-15
9.921706058706866171e-01 2.227334993678904240e-15
9.917162049826131476e-01 2.241212781486718697e-15
9.912574933730761151e-01 2.256174771467018658e-15
9.907940752871547962e-01 2.272437804054301225e-15
9.903255506803999575e-01 2.290001879248566397e-15
9.898515137647339035e-01 2.308216475746322871e-15
9.893715515721830389e-01 2.327948955285559052e-15
9.888852425229156529e-01 2.347898275259292333e-15
9.883921549848138088e-01 2.369148637840008220e-15
9.878918458123269186e-01 2.391483202593209612e-15
9.873838588526582249e-01 2.414901969518896507e-15
9.868677234074468840e-01 2.440705981224051513e-15
9.863429526380335099e-01 2.466076312060212317e-15
9.858090419021522388e-01 2.493398206806847028e-15
9.852654670094703748e-01 2.521153782422475942e-15
9.847116823828099275e-01 2.549993560210590360e-15
9.841471191111146322e-01 2.580568061474681585e-15
9.835711828792762512e-01 2.612877286214749617e-15
9.829832517587846485e-01 2.645403351389314750e-15
9.823826738418047766e-01 2.680314661343347993e-15
9.817687646996864359e-01 2.715876492600872538e-15
9.811408046450637022e-01 2.752739366465379689e-15
9.804980357745523012e-01 2.791553804240360748e-15
9.798396587665892943e-01 2.831452444187827311e-15
9.791648294061205959e-01 2.873736328914761984e-15
9.784726548045840078e-01 2.916345474293442308e-15
9.777621892798994407e-01 2.961231444234342192e-15
9.770324298568849875e-01 3.008285818520213084e-15
9.762823113435944444e-01 3.056966496064812233e-15
9.755107009334073043e-01 3.106839795999145437e-15
9.747163922761892252e-01 3.159965702450935154e-15
9.738980989543339906e-01 3.214175811075210376e-15
9.730544472908375653e-01 3.271963786868687762e-15
9.721839684065460840e-01 3.330077023313910800e-15
9.712850894321241046e-01 3.390792344973099048e-15
9.703561237668519857e-01 3.455410794453235113e-15
9.693952602607279756e-01 3.522739749364584938e-15
9.684005511781550446e-01 3.592020268186409066e-15
9.673698987802551441e-01 3.665203914829180615e-15
9.663010403380128954e-01 3.740989646685917375e-15
9.651915313593422141e-01 3.819377463756619346e-15
9.640387267789766179e-01 3.902102089517263334e-15
9.628397598198324969e-01 3.989163523967849340e-15
9.615915181870116069e-01 4.080670187325625914e-15
9.602906171994641804e-01 4.174562095462870598e-15
9.589333693978169260e-01 4.275609737938519611e-15
9.575157500878843653e-01 4.379801566714376587e-15
9.560333581854224549e-01 4.487462842442187178e-15
9.544813716156914651e-01 4.604014575984378904e-15
9.528544963876970364e-01 4.724794697999264098e-15
9.511469083031388605e-01 4.855332639566518832e-15
9.493521860688259872e-01 4.988147405695993125e-15
9.474632343522906286e-01 5.131478932898576812e-15
9.454721950461659752e-01 5.281749354005067726e-15
9.433703446790210334e-01 5.443945999008899189e-15
9.411479755192011520e-01 5.611563654875158175e-15
9.387942574535410589e-01 5.791107534638757709e-15
9.362970771745794396e-01 5.986589186337894159e-15
9.336428505701080960e-01 6.190419194765168992e-15
9.308163034750187581e-01 6.406500687741530026e-15
9.278002151268788245e-01 6.640037835694907681e-15
9.245751177963177359e-01 6.892440101449533113e-15
9.211189452182523274e-01 7.162189601963925828e-15
9.174066217885069596e-01 7.449394757455335952e-15
9.134095843179669272e-01 7.762620765086398183e-15
9.090952290237193090e-01 8.105337071809066135e-15
9.044262794320114818e-01 8.470604783719432579e-15
8.993600778828774178e-01 8.866989097980133000e-15
8.938478178422433196e-01 9.301428908495074626e-15
8.878337626043333319e-01 9.781188369819910338e-15
8.812545498988805237e-01 1.029195601327783148e-14
8.740387830928196822e-01 1.086875156904011984e-14
8.661072987410881607e-01 1.149064993517780518e-14
8.573748542253565308e-01 1.217825095296811209e-14
8.477546456959975663e-01 1.294261348457039272e-14
8.371683307267182572e-01 1.376899238043884420e-14
8.255666453647835246e-01 1.467874642337143255e-14
8.129703376491619338e-01 1.567187561336815461e-14
7.995499813541251388e-01 1.672051595459613450e-14
7.857796973049571143e-01 1.777609518972802161e-14
7.727283345554937233e-01 1.883156600464266018e-14
7.625915821086204360e-01 1.969274779024789635e-14
7.595834893588127024e-01 2.005443763498906063e-14
7.711173237677108050e-01 1.963886294227536678e-14
8.082758771437607015e-01 1.789091219979423653e-14
8.822995965126813056e-01 1.467202436990202242e-14
9.931524861154905626e-01 9.732290851840814088e-15
1.117799871523412314e+00 3.626714737705945208e-15
1.221014738252290233e+00 -2.839467018997603631e-15
1.283294512439811630e+00 -8.501062343499659630e-15
1.308352806144378100e+00 -1.235832841255133875e-14
1.309410461961851402e+00 -1.460577109589653932e-14
1.298030074588381710e+00 -1.552105456990880216e-14
1.281417989198910146e+00 -1.568693750229908434e-14
1.263401353010511041e+00 -1.536709786141586053e-14
1.245810695648613020e+00 -1.481827472170369819e-14
1.229424085732037542e+00 -1.415138196540786599e-14
1.214498225261029019e+00 -1.347765873542537353e-14
1.201044800867978379e+00 -1.279699661153897385e-14
1.188968999968176288e+00 -1.216122045759347405e-14
1.178137168835610815e+00 -1.155005569296339520e-14
1.168408818693346563e+00 -1.097347697763560394e-14
1.159650899874958174e+00 -1.045240941353907051e-14
1.151743367478693658e+00 -9.969722606348523936e-15
1.144580568469681925e+00 -9.517935561073814238e-15
1.138070718489563760e+00 -9.102686129011866040e-15
1.132134595465814408e+00 -8.720613283427974277e-15
1.126703999465076489e+00 -8.366838114545954181e-15
1.121720235706675561e+00 -8.039300638238083291e-15
1.117132730369468696e+00 -7.733230364945425389e-15
1.112897815910439903e+00 -7.450036757492211631e-15
1.108977687824221015e+00 -7.183973544364268843e-15
1.105339519428788719e+00 -6.937968071427307098e-15
1.101954715684444031e+00 -6.706274067167154801e-15
1.098798286219107689e+00 -6.489650473104551015e-15
1.095848319050480857e+00 -6.286579406198016034e-15
1.093085538645571564e+00 -6.095651403623318703e-15
1.090492934289233107e+00 -5.915131741904482215e-15
1.088055446943180238e+00 -5.746755144517483377e-15
1.085759704742468967e+00 -5.584450079296403363e-15
1.083593798964639365e+00 -5.434071237972663898e-15
1.081547093727231568e+00 -5.290631290552831661e-15
1.079610063849920643e+00 -5.154563917905900855e-15
1.077774156291286811e+00 -5.025435439162877277e-15
1.076031671370082599e+00 -4.902053231934026872e-15
1.074375660636406327e+00 -4.785067817522840944e-15
1.072799838795154281e+00 -4.673286573539585436e-15
1.071298507524104382e+00 -4.566492659549763250e-15
1.069866489389892372e+00 -4.464902915987871484e-15
1.068499070361693226e+00 -4.367324720464176085e-15
1.067191949666550288e+00 -4.274625434716665456e-15
1.065941195931747298e+00 -4.185395595921108441e-15
1.064743208726255164e+00 -4.100068884946499242e-15
1.063594684751471231e+00 -4.017452679403103804e-15
1.062492588046379360e+00 -3.938197500594413430e-15
1.061434123668056007e+00 -3.862737029389422322e-15
1.060416714388549897e+00 -3.789770223181147873e-15
1.059437980016294523e+00 -3.719188661752341535e-15
1.058495719006657731e+00 -3.651751286623743159e-15
1.057587892073793556e+00 -3.586699156274612893e-15
1.056712607556160366e+00 -3.523164908966962727e-15
1.055868108322122856e+00 -3.462558007525023029e-15
1.055052760030982029e+00 -3.403902669993557240e-15
1.054265040589413172e+00 -3.346765215503571156e-15
1.053503530664312127e+00 -3.291687745141307531e-15
1.052766905131051756e+00 -3.238019737603275061e-15
1.052053925351570607e+00 -3.186736974844710701e-15
1.051363432189988734e+00 -3.136429994041383296e-15
1.050694339684872469e+00 -3.088291417583026899e-15
1.050045629307130524e+00 -3.040586521993664704e-15
1.049416344741066265e+00 -2.994833190314776417e-15
1.048805587133509132e+00 -2.949947220373876533e-15
1.048212510762371430e+00 -2.906795973908953457e-15
1.047636319081573619e+00 -2.864512089182018784e-15
1.047076261104153971e+00 -2.823420826844818166e-15
1.046531628089635291e+00 -2.783413766680103052e-15
1.046001750505439309e+00 -2.744165648036127791e-15
1.045485995235406085e+00 -2.706218571999135136e-15
1.044983763011321454e+00 -2.669355698134627986e-15
1.044494486045870918e+00 -2.632818084921866486e-15
1.044017625847634800e+00 -2.597364673881590491e-15
1.043552671200672188e+00 -2.562670204362054349e-15
1.043099136292941598e+00 -2.528843096580506611e-15
1.042656558979293990e+00 -2.495774930319698726e-15
1.042224499166079621e+00 -2.463032024710636492e-15
1.041802537305549059e+00 -2.431590161708556863e-15
1.041390272989231036e+00 -2.400148298706477235e-15
1.040987323630313321e+00 -2.369465377225137459e-15
1.040593323225806444e+00 -2.339324556830040436e-15
1.040207921189880258e+00 -2.309834257738434715e-15
1.039830781250286718e+00 -2.280886059733071747e-15
1.039461580400193652e+00 -2.252154702162205879e-15
1.039100007898064337e+00 -2.224073865894831314e-15
1.038745764308438124e+00 -2.196209870061953851e-15
1.038398560576570429e+00 -2.168996395532567689e-15
1.038058117129894597e+00 -2.141782921003181528e-15
1.037724162999160926e+00 -2.115274177885910945e-15
1.037396434951853186e+00 -2.088765434768640361e-15
1.037074676630109105e+00 -2.062744582628988255e-15
1.036758637684810136e+00 -2.036832150706584699e-15
1.036448072896756889e+00 -2.011136559218678244e-15
1.036142741274866941e+00 -1.985549387948020339e-15
1.035842405120070309e+00 -1.960179057111859535e-15
1.035546829041964489e+00 -1.934754516167074456e-15
1.035255778913273472e+00 -1.909655235874035029e-15
1.034969020744590074e+00 -1.884555955580995601e-15
1.034686319458673509e+00 -1.859456675287956173e-15
1.034407437539515362e+00 -1.834357394994916746e-15
1.034132133526273423e+00 -1.809203904593253043e-15
1.033860160315684285e+00 -1.783833573757092239e-15
1.033591263228298418e+00 -1.758300612595058412e-15
1.033325177783314119e+00 -1.732442390781279132e-15
1.033061627113160297e+00 -1.706529958858875576e-15
1.032800318931333727e+00 -1.680129635958853543e-15
1.032540941943955071e+00 -1.653349842298461583e-15
1.032283161565193952e+00 -1.625919527334578321e-15
1.032026614756508476e+00 -1.597947111284452307e-15
1.031770903755810265e+00 -1.569269963822210714e-15
1.031515588389921412e+00 -1.539617034404732168e-15
1.031260176564317455e+00 -1.509205163466513769e-15
1.031004112386923577e+00 -1.477438039812688489e-15
1.030746761190879157e+00 -1.444369873551880604e-15
1.030487390449496887e+00 -1.409729614140968737e-15
1.030225145186356661e+00 -1.373300421145455788e-15
1.029959015914233555e+00 -1.334594403587723280e-15
1.029687796292205970e+00 -1.293503141250522662e-15
1.029410026414824486e+00 -1.249159272395865530e-15
1.029123915681283918e+00 -1.201291746480630509e-15
1.028827236094284725e+00 -1.148978991658204921e-15
1.028517171833529087e+00 -1.091245225973351809e-15
1.028190102638391501e+00 -1.027114667470834222e-15
1.027841284300131885e+00 -9.545815421315539755e-16
1.027464364310813227e+00 -8.716400759364128863e-16
1.027050624074004492e+00 -7.753087129110758173e-16
1.026587748831575331e+00 -6.611964342569764756e-16
1.026057742046740273e+00 -5.231774976995717612e-16
1.025433198929804002e+00 -3.515482937951164586e-16
1.024670205638807063e+00 -1.311299921288134072e-16
1.023693665766249206e+00 1.650740413942264042e-16
1.022363595275861625e+00 5.872081572514576049e-16
1.020385645831530130e+00 1.241090487477465329e-15
1.017017191045539226e+00 2.399723139104099445e-15
1.009688886104770367e+00 5.037478604544083577e-15
9.794151543366079737e-01 1.706317805121017817e-14
1.110285208386269984e+00 -2.352360501513293466e-14
1.050451056442240461e+00 -8.770811844014053133e-15
1.040909987099690959e+00 -5.866505274468507341e-15
1.036944899987895408e+00 -4.634092665004234451e-15
1.034732573476447870e+00 -3.950394775034875355e-15
1.033295496079414955e+00 -3.514274451152581591e-15
1.032269573989391898e+00 -3.210860473182513175e-15
1.031488196720563133e+00 -2.986539043695262308e-15
1.030864322504824404e+00 -2.813554587075200075e-15
1.030348037370790948e+00 -2.675644070735043911e-15
1.029908660804816023e+00 -2.562670204362054349e-15
1.029526291025784746e+00 -2.468127774921318363e-15
1.029187449845923696e+00 -2.387625763614269658e-15
1.028882681373050723e+00 -2.318182614466573099e-15
1.028605153049330090e+00 -2.257575713024633401e-15
1.028349802646868705e+00 -2.203745075160728106e-15
1.028112797818554469e+00 -2.155769129028244535e-15
1.027891182274244475e+00 -2.112617882563321459e-15
1.027682637481882599e+00 -2.073532394245219024e-15
1.027485318152035365e+00 -2.037807932661821653e-15
1.027297736154155094e+00 -2.005227657378632244e-15
1.027118677001333857e+00 -1.975032626874910946e-15
1.026947138711917784e+00 -1.947060210824784932e-15
1.026782286344039230e+00 -1.921039358685132825e-15
1.026623417698880214e+00 -1.896915860347330352e-15
1.026469937107834740e+00 -1.874093404616510483e-15
1.026321335153554060e+00 -1.852951462253043147e-15
1.026177172802090309e+00 -1.832839511953437039e-15
1.026037068851308742e+00 -1.813757553717692161e-15
1.025900689897190965e+00 -1.796030848197554164e-15
1.025767742227721602e+00 -1.779008874089531744e-15
1.025637965201767976e+00 -1.762908471828121806e-15
1.025511125776097154e+00 -1.747729641413324744e-15
1.025387013919677681e+00 -1.733255542410643260e-15
1.025265438708857113e+00 -1.719377754602828803e-15
1.025146224935314043e+00 -1.706258908315754200e-15
1.025029210084323017e+00 -1.693844793440795174e-15
1.024914241555810124e+00 -1.681972779652078900e-15
1.024801174005619986e+00 -1.670751287166853929e-15
1.024689866678708094e+00 -1.660288736202368812e-15
1.024580180587370437e+00 -1.650043025672380795e-15
1.024471975351541886e+00 -1.640610466771756906e-15
1.024365105456357838e+00 -1.631828429174624320e-15
1.024259415580080823e+00 -1.623534282555110211e-15
1.024154734477495943e+00 -1.616161707782208781e-15
1.024050866623852807e+00 -1.609277023986925828e-15
1.023947580346761033e+00 -1.603313912038255554e-15
1.023844590333602200e+00 -1.598380792153446508e-15
1.023741530870086125e+00 -1.594586084549747243e-15
1.023637913247147591e+00 -1.591983999335782032e-15
1.023533054921174745e+00 -1.591062427489169353e-15
1.023425955540732568e+00 -1.592471890313400509e-15
1.023315066348911007e+00 -1.597350800089585279e-15
1.023197827660656367e+00 -1.606566518555712067e-15
1.023069646965918622e+00 -1.623317442120613110e-15
1.022921328466169344e+00 -1.653024581646715932e-15
1.022731290083709776e+00 -1.708481522769349484e-15
1.022433938207518045e+00 -1.829857955979101902e-15
1.021690092619111478e+00 -2.230145398060750139e-15
1.052912784055361373e+00 1.052601939790860383e-15
1.024019467112957882e+00 -7.576904276081863703e-16
1.023355933791603389e+00 -1.074385882191202215e-15
1.023077769231351963e+00 -1.181017165855151577e-15
1.022899575266416283e+00 -1.232191508396467386e-15
1.022762379877788508e+00 -1.260597605315587602e-15
1.022646243136515976e+00 -1.277619579423610022e-15
1.022542541725533827e+00 -1.288082130388095139e-15
1.022446932962171040e+00 -1.294749973748880992e-15
1.022356987952548035e+00 -1.298382051026707432e-15
1.022271238970181573e+00 -1.300387825045805615e-15
1.022188744476183908e+00 -1.300929926132048367e-15
1.022108870863914332e+00 -1.300550455371678440e-15
1.022031174602403114e+00 -1.299683093633690037e-15
1.021955334728458231e+00 -1.298002580266337505e-15
1.021881112257122304e+00 -1.296105226464487872e-15
1.021808324764970299e+00 -1.293611561467771212e-15
1.021736829914519973e+00 -1.291009476253806001e-15
1.021666514451258001e+00 -1.288136340496719415e-15
1.021597286661975357e+00 -1.285100574413760002e-15
1.021529071085915730e+00 -1.282173228548049140e-15
1.021461804729675293e+00 -1.278974832139216902e-15
1.021395434308632666e+00 -1.275884855947633215e-15
1.021329914203351841e+00 -1.272361198887055325e-15
1.021265204923052394e+00 -1.269108592369598812e-15
1.021201271934634391e+00 -1.265801775743518023e-15
1.021138084759211306e+00 -1.262386538900188684e-15
1.021075616267085984e+00 -1.259133932382732171e-15
1.021013842121803350e+00 -1.255718695539402832e-15
1.020952740337500941e+00 -1.252411878913322044e-15
1.020892290923292256e+00 -1.248996642069992705e-15
1.020832475595191191e+00 -1.245852455769784742e-15
1.020773277540934387e+00 -1.242708269469576779e-15
1.020714681226608356e+00 -1.239293032626247440e-15
1.020656672236589291e+00 -1.236094636217415202e-15
1.020599237140239035e+00 -1.233004660025831514e-15
1.020542363380256834e+00 -1.230023104051496377e-15
1.020486039178685855e+00 -1.226824707642664139e-15
1.020430253457419889e+00 -1.223843151668329002e-15
1.020374995770696902e+00 -1.221024226019866690e-15
1.020320256247579271e+00 -1.218042670045531553e-15
1.020266025542807320e+00 -1.215115324179820691e-15
1.020212294794729413e+00 -1.212459028857231205e-15
1.020159055589255903e+00 -1.209802733534641719e-15
1.020106299928984273e+00 -1.206983807886179408e-15
1.020054020206802470e+00 -1.204435932780838472e-15
1.020002209183409558e+00 -1.201833847566873262e-15
1.019950859968296708e+00 -1.199502812896029427e-15
1.019899966003825931e+00 -1.197009147899312767e-15
1.019849521052117014e+00 -1.194678113228468932e-15
1.019799519184517056e+00 -1.192347078557625098e-15
1.019749954773489620e+00 -1.190395514647151190e-15
1.019700822486805603e+00 -1.188172900193555906e-15
1.019652117283967430e+00 -1.186167126174457723e-15
1.019603834414847476e+00 -1.184378192589856640e-15
1.019555969420556263e+00 -1.182535048896631283e-15
1.019508518136613473e+00 -1.180854535529278751e-15
1.019461476698530156e+00 -1.179174022161926219e-15
1.019414841549969752e+00 -1.177547718903197962e-15
1.019368609453707997e+00 -1.176300886404839632e-15
1.019322777505679456e+00 -1.174999843797857027e-15
1.019277343152471538e+00 -1.173807221408122972e-15
1.019232304212714046e+00 -1.172614599018388917e-15
1.019187658902921401e+00 -1.171909867606273339e-15
1.019143405868468966e+00 -1.171150926085533486e-15
1.019099544220541942e+00 -1.170446194673417908e-15
1.019056073580088206e+00 -1.170066723913047982e-15
1.019012994130038319e+00 -1.169904093587175156e-15
1.018970306677362547e+00 -1.169795673369926606e-15
1.018928012726898480e+00 -1.169795673369926606e-15
1.018886114569365731e+00 -1.170229354238920807e-15
1.018844615386582442e+00 -1.170879875542412110e-15
1.018803519377683209e+00 -1.171693027171776238e-15
1.018762831911146582e+00 -1.172723019235637468e-15
1.018722559708762132e+00 -1.174186692168492899e-15
1.018682711069406555e+00 -1.176029835861718256e-15
1.018643296142821786e+00 -1.178144030098064990e-15
1.018604327266692700e+00 -1.180691905203405925e-15
1.018565819384547710e+00 -1.183565040960492512e-15
1.018527790567795854e+00 -1.187088698021070401e-15
1.018490262673243052e+00 -1.191317086493763869e-15
1.018453262178717456e+00 -1.196033365944075813e-15
1.018416821255498261e+00 -1.201345956589254785e-15
1.018380979159464905e+00 -1.207634329189670710e-15
1.018345784056960079e+00 -1.215006903962572141e-15
1.018311295452277276e+00 -1.223355260690710525e-15
1.018277587461187128e+00 -1.233004660025831514e-15
1.018244753295416194e+00 -1.244226152511056485e-15
1.018212911514689401e+00 -1.257290788689506813e-15
1.018182214915924311e+00 -1.272686459538800976e-15
1.018152863455071389e+00 -1.290684215602060350e-15
1.018125123510066565e+00 -1.312042998400024787e-15
1.018099357438162267e+00 -1.337847010105179793e-15
1.018076070472982986e+00 -1.369234662998635146e-15
1.018055988114425547e+00 -1.407886470447743379e-15
1.018040189953065333e+00 -1.456729778318215354e-15
1.018030354582890373e+00 -1.519721924539623162e-15
1.018029240459497498e+00 -1.603856013124498306e-15
1.018041718617708646e+00 -1.721004057861557060e-15
1.018077270909537146e+00 -1.894855876219607893e-15
1.018157131718780750e+00 -2.178157903890070202e-15
1.018340661761293342e+00 -2.718144795896475685e-15
1.018880577523248343e+00 -4.141593828152694062e-15
1.024462042235086079e+00 -1.810888252530582842e-14
1.015492776359682603e+00 4.085440676884562134e-15
1.016608425393368043e+00 1.241253117803338155e-15
1.016894554827428410e+00 4.505444734096597710e-16
1.017011081899738434e+00 8.028943150585995747e-17
1.017064756855464713e+00 -1.339489177772757187e-16
1.017088349565497429e+00 -2.730520565071659376e-16
1.017095272301016928e+00 -3.704676217049885110e-16
1.017092033272666729e+00 -4.421333853062803541e-16
1.017082171955646208e+00 -4.971024354512953796e-16
1.017067778112455967e+00 -5.402536819162184560e-16
1.017050164715209259e+00 -5.750023615443788731e-16
1.017030197888020293e+00 -6.034084584634990893e-16
1.017008471848745099e+00 -6.270440658236830860e-16
1.016985407633805627e+00 -6.468849655801678171e-16
1.016961311723122430e+00 -6.638527295795659615e-16
1.016936412362543951e+00 -6.783268285822474457e-16
1.016910882892032353e+00 -6.909577838917035724e-16
1.016884857197771108e+00 -7.017998056165586167e-16
1.016858440225162363e+00 -7.112865746258067805e-16
1.016831715301340866e+00 -7.195807212453208894e-16
1.016804749342377523e+00 -7.269532960182223196e-16
1.016777596625275004e+00 -7.333500888358867957e-16
1.016750301565929826e+00 -7.390421502414356940e-16
1.016722900795769879e+00 -7.441379004521175648e-16
1.016695424735245767e+00 -7.485831293593081330e-16
1.016667898800831082e+00 -7.525404672888802242e-16
1.016640344341360080e+00 -7.561725445667066641e-16
1.016612779371919517e+00 -7.592083106496660765e-16
1.016585219154546138e+00 -7.620814464067526632e-16
1.016557676661746568e+00 -7.645209012948450482e-16
1.016530162949491167e+00 -7.667435157484403323e-16
1.016502687459626353e+00 -7.685324493330414146e-16
1.016475258266773984e+00 -7.702671728090182217e-16
1.016447882281222626e+00 -7.718392659591222031e-16
1.016420565416667143e+00 -7.729776782402319828e-16
1.016393312729667597e+00 -7.740618804127174872e-16
1.016366128536210445e+00 -7.750918724765787164e-16
1.016339016509607118e+00 -7.758508139973185695e-16
1.016311979763096174e+00 -7.766097555180584226e-16
1.016285020919836413e+00 -7.771518566043011749e-16
1.016258142172447032e+00 -7.774771172560468262e-16
1.016231345333843183e+00 -7.778023779077924775e-16
1.016204631880783582e+00 -7.779107981250410280e-16
1.016178002991288798e+00 -7.780192183422895784e-16
1.016151459576880578e+00 -7.780192183422895784e-16
1.016125002310426906e+00 -7.780192183422895784e-16
1.016098631650242723e+00 -7.778565880164167527e-16
1.016072347860984104e+00 -7.776397475819196519e-16
1.016046151031787748e+00 -7.773686970387982757e-16
1.016020041092033921e+00 -7.769892262784283492e-16
1.015994017825046614e+00 -7.766639656266826979e-16
1.015968080880002899e+00 -7.761218645404399457e-16
1.015942229782272443e+00 -7.755797634541971934e-16
1.015916463942380332e+00 -7.751460825852029917e-16
1.015890782663755765e+00 -7.745497713903359642e-16
1.015865185149402494e+00 -7.738450399782203863e-16
1.015839670507609371e+00 -7.731945186747290837e-16
1.015814237756799132e+00 -7.724897872626135058e-16
1.015788885829599586e+00 -7.716766356332493775e-16
1.015763613576209146e+00 -7.708092738952609739e-16
1.015738419767117762e+00 -7.699961222658968456e-16
1.015713303095230335e+00 -7.692371807451569925e-16
1.015688262177438128e+00 -7.682613987899200385e-16
1.015663295555670143e+00 -7.672856168346830845e-16
1.015638401697453119e+00 -7.663640449880704057e-16
1.015613578996000355e+00 -7.654966832500820022e-16
1.015588825769847325e+00 -7.644124810775964978e-16
1.015564140262043225e+00 -7.632740687964867181e-16
1.015539520638903292e+00 -7.622982868412497641e-16
1.015514964988327495e+00 -7.611598745601399845e-16
1.015490471317676002e+00 -7.600756723876544800e-16
1.015466037551200351e+00 -7.588288398892961499e-16
1.015441661527012318e+00 -7.576362174995620951e-16
1.015417340993578277e+00 -7.565520153270765906e-16
1.015393073605715513e+00 -7.553051828287182605e-16
1.015368856920064067e+00 -7.540041402217356552e-16
1.015344688390002359e+00 -7.527573077233773251e-16
1.015320565359972838e+00 -7.514562651163947198e-16
1.015296485059166587e+00 -7.502094326180363897e-16
1.015272444594525592e+00 -7.487999697938052339e-16
1.015248440942997377e+00 -7.474989271868226286e-16
1.015224470942981183e+00 -7.459810441453429224e-16
1.015200531284886187e+00 -7.446257914297360418e-16
1.015176618500717609e+00 -7.432163286055048861e-16
1.015152728952593453e+00 -7.417526556726494551e-16
1.015128858820076641e+00 -7.402889827397940241e-16
1.015105004086198859e+00 -7.387168895896900427e-16
1.015081160522028014e+00 -7.371447964395860612e-16
1.015057323669615430e+00 -7.355727032894820798e-16
1.015033488823131602e+00 -7.340548202480023736e-16
1.015009651007976021e+00 -7.324827270978983922e-16
1.014985804957608595e+00 -7.307480036219215851e-16
1.014961945087821782e+00 -7.290403852002569156e-16
1.014938065468120154e+00 -7.273598718329043837e-16
1.014914159789831682e+00 -7.256251483569275766e-16
1.014890221330508879e+00 -7.238904248809507695e-16
1.014866242914113759e+00 -7.219388609704768616e-16
1.014842216866394198e+00 -7.200957172772515040e-16
1.014818134964760254e+00 -7.181983634754018713e-16
1.014793988381858858e+00 -7.163010096735522385e-16
1.014769767621895413e+00 -7.142139204915176425e-16
1.014745462448596314e+00 -7.122894616353558721e-16
1.014721061803491420e+00 -7.101752673990091385e-16
1.014696553712966409e+00 -7.080068630540381296e-16
1.014671925182229817e+00 -7.058113536547549831e-16
1.014647162073985864e+00 -7.035345290925354238e-16
1.014622248969165419e+00 -7.012305994760037269e-16
1.014597169006523636e+00 -6.988724597508477547e-16
1.014571903697250477e+00 -6.962432694825704065e-16
1.014546432709909407e+00 -6.937224994315416087e-16
1.014520733619985959e+00 -6.910933091632642604e-16
1.014494781617031105e+00 -6.883285936234262241e-16
1.014468549160741695e+00 -6.854283528120274997e-16
1.014442005575239225e+00 -6.824739018920045002e-16
1.014415116568140318e+00 -6.794110307547329501e-16
1.014387843657574617e+00 -6.761313191829642992e-16
1.014360143485849797e+00 -6.727160823396349603e-16
1.014331966992625178e+00 -6.692466353876813461e-16
1.014303258412763142e+00 -6.655061378926063558e-16
1.014273954053779958e+00 -6.616030100716585398e-16
1.014243980794059086e+00 -6.573746215989650725e-16
1.014213254224307192e+00 -6.529836028003987796e-16
1.014181676329108939e+00 -6.484028486216475233e-16
1.014149132569865497e+00 -6.433613085195899277e-16
1.014115488180400870e+00 -6.379945077657866808e-16
1.014080583415295278e+00 -6.322211311973013696e-16
1.014044227388027686e+00 -6.259327585968854439e-16
1.014006189984736794e+00 -6.192378101817874540e-16
1.013966191113320647e+00 -6.118110253002617487e-16
1.013923886203110580e+00 -6.036795090066204654e-16
1.013878846334438144e+00 -5.946806309749907786e-16
1.013830530523962103e+00 -5.846788659338120002e-16
1.013778246296957564e+00 -5.733760582856506165e-16
1.013721092331583140e+00 -5.604740524330731137e-16
1.013657872881952304e+00 -5.456746927786459782e-16
1.013586966329068639e+00 -5.285714035076871458e-16
1.013506116353339870e+00 -5.082697178278960752e-16
1.013412086800408396e+00 -4.838751689469722255e-16
1.013300063761519487e+00 -4.538427687691237526e-16
1.013162558815996706e+00 -4.158956927321311468e-16
1.012987249460727712e+00 -3.664018635581678693e-16
1.012752323677136301e+00 -2.986663328321359798e-16
1.012415160432407202e+00 -2.001936705161400396e-16
1.011879729647876536e+00 -4.347224648336037367e-17
1.010874738203075829e+00 2.459826285159571726e-16
1.008218159195968244e+00 9.593876580114191395e-16
9.780381719189732426e-01 2.895745633016217724e-15
1.022461859792677563e+00 -3.945786915801811961e-15
1.017734000456301802e+00 -2.044584196239856055e-15
1.016357397072902513e+00 -1.547992496187182690e-15
1.015692090840783601e+00 -1.319632413607423318e-15
1.015294187512187918e+00 -1.188118690084931631e-15
1.015025468090487326e+00 -1.102439613404264643e-15
1.014828907361452703e+00 -1.041968237233885633e-15
1.014676682389642481e+00 -9.968112167498643732e-16
1.014553595458852486e+00 -9.618728017415189928e-16
1.014450637336119954e+00 -9.338190705284565656e-16
1.014362123582727593e+00 -9.107526693088274587e-16
1.014284285818964682e+00 -8.913725554756490670e-16
1.014214522776534677e+00 -8.747300521279965739e-16
1.014150976651737590e+00 -8.604185834511879154e-16
1.014092280969261628e+00 -8.477876281417317887e-16
1.014037403989298536e+00 -8.365119255478825426e-16
1.013985547843067048e+00 -8.264288453437673514e-16
1.013936081462688321e+00 -8.172402319319527013e-16
1.013888494695001086e+00 -8.088647701495021796e-16
1.013842366074998225e+00 -8.010314094532944100e-16
1.013797339619209481e+00 -7.938485700605779431e-16
1.013753107691542032e+00 -7.870723064825435404e-16
1.013709398016070740e+00 -7.807568288278154771e-16
1.013665963543807669e+00 -7.746581916075845147e-16
1.013622574279618327e+00 -7.688848150390992036e-16
1.013579010430393224e+00 -7.633282789051109933e-16
1.013535056398508383e+00 -7.579885832056198840e-16
1.013490495246435641e+00 -7.527844127776894627e-16
1.013445103317411444e+00 -7.476615575126954543e-16
1.013398644723723541e+00 -7.426471224649499963e-16
1.013350865413476187e+00 -7.377140025801409511e-16
1.013301486499611048e+00 -7.326724624780833555e-16
1.013250196478676868e+00 -7.276851324846500351e-16
1.013196641874416937e+00 -7.226706974369045771e-16
1.013140415700233943e+00 -7.174394219546620182e-16
1.013081042924693698e+00 -7.121810414181073217e-16
1.013017961812829881e+00 -7.067329255013676619e-16
1.012950499550741901e+00 -7.010137590415066260e-16
1.012877839856594742e+00 -6.950235420385242140e-16
1.012798979196081861e+00 -6.886538542751718754e-16
1.012712666514281157e+00 -6.817691704798889223e-16
1.012617318649045250e+00 -6.744237007612996297e-16
1.012510899048975288e+00 -6.662921844676583465e-16
1.012390739677508034e+00 -6.570764660015315588e-16
1.012253272328406117e+00 -6.468578605258556795e-16
1.012093610521541454e+00 -6.349587416828272683e-16
1.011904875037181961e+00 -6.208912184948278483e-16
1.011677058730317214e+00 -6.041131898756146672e-16
1.011395016184566398e+00 -5.832965081638929821e-16
1.011034674892532292e+00 -5.565438195578131602e-16
1.010555314811433236e+00 -5.206296225942308258e-16
1.009882161008063495e+00 -4.693739648899786037e-16
1.008861359862970097e+00 -3.894953698321091138e-16
1.007117849542251919e+00 -2.465704184442074918e-16
1.003434664276771748e+00 8.305414704569799378e-17
9.903695104981555808e-01 1.560279607057197834e-15
1.096999120118684612e+00 3.607171993546893990e-15
1.028523307118992980e+00 -1.398806277253177280e-15
1.021778290905444475e+00 -1.174566162928862825e-15
1.019216317037232811e+00 -1.055466554281330163e-15
1.017862367625730124e+00 -9.848849928525238244e-16
1.017021977588072446e+00 -9.383456145985835466e-16
1.016447420640373078e+00 -9.053316584463999366e-16
1.016028250312703385e+00 -8.805305337507940226e-16
1.015707776785129468e+00 -8.612046300262399061e-16
1.015453908631783086e+00 -8.456463288510729175e-16
1.015247116160741481e+00 -8.327714280528075523e-16
1.015074832579229369e+00 -8.219294063279525080e-16
1.014928604610026541e+00 -8.126594777532014451e-16
1.014802536509163966e+00 -8.046363816768087123e-16
1.014692390702874203e+00 -7.974806473384043830e-16
1.014595043012458842e+00 -7.911380646293641821e-16
1.014508139420901678e+00 -7.854460032238152838e-16
1.014429872444648328e+00 -7.803773580674455506e-16
1.014358831154321905e+00 -7.755797634541971934e-16
1.014293898018572282e+00 -7.712971648728794509e-16
1.014234176359827266e+00 -7.673127218889952221e-16
1.014178938322947365e+00 -7.636264345025445070e-16
1.014127586894092659e+00 -7.602111976592151681e-16
1.014079627733885269e+00 -7.569585911417586548e-16
1.014034647988202531e+00 -7.539499301131113800e-16
1.013992300139813008e+00 -7.511038994103369308e-16
1.013952289555040798e+00 -7.484204990334353074e-16
1.013914364775205579e+00 -7.457913087651579591e-16
1.013878309871980798e+00 -7.433247488227534365e-16
1.013843938372238185e+00 -7.410208192062217396e-16
1.013811088388828940e+00 -7.387710996983143179e-16
1.013779618686927231e+00 -7.366298004076554466e-16
1.013749405482682775e+00 -7.345969213342451258e-16
1.013720339819887295e+00 -7.325369372065226674e-16
1.013692325406424732e+00 -7.306395834046730346e-16
1.013665276819135208e+00 -7.287964397114476771e-16
1.013639118005899453e+00 -7.270346111811587324e-16
1.013613781029055749e+00 -7.252998877051819253e-16
1.013589205005956062e+00 -7.236193743378293934e-16
1.013565335211486618e+00 -7.220201761334132744e-16
1.013542122314367466e+00 -7.204480829833092930e-16
1.013519521724522088e+00 -7.189301999418295868e-16
1.013497493033107322e+00 -7.173852118460377429e-16
1.013475999530200733e+00 -7.159215389131823120e-16
1.013455007787858131e+00 -7.144578659803268810e-16
1.013434487298426001e+00 -7.131026132647200004e-16
1.013414410159745094e+00 -7.117202554948009823e-16
1.013394750800298283e+00 -7.103378977248819641e-16
1.013375485738505999e+00 -7.090639601722114964e-16
1.013356593371317338e+00 -7.078171276738531663e-16
1.013338053788014781e+00 -7.065431901211826986e-16
1.013319848605792384e+00 -7.052692525685122309e-16
1.013301960824187331e+00 -7.041579453417145888e-16
1.013284374695888834e+00 -7.029653229519805340e-16
1.013267075611814283e+00 -7.017998056165586167e-16
1.013250049998640989e+00 -7.006884983897609747e-16
1.013233285227249425e+00 -6.994958760000269198e-16
1.013216769530740580e+00 -6.984116738275414153e-16
1.013200491930881686e+00 -6.972732615464316357e-16
1.013184442171980226e+00 -6.961619543196339936e-16
1.013168610661329350e+00 -6.951861723643970397e-16
1.013152988415470634e+00 -6.941290752462236728e-16
1.013137567011622053e+00 -6.931261882366745812e-16
1.013122338543700929e+00 -6.920961961728133520e-16
1.013107295582439393e+00 -6.910933091632642604e-16
1.013092431139157590e+00 -6.901717373166515816e-16
1.013077738632804703e+00 -6.891146401984782148e-16
1.013063211859931423e+00 -6.882201734061776737e-16
1.013048844967291195e+00 -6.872443914509407197e-16
1.013034632426807802e+00 -6.862957145500159033e-16
1.013020569012669903e+00 -6.854012477577153621e-16
1.013006649780348267e+00 -6.844796759111026834e-16
1.012992870047347838e+00 -6.835852091188021422e-16
1.012979225375526537e+00 -6.826636372721894634e-16
1.012965711554839832e+00 -6.818233805885131975e-16
1.012952324588372033e+00 -6.809289137962126563e-16
