9.873079632963989161e-01
9.631946073407202658e-01
9.489052112188366417e-01
9.547102783933518744e-01
9.431001440443214090e-01
9.261314861495845152e-01
9.676600436288089746e-01
8.984457811634349866e-01
9.627480637119114615e-01
1.048484440443213428e+00
9.730185671745152920e-01
9.426536004155124937e-01
9.855217887811634769e-01
9.520310166204987157e-01
9.564964529085873135e-01
9.792701779778394400e-01
9.207729626038781978e-01
9.212195062326870021e-01
9.180937008310250391e-01
8.997854120498616215e-01
8.256591696675901204e-01
7.434951419667590322e-01
1.340523973684210723e+00
1.088226823407202337e+00
1.064560011080332602e+00
1.018566017313019545e+00
9.984715540166205772e-01
1.035534675207756328e+00
9.971319231301939423e-01
9.623015200831025462e-01
9.989180976454294925e-01
9.779305470914128051e-01
9.917733995844876249e-01
9.314900096952909436e-01
1.025710715373961301e+00
9.480121239612189221e-01
9.756978289473684507e-01
1.010081688365651154e+00
9.734651108033242073e-01
9.413139695290859699e-01
9.806098088642659638e-01
9.623015200831025462e-01
9.792701779778394400e-01
9.457794058171745677e-01
9.676600436288089746e-01
9.533706475069252395e-01
9.654273254847646202e-01
9.533706475069252395e-01
9.274711170360111501e-01
9.265780297783934305e-01
9.337227278393352981e-01
8.738858815789474210e-01
9.078231973684210976e-01
8.381623912742383053e-01
8.328038677285318769e-01
7.734135650969529152e-01
1.292743805401662227e+00
1.264611556786703783e+00
1.154315280470914251e+00
1.063220380193905967e+00
1.054289507617728550e+00
1.089566454293628972e+00
1.007402426592797884e+00
1.029729608033240984e+00
9.864148760387811965e-01
1.006509339335180053e+00
1.018119473684210519e+00
9.636411509695291810e-01
9.926664868421053445e-01
9.703393054016621333e-01
9.556033656509695939e-01
9.439932313019391286e-01
9.913268559556787096e-01
1.035534675207756328e+00
9.596222583102493875e-01
9.917733995844876249e-01
9.591757146814404722e-01
9.511379293628809961e-01
9.404208822714682503e-01
9.435466876731303243e-01
9.297038351800555045e-01
9.131817209141275260e-01
8.988923247922437909e-01
8.814771232686980929e-01
8.372693040166205858e-01
7.984200083102493961e-01
8.024389009695291897e-01
7.765393704986149892e-01
8.993388684210527062e-01
1.213705583102493213e+00
1.252554878808864292e+00
1.207007428670360261e+00
1.122164139196675903e+00
1.076616689058171872e+00
1.089119910664819946e+00
1.001597359418282540e+00
9.998111849030472120e-01
1.074383970914127406e+00
1.120824508310249490e+00
1.186466421745152378e+00
1.226208804709141287e+00
1.171730481994459838e+00
1.153422193213296421e+00
1.177535549168975182e+00
1.128862293628808855e+00
1.111000548476454464e+00
1.073044340027700994e+00
1.118145246537396220e+00
1.096264608725761924e+00
1.102516219529085850e+00
1.153868736842105447e+00
1.108767830332409998e+00
