1.018566017313019545e+00
9.810563524930748791e-01
9.904337686980609901e-01
9.663204127423823397e-01
1.029729608033240984e+00
1.010974775623268762e+00
1.019459104570637153e+00
9.846287015235457574e-01
9.940061177285319793e-01
1.033301957063712084e+00
1.033301957063712084e+00
1.023924540858725862e+00
9.873079632963989161e-01
9.734651108033242073e-01
1.035088131578947523e+00
9.913268559556787096e-01
9.877545069252078314e-01
1.026603802631579132e+00
1.007848970221606688e+00
9.882010505540167467e-01
9.989180976454294925e-01
1.055182594875346380e+00
1.040000111495845037e+00
1.020352191828254984e+00
1.002043903047091566e+00
9.756978289473684507e-01
9.989180976454294925e-01
1.029283064404432180e+00
9.998111849030472120e-01
1.019012560941828349e+00
9.877545069252078314e-01
9.765909162049862813e-01
9.560499092797785092e-01
9.873079632963989161e-01
1.005169708448753640e+00
9.855217887811634769e-01
1.005169708448753640e+00
1.017672930055401714e+00
9.694462181440444137e-01
1.027943433518005545e+00
1.019459104570637153e+00
1.023477997229917058e+00
1.017226386426592910e+00
1.015886755540166275e+00
9.980250103878116619e-01
1.036427762465373936e+00
1.023924540858725862e+00
9.605153455678671071e-01
1.008295513850415492e+00
1.001150815789473736e+00
1.031069238919667619e+00
1.005616252077562445e+00
1.006062795706371249e+00
1.031515782548476645e+00
1.079295950831024919e+00
1.048930984072022232e+00
1.158780716759002960e+00
1.028836520775623375e+00
1.008295513850415492e+00
1.000704272160664932e+00
9.752512853185596464e-01
1.016779842797784106e+00
9.908803123268699053e-01
9.980250103878116619e-01
1.025710715373961301e+00
1.014100581024930836e+00
1.007848970221606688e+00
1.040446655124653841e+00
1.007402426592797884e+00
1.010528231994459958e+00
1.051610245844875502e+00
1.056968769390581819e+00
1.070811621883656528e+00
1.036427762465373936e+00
1.018566017313019545e+00
9.658738691135735355e-01
9.904337686980609901e-01
1.018566017313019545e+00
9.877545069252078314e-01
9.739116544321330116e-01
1.000257728531856127e+00
9.940061177285319793e-01
1.016779842797784106e+00
9.739116544321330116e-01
1.000704272160664932e+00
1.018119473684210519e+00
1.009188601108033323e+00
1.009635144736842127e+00
1.070811621883656528e+00
1.075723601800554041e+00
1.034195044321329693e+00
1.023031453601108032e+00
1.005616252077562445e+00
1.066346185595568041e+00
9.890941378116344662e-01
9.984715540166205772e-01
1.009188601108033323e+00
9.993646412742382967e-01
1.069025447368421089e+00
1.013207493767313006e+00
1.031962326177285449e+00
1.052949876731301915e+00
9.966853795013851380e-01
1.013207493767313006e+00
1.035088131578947523e+00
1.006062795706371249e+00
9.980250103878116619e-01
1.034195044321329693e+00
1.001597359418282540e+00
1.029283064404432180e+00
9.859683324099723922e-01
9.998111849030472120e-01
