9.600485870083101947e-01
1.000844171994459852e+00
9.798829045706370922e-01
9.756004950969529022e-01
9.620770967590026590e-01
9.638802165373960840e-01
9.343541301662049436e-01
9.462997986980609122e-01
9.546392276731301418e-01
9.533995828254847593e-01
9.333398752908587115e-01
9.316494504986149172e-01
9.477648335180054451e-01
9.349176050969528751e-01
9.311986705540166165e-01
9.327764003601107801e-01
9.271416510526315768e-01
9.292828557894736718e-01
9.157594574515235397e-01
9.168864073130192915e-01
8.968266997783933547e-01
8.753019574238226630e-01
8.544533849861495334e-01
8.088119155955678652e-01
7.543802372853185556e-01
6.843966508864265386e-01
1.476642403518005464e+00
1.260380725096952759e+00
1.120638942271467986e+00
1.074095912991689605e+00
1.042766706842105151e+00
1.026764018808864254e+00
1.007042396232686876e+00
9.939697778393351557e-01
9.799955995567866118e-01
1.002647291772853055e+00
9.701911357617728493e-01
9.585835521883655508e-01
9.731212054016620261e-01
9.485536984210525269e-01
9.444966789196674872e-01
9.220703766759001940e-01
8.952489699722990801e-01
8.961505298614957926e-01
8.807113167590027158e-01
8.582850145152354226e-01
8.249272986149583931e-01
8.514106203601107259e-01
1.169999346204986024e+00
1.268269374127423799e+00
1.224543719501385075e+00
1.160307577396121781e+00
1.085027326648199342e+00
1.109031358698060910e+00
1.084689241689750672e+00
1.051218830803324122e+00
1.046372946398892001e+00
1.048063371191135573e+00
1.036906567562326797e+00
1.035666922714681304e+00
1.025186289002770090e+00
1.026989408781163293e+00
1.019551539695290776e+00
1.022368914349030433e+00
1.011775585650969367e+00
1.007380481191135768e+00
1.004675801523545742e+00
9.850668739335179946e-01
9.843907040166204325e-01
9.629786566481993715e-01
9.959982875900276200e-01
9.874334686426592400e-01
9.861938237950137465e-01
9.703038307479223690e-01
9.736846803324099575e-01
9.688387959279778361e-01
9.703038307479223690e-01
9.586962471745151815e-01
9.518218530193904847e-01
9.452855438227146800e-01
9.352556900554016561e-01
9.444966789196674872e-01
9.277051259833793972e-01
9.209434268144043312e-01
8.867968460110803308e-01
8.870222359833794812e-01
8.389014768975068259e-01
8.287589281440442823e-01
7.813143389750691892e-01
8.027263863434902502e-01
1.051218830803324122e+00
1.313234673601108016e+00
1.286187876925207751e+00
1.227924569085872442e+00
1.202455502216066341e+00
1.152757013324099633e+00
1.132697305789473585e+00
1.124921351745152398e+00
1.102607744487534625e+00
1.088182786260387669e+00
1.085478106592797642e+00
1.079054492382271357e+00
1.065869179002770117e+00
1.069250028587257484e+00
1.045471386509695177e+00
1.040287417146814386e+00
1.050542660886426560e+00
1.047950676204986165e+00
1.029694088448753320e+00
1.041639756980609288e+00
1.027440188725761816e+00
1.014254875346260354e+00
1.031609903213296375e+00
1.040400112132964017e+00
1.016396080083102449e+00
1.026651323822714623e+00
1.008056651108033108e+00
1.016846860027700750e+00
1.006929701246537245e+00
1.026876713795013885e+00
1.014480265318559393e+00
1.015832605152354517e+00
1.029468698476454280e+00
1.016621470055401710e+00
9.999426121052631400e-01
1.009634380914127272e+00
9.778543948199445168e-01
9.923920480332409921e-01
1.001858426869806085e+00
9.817987193351800368e-01
1.006817006260387837e+00
1.014367570332409985e+00
1.041076282049861357e+00
1.080632222188365521e+00
1.107340933905817115e+00
1.095958740304709078e+00
1.087732006315789368e+00
1.091676330831024888e+00
1.069024638614958445e+00
1.080632222188365521e+00
1.065418399058171595e+00
1.061812159501384967e+00
1.043330181772853082e+00
1.050768050858725600e+00
1.031497208227146745e+00
1.030482953351800512e+00
1.041301672022160618e+00
1.006591616288088575e+00
1.059332869806094202e+00
1.054825070360110750e+00
1.033187633019390539e+00
1.034878057811634333e+00
1.033300328005540170e+00
1.052345780664819985e+00
1.015156435235456955e+00
1.018424589833794913e+00
1.015043740249307325e+00
1.020678489556786639e+00
1.034539972853185441e+00
1.017410334958448681e+00
1.025186289002770090e+00
1.034427277867036032e+00
1.043555571745152344e+00
1.041752451966758919e+00
1.015494520193905847e+00
1.021692744432132871e+00
1.032060683157894676e+00
1.042654011855955520e+00
1.047049116315789341e+00
1.030821038310249183e+00
1.019438844709141145e+00
1.027890968670360117e+00
1.028454443601108048e+00
1.020903879529085900e+00
1.010761330775623135e+00
1.033638412963988840e+00
1.020678489556786639e+00
1.031271818254847483e+00
1.020340404598337969e+00
1.007943956121883700e+00
1.006817006260387837e+00
1.022368914349030433e+00
1.005239276454293673e+00
1.030370258365650882e+00
1.016170690110803188e+00
1.023495864210526296e+00
1.025073594016620460e+00
1.021918134404432132e+00
1.007943956121883700e+00
1.020340404598337969e+00
1.022706999307479103e+00
1.027102103767312924e+00
1.011550195678670327e+00
1.017072250000000011e+00
1.013466010443213161e+00
1.001633036897506823e+00
1.003886936620498549e+00
1.010310550831024834e+00
1.034765362825484702e+00
1.022256219362880802e+00
1.032736853074792238e+00
1.023045084265927995e+00
1.018424589833794913e+00
1.020791184542936270e+00
1.030708343324099774e+00
1.017973809889196612e+00
1.037920822437673030e+00
1.045471386509695177e+00
1.030933733296398813e+00
1.011888280637118998e+00
1.016846860027700750e+00
1.002534596786703647e+00
9.983648822991688654e-01
1.003548851662049879e+00
1.014142180360110723e+00
1.009070905983379340e+00
1.014705655290858655e+00
9.841653140443212822e-01
1.013466010443213161e+00
1.009070905983379340e+00
9.973506274238226332e-01
1.019776929667590037e+00
9.989283572299167968e-01
9.815733293628807754e-01
9.911524031855954986e-01
9.973506274238226332e-01
9.956602026315788390e-01
9.952094226869805382e-01
9.982521873130193457e-01
9.859684338227145961e-01
9.917158781163434300e-01
1.006591616288088575e+00
9.848414839612187333e-01
1.001520341911357193e+00
9.812352444044321054e-01
9.974633224099722639e-01
9.968998474792243325e-01
9.847287889750692136e-01
1.007155091218836507e+00
9.700784407756232186e-01
9.868699937119113086e-01
9.998299171191135093e-01
9.854049588919666647e-01
9.973506274238226332e-01
1.021692744432132871e+00
1.033863802936288101e+00
1.046936421329639932e+00
1.049979185955678629e+00
1.070264283462603716e+00
1.064629534155124624e+00
1.089422431108033162e+00
1.065193009085872555e+00
1.044119046675900275e+00
1.053585425512465257e+00
1.050768050858725600e+00
1.044569826620498576e+00
1.067446908808864281e+00
1.045358691523545547e+00
1.034539972853185441e+00
1.035554227728531895e+00
1.031159123268698075e+00
1.056402800166204914e+00
1.035892312686980565e+00
1.046598336371191040e+00
1.034089192908587140e+00
1.048852236094182766e+00
1.028792528559556718e+00
1.030482953351800512e+00
1.029356003490304650e+00
1.042879401828254782e+00
