9.993791371745152086e-01
9.851795689196675143e-01
1.007155091218836507e+00
9.963363725484764011e-01
1.000055307091412660e+00
9.937443878670360053e-01
1.036117702659279827e+00
1.014254875346260354e+00
9.898000633518004854e-01
1.025637068947368391e+00
9.932936079224375936e-01
1.004675801523545742e+00
1.070940453379501278e+00
1.016734165041551119e+00
1.001971121855955715e+00
1.019438844709141145e+00
1.008732821024930670e+00
9.895746733795013350e-01
9.921666580609417307e-01
1.010310550831024834e+00
1.013015230498614860e+00
9.829256691966757886e-01
1.000393392049861330e+00
1.071616623296398840e+00
1.026200543878116322e+00
9.899127583379501161e-01
9.963363725484764011e-01
1.000956866980609261e+00
1.013916790387811684e+00
9.958855926038781003e-01
9.985902722714681268e-01
9.950967277008310186e-01
1.029468698476454280e+00
1.003548851662049879e+00
1.031609903213296375e+00
1.021805439418282502e+00
1.006478921301938945e+00
1.008169346094182739e+00
1.020565794570637008e+00
1.009521685927977863e+00
9.981394923268697150e-01
1.005464666426592713e+00
1.033187633019390539e+00
9.937443878670360053e-01
9.941951678116343061e-01
9.990410522160664275e-01
9.979141023545705647e-01
9.859684338227145961e-01
9.981394923268697150e-01
1.004337716565096850e+00
9.916031831301937993e-01
9.945332527700830871e-01
1.013127925484764491e+00
1.009747075900276903e+00
1.007155091218836507e+00
9.962236775623267704e-01
1.004225021578947219e+00
1.016057995124653779e+00
9.996045271468143589e-01
1.000844171994459852e+00
1.009972465872576164e+00
1.000055307091412660e+00
1.028679833573407087e+00
1.023721254182825335e+00
1.001520341911357193e+00
1.021354659473684201e+00
1.011888280637118998e+00
1.004225021578947219e+00
9.883350285318559525e-01
1.001971121855955715e+00
