-9.051744735113427254e-01
0.000000000000000000e+00
8.985174431210756207e-01
0.000000000000000000e+00
6.261366219109705256e-01
0.000000000000000000e+00
5.300657454103648858e-01
0.000000000000000000e+00
3.397230419077258978e-01
0.000000000000000000e+00
-6.466212549674379417e-01
0.000000000000000000e+00
-5.156531857158079823e-01
0.000000000000000000e+00
6.902012712545634032e-02
0.000000000000000000e+00
-3.333556700342207302e-01
0.000000000000000000e+00
-1.352568094253722430e-01
0.000000000000000000e+00
