9.245348504986150573e-01
8.796545179501386036e-01
8.706784514404433128e-01
7.719417198337951147e-01
1.077127981163435111e+00
9.335109170083103480e-01
1.050199781634349128e+00
8.886305844598338943e-01
9.604391165373962203e-01
8.976066509695291851e-01
8.437502519113574406e-01
6.552528552077563351e-01
1.265625377867036105e+00
1.005319449085872785e+00
1.113032247202216274e+00
1.104056180692520872e+00
8.976066509695291851e-01
1.041223715124653948e+00
8.796545179501386036e-01
8.168220523822715684e-01
8.796545179501386036e-01
1.023271582105263366e+00
1.166888646260388018e+00
1.023271582105263366e+00
1.032247648614958546e+00
9.783912495567868017e-01
9.424869835180056388e-01
1.050199781634349128e+00
8.976066509695291851e-01
1.113032247202216274e+00
9.424869835180056388e-01
9.694151830470915110e-01
9.335109170083103480e-01
9.335109170083103480e-01
8.976066509695291851e-01
1.023271582105263366e+00
9.335109170083103480e-01
9.335109170083103480e-01
8.796545179501386036e-01
7.360374537950139517e-01
1.077127981163435111e+00
1.193816845789473780e+00
1.355386042963989013e+00
1.256649311357340926e+00
1.086104047673130291e+00
1.059175848144044529e+00
1.122008313711911454e+00
1.005319449085872785e+00
1.023271582105263366e+00
1.014295515595567965e+00
8.078459858725762777e-01
9.873673160664820925e-01
1.023271582105263366e+00
9.694151830470915110e-01
1.041223715124653948e+00
1.068151914653739709e+00
1.086104047673130291e+00
9.065827174792244758e-01
9.694151830470915110e-01
1.148936513240997437e+00
1.301529643905817268e+00
1.175864712770083198e+00
1.041223715124653948e+00
1.166888646260388018e+00
9.424869835180056388e-01
1.014295515595567965e+00
9.694151830470915110e-01
9.963433825761773832e-01
9.873673160664820925e-01
8.976066509695291851e-01
1.068151914653739709e+00
1.023271582105263366e+00
1.175864712770083198e+00
9.783912495567868017e-01
1.211768978808864361e+00
9.514630500277009295e-01
9.694151830470915110e-01
1.059175848144044529e+00
1.068151914653739709e+00
9.335109170083103480e-01
1.068151914653739709e+00
9.604391165373962203e-01
9.963433825761773832e-01
9.604391165373962203e-01
1.032247648614958546e+00
9.694151830470915110e-01
8.347741854016621499e-01
9.783912495567868017e-01
9.424869835180056388e-01
1.077127981163435111e+00
1.041223715124653948e+00
1.041223715124653948e+00
9.514630500277009295e-01
1.032247648614958546e+00
9.963433825761773832e-01
9.783912495567868017e-01
1.059175848144044529e+00
8.527263184210527314e-01
1.014295515595567965e+00
9.873673160664820925e-01
9.783912495567868017e-01
1.068151914653739709e+00
8.257981188919668591e-01
9.694151830470915110e-01
8.257981188919668591e-01
1.059175848144044529e+00
9.065827174792244758e-01
1.068151914653739709e+00
8.527263184210527314e-01
1.086104047673130291e+00
1.059175848144044529e+00
1.077127981163435111e+00
8.976066509695291851e-01
9.783912495567868017e-01
1.104056180692520872e+00
9.514630500277009295e-01
1.077127981163435111e+00
1.211768978808864361e+00
1.113032247202216274e+00
1.148936513240997437e+00
