1.000234770000000051e+00
1.000135390000000069e+00
1.000177890000000014e+00
1.000230240000000048e+00
1.000025869999999983e+00
1.000009619999999932e+00
1.000095860000000059e+00
1.000264590000000009e+00
1.000132720000000086e+00
1.000115279999999940e+00
1.000166480000000080e+00
1.000100839999999991e+00
1.000208369999999958e+00
1.000097669999999939e+00
1.000206090000000048e+00
1.000429540000000062e+00
1.000280630000000004e+00
1.000047689999999934e+00
1.000270919999999952e+00
9.999194999999999611e-01
1.000176450000000106e+00
9.999771299999999918e-01
1.000112799999999913e+00
1.000140559999999956e+00
1.000135580000000024e+00
1.000268740000000101e+00
1.000000860000000102e+00
1.000085099999999949e+00
1.000152259999999904e+00
1.000254259999999951e+00
1.000043859999999896e+00
1.000077330000000098e+00
1.000163579999999941e+00
1.000147960000000058e+00
1.000288669999999991e+00
1.000244059999999990e+00
1.000202059999999893e+00
1.000135100000000055e+00
1.000073790000000074e+00
1.000263619999999909e+00
1.000089089999999903e+00
1.000091559999999991e+00
1.000248049999999944e+00
1.000308369999999947e+00
1.000080180000000096e+00
1.000094749999999921e+00
1.000327280000000041e+00
1.000162559999999923e+00
1.000368659999999910e+00
1.000349589999999900e+00
9.999914699999999934e-01
1.000150270000000008e+00
1.000350889999999993e+00
1.000225839999999922e+00
1.000279829999999981e+00
1.000230020000000053e+00
1.000428770000000078e+00
1.000315319999999897e+00
1.000270769999999976e+00
1.000337980000000071e+00
1.000146250000000014e+00
1.000378949999999989e+00
1.000501670000000010e+00
1.000326609999999894e+00
1.000711579999999934e+00
1.000281570000000064e+00
1.000526919999999986e+00
1.000480519999999984e+00
1.000221170000000104e+00
1.000352040000000109e+00
1.000343200000000099e+00
1.000401639999999981e+00
1.000598230000000033e+00
1.000461709999999949e+00
1.000609410000000032e+00
1.000579209999999941e+00
1.000825969999999954e+00
1.000641660000000099e+00
1.000648159999999898e+00
1.000638609999999984e+00
1.000810409999999928e+00
1.000965590000000072e+00
1.000930120000000034e+00
1.001169109999999973e+00
1.001294710000000032e+00
1.001593160000000093e+00
1.001658490000000068e+00
1.002331590000000050e+00
1.002705600000000086e+00
1.003630680000000108e+00
1.005016399999999921e+00
1.007093250000000051e+00
1.011432560000000036e+00
1.020357100000000017e+00
1.042406369999999916e+00
1.090587750000000078e+00
1.083007000000000053e+00
1.037589880000000075e+00
1.018321620000000038e+00
1.010604250000000093e+00
1.006840699999999922e+00
1.004764310000000105e+00
1.003791960000000039e+00
1.002759139999999993e+00
1.002326980000000090e+00
1.001909359999999971e+00
1.001657889999999940e+00
1.001478550000000078e+00
1.001210710000000059e+00
1.001088399999999989e+00
1.000968639999999965e+00
1.001045680000000049e+00
1.000769889999999940e+00
1.000863250000000093e+00
1.000732759999999999e+00
1.000674529999999951e+00
1.000471129999999986e+00
1.000650730000000044e+00
1.000628869999999893e+00
1.000630649999999955e+00
1.000482190000000049e+00
1.000459999999999905e+00
1.000689479999999909e+00
1.000554720000000009e+00
1.000430099999999989e+00
1.000645589999999974e+00
1.000373619999999963e+00
1.000500659999999931e+00
1.000321639999999901e+00
1.000337870000000073e+00
1.000563749999999974e+00
1.000440439999999986e+00
1.000424090000000099e+00
1.000377309999999964e+00
1.000581729999999947e+00
1.000441530000000023e+00
1.000489720000000027e+00
1.000609560000000009e+00
1.000359849999999939e+00
1.000553809999999988e+00
1.000638630000000084e+00
1.000656870000000032e+00
1.000586369999999947e+00
1.000568120000000061e+00
1.000447249999999899e+00
1.000614619999999899e+00
1.000445929999999928e+00
1.000639279999999909e+00
1.000574510000000084e+00
1.000553220000000021e+00
1.000490319999999933e+00
1.000751509999999955e+00
1.000560719999999959e+00
1.000538509999999937e+00
1.000699070000000024e+00
1.000849340000000032e+00
1.000884930000000006e+00
1.000569080000000000e+00
1.000629060000000070e+00
1.000835530000000029e+00
1.000636159999999997e+00
1.000797039999999916e+00
1.000679249999999909e+00
1.000704510000000047e+00
1.000890499999999905e+00
1.000698349999999959e+00
1.000769030000000059e+00
1.000874840000000043e+00
1.000899159999999899e+00
1.000836129999999935e+00
1.000859249999999978e+00
1.000856839999999970e+00
1.000867050000000091e+00
1.001052410000000004e+00
1.000886399999999954e+00
1.001047339999999952e+00
1.001125999999999960e+00
1.000840710000000078e+00
1.001110600000000073e+00
1.001209009999999955e+00
1.001161109999999965e+00
1.001131400000000005e+00
1.001255519999999954e+00
1.001173150000000067e+00
1.001355079999999953e+00
1.001297490000000012e+00
1.001444779999999923e+00
1.001456860000000004e+00
1.001321499999999975e+00
1.001554529999999943e+00
1.001585940000000008e+00
1.001694010000000024e+00
1.001713920000000035e+00
1.001884870000000038e+00
1.001717460000000059e+00
1.001936130000000036e+00
1.001952720000000019e+00
1.002225230000000078e+00
1.002267550000000007e+00
1.002235889999999907e+00
1.002390330000000107e+00
1.002662689999999968e+00
1.002886439999999935e+00
1.002980699999999947e+00
1.003075570000000027e+00
1.003181639999999986e+00
1.003495880000000007e+00
1.003672799999999921e+00
1.003990160000000076e+00
1.004396740000000010e+00
1.004483779999999937e+00
1.004605739999999914e+00
1.005218649999999991e+00
1.005729010000000034e+00
1.006069080000000060e+00
1.006476719999999991e+00
1.007196809999999942e+00
1.007893499999999998e+00
1.008470830000000040e+00
1.009441690000000058e+00
1.010616090000000078e+00
1.011633870000000046e+00
1.013070560000000064e+00
1.014904100000000087e+00
1.016769840000000036e+00
1.019498800000000038e+00
1.022231429999999941e+00
1.026157200000000103e+00
1.030738209999999988e+00
1.036813130000000083e+00
1.044616599999999895e+00
1.055198120000000017e+00
1.068776769999999932e+00
1.087276600000000037e+00
1.111582639999999955e+00
1.141918640000000096e+00
1.175584729999999967e+00
1.202926740000000105e+00
1.210824490000000031e+00
1.195038070000000063e+00
1.164230160000000014e+00
1.131124650000000065e+00
1.102619730000000020e+00
1.080575019999999942e+00
1.063596500000000056e+00
1.051300990000000102e+00
1.041814709999999922e+00
1.034600790000000048e+00
1.029050779999999943e+00
1.024707629999999980e+00
1.021206779999999981e+00
1.018382509999999908e+00
1.016048330000000055e+00
1.014254269999999902e+00
1.012643699999999924e+00
1.011282969999999892e+00
1.010135220000000000e+00
1.009045219999999965e+00
1.008358239999999961e+00
1.007785579999999959e+00
1.006789160000000072e+00
1.006502989999999986e+00
1.005633009999999938e+00
1.005418750000000028e+00
1.005017840000000051e+00
1.004758370000000012e+00
1.004562579999999983e+00
1.003956089999999968e+00
1.004008350000000105e+00
1.003487779999999940e+00
1.003582889999999894e+00
1.003263510000000025e+00
1.003102979999999977e+00
1.002954759999999945e+00
1.002740689999999990e+00
1.002552080000000068e+00
1.002529379999999914e+00
1.002369660000000051e+00
1.002226470000000091e+00
1.002151309999999906e+00
1.002165909999999993e+00
1.002068650000000005e+00
1.001969569999999976e+00
1.001838199999999901e+00
1.001814500000000052e+00
1.001723509999999928e+00
1.001707619999999910e+00
1.001494469999999914e+00
1.001471500000000070e+00
1.001436819999999894e+00
1.001307689999999972e+00
1.001348429999999956e+00
1.001401530000000095e+00
1.001267880000000110e+00
1.001300580000000107e+00
1.001139629999999947e+00
1.001174659999999994e+00
1.001087030000000100e+00
1.001222129999999932e+00
1.001158910000000013e+00
1.001067719999999994e+00
1.001132820000000034e+00
1.001153729999999964e+00
1.000893430000000084e+00
1.000927040000000101e+00
1.000919459999999983e+00
1.000947269999999945e+00
1.000739180000000061e+00
1.000652700000000062e+00
1.000802170000000046e+00
1.000827450000000063e+00
1.001009440000000028e+00
1.000440060000000075e+00
1.000733380000000006e+00
1.000840909999999973e+00
1.000526419999999916e+00
1.000784459999999987e+00
1.000698520000000036e+00
1.000606129999999983e+00
1.000733349999999966e+00
1.000509260000000067e+00
1.000644400000000100e+00
1.000723400000000041e+00
1.000704220000000033e+00
1.000586060000000055e+00
1.000663880000000061e+00
1.000647290000000078e+00
1.000483610000000079e+00
1.000563419999999981e+00
1.000637580000000026e+00
1.000568169999999979e+00
1.000550070000000069e+00
1.000606099999999943e+00
1.000541150000000101e+00
1.000656329999999983e+00
1.000620899999999924e+00
1.000590520000000039e+00
1.000606040000000085e+00
1.000467350000000089e+00
1.000508079999999911e+00
1.000694039999999951e+00
1.000542140000000080e+00
1.000394479999999975e+00
1.000385749999999963e+00
1.000574330000000067e+00
1.000444459999999980e+00
1.000482979999999911e+00
1.000667839999999975e+00
1.000551360000000001e+00
1.000446039999999925e+00
1.000587349999999986e+00
1.000403609999999999e+00
1.000394849999999947e+00
1.000458980000000109e+00
1.000597460000000050e+00
1.000569489999999950e+00
1.000478149999999955e+00
1.000536190000000047e+00
1.000479349999999990e+00
1.000470160000000108e+00
1.000483830000000074e+00
1.000351760000000034e+00
1.000330589999999908e+00
1.000594079999999941e+00
1.000488529999999932e+00
1.000315150000000042e+00
1.000484270000000064e+00
1.000585110000000055e+00
1.000532049999999895e+00
1.000418500000000099e+00
1.000415550000000042e+00
1.000516320000000015e+00
1.000391779999999953e+00
1.000543970000000060e+00
1.000460389999999977e+00
1.000259779999999932e+00
1.000365200000000065e+00
1.000263509999999911e+00
1.000487319999999958e+00
1.000595260000000097e+00
1.000356079999999981e+00
1.000305640000000107e+00
1.000482929999999993e+00
1.000283360000000066e+00
1.000453910000000057e+00
1.000403839999999933e+00
1.000438399999999950e+00
1.000488119999999981e+00
1.000355359999999916e+00
1.000513090000000105e+00
1.000187189999999893e+00
1.000471930000000009e+00
1.000540650000000031e+00
1.000373079999999915e+00
1.000487380000000037e+00
1.000394620000000012e+00
1.000435069999999982e+00
1.000375079999999972e+00
1.000406619999999913e+00
1.000290279999999976e+00
1.000195390000000017e+00
1.000262030000000024e+00
1.000449469999999952e+00
1.000329859999999904e+00
1.000416219999999967e+00
1.000474029999999903e+00
1.000436719999999946e+00
1.000401309999999988e+00
1.000549590000000100e+00
1.000199939999999899e+00
1.000380300000000000e+00
1.000518440000000009e+00
1.000503829999999983e+00
1.000394049999999924e+00
1.000356489999999932e+00
1.000743340000000092e+00
1.000218100000000110e+00
1.000459299999999940e+00
1.000347869999999917e+00
1.000478650000000025e+00
1.000384139999999977e+00
1.000584190000000095e+00
1.000553540000000075e+00
1.000633050000000024e+00
1.000640270000000109e+00
1.000366400000000100e+00
1.000462079999999920e+00
1.000367769999999989e+00
1.000387209999999971e+00
1.000430069999999949e+00
1.000513009999999925e+00
1.000573680000000021e+00
1.000473610000000013e+00
1.000475460000000094e+00
1.000419450000000099e+00
1.000520889999999996e+00
1.000428630000000041e+00
1.000363230000000048e+00
1.000413159999999912e+00
1.000333570000000005e+00
1.000525050000000027e+00
1.000410720000000087e+00
1.000525040000000088e+00
1.000628719999999916e+00
1.000443039999999950e+00
1.000448959999999943e+00
1.000584069999999937e+00
1.000280920000000018e+00
1.000523379999999962e+00
1.000649860000000002e+00
1.000629299999999944e+00
1.000413879999999978e+00
1.000507789999999897e+00
1.000334360000000089e+00
1.000507789999999897e+00
1.000567200000000101e+00
1.000480789999999898e+00
1.000474410000000036e+00
1.000402580000000041e+00
1.000437989999999999e+00
1.000627750000000038e+00
1.000666000000000055e+00
1.000639789999999918e+00
1.000549109999999908e+00
1.000587780000000038e+00
1.000627869999999975e+00
1.000663599999999986e+00
1.000634070000000042e+00
1.000628730000000077e+00
1.000370379999999892e+00
1.000551090000000087e+00
1.000464049999999938e+00
1.000638289999999930e+00
1.000626030000000055e+00
1.000706490000000004e+00
1.000679419999999986e+00
1.000647389999999914e+00
1.000693309999999947e+00
1.000610250000000034e+00
1.000675540000000030e+00
1.000618809999999970e+00
1.000648009999999921e+00
1.000794229999999896e+00
1.000759380000000087e+00
1.000692970000000015e+00
1.000607610000000092e+00
1.000758220000000032e+00
1.000870520000000097e+00
1.000701690000000088e+00
1.000728110000000060e+00
1.000498789999999971e+00
1.000730860000000000e+00
1.000657059999999987e+00
1.000614520000000063e+00
1.000785500000000106e+00
1.000721919999999932e+00
1.000873549999999890e+00
1.000943740000000082e+00
1.000874779999999964e+00
1.000926399999999994e+00
1.000869159999999924e+00
1.000911509999999893e+00
1.000939929999999922e+00
1.000795950000000101e+00
1.000937849999999907e+00
1.000939089999999920e+00
1.000743039999999917e+00
1.000826009999999933e+00
1.001051700000000100e+00
1.000935890000000050e+00
1.001003780000000010e+00
1.000974749999999913e+00
1.001023500000000066e+00
1.000976230000000022e+00
1.001153579999999987e+00
1.001012290000000027e+00
1.000963599999999953e+00
1.001006190000000018e+00
1.001006999999999980e+00
1.001107439999999960e+00
1.001122030000000107e+00
1.001070630000000072e+00
1.001243670000000030e+00
1.001142049999999895e+00
1.001466559999999895e+00
1.001220240000000095e+00
1.001144510000000043e+00
1.001280350000000041e+00
1.001210670000000080e+00
1.001108209999999943e+00
1.001346290000000083e+00
1.001300049999999997e+00
1.001580560000000064e+00
1.001303430000000105e+00
1.001303040000000033e+00
1.001383960000000073e+00
1.001508250000000100e+00
1.001635449999999983e+00
1.001507839999999927e+00
1.001581430000000106e+00
1.001707459999999994e+00
1.001559759999999910e+00
1.001774380000000075e+00
1.001781320000000086e+00
1.001795900000000072e+00
1.001823450000000060e+00
1.001720490000000074e+00
1.001903290000000002e+00
1.002056880000000039e+00
1.001941519999999919e+00
1.002052490000000073e+00
1.002099889999999993e+00
1.002108620000000005e+00
1.002227879999999960e+00
1.002410309999999916e+00
1.002524779999999893e+00
1.002682620000000080e+00
1.002635630000000111e+00
1.002739669999999972e+00
1.002823550000000008e+00
1.002888439999999992e+00
1.003058479999999975e+00
1.003301170000000075e+00
1.003169760000000021e+00
1.003553029999999957e+00
1.003474069999999996e+00
1.003495189999999981e+00
1.003898970000000057e+00
1.004268439999999929e+00
1.004128970000000010e+00
1.004266190000000059e+00
1.004603710000000039e+00
1.004814319999999928e+00
1.004965469999999916e+00
1.005203829999999909e+00
1.005768769999999979e+00
1.005955909999999953e+00
1.006181959999999931e+00
1.006750940000000094e+00
1.007064860000000062e+00
1.007206400000000057e+00
1.008105459999999898e+00
1.008490550000000097e+00
1.009176679999999937e+00
1.010058420000000012e+00
1.010744579999999893e+00
1.011649129999999897e+00
1.012776349999999992e+00
1.013851430000000109e+00
1.015505419999999992e+00
1.017045930000000098e+00
1.019071089999999957e+00
1.021254370000000078e+00
1.024161019999999978e+00
1.027487049999999957e+00
1.031854070000000068e+00
1.036731829999999910e+00
1.042829250000000041e+00
1.050114959999999931e+00
1.057972350000000006e+00
1.066019370000000022e+00
1.073042290000000065e+00
1.077680090000000090e+00
1.078745110000000063e+00
1.076894919999999978e+00
1.073279719999999937e+00
1.069029140000000044e+00
1.065783729999999929e+00
1.064041599999999921e+00
1.064349210000000046e+00
1.066329230000000017e+00
1.070136870000000018e+00
1.076443320000000092e+00
1.084560259999999943e+00
1.095093120000000031e+00
1.107616380000000067e+00
1.120930849999999923e+00
1.134495309999999924e+00
1.144820270000000084e+00
1.149935649999999976e+00
1.148366109999999995e+00
1.140316590000000074e+00
1.127239139999999917e+00
1.112327609999999911e+00
1.097347669999999997e+00
1.083615140000000032e+00
1.071528349999999907e+00
1.061615479999999945e+00
1.053001410000000027e+00
1.045863870000000029e+00
1.040073669999999950e+00
1.035051909999999964e+00
1.031046649999999953e+00
1.027800180000000063e+00
1.024544109999999897e+00
1.022171769999999924e+00
1.020184109999999977e+00
1.018260530000000053e+00
1.016444329999999896e+00
1.015372200000000058e+00
1.013810289999999892e+00
1.013032560000000082e+00
1.011985710000000038e+00
1.011067839999999940e+00
1.010305830000000071e+00
1.009499839999999926e+00
1.009005659999999915e+00
1.008581809999999912e+00
1.007884280000000077e+00
1.007497190000000042e+00
1.007067179999999951e+00
1.006601480000000048e+00
1.006338820000000078e+00
1.005974380000000057e+00
1.005721359999999898e+00
1.005384499999999903e+00
1.005203800000000092e+00
1.005008349999999995e+00
1.004714029999999925e+00
1.004528510000000097e+00
1.004392769999999935e+00
1.004151519999999964e+00
1.003952710000000081e+00
1.003836759999999995e+00
1.003687379999999907e+00
1.003819070000000035e+00
1.003598779999999913e+00
1.003459110000000098e+00
1.003347379999999900e+00
1.003082990000000008e+00
1.003063540000000087e+00
1.003166199999999897e+00
1.002946979999999932e+00
1.002783769999999963e+00
1.002807610000000071e+00
1.002635399999999954e+00
1.002824890000000080e+00
1.002522949999999913e+00
1.002347689999999902e+00
1.002373079999999916e+00
1.002422600000000052e+00
1.002490440000000094e+00
1.002227420000000091e+00
1.002138179999999990e+00
1.002225530000000031e+00
1.002342859999999947e+00
1.002142469999999896e+00
1.002052340000000097e+00
1.002046420000000104e+00
1.001923249999999932e+00
1.001901399999999942e+00
1.001937330000000070e+00
1.001950759999999940e+00
1.002007719999999935e+00
1.001838659999999992e+00
1.001948789999999923e+00
1.001671589999999945e+00
1.001876900000000070e+00
1.001583410000000063e+00
1.001856049999999998e+00
1.001726969999999994e+00
1.001661719999999978e+00
1.001551730000000084e+00
1.001598900000000070e+00
1.001754459999999902e+00
1.001664740000000053e+00
1.001561060000000003e+00
1.001502340000000046e+00
1.001695470000000032e+00
1.001539570000000046e+00
1.001545040000000109e+00
1.001473840000000060e+00
1.001714430000000045e+00
1.001629529999999990e+00
1.001486199999999993e+00
1.001511849999999981e+00
1.001644109999999976e+00
1.001522330000000016e+00
1.001551630000000026e+00
1.001657639999999905e+00
1.001452060000000088e+00
1.001705709999999971e+00
1.001698940000000038e+00
1.001608239999999928e+00
1.001388439999999935e+00
1.001630189999999976e+00
1.001614229999999939e+00
1.001552549999999986e+00
1.001500719999999900e+00
1.001584370000000002e+00
1.001421719999999960e+00
1.001492629999999995e+00
1.001669169999999998e+00
1.001513490000000006e+00
1.001459429999999928e+00
1.001846159999999930e+00
1.001592599999999944e+00
1.001701270000000088e+00
1.001529080000000071e+00
1.001630929999999919e+00
1.001686400000000088e+00
1.001698229999999912e+00
1.001436299999999946e+00
1.001765269999999930e+00
1.001793249999999968e+00
1.001950640000000003e+00
1.001815649999999946e+00
1.001783370000000062e+00
1.001986749999999926e+00
1.001899400000000107e+00
1.001756340000000023e+00
1.001947860000000023e+00
1.002015209999999934e+00
1.002013199999999937e+00
1.002303659999999930e+00
1.002131880000000086e+00
1.002139710000000017e+00
1.002280250000000095e+00
1.002208769999999971e+00
1.002395689999999950e+00
1.002456510000000023e+00
1.002309459999999985e+00
1.002611219999999914e+00
1.002690330000000074e+00
1.002694930000000095e+00
1.002915669999999926e+00
1.003121490000000060e+00
1.003098550000000033e+00
1.003061470000000011e+00
1.003261949999999958e+00
1.003357690000000080e+00
1.003719250000000063e+00
1.003739120000000096e+00
1.004037389999999919e+00
1.004237229999999981e+00
1.004439120000000019e+00
1.004613559999999906e+00
1.005026490000000106e+00
1.005317760000000060e+00
1.005521509999999896e+00
1.005919180000000024e+00
1.006284329999999949e+00
1.006901529999999934e+00
1.007622830000000080e+00
1.008356910000000051e+00
1.009155660000000010e+00
1.009995269999999890e+00
1.010957499999999953e+00
1.012209219999999910e+00
1.013633749999999889e+00
1.015270169999999972e+00
1.017264200000000063e+00
1.019661879999999909e+00
1.022187729999999961e+00
1.025417650000000069e+00
1.029103089999999998e+00
1.033266889999999938e+00
1.037366549999999998e+00
1.041848689999999911e+00
1.045516820000000013e+00
1.048421080000000005e+00
1.049466000000000010e+00
1.048646320000000021e+00
1.046359620000000046e+00
1.042818919999999983e+00
1.038603270000000078e+00
1.034334190000000042e+00
1.030041699999999949e+00
1.026413390000000092e+00
1.023067369999999920e+00
1.020293050000000035e+00
1.017941030000000024e+00
1.015879360000000009e+00
1.013749659999999997e+00
1.012705780000000111e+00
1.011485659999999953e+00
1.010304330000000084e+00
1.009333789999999897e+00
1.008542459999999918e+00
1.007862390000000108e+00
1.007393119999999920e+00
1.006893500000000108e+00
1.006235870000000032e+00
1.005919089999999905e+00
1.005616309999999958e+00
1.005134610000000039e+00
1.004983610000000027e+00
1.004844840000000072e+00
1.004508310000000071e+00
1.004245419999999944e+00
1.004162350000000092e+00
1.004035330000000004e+00
1.003863369999999922e+00
1.003755430000000004e+00
1.003669460000000013e+00
1.003514580000000045e+00
1.003455180000000002e+00
1.003432670000000027e+00
1.003168290000000074e+00
1.002990669999999973e+00
1.003191100000000002e+00
1.002935480000000101e+00
1.003035660000000107e+00
1.002771850000000020e+00
1.002703640000000007e+00
1.002738480000000099e+00
1.002825129999999954e+00
1.002491900000000102e+00
1.002635369999999915e+00
1.002610779999999924e+00
1.002447029999999906e+00
1.002626940000000078e+00
1.002518189999999976e+00
1.002511109999999928e+00
1.002541150000000103e+00
1.002524600000000099e+00
1.002601110000000073e+00
1.002447660000000074e+00
1.002433230000000064e+00
1.002438940000000001e+00
1.002448959999999945e+00
1.002498839999999891e+00
1.002399610000000107e+00
1.002257600000000082e+00
1.002482899999999955e+00
1.002424430000000033e+00
1.002364370000000005e+00
1.002473210000000003e+00
1.002495799999999937e+00
1.002402929999999914e+00
1.002648409999999934e+00
1.002647609999999911e+00
1.002539059999999926e+00
1.002519329999999931e+00
1.002620150000000043e+00
1.002615859999999914e+00
1.002526840000000030e+00
1.002618629999999955e+00
1.002649549999999889e+00
1.002765530000000016e+00
1.002711990000000108e+00
1.002864229999999912e+00
1.002955419999999931e+00
1.002812870000000078e+00
1.002869690000000036e+00
1.002981670000000047e+00
1.002902870000000002e+00
1.002833429999999915e+00
1.002977589999999974e+00
1.003060180000000079e+00
1.003208139999999915e+00
1.002917360000000091e+00
1.003369179999999972e+00
1.003131409999999946e+00
1.003296100000000024e+00
1.003331839999999975e+00
1.003274910000000020e+00
1.003319300000000025e+00
1.003423670000000101e+00
1.003395220000000032e+00
1.003441529999999915e+00
1.003586630000000035e+00
1.003638559999999957e+00
1.003764370000000072e+00
1.003823389999999982e+00
1.003780770000000100e+00
1.004025740000000111e+00
1.003964719999999922e+00
1.004169880000000070e+00
1.003908639999999908e+00
1.004241090000000058e+00
1.004267790000000105e+00
1.004456330000000008e+00
1.004608409999999896e+00
1.004560679999999984e+00
1.004685199999999945e+00
1.004856449999999901e+00
1.004955779999999965e+00
1.005130679999999943e+00
1.005317470000000046e+00
1.005248310000000034e+00
1.005385009999999912e+00
1.005554199999999954e+00
1.005798820000000093e+00
1.005974230000000080e+00
1.006186100000000083e+00
1.005991789999999941e+00
1.006362360000000011e+00
1.006752230000000026e+00
1.006807860000000110e+00
1.007030840000000094e+00
1.007306789999999896e+00
1.007491780000000059e+00
1.007934660000000093e+00
1.008011980000000030e+00
1.008309890000000042e+00
1.008443760000000022e+00
1.008885309999999924e+00
1.009018310000000085e+00
1.009469249999999985e+00
1.009840669999999996e+00
1.010239410000000060e+00
1.010409569999999979e+00
1.011211819999999983e+00
1.011454040000000054e+00
1.012046109999999999e+00
1.012448940000000075e+00
1.013086230000000088e+00
1.013680020000000015e+00
1.014293499999999959e+00
1.015081109999999898e+00
1.015697899999999931e+00
1.016525539999999950e+00
1.017343129999999984e+00
1.018192619999999993e+00
1.019236220000000026e+00
1.020156229999999997e+00
1.021543910000000110e+00
1.022722169999999986e+00
1.023934059999999979e+00
1.025324300000000077e+00
1.026667320000000050e+00
1.028250780000000031e+00
1.030045220000000095e+00
1.031811459999999903e+00
1.033694990000000091e+00
1.035881910000000072e+00
1.038067990000000052e+00
1.040515700000000043e+00
1.042704199999999970e+00
1.045258849999999962e+00
1.047711400000000070e+00
1.050243669999999963e+00
1.052873420000000060e+00
1.055171829999999922e+00
1.057747699999999957e+00
1.059973609999999900e+00
1.061743440000000094e+00
1.063380800000000015e+00
1.064447570000000010e+00
1.065119420000000039e+00
1.065396110000000007e+00
1.065189509999999951e+00
1.064526910000000104e+00
1.063338979999999934e+00
1.061851160000000016e+00
1.059980020000000023e+00
1.057716330000000093e+00
1.055351069999999947e+00
1.053116450000000093e+00
1.050580960000000008e+00
1.048323839999999896e+00
1.045803480000000008e+00
1.043344309999999941e+00
1.041033069999999894e+00
1.038769540000000102e+00
1.036619629999999903e+00
1.034764959999999956e+00
1.032774019999999959e+00
1.031065710000000024e+00
1.029564710000000050e+00
1.027995849999999933e+00
1.026643669999999897e+00
1.025329890000000077e+00
1.024037099999999922e+00
1.022966169999999897e+00
1.021962409999999988e+00
1.021217529999999929e+00
1.020042209999999949e+00
1.019358870000000028e+00
1.018672400000000033e+00
1.017960540000000025e+00
1.017273569999999960e+00
1.016840079999999924e+00
1.016421360000000051e+00
1.015763729999999976e+00
1.015227440000000092e+00
1.014891020000000088e+00
1.014454669999999892e+00
1.014298939999999982e+00
1.013799370000000089e+00
1.013559939999999937e+00
1.013479720000000084e+00
1.013230510000000084e+00
1.012977119999999953e+00
1.012785180000000063e+00
1.012482719999999947e+00
1.012530769999999913e+00
1.012244340000000076e+00
1.012462750000000078e+00
1.012114760000000002e+00
1.012319750000000074e+00
1.012360750000000031e+00
1.012073400000000012e+00
1.012321030000000066e+00
1.012223099999999931e+00
1.012228300000000081e+00
1.012310220000000038e+00
1.012348749999999908e+00
1.012505580000000016e+00
1.012482209999999938e+00
1.012789060000000019e+00
1.012645550000000005e+00
1.013239100000000059e+00
1.013373400000000091e+00
1.013396270000000099e+00
1.013564769999999893e+00
1.013883070000000108e+00
1.014149870000000009e+00
1.014470509999999992e+00
1.014983299999999922e+00
1.015253699999999926e+00
1.015390709999999919e+00
1.016089910000000041e+00
1.016619069999999958e+00
1.016891629999999935e+00
1.017444800000000038e+00
1.017775560000000024e+00
1.018392530000000074e+00
1.018846939999999979e+00
1.019457489999999966e+00
1.020391889999999968e+00
1.020969559999999943e+00
1.021853759999999944e+00
1.022481799999999996e+00
1.023436449999999942e+00
1.024460270000000062e+00
1.025267319999999982e+00
1.026160270000000097e+00
1.027094369999999923e+00
1.028349820000000081e+00
1.029357360000000110e+00
1.030568930000000050e+00
1.031666760000000016e+00
1.032967680000000055e+00
1.033898299999999937e+00
1.035346770000000083e+00
1.036717710000000015e+00
1.037768159999999940e+00
1.038753639999999923e+00
1.040060720000000050e+00
1.041103469999999920e+00
1.042008679999999909e+00
1.042939290000000074e+00
1.043790329999999988e+00
1.044361160000000011e+00
1.045058540000000091e+00
1.045378729999999923e+00
1.045380020000000076e+00
1.045507060000000044e+00
1.045435120000000051e+00
1.045021900000000059e+00
1.044587069999999951e+00
1.044007780000000052e+00
1.043437050000000088e+00
1.042292470000000026e+00
1.041430550000000066e+00
1.040344560000000085e+00
1.039527400000000101e+00
1.038153539999999930e+00
1.036979579999999901e+00
1.035581370000000057e+00
1.034460029999999975e+00
1.033279080000000016e+00
1.031974069999999966e+00
1.030857429999999963e+00
1.029661759999999981e+00
1.028623709999999969e+00
1.027296949999999987e+00
1.026349390000000028e+00
1.025337890000000085e+00
1.024187350000000052e+00
1.023488670000000100e+00
1.022338769999999952e+00
1.021766869999999994e+00
1.020741590000000087e+00
1.019984210000000058e+00
1.019247159999999930e+00
1.018596999999999975e+00
1.017921429999999905e+00
1.017560149999999997e+00
1.016996220000000006e+00
1.016157870000000019e+00
1.015662140000000102e+00
1.015249920000000028e+00
1.014764350000000093e+00
1.014489610000000042e+00
1.014019020000000104e+00
1.013663519999999929e+00
1.013258849999999933e+00
1.013058309999999906e+00
1.012715739999999975e+00
1.012261780000000000e+00
1.012102980000000096e+00
1.011769249999999953e+00
1.011659689999999889e+00
1.011415959999999892e+00
1.011086719999999994e+00
1.010799999999999921e+00
1.010643130000000056e+00
1.010564790000000102e+00
1.010470849999999920e+00
1.010316460000000083e+00
1.010268659999999930e+00
1.010017579999999970e+00
1.010007590000000066e+00
1.009929199999999971e+00
1.009786599999999979e+00
1.009634520000000091e+00
1.009772179999999908e+00
1.009860360000000012e+00
1.009743080000000015e+00
1.009845050000000022e+00
1.009707300000000085e+00
1.009733729999999996e+00
1.009602450000000040e+00
1.009665679999999899e+00
1.009548710000000016e+00
1.009741180000000016e+00
1.009897770000000028e+00
1.009890570000000043e+00
1.010190619999999928e+00
1.010092339999999922e+00
1.010295329999999936e+00
1.010420279999999948e+00
1.010789619999999944e+00
1.010809599999999975e+00
1.010854549999999907e+00
1.011254279999999950e+00
1.011437310000000034e+00
1.011637930000000019e+00
1.011900430000000073e+00
1.012384340000000105e+00
1.012681979999999982e+00
1.012666269999999979e+00
1.013219620000000099e+00
1.013445689999999955e+00
1.013830269999999922e+00
1.014125189999999899e+00
1.014725869999999919e+00
1.015151630000000083e+00
1.015402420000000028e+00
1.015783539999999929e+00
1.016336230000000063e+00
1.016911520000000069e+00
1.017516300000000040e+00
1.017745209999999956e+00
1.018353929999999963e+00
1.018589879999999948e+00
1.019218490000000088e+00
1.019582570000000077e+00
1.020099539999999916e+00
1.020572339999999967e+00
1.020490689999999923e+00
1.021137540000000010e+00
1.021194860000000038e+00
1.021476849999999992e+00
1.021541100000000091e+00
1.021877060000000004e+00
1.021789849999999999e+00
1.021780939999999971e+00
1.021576110000000037e+00
1.021593310000000088e+00
1.021263189999999987e+00
1.020927259999999892e+00
1.020759689999999997e+00
1.020417880000000110e+00
1.020040929999999957e+00
1.019614999999999938e+00
1.018911289999999914e+00
1.018362900000000071e+00
1.017694069999999895e+00
1.017542259999999921e+00
1.016933920000000047e+00
1.016422630000000105e+00
1.015795940000000064e+00
1.015129050000000088e+00
1.014573160000000085e+00
1.014045759999999907e+00
1.013745969999999996e+00
1.013114480000000039e+00
1.012796749999999912e+00
1.012251870000000054e+00
1.011897180000000063e+00
1.011404009999999909e+00
1.010970069999999943e+00
1.010411280000000023e+00
1.010118389999999922e+00
1.009686569999999950e+00
1.009561029999999970e+00
1.009134439999999966e+00
1.008681670000000086e+00
