1.011874995286566215e+00 0.000000000000000000e+00
1.011861037341185376e+00 0.000000000000000000e+00
1.011846499536173116e+00 0.000000000000000000e+00
1.011831343592624721e+00 0.000000000000000000e+00
1.011815527806876780e+00 0.000000000000000000e+00
1.011799006660775602e+00 0.000000000000000000e+00
1.011781730377617761e+00 0.000000000000000000e+00
1.011763644414729990e+00 0.000000000000000000e+00
1.011744688881889731e+00 0.000000000000000000e+00
1.011724797872642689e+00 0.000000000000000000e+00
1.011703898692917658e+00 0.000000000000000000e+00
1.011681910968068587e+00 0.000000000000000000e+00
1.011658745605404697e+00 0.000000000000000000e+00
1.011634303584186823e+00 0.000000000000000000e+00
1.011608474538680635e+00 0.000000000000000000e+00
1.011581135091793371e+00 0.000000000000000000e+00
1.011552146886550041e+00 0.000000000000000000e+00
1.011521354249530269e+00 0.000000000000000000e+00
1.011488581403445552e+00 0.000000000000000000e+00
1.011453629124028586e+00 0.000000000000000000e+00
1.011416270707605758e+00 0.000000000000000000e+00
1.011376247077688140e+00 0.000000000000000000e+00
1.011333260808269907e+00 0.000000000000000000e+00
1.011286968773406958e+00 0.000000000000000000e+00
1.011236973040132714e+00 0.000000000000000000e+00
1.011182809494710400e+00 0.000000000000000000e+00
1.011123933515700291e+00 0.000000000000000000e+00
1.011059701758937779e+00 0.000000000000000000e+00
1.010989348765278129e+00 0.000000000000000000e+00
1.010911956589188643e+00 0.000000000000000000e+00
1.010826414892050495e+00 0.000000000000000000e+00
1.010731367815053572e+00 0.000000000000000000e+00
1.010625142223834150e+00 0.000000000000000000e+00
1.010505649232046776e+00 0.000000000000000000e+00
1.010370246627150026e+00 0.000000000000000000e+00
1.010215542805910749e+00 0.000000000000000000e+00
1.010037110996123699e+00 0.000000000000000000e+00
1.009829061919580218e+00 0.000000000000000000e+00
1.009583385729339478e+00 0.000000000000000000e+00
1.009288903517996161e+00 0.000000000000000000e+00
1.008929528495716932e+00 0.000000000000000000e+00
1.008481241213485369e+00 0.000000000000000000e+00
1.007906513309414498e+00 0.000000000000000000e+00
1.007143258090479332e+00 0.000000000000000000e+00
1.006080814895547348e+00 0.000000000000000000e+00
1.004500899884723353e+00 0.000000000000000000e+00
1.001904746121683232e+00 0.000000000000000000e+00
9.968494020401235112e-01 0.000000000000000000e+00
9.827061977039036611e-01 0.000000000000000000e+00
7.182507256062848899e-01 0.000000000000000000e+00
1.050108180317020468e+00 0.000000000000000000e+00
1.030233956069699142e+00 0.000000000000000000e+00
1.024129885977254295e+00 0.000000000000000000e+00
1.021168157351757699e+00 0.000000000000000000e+00
1.019419847835565385e+00 0.000000000000000000e+00
1.018266676901284251e+00 0.000000000000000000e+00
1.017449469827528707e+00 0.000000000000000000e+00
1.016840500586868146e+00 0.000000000000000000e+00
1.016369536372031535e+00 0.000000000000000000e+00
1.015994762689045761e+00 0.000000000000000000e+00
1.015689732160983239e+00 0.000000000000000000e+00
1.015436901007143788e+00 0.000000000000000000e+00
1.015224174881241836e+00 0.000000000000000000e+00
1.015042947146676422e+00 0.000000000000000000e+00
1.014886927834684593e+00 0.000000000000000000e+00
1.014751414905070481e+00 0.000000000000000000e+00
1.014632824470772521e+00 0.000000000000000000e+00
1.014528378647002071e+00 0.000000000000000000e+00
1.014435892610993539e+00 0.000000000000000000e+00
1.014353625957671534e+00 0.000000000000000000e+00
1.014280176810367307e+00 0.000000000000000000e+00
1.014214405020364307e+00 0.000000000000000000e+00
1.014155375567310280e+00 0.000000000000000000e+00
1.014102316250725444e+00 0.000000000000000000e+00
1.014054585664308172e+00 0.000000000000000000e+00
1.014011648685492428e+00 0.000000000000000000e+00
1.013973057538554379e+00 0.000000000000000000e+00
1.013938437049411778e+00 0.000000000000000000e+00
1.013907473096268719e+00 0.000000000000000000e+00
1.013879903530796600e+00 0.000000000000000000e+00
1.013855511037142554e+00 0.000000000000000000e+00
1.013834117535433954e+00 0.000000000000000000e+00
1.013815579839065562e+00 0.000000000000000000e+00
1.013799786352167276e+00 0.000000000000000000e+00
1.013786654653056285e+00 0.000000000000000000e+00
1.013776129856759578e+00 0.000000000000000000e+00
1.013768183689001345e+00 0.000000000000000000e+00
1.013762814238580390e+00 0.000000000000000000e+00
1.013760046387585101e+00 0.000000000000000000e+00
1.013759932951866949e+00 0.000000000000000000e+00
1.013762556600314335e+00 0.000000000000000000e+00
1.013768032663695307e+00 0.000000000000000000e+00
1.013776512996050538e+00 0.000000000000000000e+00
1.013788191118919269e+00 0.000000000000000000e+00
1.013803308968307837e+00 0.000000000000000000e+00
1.013822165686739663e+00 0.000000000000000000e+00
1.013845129073544182e+00 0.000000000000000000e+00
1.013872650549430432e+00 0.000000000000000000e+00
1.013905284843049870e+00 0.000000000000000000e+00
1.013943716125756955e+00 0.000000000000000000e+00
1.013988793099908747e+00 0.000000000000000000e+00
1.014041576740852824e+00 0.000000000000000000e+00
1.014103406265938201e+00 0.000000000000000000e+00
1.014175991912914077e+00 0.000000000000000000e+00
1.014261548076120567e+00 0.000000000000000000e+00
1.014362988796978282e+00 0.000000000000000000e+00
1.014484222477912922e+00 0.000000000000000000e+00
1.014630609916254755e+00 0.000000000000000000e+00
1.014809701900299066e+00 0.000000000000000000e+00
1.015032477881459450e+00 0.000000000000000000e+00
1.015315533450308116e+00 0.000000000000000000e+00
1.015685188475397460e+00 0.000000000000000000e+00
1.016185820481857682e+00 0.000000000000000000e+00
1.016898541910536080e+00 0.000000000000000000e+00
1.017989107505471225e+00 0.000000000000000000e+00
1.019857254168896610e+00 0.000000000000000000e+00
1.023774651021288840e+00 0.000000000000000000e+00
1.037113225286395934e+00 0.000000000000000000e+00
8.897645432066063620e-01 0.000000000000000000e+00
9.951091793295162580e-01 0.000000000000000000e+00
1.003180311040276607e+00 0.000000000000000000e+00
1.006147079149824153e+00 0.000000000000000000e+00
1.007685195467020955e+00 0.000000000000000000e+00
1.008624367330639870e+00 0.000000000000000000e+00
1.009256063760739286e+00 0.000000000000000000e+00
1.009709058071218246e+00 0.000000000000000000e+00
1.010049044034975640e+00 0.000000000000000000e+00
1.010313045028111922e+00 0.000000000000000000e+00
1.010523515088661783e+00 0.000000000000000000e+00
1.010694862925413107e+00 0.000000000000000000e+00
1.010836758462550167e+00 0.000000000000000000e+00
1.010955932538933899e+00 0.000000000000000000e+00
1.011057214348811906e+00 0.000000000000000000e+00
1.011144158448160191e+00 0.000000000000000000e+00
1.011219439046650903e+00 0.000000000000000000e+00
1.011285106481735419e+00 0.000000000000000000e+00
1.011342758980833922e+00 0.000000000000000000e+00
1.011393660651025650e+00 0.000000000000000000e+00
1.011438824361821309e+00 0.000000000000000000e+00
1.011479071131712759e+00 0.000000000000000000e+00
1.011515073438759016e+00 0.000000000000000000e+00
1.011547387313014079e+00 0.000000000000000000e+00
1.011576476460464225e+00 0.000000000000000000e+00
1.011602730635114744e+00 0.000000000000000000e+00
1.011626479798151124e+00 0.000000000000000000e+00
1.011648005149917928e+00 0.000000000000000000e+00
1.011667547812078238e+00 0.000000000000000000e+00
1.011685315724101919e+00 0.000000000000000000e+00
1.011701489168626678e+00 0.000000000000000000e+00
1.011716225233841193e+00 0.000000000000000000e+00
1.011729661444406903e+00 0.000000000000000000e+00
1.011741918736612122e+00 0.000000000000000000e+00
1.011753103912325757e+00 0.000000000000000000e+00
1.011763311675726973e+00 0.000000000000000000e+00
1.011772626333808267e+00 0.000000000000000000e+00
1.011781123224242185e+00 0.000000000000000000e+00
1.011788869920898781e+00 0.000000000000000000e+00
1.011795927257064687e+00 0.000000000000000000e+00
1.011802350198472977e+00 0.000000000000000000e+00
1.011808188592058677e+00 0.000000000000000000e+00
1.011813487811481060e+00 0.000000000000000000e+00
1.011818289316614328e+00 0.000000000000000000e+00
1.011822631141154227e+00 0.000000000000000000e+00
1.011826548320050811e+00 0.000000000000000000e+00
1.011830073266535956e+00 0.000000000000000000e+00
1.011833236106950196e+00 0.000000000000000000e+00
1.011836064980319083e+00 0.000000000000000000e+00
1.011838586308628329e+00 0.000000000000000000e+00
1.011840825042944259e+00 0.000000000000000000e+00
1.011842804889893976e+00 0.000000000000000000e+00
1.011844548522528253e+00 0.000000000000000000e+00
1.011846077779222419e+00 0.000000000000000000e+00
1.011847413854006339e+00 0.000000000000000000e+00
1.011848577481554434e+00 0.000000000000000000e+00
1.011849589119999671e+00 0.000000000000000000e+00
1.011850469134753405e+00 0.000000000000000000e+00
1.011851237986641783e+00 0.000000000000000000e+00
1.011851916427891851e+00 0.000000000000000000e+00
1.011852525709848960e+00 0.000000000000000000e+00
1.011853087806789286e+00 0.000000000000000000e+00
1.011853625660845024e+00 0.000000000000000000e+00
1.011854163453920652e+00 0.000000000000000000e+00
1.011854726913586244e+00 0.000000000000000000e+00
1.011855343661382411e+00 0.000000000000000000e+00
1.011856043613832856e+00 0.000000000000000000e+00
1.011856859448870383e+00 0.000000000000000000e+00
1.011857827153511913e+00 0.000000000000000000e+00
1.011858986672714344e+00 0.000000000000000000e+00
1.011860382684705462e+00 0.000000000000000000e+00
1.011862065535204636e+00 0.000000000000000000e+00
1.011864092372432467e+00 0.000000000000000000e+00
1.011866528537595622e+00 0.000000000000000000e+00
1.011869449282914113e+00 0.000000000000000000e+00
1.011872941913162904e+00 0.000000000000000000e+00
1.011877108479931398e+00 0.000000000000000000e+00
1.011882069204626422e+00 0.000000000000000000e+00
1.011887966873071143e+00 0.000000000000000000e+00
1.011894972541384385e+00 0.000000000000000000e+00
1.011903293035413265e+00 0.000000000000000000e+00
1.011913180939645107e+00 0.000000000000000000e+00
1.011924948097971511e+00 0.000000000000000000e+00
1.011938984158111232e+00 0.000000000000000000e+00
1.011955782505539414e+00 0.000000000000000000e+00
1.011975977268118942e+00 0.000000000000000000e+00
1.012000397328671975e+00 0.000000000000000000e+00
1.012030147223305754e+00 0.000000000000000000e+00
1.012066731952375509e+00 0.000000000000000000e+00
1.012112256279982248e+00 0.000000000000000000e+00
1.012169756115867791e+00 0.000000000000000000e+00
1.012243776784834681e+00 0.000000000000000000e+00
1.012341443199550328e+00 0.000000000000000000e+00
1.012474590753293713e+00 0.000000000000000000e+00
1.012664426221064007e+00 0.000000000000000000e+00
1.012953087751117920e+00 0.000000000000000000e+00
1.013437919788781061e+00 0.000000000000000000e+00
1.014405893999601904e+00 0.000000000000000000e+00
1.017233599454349768e+00 0.000000000000000000e+00
1.126224694792434367e+00 0.000000000000000000e+00
1.004886504012303838e+00 0.000000000000000000e+00
1.008208095874292498e+00 0.000000000000000000e+00
1.009266002798165474e+00 0.000000000000000000e+00
1.009780762351648598e+00 0.000000000000000000e+00
1.010081588532603325e+00 0.000000000000000000e+00
1.010276238588416531e+00 0.000000000000000000e+00
1.010410414288296366e+00 0.000000000000000000e+00
1.010506807374504046e+00 0.000000000000000000e+00
1.010577959039326901e+00 0.000000000000000000e+00
1.010631362198254335e+00 0.000000000000000000e+00
1.010671767085476347e+00 0.000000000000000000e+00
1.010702328871052602e+00 0.000000000000000000e+00
1.010725223401532480e+00 0.000000000000000000e+00
1.010741998020826093e+00 0.000000000000000000e+00
1.010753781541407159e+00 0.000000000000000000e+00
1.010761415192618307e+00 0.000000000000000000e+00
1.010765537185881247e+00 0.000000000000000000e+00
1.010766638986620114e+00 0.000000000000000000e+00
1.010765103744250437e+00 0.000000000000000000e+00
1.010761233139632509e+00 0.000000000000000000e+00
1.010755266518556406e+00 0.000000000000000000e+00
1.010747394769407892e+00 0.000000000000000000e+00
1.010737770545920622e+00 0.000000000000000000e+00
1.010726515900817857e+00 0.000000000000000000e+00
1.010713728054067895e+00 0.000000000000000000e+00
1.010699483796012155e+00 0.000000000000000000e+00
1.010683842876751948e+00 0.000000000000000000e+00
1.010666850632210290e+00 0.000000000000000000e+00
1.010648540027644149e+00 0.000000000000000000e+00
1.010628933250623529e+00 0.000000000000000000e+00
1.010608042950839280e+00 0.000000000000000000e+00
1.010585873199139062e+00 0.000000000000000000e+00
1.010562420219960345e+00 0.000000000000000000e+00
1.010537672937831699e+00 0.000000000000000000e+00
1.010511613368487716e+00 0.000000000000000000e+00
1.010484216877417962e+00 0.000000000000000000e+00
1.010455452322682746e+00 0.000000000000000000e+00
1.010425282094097099e+00 0.000000000000000000e+00
1.010393662057043285e+00 0.000000000000000000e+00
1.010360541405974644e+00 0.000000000000000000e+00
1.010325862429918509e+00 0.000000000000000000e+00
1.010289560189800095e+00 0.000000000000000000e+00
1.010251562105095813e+00 0.000000000000000000e+00
1.010211787445050247e+00 0.000000000000000000e+00
1.010170146717359829e+00 0.000000000000000000e+00
1.010126540944757290e+00 0.000000000000000000e+00
1.010080860817212711e+00 0.000000000000000000e+00
1.010032985704383934e+00 0.000000000000000000e+00
1.009982782509408539e+00 0.000000000000000000e+00
1.009930104340943657e+00 0.000000000000000000e+00
1.009874788975392068e+00 0.000000000000000000e+00
1.009816657075248258e+00 0.000000000000000000e+00
1.009755510122208877e+00 0.000000000000000000e+00
1.009691128014745143e+00 0.000000000000000000e+00
1.009623266268778963e+00 0.000000000000000000e+00
1.009551652746367267e+00 0.000000000000000000e+00
1.009475983820084188e+00 0.000000000000000000e+00
1.009395919859100266e+00 0.000000000000000000e+00
1.009311079895440999e+00 0.000000000000000000e+00
1.009221035293736968e+00 0.000000000000000000e+00
1.009125302202539709e+00 0.000000000000000000e+00
1.009023332506612913e+00 0.000000000000000000e+00
1.008914502922960033e+00 0.000000000000000000e+00
1.008798101782361512e+00 0.000000000000000000e+00
1.008673312903928920e+00 0.000000000000000000e+00
1.008539195790049137e+00 0.000000000000000000e+00
1.008394661124902392e+00 0.000000000000000000e+00
1.008238440225224464e+00 0.000000000000000000e+00
1.008069046628353282e+00 0.000000000000000000e+00
1.007884727352040821e+00 0.000000000000000000e+00
1.007683400435337440e+00 0.000000000000000000e+00
1.007462574034905689e+00 0.000000000000000000e+00
1.007219240394325199e+00 0.000000000000000000e+00
1.006949735085848285e+00 0.000000000000000000e+00
1.006649547489649743e+00 0.000000000000000000e+00
1.006313061595785596e+00 0.000000000000000000e+00
1.005933195292598947e+00 0.000000000000000000e+00
1.005500888519883729e+00 0.000000000000000000e+00
1.005004360862633117e+00 0.000000000000000000e+00
1.004428007587725213e+00 0.000000000000000000e+00
1.003750710549359493e+00 0.000000000000000000e+00
1.002943167078426123e+00 0.000000000000000000e+00
1.001963499303204053e+00 0.000000000000000000e+00
1.000749697177309105e+00 0.000000000000000000e+00
9.992058674063731827e-01 0.000000000000000000e+00
9.971754278935811566e-01 0.000000000000000000e+00
9.943840712757260336e-01 0.000000000000000000e+00
9.903035141064231439e-01 0.000000000000000000e+00
9.837690215740001465e-01 0.000000000000000000e+00
9.716078406709361959e-01 0.000000000000000000e+00
9.410339991415044292e-01 0.000000000000000000e+00
7.195173045956502200e-01 0.000000000000000000e+00
1.149651408750526738e+00 0.000000000000000000e+00
1.067662283822175873e+00 0.000000000000000000e+00
1.046856427021551017e+00 0.000000000000000000e+00
1.037353825223683579e+00 0.000000000000000000e+00
1.031908417507390041e+00 0.000000000000000000e+00
1.028377143431179697e+00 0.000000000000000000e+00
1.025900239610271436e+00 0.000000000000000000e+00
1.024065742151968994e+00 0.000000000000000000e+00
1.022651532674043739e+00 0.000000000000000000e+00
1.021527275804746671e+00 0.000000000000000000e+00
1.020611448796019172e+00 0.000000000000000000e+00
1.019850445260351623e+00 0.000000000000000000e+00
1.019207566845378610e+00 0.000000000000000000e+00
1.018656843168632031e+00 0.000000000000000000e+00
1.018179377682533415e+00 0.000000000000000000e+00
1.017761091809831653e+00 0.000000000000000000e+00
1.017391280538859633e+00 0.000000000000000000e+00
1.017061658195509199e+00 0.000000000000000000e+00
1.016765710704400583e+00 0.000000000000000000e+00
1.016498245321980409e+00 0.000000000000000000e+00
1.016255070997545529e+00 0.000000000000000000e+00
1.016032767183967955e+00 0.000000000000000000e+00
1.015828513797576660e+00 0.000000000000000000e+00
1.015639964249772209e+00 0.000000000000000000e+00
1.015465149332651196e+00 0.000000000000000000e+00
1.015302403546963106e+00 0.000000000000000000e+00
1.015150307982844113e+00 0.000000000000000000e+00
1.015007645565826122e+00 0.000000000000000000e+00
1.014873365648521819e+00 0.000000000000000000e+00
1.014746555742133571e+00 0.000000000000000000e+00
1.014626418756935600e+00 0.000000000000000000e+00
1.014512254532500712e+00 0.000000000000000000e+00
1.014403444736688531e+00 0.000000000000000000e+00
1.014299440430914911e+00 0.000000000000000000e+00
1.014199751760995527e+00 0.000000000000000000e+00
1.014103939353784956e+00 0.000000000000000000e+00
1.014011607091035883e+00 0.000000000000000000e+00
1.013922396001288417e+00 0.000000000000000000e+00
1.013835979063768988e+00 0.000000000000000000e+00
1.013752056759337661e+00 0.000000000000000000e+00
1.013670353235412325e+00 0.000000000000000000e+00
1.013590612976731586e+00 0.000000000000000000e+00
1.013512597893390543e+00 0.000000000000000000e+00
1.013436084753009947e+00 0.000000000000000000e+00
1.013360862896100612e+00 0.000000000000000000e+00
1.013286732183322769e+00 0.000000000000000000e+00
1.013213501130953542e+00 0.000000000000000000e+00
1.013140985196848032e+00 0.000000000000000000e+00
1.013069005183808047e+00 0.000000000000000000e+00
1.012997385730783684e+00 0.000000000000000000e+00
1.012925953864892925e+00 0.000000000000000000e+00
1.012854537588956161e+00 0.000000000000000000e+00
1.012782964480205772e+00 0.000000000000000000e+00
1.012711060276054731e+00 0.000000000000000000e+00
1.012638647422335447e+00 0.000000000000000000e+00
1.012565543558196390e+00 0.000000000000000000e+00
1.012491559909821204e+00 0.000000000000000000e+00
1.012416499562234673e+00 0.000000000000000000e+00
1.012340155574491085e+00 0.000000000000000000e+00
1.012262308898372654e+00 0.000000000000000000e+00
1.012182726054030368e+00 0.000000000000000000e+00
1.012101156507465127e+00 0.000000000000000000e+00
1.012017329683885247e+00 0.000000000000000000e+00
1.011930951537170165e+00 0.000000000000000000e+00
1.011841700578081316e+00 0.000000000000000000e+00
1.011749223241411810e+00 0.000000000000000000e+00
1.011653128443421146e+00 0.000000000000000000e+00
1.011552981143714058e+00 0.000000000000000000e+00
1.011448294677384396e+00 0.000000000000000000e+00
1.011338521560039005e+00 0.000000000000000000e+00
1.011223042384977733e+00 0.000000000000000000e+00
1.011101152320996066e+00 0.000000000000000000e+00
1.010972044570603634e+00 0.000000000000000000e+00
1.010834789946984280e+00 0.000000000000000000e+00
1.010688311452117238e+00 0.000000000000000000e+00
1.010531352356292656e+00 0.000000000000000000e+00
1.010362435743286325e+00 0.000000000000000000e+00
1.010179812723778880e+00 0.000000000000000000e+00
1.009981395421403638e+00 0.000000000000000000e+00
1.009764669227420031e+00 0.000000000000000000e+00
1.009526576423750210e+00 0.000000000000000000e+00
1.009263359636482837e+00 0.000000000000000000e+00
1.008970347944825985e+00 0.000000000000000000e+00
1.008641659533238588e+00 0.000000000000000000e+00
1.008269780241131786e+00 0.000000000000000000e+00
1.007844953050677894e+00 0.000000000000000000e+00
1.007354271554483871e+00 0.000000000000000000e+00
1.006780295212038823e+00 0.000000000000000000e+00
1.006098863699562695e+00 0.000000000000000000e+00
1.005275512248468450e+00 0.000000000000000000e+00
1.004259318444312488e+00 0.000000000000000000e+00
1.002971742066551819e+00 0.000000000000000000e+00
1.001284958871446307e+00 0.000000000000000000e+00
9.989760022946310158e-01 0.000000000000000000e+00
9.956179928291285508e-01 0.000000000000000000e+00
9.902779138166609707e-01 0.000000000000000000e+00
9.804504041314007212e-01 0.000000000000000000e+00
9.563340673617919396e-01 0.000000000000000000e+00
8.031709907869165610e-01 0.000000000000000000e+00
1.138943127864099791e+00 0.000000000000000000e+00
1.061810786509233884e+00 0.000000000000000000e+00
1.043402694131232433e+00 0.000000000000000000e+00
1.035139060351930151e+00 0.000000000000000000e+00
1.030441788355212385e+00 0.000000000000000000e+00
1.027409318559156626e+00 0.000000000000000000e+00
1.025287943677401836e+00 0.000000000000000000e+00
1.023719262613981273e+00 0.000000000000000000e+00
1.022511056120306128e+00 0.000000000000000000e+00
1.021550971542707797e+00 0.000000000000000000e+00
1.020768943589958289e+00 0.000000000000000000e+00
1.020119008382271097e+00 0.000000000000000000e+00
1.019569759312849433e+00 0.000000000000000000e+00
1.019099005366015165e+00 0.000000000000000000e+00
1.018690620659198798e+00 0.000000000000000000e+00
1.018332603630912825e+00 0.000000000000000000e+00
1.018015836593443968e+00 0.000000000000000000e+00
1.017733267512819451e+00 0.000000000000000000e+00
1.017479355337490343e+00 0.000000000000000000e+00
1.017249684876426530e+00 0.000000000000000000e+00
1.017040693684859720e+00 0.000000000000000000e+00
1.016849474701372102e+00 0.000000000000000000e+00
1.016673631198856675e+00 0.000000000000000000e+00
1.016511168547612920e+00 0.000000000000000000e+00
1.016360412324330387e+00 0.000000000000000000e+00
1.016219945567709892e+00 0.000000000000000000e+00
1.016088560144128072e+00 0.000000000000000000e+00
1.015965218644827806e+00 0.000000000000000000e+00
1.015849024235702780e+00 0.000000000000000000e+00
1.015739196576614267e+00 0.000000000000000000e+00
1.015635052418459860e+00 0.000000000000000000e+00
1.015535989837606845e+00 0.000000000000000000e+00
1.015441475321638087e+00 0.000000000000000000e+00
1.015351033106502987e+00 0.000000000000000000e+00
1.015264236302769518e+00 0.000000000000000000e+00
1.015180699451335933e+00 0.000000000000000000e+00
1.015100072226196470e+00 0.000000000000000000e+00
1.015022034060352629e+00 0.000000000000000000e+00
1.014946289515552991e+00 0.000000000000000000e+00
1.014872564250641096e+00 0.000000000000000000e+00
1.014800601469424635e+00 0.000000000000000000e+00
1.014730158748952116e+00 0.000000000000000000e+00
1.014661005164222418e+00 0.000000000000000000e+00
1.014592918636629593e+00 0.000000000000000000e+00
1.014525683441533044e+00 0.000000000000000000e+00
1.014459087815704930e+00 0.000000000000000000e+00
1.014392921608359144e+00 0.000000000000000000e+00
1.014326973920114394e+00 0.000000000000000000e+00
1.014261030672612973e+00 0.000000000000000000e+00
1.014194872047439411e+00 0.000000000000000000e+00
1.014128269726155995e+00 0.000000000000000000e+00
1.014060983853185105e+00 0.000000000000000000e+00
1.013992759629157581e+00 0.000000000000000000e+00
1.013923323423151945e+00 0.000000000000000000e+00
1.013852378266411947e+00 0.000000000000000000e+00
1.013779598555524020e+00 0.000000000000000000e+00
1.013704623746614963e+00 0.000000000000000000e+00
1.013627050759585035e+00 0.000000000000000000e+00
1.013546424726562201e+00 0.000000000000000000e+00
1.013462227602725862e+00 0.000000000000000000e+00
1.013373863997324653e+00 0.000000000000000000e+00
1.013280643358721145e+00 0.000000000000000000e+00
1.013181757330413824e+00 0.000000000000000000e+00
1.013076250640533971e+00 0.000000000000000000e+00
1.012962983225698332e+00 0.000000000000000000e+00
1.012840580310965466e+00 0.000000000000000000e+00
1.012707365692258943e+00 0.000000000000000000e+00
1.012561271199975188e+00 0.000000000000000000e+00
1.012399711760022747e+00 0.000000000000000000e+00
1.012219409734218312e+00 0.000000000000000000e+00
1.012016142737774294e+00 0.000000000000000000e+00
1.011784372959658285e+00 0.000000000000000000e+00
1.011516687466555098e+00 0.000000000000000000e+00
1.011202926557590587e+00 0.000000000000000000e+00
1.010828776507780802e+00 0.000000000000000000e+00
1.010373398859875094e+00 0.000000000000000000e+00
1.009805227544046335e+00 0.000000000000000000e+00
1.009074037546695113e+00 0.000000000000000000e+00
1.008094756671577663e+00 0.000000000000000000e+00
1.006710886476043676e+00 0.000000000000000000e+00
1.004599604765279652e+00 0.000000000000000000e+00
1.000970821126565324e+00 0.000000000000000000e+00
9.932422484725268452e-01 0.000000000000000000e+00
9.653007423092860861e-01 0.000000000000000000e+00
1.173414399936575370e+00 0.000000000000000000e+00
1.044924645783354533e+00 0.000000000000000000e+00
1.031320022598588793e+00 0.000000000000000000e+00
1.026114780254533398e+00 0.000000000000000000e+00
1.023361414649140544e+00 0.000000000000000000e+00
1.021655419926831732e+00 0.000000000000000000e+00
1.020493096556736479e+00 0.000000000000000000e+00
1.019649157705400100e+00 0.000000000000000000e+00
1.019007720475117340e+00 0.000000000000000000e+00
1.018503083166950596e+00 0.000000000000000000e+00
1.018095214793937275e+00 0.000000000000000000e+00
1.017758332404812727e+00 0.000000000000000000e+00
1.017475079296078944e+00 0.000000000000000000e+00
1.017233342163299303e+00 0.000000000000000000e+00
1.017024409653174422e+00 0.000000000000000000e+00
1.016841856051277082e+00 0.000000000000000000e+00
1.016680837482273558e+00 0.000000000000000000e+00
1.016537633096573190e+00 0.000000000000000000e+00
1.016409337207277774e+00 0.000000000000000000e+00
1.016293647448395010e+00 0.000000000000000000e+00
1.016188715739972048e+00 0.000000000000000000e+00
1.016093041357884363e+00 0.000000000000000000e+00
1.016005392853996492e+00 0.000000000000000000e+00
1.015924750135634769e+00 0.000000000000000000e+00
1.015850260882035672e+00 0.000000000000000000e+00
1.015781207321107882e+00 0.000000000000000000e+00
1.015716980602384023e+00 0.000000000000000000e+00
1.015657060813916379e+00 0.000000000000000000e+00
1.015601001243969126e+00 0.000000000000000000e+00
1.015548415871206700e+00 0.000000000000000000e+00
1.015498969335950852e+00 0.000000000000000000e+00
1.015452368836504027e+00 0.000000000000000000e+00
1.015408357532501915e+00 0.000000000000000000e+00
1.015366709137873080e+00 0.000000000000000000e+00
1.015327223460144257e+00 0.000000000000000000e+00
1.015289722698052177e+00 0.000000000000000000e+00
1.015254048350921812e+00 0.000000000000000000e+00
1.015220058624746846e+00 0.000000000000000000e+00
1.015187626243970298e+00 0.000000000000000000e+00
1.015156636596503903e+00 0.000000000000000000e+00
1.015126986153917832e+00 0.000000000000000000e+00
1.015098581119986854e+00 0.000000000000000000e+00
1.015071336269623536e+00 0.000000000000000000e+00
1.015045173947241253e+00 0.000000000000000000e+00
1.015020023199167731e+00 0.000000000000000000e+00
1.014995819019190115e+00 0.000000000000000000e+00
1.014972501689916706e+00 0.000000000000000000e+00
1.014950016205534267e+00 0.000000000000000000e+00
1.014928311763906965e+00 0.000000000000000000e+00
1.014907341317881739e+00 0.000000000000000000e+00
1.014887061177238481e+00 0.000000000000000000e+00
1.014867430654012859e+00 0.000000000000000000e+00
1.014848411744981416e+00 0.000000000000000000e+00
1.014829968845964103e+00 0.000000000000000000e+00
1.014812068493325947e+00 0.000000000000000000e+00
1.014794679128634414e+00 0.000000000000000000e+00
1.014777770882916208e+00 0.000000000000000000e+00
1.014761315377339601e+00 0.000000000000000000e+00
1.014745285537451247e+00 0.000000000000000000e+00
1.014729655418332266e+00 0.000000000000000000e+00
1.014714400038203568e+00 0.000000000000000000e+00
1.014699495218120973e+00 0.000000000000000000e+00
1.014684917425442645e+00 0.000000000000000000e+00
1.014670643618740264e+00 0.000000000000000000e+00
1.014656651091745632e+00 0.000000000000000000e+00
1.014642917313775650e+00 0.000000000000000000e+00
1.014629419763848128e+00 0.000000000000000000e+00
1.014616135755374904e+00 0.000000000000000000e+00
1.014603042247876896e+00 0.000000000000000000e+00
1.014590115641589962e+00 0.000000000000000000e+00
1.014577331550066130e+00 0.000000000000000000e+00
1.014564664544890249e+00 0.000000000000000000e+00
1.014552087865362440e+00 0.000000000000000000e+00
1.014539573084341839e+00 0.000000000000000000e+00
1.014527089719290842e+00 0.000000000000000000e+00
1.014514604774758411e+00 0.000000000000000000e+00
1.014502082198833532e+00 0.000000000000000000e+00
1.014489482231197393e+00 0.000000000000000000e+00
1.014476760613857165e+00 0.000000000000000000e+00
1.014463867626811400e+00 0.000000000000000000e+00
1.014450746898865718e+00 0.000000000000000000e+00
1.014437333927282081e+00 0.000000000000000000e+00
1.014423554216883128e+00 0.000000000000000000e+00
1.014409320916754620e+00 0.000000000000000000e+00
1.014394531786228182e+00 0.000000000000000000e+00
1.014379065254427559e+00 0.000000000000000000e+00
1.014362775238266678e+00 0.000000000000000000e+00
1.014345484234588257e+00 0.000000000000000000e+00
1.014326973973753709e+00 0.000000000000000000e+00
1.014306972564870568e+00 0.000000000000000000e+00
1.014285136490882255e+00 0.000000000000000000e+00
1.014261024871127015e+00 0.000000000000000000e+00
1.014234061815265653e+00 0.000000000000000000e+00
1.014203479899768334e+00 0.000000000000000000e+00
1.014168232712709283e+00 0.000000000000000000e+00
1.014126854733154115e+00 0.000000000000000000e+00
1.014077227412184312e+00 0.000000000000000000e+00
1.014016168997003309e+00 0.000000000000000000e+00
1.013938670896386895e+00 0.000000000000000000e+00
1.013836365638738135e+00 0.000000000000000000e+00
1.013694142565833012e+00 0.000000000000000000e+00
1.013481639286623270e+00 0.000000000000000000e+00
1.013127501793239515e+00 0.000000000000000000e+00
1.012414957362681278e+00 0.000000000000000000e+00
1.010226547695919352e+00 0.000000000000000000e+00
1.125275212018346238e+00 0.000000000000000000e+00
1.018497784983557475e+00 0.000000000000000000e+00
1.016541494097954246e+00 0.000000000000000000e+00
1.015872701903339559e+00 0.000000000000000000e+00
1.015534843871730875e+00 0.000000000000000000e+00
1.015330940970058604e+00 0.000000000000000000e+00
1.015194522789446552e+00 0.000000000000000000e+00
1.015096901338974122e+00 0.000000000000000000e+00
1.015023666737814967e+00 0.000000000000000000e+00
1.014966787772503487e+00 0.000000000000000000e+00
1.014921434508399001e+00 0.000000000000000000e+00
1.014884528167507405e+00 0.000000000000000000e+00
1.014854013823204060e+00 0.000000000000000000e+00
1.014828467816636159e+00 0.000000000000000000e+00
1.014806872978991414e+00 0.000000000000000000e+00
1.014788483544779574e+00 0.000000000000000000e+00
1.014772740607872370e+00 0.000000000000000000e+00
1.014759217354443965e+00 0.000000000000000000e+00
1.014747582517155466e+00 0.000000000000000000e+00
1.014737575350956877e+00 0.000000000000000000e+00
1.014728988105767948e+00 0.000000000000000000e+00
1.014721653501832632e+00 0.000000000000000000e+00
1.014715435619025108e+00 0.000000000000000000e+00
1.014710223163113323e+00 0.000000000000000000e+00
1.014705924417143468e+00 0.000000000000000000e+00
1.014702463407205490e+00 0.000000000000000000e+00
1.014699776956501154e+00 0.000000000000000000e+00
1.014697812398167365e+00 0.000000000000000000e+00
1.014696525782833092e+00 0.000000000000000000e+00
1.014695880462133770e+00 0.000000000000000000e+00
1.014695845961080201e+00 0.000000000000000000e+00
1.014696397074682954e+00 0.000000000000000000e+00
1.014697513140426111e+00 0.000000000000000000e+00
1.014699177449957412e+00 0.000000000000000000e+00
1.014701376772046748e+00 0.000000000000000000e+00
1.014704100965315492e+00 0.000000000000000000e+00
1.014707342664090683e+00 0.000000000000000000e+00
1.014711097024424635e+00 0.000000000000000000e+00
1.014715361520141856e+00 0.000000000000000000e+00
1.014720135780958099e+00 0.000000000000000000e+00
1.014725421466429633e+00 0.000000000000000000e+00
1.014731222170834224e+00 0.000000000000000000e+00
1.014737543355168858e+00 0.000000000000000000e+00
1.014744392303319254e+00 0.000000000000000000e+00
1.014751778100177360e+00 0.000000000000000000e+00
1.014759711630079941e+00 0.000000000000000000e+00
1.014768205594460682e+00 0.000000000000000000e+00
1.014777274548052333e+00 0.000000000000000000e+00
1.014786934953383568e+00 0.000000000000000000e+00
1.014797205253687995e+00 0.000000000000000000e+00
1.014808105964710938e+00 0.000000000000000000e+00
1.014819659786245554e+00 0.000000000000000000e+00
1.014831891734606195e+00 0.000000000000000000e+00
1.014844829297630424e+00 0.000000000000000000e+00
1.014858502614214064e+00 0.000000000000000000e+00
1.014872944680853761e+00 0.000000000000000000e+00
1.014888191588184219e+00 0.000000000000000000e+00
1.014904282791099011e+00 0.000000000000000000e+00
1.014921261416727116e+00 0.000000000000000000e+00
1.014939174615344664e+00 0.000000000000000000e+00
1.014958073960251506e+00 0.000000000000000000e+00
1.014978015903766684e+00 0.000000000000000000e+00
1.014999062297846866e+00 0.000000000000000000e+00
1.015021280989446772e+00 0.000000000000000000e+00
1.015044746502703488e+00 0.000000000000000000e+00
1.015069540822402194e+00 0.000000000000000000e+00
1.015095754296081676e+00 0.000000000000000000e+00
1.015123486675711728e+00 0.000000000000000000e+00
1.015152848324271107e+00 0.000000000000000000e+00
1.015183961618010722e+00 0.000000000000000000e+00
1.015216962582009996e+00 0.000000000000000000e+00
1.015252002805169473e+00 0.000000000000000000e+00
1.015289251691585015e+00 0.000000000000000000e+00
1.015328899118948192e+00 0.000000000000000000e+00
1.015371158592154766e+00 0.000000000000000000e+00
1.015416271002875126e+00 0.000000000000000000e+00
1.015464509135125759e+00 0.000000000000000000e+00
1.015516183095178437e+00 0.000000000000000000e+00
1.015571646894624314e+00 0.000000000000000000e+00
1.015631306482562612e+00 0.000000000000000000e+00
1.015695629613036166e+00 0.000000000000000000e+00
1.015765158056120443e+00 0.000000000000000000e+00
1.015840522828692638e+00 0.000000000000000000e+00
1.015922463353390315e+00 0.000000000000000000e+00
1.016011851780723285e+00 0.000000000000000000e+00
1.016109724173928308e+00 0.000000000000000000e+00
1.016217320927143453e+00 0.000000000000000000e+00
1.016336139771949254e+00 0.000000000000000000e+00
1.016468006196910689e+00 0.000000000000000000e+00
1.016615168340484932e+00 0.000000000000000000e+00
1.016780426890561806e+00 0.000000000000000000e+00
1.016967316044564695e+00 0.000000000000000000e+00
1.017180360588031185e+00 0.000000000000000000e+00
1.017425449263141601e+00 0.000000000000000000e+00
1.017710390803553411e+00 0.000000000000000000e+00
1.018045766154981546e+00 0.000000000000000000e+00
1.018446278882290112e+00 0.000000000000000000e+00
1.018932980206806782e+00 0.000000000000000000e+00
1.019537109543924069e+00 0.000000000000000000e+00
1.020307107368768396e+00 0.000000000000000000e+00
1.021322345584381397e+00 0.000000000000000000e+00
1.022722508566335620e+00 0.000000000000000000e+00
1.024778318988137871e+00 0.000000000000000000e+00
1.028092281980334644e+00 0.000000000000000000e+00
1.034331481845904621e+00 0.000000000000000000e+00
1.050439372312854447e+00 0.000000000000000000e+00
1.188639702195659398e+00 0.000000000000000000e+00
9.514035524755398709e-01 0.000000000000000000e+00
9.874553079273431511e-01 0.000000000000000000e+00
9.971584154290726865e-01 0.000000000000000000e+00
1.001669865510924851e+00 0.000000000000000000e+00
1.004278298788523038e+00 0.000000000000000000e+00
1.005979104061296203e+00 0.000000000000000000e+00
1.007176605742598596e+00 0.000000000000000000e+00
1.008066076641151332e+00 0.000000000000000000e+00
1.008753385109893541e+00 0.000000000000000000e+00
1.009300908777390759e+00 0.000000000000000000e+00
1.009747789071496982e+00 0.000000000000000000e+00
1.010119830858538403e+00 0.000000000000000000e+00
1.010434738397927301e+00 0.000000000000000000e+00
1.010705064240142947e+00 0.000000000000000000e+00
1.010939957469830119e+00 0.000000000000000000e+00
1.011146245388661491e+00 0.000000000000000000e+00
1.011329127432381014e+00 0.000000000000000000e+00
1.011492634365048771e+00 0.000000000000000000e+00
1.011639940447277342e+00 0.000000000000000000e+00
1.011773580727928223e+00 0.000000000000000000e+00
1.011895605489832706e+00 0.000000000000000000e+00
1.012007692091584143e+00 0.000000000000000000e+00
1.012111227325411367e+00 0.000000000000000000e+00
1.012207368989592737e+00 0.000000000000000000e+00
1.012297092561116774e+00 0.000000000000000000e+00
1.012381227025235697e+00 0.000000000000000000e+00
1.012460482705263454e+00 0.000000000000000000e+00
1.012535473116469742e+00 0.000000000000000000e+00
1.012606732305163293e+00 0.000000000000000000e+00
1.012674728741744579e+00 0.000000000000000000e+00
1.012739876559186625e+00 0.000000000000000000e+00
1.012802544729872523e+00 0.000000000000000000e+00
1.012863064629933696e+00 0.000000000000000000e+00
1.012921736334996936e+00 0.000000000000000000e+00
1.012978833913505960e+00 0.000000000000000000e+00
1.013034609925882013e+00 0.000000000000000000e+00
1.013089299294374968e+00 0.000000000000000000e+00
1.013143122675777219e+00 0.000000000000000000e+00
1.013196289444500797e+00 0.000000000000000000e+00
1.013249000374975228e+00 0.000000000000000000e+00
1.013301450098474277e+00 0.000000000000000000e+00
1.013353829399391337e+00 0.000000000000000000e+00
1.013406327408899799e+00 0.000000000000000000e+00
1.013459133749438967e+00 0.000000000000000000e+00
1.013512440681206161e+00 0.000000000000000000e+00
1.013566445301695929e+00 0.000000000000000000e+00
1.013621351851276220e+00 0.000000000000000000e+00
1.013677374181938706e+00 0.000000000000000000e+00
1.013734738452967132e+00 0.000000000000000000e+00
1.013793686126756022e+00 0.000000000000000000e+00
1.013854477350987437e+00 0.000000000000000000e+00
1.013917394830726293e+00 0.000000000000000000e+00
1.013982748316964555e+00 0.000000000000000000e+00
1.014050879868400701e+00 0.000000000000000000e+00
1.014122170083179952e+00 0.000000000000000000e+00
1.014197045550207177e+00 0.000000000000000000e+00
1.014275987840102866e+00 0.000000000000000000e+00
1.014359544450440964e+00 0.000000000000000000e+00
1.014448342247939339e+00 0.000000000000000000e+00
1.014543104125300799e+00 0.000000000000000000e+00
1.014644669832312829e+00 0.000000000000000000e+00
1.014754022279074519e+00 0.000000000000000000e+00
1.014872321088408524e+00 0.000000000000000000e+00
1.015000945862883475e+00 0.000000000000000000e+00
1.015141552635996591e+00 0.000000000000000000e+00
1.015296148466396708e+00 0.000000000000000000e+00
1.015467191383827350e+00 0.000000000000000000e+00
1.015657726363010216e+00 0.000000000000000000e+00
1.015871573466173183e+00 0.000000000000000000e+00
1.016113593121389158e+00 0.000000000000000000e+00
1.016390068159258808e+00 0.000000000000000000e+00
1.016709267330294209e+00 0.000000000000000000e+00
1.017082299551421709e+00 0.000000000000000000e+00
1.017524450359680310e+00 0.000000000000000000e+00
1.018057351142441558e+00 0.000000000000000000e+00
1.018712656744450218e+00 0.000000000000000000e+00
1.019538615546659477e+00 0.000000000000000000e+00
1.020612586571887137e+00 0.000000000000000000e+00
1.022066899674408891e+00 0.000000000000000000e+00
1.024148238189294569e+00 0.000000000000000000e+00
1.027375213425857359e+00 0.000000000000000000e+00
1.033055620539209407e+00 0.000000000000000000e+00
1.045709378303472326e+00 0.000000000000000000e+00
1.098619670080614119e+00 0.000000000000000000e+00
8.666391097710859359e-01 0.000000000000000000e+00
9.729642355455169200e-01 0.000000000000000000e+00
9.896183926621620053e-01 0.000000000000000000e+00
9.963932694978269167e-01 0.000000000000000000e+00
1.000068617714662045e+00 0.000000000000000000e+00
1.002375442837045272e+00 0.000000000000000000e+00
1.003958022169827879e+00 0.000000000000000000e+00
1.005111026079201109e+00 0.000000000000000000e+00
1.005988327336098553e+00 0.000000000000000000e+00
1.006678121607284426e+00 0.000000000000000000e+00
1.007234589828511551e+00 0.000000000000000000e+00
1.007692854306754704e+00 0.000000000000000000e+00
1.008076681288003762e+00 0.000000000000000000e+00
1.008402727245343744e+00 0.000000000000000000e+00
1.008683012362637355e+00 0.000000000000000000e+00
1.008926428531186525e+00 0.000000000000000000e+00
1.009139694676189025e+00 0.000000000000000000e+00
1.009327982116835498e+00 0.000000000000000000e+00
1.009495335685551387e+00 0.000000000000000000e+00
1.009644964409846857e+00 0.000000000000000000e+00
1.009779446577099948e+00 0.000000000000000000e+00
1.009900877224917393e+00 0.000000000000000000e+00
1.010010976071679778e+00 0.000000000000000000e+00
1.010111167735484816e+00 0.000000000000000000e+00
1.010202642200460632e+00 0.000000000000000000e+00
1.010286400979809152e+00 0.000000000000000000e+00
1.010363292771795818e+00 0.000000000000000000e+00
1.010434041295328988e+00 0.000000000000000000e+00
1.010499267234166609e+00 0.000000000000000000e+00
1.010559505693331861e+00 0.000000000000000000e+00
1.010615220201563025e+00 0.000000000000000000e+00
1.010666814029934857e+00 0.000000000000000000e+00
1.010714639406411930e+00 0.000000000000000000e+00
1.010759005067052074e+00 0.000000000000000000e+00
1.010800182481932374e+00 0.000000000000000000e+00
1.010838411017337179e+00 0.000000000000000000e+00
1.010873902238142330e+00 0.000000000000000000e+00
1.010906843510585462e+00 0.000000000000000000e+00
1.010937401032119265e+00 0.000000000000000000e+00
1.010965722389191690e+00 0.000000000000000000e+00
1.010991938723694306e+00 0.000000000000000000e+00
1.011016166573076358e+00 0.000000000000000000e+00
1.011038509436700039e+00 0.000000000000000000e+00
1.011059059111147906e+00 0.000000000000000000e+00
1.011077896829309042e+00 0.000000000000000000e+00
1.011095094231719616e+00 0.000000000000000000e+00
1.011110714193481641e+00 0.000000000000000000e+00
1.011124811525884848e+00 0.000000000000000000e+00
1.011137433568385369e+00 0.000000000000000000e+00
1.011148620683714805e+00 0.000000000000000000e+00
1.011158406666480047e+00 0.000000000000000000e+00
1.011166819073542333e+00 0.000000000000000000e+00
1.011173879482692550e+00 0.000000000000000000e+00
1.011179603684572159e+00 0.000000000000000000e+00
1.011184001811371802e+00 0.000000000000000000e+00
1.011187078404551576e+00 0.000000000000000000e+00
1.011188832422584394e+00 0.000000000000000000e+00
1.011189257188517709e+00 0.000000000000000000e+00
1.011188340275932074e+00 0.000000000000000000e+00
1.011186063330592022e+00 0.000000000000000000e+00
1.011182401823721433e+00 0.000000000000000000e+00
1.011177324731314275e+00 0.000000000000000000e+00
1.011170794132177919e+00 0.000000000000000000e+00
1.011162764715425766e+00 0.000000000000000000e+00
1.011153183185809157e+00 0.000000000000000000e+00
1.011141987552505839e+00 0.000000000000000000e+00
1.011129106283643608e+00 0.000000000000000000e+00
1.011114457304768566e+00 0.000000000000000000e+00
1.011097946814466964e+00 0.000000000000000000e+00
1.011079467884154370e+00 0.000000000000000000e+00
1.011058898801311834e+00 0.000000000000000000e+00
1.011036101105716956e+00 0.000000000000000000e+00
1.011010917255892760e+00 0.000000000000000000e+00
1.010983167847260500e+00 0.000000000000000000e+00
1.010952648283252708e+00 0.000000000000000000e+00
1.010919124774429356e+00 0.000000000000000000e+00
1.010882329506393118e+00 0.000000000000000000e+00
1.010841954772190299e+00 0.000000000000000000e+00
1.010797645804936362e+00 0.000000000000000000e+00
1.010748991965946919e+00 0.000000000000000000e+00
1.010695515834644231e+00 0.000000000000000000e+00
1.010636659597127451e+00 0.000000000000000000e+00
1.010571767923300390e+00 0.000000000000000000e+00
1.010500066231965866e+00 0.000000000000000000e+00
1.010420632830195231e+00 0.000000000000000000e+00
1.010332362817205398e+00 0.000000000000000000e+00
1.010233920769179505e+00 0.000000000000000000e+00
1.010123677918377982e+00 0.000000000000000000e+00
1.009999627559578839e+00 0.000000000000000000e+00
1.009859269344340671e+00 0.000000000000000000e+00
1.009699448245764186e+00 0.000000000000000000e+00
1.009516126032425909e+00 0.000000000000000000e+00
1.009304049777673962e+00 0.000000000000000000e+00
1.009056258891103175e+00 0.000000000000000000e+00
1.008763330798367885e+00 0.000000000000000000e+00
1.008412187956319483e+00 0.000000000000000000e+00
1.007984136652213314e+00 0.000000000000000000e+00
1.007451491070435967e+00 0.000000000000000000e+00
1.006771429309012644e+00 0.000000000000000000e+00
1.005874014333924205e+00 0.000000000000000000e+00
1.004636698784081128e+00 0.000000000000000000e+00
1.002823400604554882e+00 0.000000000000000000e+00
9.999133968243788528e-01 0.000000000000000000e+00
9.944872549811463180e-01 0.000000000000000000e+00
9.808165928315736304e-01 0.000000000000000000e+00
8.810413829860395118e-01 0.000000000000000000e+00
1.073733004813099745e+00 0.000000000000000000e+00
1.037354631521041126e+00 0.000000000000000000e+00
1.028104364394932801e+00 0.000000000000000000e+00
1.023880859777781538e+00 0.000000000000000000e+00
1.021463384488690007e+00 0.000000000000000000e+00
1.019898396074673919e+00 0.000000000000000000e+00
1.018803137236648393e+00 0.000000000000000000e+00
1.017994143913806049e+00 0.000000000000000000e+00
1.017372475891676675e+00 0.000000000000000000e+00
1.016880068293215755e+00 0.000000000000000000e+00
1.016480599340685353e+00 0.000000000000000000e+00
1.016150184357225816e+00 0.000000000000000000e+00
1.015872472427447715e+00 0.000000000000000000e+00
1.015635893279203561e+00 0.000000000000000000e+00
1.015432029239864864e+00 0.000000000000000000e+00
1.015254610076506747e+00 0.000000000000000000e+00
1.015098869354455591e+00 0.000000000000000000e+00
1.014961119197983042e+00 0.000000000000000000e+00
1.014838461621005328e+00 0.000000000000000000e+00
1.014728587856791764e+00 0.000000000000000000e+00
1.014629635903126159e+00 0.000000000000000000e+00
1.014540087488419839e+00 0.000000000000000000e+00
1.014458692293044750e+00 0.000000000000000000e+00
1.014384411369801064e+00 0.000000000000000000e+00
1.014316374318556147e+00 0.000000000000000000e+00
