8.267552592619562546e-01
0.000000000000000000e+00
7.432519207242572756e-01
0.000000000000000000e+00
4.158810081111977697e-01
0.000000000000000000e+00
8.583537030814089586e-02
0.000000000000000000e+00
2.605500857731110065e-01
0.000000000000000000e+00
-2.874587127096072184e-02
0.000000000000000000e+00
-8.077211059093951651e-01
0.000000000000000000e+00
-5.288833132730728082e-01
0.000000000000000000e+00
-3.350816915696245846e-01
0.000000000000000000e+00
-6.354952656775977315e-01
0.000000000000000000e+00
