9.652586561958976796e-01
9.649390298805209376e-01
9.646090725474107952e-01
9.642680132448527841e-01
9.639149780858844441e-01
9.635489696524207615e-01
9.631688408924388156e-01
9.627732616644236741e-01
9.623606753337904385e-01
9.619292417149009067e-01
9.614767609746498467e-01
9.610005705292601341e-01
9.604974028959498700e-01
9.599631858927253347e-01
9.593927556864312312e-01
9.587794345639786275e-01
9.581143923402513085e-01
9.573856496534406402e-01
9.565764646226877499e-01
9.556626075406657872e-01
9.546075179302139224e-01
9.533531563746383553e-01
9.518013816871319088e-01
9.497723616443080052e-01
9.469005949506165143e-01
9.423445833836607832e-01
9.342528810605789102e-01
9.795313669714136307e-01
1.013460801530928768e+00
9.797317473861911763e-01
9.696992935671584490e-01
9.647370001302250087e-01
9.615894312696929846e-01
9.592737808545800382e-01
9.573943988426830698e-01
9.557607960417164872e-01
9.542689090005660457e-01
9.528559774086446943e-01
9.514807956986638393e-01
9.501140956917935032e-01
9.487334383026265749e-01
9.473202832128110318e-01
9.458581751857076947e-01
9.443315237190444966e-01
9.427246978405505740e-01
9.410212753494151539e-01
9.392033431737478733e-01
9.372507719556901762e-01
9.351403964090488907e-01
9.328450286784855106e-01
9.303322158810208853e-01
9.275626231074505235e-01
9.244878739201916051e-01
9.210476015527826466e-01
9.171653375268297159e-01
9.127426585122119240e-01
9.076506704683571236e-01
9.017173292104994076e-01
8.947080914412566255e-01
8.862956187877244485e-01
8.760111274952859794e-01
8.631646667784332871e-01
8.467143040055626901e-01
8.250657468394662075e-01
7.958838912734361726e-01
7.568862184892430900e-01
7.162121954293262371e-01
7.839294536179494122e-01
1.286338444321458496e+00
1.421419633207582578e+00
1.303966031306977413e+00
1.217662544926379597e+00
1.163266954892374860e+00
1.127291714193570549e+00
1.102073233276202435e+00
1.083512874934601022e+00
1.069310316264905580e+00
1.058097510452906231e+00
1.049017163030418587e+00
1.041507478347825977e+00
1.035186103597466323e+00
1.029784314066447326e+00
1.025107981151480718e+00
1.021013499557438253e+00
1.017392423579547733e+00
1.014161362970330549e+00
1.011255159747535881e+00
1.008622171310040727e+00
1.006220940817046161e+00
1.004017802418237348e+00
1.001985129571175692e+00
1.000100034047395114e+00
9.983433861661727970e-01
9.966990675295137603e-01
9.951533944206641946e-01
9.936946681006210147e-01
9.923128205863434026e-01
9.909991330626847228e-01
9.897460101094447404e-01
9.885467972234844858e-01
9.873956322177940281e-01
9.862873233433043785e-01
9.852172486489456649e-01
9.841812723391438755e-01
9.831756748228485110e-01
9.821970938570482312e-01
9.812424747295664940e-01
9.803090278432140536e-01
9.793941923870114197e-01
9.784956050328371679e-01
9.776110727942649570e-01
9.767385493410281061e-01
9.758761141868418365e-01
9.750219542673504991e-01
9.741743475040997025e-01
9.733316480138174409e-01
9.724922726730568234e-01
9.716546887888777295e-01
9.708174026585711935e-01
9.699789488269369153e-01
9.691378798694197938e-01
9.682927565443189000e-01
9.674421381679589871e-01
9.665845730735905805e-01
9.657185890181620991e-01
9.648426834011359920e-01
9.639553131562502708e-01
9.630548841704485996e-01
9.621397400738995742e-01
9.612081502307671110e-01
9.602582967416263271e-01
9.592882602444908757e-01
9.582960042713872806e-01
9.572793578801267467e-01
9.562359962348275788e-01
9.551634187519468799e-01
9.540589243585491097e-01
9.529195833231272061e-01
9.517422050123737209e-01
9.505233007946135571e-01
9.492590411452660470e-01
9.479452058027854067e-01
9.465771255632741132e-01
9.451496139729037571e-01
9.436568867588400744e-01
9.420924663040461944e-01
9.404490677821167877e-01
9.387184626749516259e-01
9.368913142300165919e-01
9.349569778808077825e-01
9.329032576230832374e-01
9.307161066279411310e-01
9.283792567245846561e-01
9.258737564390097097e-01
9.231773905185604034e-01
9.202639445845065547e-01
9.171022657268301792e-01
9.136550521128720126e-01
9.098772802615532340e-01
9.057141456093610321e-01
9.010983493215267703e-01
8.959465154725362313e-01
8.901544874289182285e-01
8.835913034518478870e-01
8.760920361104947984e-01
8.674512330102964741e-01
8.574243636781135880e-01
8.457656173532850374e-01
8.324127129080117760e-01
8.182772841224634774e-01
8.085099593041402688e-01
8.210208537481038515e-01
8.543407055652949555e-01
8.338563876615112669e-01
7.903002478699612254e-01
7.901930458095910437e-01
9.508628546010953198e-01
1.269900245948345274e+00
1.385906109315195645e+00
1.340563593058882841e+00
1.275656058188597841e+00
1.223043115056674068e+00
1.183358672443444393e+00
1.153256908921402202e+00
1.129916969463344412e+00
1.111382364166478620e+00
1.096334457099739090e+00
1.083875549989527398e+00
1.073381696210978564e+00
1.064409141407541393e+00
1.056635159839786509e+00
1.049820128391527829e+00
1.043782728029614359e+00
1.038383378843485527e+00
1.033512939780976581e+00
1.029084844336369153e+00
1.025029524284201132e+00
1.021290386486478852e+00
1.017820862875031374e+00
1.014582214290205231e+00
1.011541871848593344e+00
1.008672166751299448e+00
1.005949344073912677e+00
1.003352786151173737e+00
1.000864391699889833e+00
9.984680709889172112e-01
9.961493272050890857e-01
9.938949010060452727e-01
9.916924599689330710e-01
9.895303178226623197e-01
9.873971703983377424e-01
9.852818364692301767e-01
9.831729924175851565e-01
9.810588904875532368e-01
9.789270523206135000e-01
9.767639348852124037e-01
9.745545802890042131e-01
9.722822973324392049e-01
9.699285128310127790e-01
9.674731549353556836e-01
9.648964998084387235e-01
9.621849091051158931e-01
9.593470063466532638e-01
9.564588324684135667e-01
9.537934065301415520e-01
9.522068841587394417e-01
9.542847987645090013e-01
9.669372768965083242e-01
9.987228381032541291e-01
1.028939512668427314e+00
1.029067135300451019e+00
1.016083688987423628e+00
1.003625904340912367e+00
9.938795186857709574e-01
9.863219299317074196e-01
9.802690334835697517e-01
9.752294374172676417e-01
9.708792136440024256e-01
9.670049165429602800e-01
9.634625858001651943e-01
9.601521070751893872e-01
9.570015316918316639e-01
9.539573836228296688e-01
9.509785344374853677e-01
9.480322307967853357e-01
9.450914457041401651e-01
9.421330605559093962e-01
9.391365784310500286e-01
9.360831821912783957e-01
9.329550184181342187e-01
9.297346292270001200e-01
9.264044794041035313e-01
9.229465423286433712e-01
9.193419184246668374e-01
9.155704666608243114e-01
9.116104343148917488e-01
9.074380738759837417e-01
9.030272394688120263e-01
8.983489595516935822e-01
8.933709892436854094e-01
8.880573566460718826e-01
8.823679365785576101e-01
8.762581185531255201e-01
8.696786946797783191e-01
8.625761974360740547e-01
8.548941028672921716e-01
8.465756477639220234e-01
8.375696114568020878e-01
8.278415100183266206e-01
8.173946609132208829e-01
8.063092589603613192e-01
7.948142693121719171e-01
7.834185491296206116e-01
7.731458493249472319e-01
7.659390929178532259e-01
7.652906829544663392e-01
7.769932664564261904e-01
8.092712072881314000e-01
8.701907838716880228e-01
9.599821318323974451e-01
1.062708914753989209e+00
1.151703414238217871e+00
1.208894345447545149e+00
1.233935710099105520e+00
1.236342215826794710e+00
1.226021619694246390e+00
1.209770489331206011e+00
1.191451169396175569e+00
1.173021326362347683e+00
1.155371512991643534e+00
1.138838017381797130e+00
1.123484666668252085e+00
1.109250292015234507e+00
1.096024076460116792e+00
1.083683720486443125e+00
1.072115139882367618e+00
1.061223706526532196e+00
1.050942641983886761e+00
1.041242128322696026e+00
1.032141966158596436e+00
1.023730631672725488e+00
1.016193968058023200e+00
1.009856901838495968e+00
1.005240123556668586e+00
1.003127396021459061e+00
1.004621617566326286e+00
1.011129905381032312e+00
1.024159257830753900e+00
1.044770761129812264e+00
1.072675551073732469e+00
1.105408776075790689e+00
1.138488501064535807e+00
1.167017383554938226e+00
1.187722107170384067e+00
1.199841230921566027e+00
1.204536166675651998e+00
1.203755146209985361e+00
1.199392218975442681e+00
1.192929548901377368e+00
1.185395634252151886e+00
1.177450947090163735e+00
1.169495178335608454e+00
1.161756482863743667e+00
1.154355438786758947e+00
1.147347705516841732e+00
1.140751468644460642e+00
1.134564864126373696e+00
1.128777142408060374e+00
1.123376132411574746e+00
1.118353729722851186e+00
1.113710605186292391e+00
1.109461011685553222e+00
1.105638350738913589e+00
1.102301905261199755e+00
1.099544612664977050e+00
1.097500516886476651e+00
1.096347927587679960e+00
1.096299680072873040e+00
1.097565957233531897e+00
1.100273445268729056e+00
1.104341139237428271e+00
1.109361898220687648e+00
1.114596389681245414e+00
1.119163231079688181e+00
1.122353397070691150e+00
1.123857180628695662e+00
1.123766354890430419e+00
1.122413294411497953e+00
1.120193125671958612e+00
1.117453536538454584e+00
1.114455601128183870e+00
1.111376316588921664e+00
