1.019776929667590037e+00
1.003774241634348918e+00
1.002872681745152317e+00
9.967871524930747018e-01
9.822494992797783375e-01
1.006929701246537245e+00
1.001520341911357193e+00
1.000618782022160591e+00
9.857430438504154457e-01
9.988156622437672771e-01
9.823621942659279682e-01
1.007943956121883700e+00
1.009183600969528971e+00
9.950967277008310186e-01
9.916031831301937993e-01
1.001182256952908523e+00
1.009634380914127272e+00
1.003886936620498549e+00
9.965617625207755514e-01
9.981394923268697150e-01
9.968998474792243325e-01
9.917158781163434300e-01
1.000618782022160591e+00
9.909270132132963482e-01
9.843907040166204325e-01
9.902508432963987861e-01
1.013353315457063752e+00
1.004225021578947219e+00
1.005013886481994412e+00
1.005126581468144042e+00
9.919412680886425804e-01
9.956602026315788390e-01
1.020678489556786639e+00
1.013015230498614860e+00
9.970125424653738522e-01
1.010648635789473726e+00
9.851795689196675143e-01
1.008845516011080301e+00
9.761639700277007226e-01
9.907016232409971979e-01
9.935189978947367440e-01
1.003098071717451356e+00
9.974633224099722639e-01
1.013691400415512422e+00
1.002759986759002686e+00
9.956602026315788390e-01
1.013240620470914122e+00
1.008958210997229932e+00
9.856303488642659261e-01
9.882223335457063218e-01
9.978014073684210450e-01
1.009183600969528971e+00
1.004112326592797810e+00
1.013015230498614860e+00
1.006253531329639905e+00
1.009296295955678602e+00
9.972379324376731136e-01
1.002534596786703647e+00
1.010085160858725795e+00
1.008394736066482000e+00
1.010423245817174465e+00
9.994918321606647282e-01
9.949840327146813879e-01
1.007493176177285177e+00
1.007155091218836507e+00
1.015269130221606586e+00
1.010648635789473726e+00
1.009747075900276903e+00
1.012000975623268628e+00
9.926174380055401425e-01
9.983648822991688654e-01
1.020903879529085900e+00
1.002759986759002686e+00
1.008507431052631631e+00
9.843907040166204325e-01
1.025524373961218760e+00
1.048401456149584465e+00
1.103396609390581595e+00
1.049753795983379367e+00
1.017861114903046982e+00
1.000618782022160591e+00
9.992664421883655779e-01
9.990410522160664275e-01
1.026989408781163293e+00
9.984775772853184961e-01
1.010310550831024834e+00
1.011324805706371066e+00
9.957728976177284697e-01
1.008845516011080301e+00
1.017861114903046982e+00
9.926174380055401425e-01
9.872080786703600896e-01
1.003548851662049879e+00
9.901381483102492664e-01
9.970125424653738522e-01
9.905889282548475672e-01
9.836018391135733507e-01
1.004112326592797810e+00
9.963363725484764011e-01
9.735719853462603268e-01
1.005802751385041383e+00
1.003999631606648180e+00
1.013240620470914122e+00
1.007493176177285177e+00
1.009972465872576164e+00
9.979141023545705647e-01
9.935189978947367440e-01
9.911524031855954986e-01
1.017861114903046982e+00
9.875461636288087597e-01
9.952094226869805382e-01
9.965617625207755514e-01
1.007718566149584438e+00
9.873207736565096093e-01
1.021016574515235309e+00
9.954348126592796886e-01
1.015156435235456955e+00
9.965617625207755514e-01
9.888985034626037729e-01
1.019213454736842106e+00
1.003999631606648180e+00
9.992664421883655779e-01
9.994918321606647282e-01
9.973506274238226332e-01
1.008732821024930670e+00
1.015719910166204887e+00
1.002759986759002686e+00
1.003548851662049879e+00
9.872080786703600896e-01
9.945332527700830871e-01
9.999426121052631400e-01
9.984775772853184961e-01
1.001520341911357193e+00
1.005351971440443082e+00
1.012677145540166190e+00
1.001520341911357193e+00
1.002309206814404385e+00
9.952094226869805382e-01
1.006591616288088575e+00
1.017635724930747942e+00
9.806717694736841739e-01
9.918285731024930607e-01
1.002421901800554016e+00
1.008282041080332370e+00
1.017973809889196612e+00
1.016170690110803188e+00
1.010423245817174465e+00
9.979141023545705647e-01
9.988156622437672771e-01
1.006366226315789314e+00
1.018762674792243805e+00
1.016959555013850380e+00
9.869826886980609393e-01
9.887858084764542532e-01
1.002985376731301947e+00
1.004225021578947219e+00
1.008282041080332370e+00
1.014367570332409985e+00
1.006929701246537245e+00
9.816860243490304061e-01
1.000844171994459852e+00
1.005915446371191013e+00
1.009408990941828232e+00
1.011324805706371066e+00
1.013804095401662053e+00
1.012113670609418259e+00
1.012564450554016560e+00
1.004112326592797810e+00
1.001182256952908523e+00
1.013015230498614860e+00
1.010761330775623135e+00
9.923920480332409921e-01
9.987029672576176464e-01
1.009070905983379340e+00
1.012789840526315821e+00
1.004337716565096850e+00
1.014029485373961093e+00
1.012677145540166190e+00
1.022030829390581763e+00
1.003886936620498549e+00
1.035103447783933373e+00
1.023495864210526296e+00
1.013240620470914122e+00
1.027665578698060855e+00
1.023608559196675927e+00
1.056740885124653584e+00
1.078603712437673057e+00
1.072630878171745072e+00
1.092352500747922450e+00
1.143854109418282583e+00
1.189720968781163402e+00
1.218570885235457091e+00
1.204484011966759027e+00
1.164815376842105232e+00
1.130781491024930752e+00
1.076462507700830962e+00
1.083449596842105178e+00
1.071616623296398840e+00
1.046936421329639932e+00
1.026651323822714623e+00
1.028229053628808787e+00
1.019664234681440407e+00
1.046598336371191040e+00
1.020678489556786639e+00
1.013015230498614860e+00
1.002083816842105124e+00
1.000618782022160591e+00
9.957728976177284697e-01
1.002872681745152317e+00
1.008282041080332370e+00
1.014142180360110723e+00
9.978014073684210450e-01
9.985902722714681268e-01
1.002534596786703647e+00
9.949840327146813879e-01
1.021241964487534570e+00
9.985902722714681268e-01
1.000618782022160591e+00
1.002083816842105124e+00
9.971252374515234829e-01
9.821368042936287068e-01
9.978014073684210450e-01
9.858557388365650764e-01
1.015381825207756217e+00
1.013127925484764491e+00
1.006366226315789314e+00
9.982521873130193457e-01
1.011324805706371066e+00
1.001069561966758892e+00
1.005802751385041383e+00
9.950967277008310186e-01
9.997172221329638786e-01
9.984775772853184961e-01
1.001520341911357193e+00
1.030821038310249183e+00
9.988156622437672771e-01
9.888985034626037729e-01
1.005464666426592713e+00
9.885604185041551029e-01
9.954348126592796886e-01
1.006253531329639905e+00
9.888985034626037729e-01
1.007718566149584438e+00
9.881096385595566911e-01
1.003886936620498549e+00
9.996045271468143589e-01
9.958855926038781003e-01
9.956602026315788390e-01
9.949840327146813879e-01
1.002309206814404385e+00
1.002534596786703647e+00
1.004450411551246480e+00
1.020115014626038707e+00
1.006591616288088575e+00
1.001407646925207784e+00
9.991537472022160582e-01
1.002421901800554016e+00
9.982521873130193457e-01
9.891238934349030343e-01
9.855176538781162954e-01
9.987029672576176464e-01
9.864192137673130079e-01
1.008169346094182739e+00
1.003436156675900248e+00
1.012564450554016560e+00
9.975760173961217836e-01
1.012451755567866929e+00
1.020791184542936270e+00
1.007267786204986137e+00
9.928428279778392929e-01
1.002309206814404385e+00
1.007380481191135768e+00
9.968998474792243325e-01
9.944205577839334564e-01
1.008056651108033108e+00
1.004112326592797810e+00
9.890111984487534036e-01
1.005351971440443082e+00
1.010874025761772765e+00
9.930682179501384432e-01
1.011662890664819958e+00
1.003098071717451356e+00
9.852922639058171450e-01
1.001858426869806085e+00
9.957728976177284697e-01
9.982521873130193457e-01
1.011775585650969367e+00
1.003661546648199288e+00
1.026313238864265953e+00
1.006591616288088575e+00
9.975760173961217836e-01
9.939697778393351557e-01
9.877715536011080211e-01
9.981394923268697150e-01
1.020115014626038707e+00
1.018424589833794913e+00
1.005013886481994412e+00
9.874334686426592400e-01
9.872080786703600896e-01
1.003098071717451356e+00
9.973506274238226332e-01
1.001294951939058153e+00
1.008056651108033108e+00
9.887858084764542532e-01
9.904762332686980475e-01
9.953221176731301689e-01
9.819114143213295565e-01
1.002083816842105124e+00
9.801082945429362425e-01
9.947586427423822375e-01
1.019889624653739446e+00
1.007267786204986137e+00
1.012226365595567890e+00
9.748116301939057093e-01
1.008056651108033108e+00
1.001407646925207784e+00
9.893492834072021846e-01
1.005351971440443082e+00
1.000168002077562290e+00
1.002534596786703647e+00
1.001633036897506823e+00
1.006140836343490275e+00
9.980267973407201954e-01
9.907016232409971979e-01
9.941951678116343061e-01
9.984775772853184961e-01
1.014592960304709024e+00
9.893492834072021846e-01
9.887858084764542532e-01
1.009408990941828232e+00
9.939697778393351557e-01
1.000506087036010960e+00
1.008620126038781040e+00
1.001520341911357193e+00
1.004450411551246480e+00
1.002309206814404385e+00
9.775163098614957358e-01
1.004112326592797810e+00
9.956602026315788390e-01
1.008056651108033108e+00
1.004901191495844781e+00
9.888985034626037729e-01
1.010197855844875203e+00
9.955475076454293193e-01
9.966744575069251821e-01
1.000731477008310222e+00
9.953221176731301689e-01
1.011099415734072027e+00
9.984775772853184961e-01
1.002309206814404385e+00
9.987029672576176464e-01
9.819114143213295565e-01
9.991537472022160582e-01
9.721069505263156829e-01
1.002309206814404385e+00
9.962236775623267704e-01
9.901381483102492664e-01
9.974633224099722639e-01
1.008394736066482000e+00
9.785305647368420789e-01
9.963363725484764011e-01
1.006929701246537245e+00
1.012789840526315821e+00
1.007155091218836507e+00
1.013804095401662053e+00
9.946459477562326068e-01
1.006817006260387837e+00
9.944205577839334564e-01
9.939697778393351557e-01
1.026087848891966692e+00
9.981394923268697150e-01
1.012451755567866929e+00
9.892365884210525540e-01
1.013127925484764491e+00
9.926174380055401425e-01
9.947586427423822375e-01
1.006028141357340644e+00
1.002534596786703647e+00
9.881096385595566911e-01
9.967871524930747018e-01
1.005802751385041383e+00
1.016170690110803188e+00
1.005351971440443082e+00
1.007718566149584438e+00
1.021467354459833832e+00
9.938570828531855250e-01
9.999426121052631400e-01
1.010761330775623135e+00
9.911524031855954986e-01
1.004337716565096850e+00
1.003774241634348918e+00
9.875461636288087597e-01
1.005577361412742343e+00
9.947586427423822375e-01
1.026087848891966692e+00
1.020678489556786639e+00
9.829256691966757886e-01
9.989283572299167968e-01
1.002759986759002686e+00
9.851795689196675143e-01
1.004901191495844781e+00
9.894619783933517043e-01
9.928428279778392929e-01
9.904762332686980475e-01
1.001069561966758892e+00
1.021241964487534570e+00
1.022256219362880802e+00
1.046823726343490302e+00
1.008507431052631631e+00
1.018875369778393214e+00
1.014367570332409985e+00
9.990410522160664275e-01
1.002759986759002686e+00
9.958855926038781003e-01
9.920539630747922111e-01
1.006366226315789314e+00
1.013916790387811684e+00
9.888985034626037729e-01
9.940824728254846754e-01
9.917158781163434300e-01
1.008282041080332370e+00
1.003886936620498549e+00
1.008282041080332370e+00
1.003886936620498549e+00
9.962236775623267704e-01
1.004225021578947219e+00
9.991537472022160582e-01
9.873207736565096093e-01
1.017861114903046982e+00
1.007718566149584438e+00
9.996045271468143589e-01
1.002872681745152317e+00
9.984775772853184961e-01
9.980267973407201954e-01
1.010874025761772765e+00
9.822494992797783375e-01
1.003098071717451356e+00
9.843907040166204325e-01
1.001971121855955715e+00
9.919412680886425804e-01
9.972379324376731136e-01
1.001407646925207784e+00
1.010085160858725795e+00
1.013578705429362792e+00
9.798829045706370922e-01
1.013353315457063752e+00
1.022256219362880802e+00
9.989283572299167968e-01
9.993791371745152086e-01
1.001633036897506823e+00
9.916031831301937993e-01
1.000731477008310222e+00
9.981394923268697150e-01
1.004563106537396111e+00
1.001294951939058153e+00
1.023383169224376665e+00
9.976887123822714143e-01
1.012113670609418259e+00
1.016283385096952818e+00
1.000956866980609261e+00
9.950967277008310186e-01
9.947586427423822375e-01
1.005351971440443082e+00
1.016734165041551119e+00
9.984775772853184961e-01
9.996045271468143589e-01
1.012451755567866929e+00
1.016508775069252080e+00
1.007042396232686876e+00
1.008732821024930670e+00
1.005351971440443082e+00
1.025411678975069130e+00
1.012339060581717298e+00
1.017297639972299050e+00
1.026651323822714623e+00
9.870953836842104590e-01
1.024510119085872528e+00
1.015381825207756217e+00
1.006253531329639905e+00
1.031159123268698075e+00
1.014818350277008285e+00
1.041865146952908550e+00
1.046711031357340671e+00
1.044569826620498576e+00
1.081871867036011015e+00
1.083224206869806139e+00
1.090549380969529025e+00
1.071503928310249210e+00
1.067559603795013690e+00
1.056628190138504175e+00
1.066770738891966719e+00
1.058093224958448708e+00
1.079054492382271357e+00
1.076124422742382292e+00
1.089760516066481832e+00
1.118159652576177221e+00
1.109820223601107880e+00
1.138106665124653638e+00
1.139233614986149501e+00
1.153433183240997195e+00
1.140360564847645364e+00
1.116469227783933427e+00
1.106326679030470883e+00
1.065418399058171595e+00
1.051444220775623162e+00
1.068348468698060882e+00
1.052909255595567917e+00
1.071053148365650909e+00
1.043330181772853082e+00
1.039836637202216085e+00
1.025411678975069130e+00
1.022594304321329473e+00
1.034089192908587140e+00
1.012000975623268628e+00
1.011775585650969367e+00
1.025411678975069130e+00
9.990410522160664275e-01
1.009972465872576164e+00
1.004788496509695150e+00
1.013691400415512422e+00
9.928428279778392929e-01
9.901381483102492664e-01
1.005239276454293673e+00
9.926174380055401425e-01
9.971252374515234829e-01
9.922793530470913614e-01
1.000956866980609261e+00
9.936316928808863747e-01
1.000844171994459852e+00
9.998299171191135093e-01
1.001858426869806085e+00
1.004337716565096850e+00
1.009408990941828232e+00
1.007042396232686876e+00
9.967871524930747018e-01
1.011324805706371066e+00
1.009408990941828232e+00
9.923920480332409921e-01
9.975760173961217836e-01
9.838272290858725011e-01
1.014029485373961093e+00
1.022368914349030433e+00
9.973506274238226332e-01
9.817987193351800368e-01
9.956602026315788390e-01
9.947586427423822375e-01
1.009521685927977863e+00
1.012226365595567890e+00
1.026313238864265953e+00
1.005915446371191013e+00
1.011662890664819958e+00
9.944205577839334564e-01
9.937443878670360053e-01
1.000393392049861330e+00
1.013916790387811684e+00
9.970125424653738522e-01
9.913777931578946490e-01
9.999426121052631400e-01
1.001858426869806085e+00
1.002985376731301947e+00
9.840526190581716515e-01
9.912650981717451293e-01
9.861938237950137465e-01
9.976887123822714143e-01
9.964490675346260318e-01
1.007831261135734069e+00
9.787559547091412293e-01
1.024397424099722897e+00
1.006478921301938945e+00
9.907016232409971979e-01
1.006253531329639905e+00
9.980267973407201954e-01
1.004225021578947219e+00
9.770655299168974350e-01
1.014480265318559393e+00
1.017861114903046982e+00
9.988156622437672771e-01
9.794321246260386804e-01
9.927301329916896622e-01
9.877715536011080211e-01
9.953221176731301689e-01
9.891238934349030343e-01
9.981394923268697150e-01
1.011888280637118998e+00
9.895746733795013350e-01
1.006591616288088575e+00
9.913777931578946490e-01
9.909270132132963482e-01
1.004112326592797810e+00
1.011324805706371066e+00
9.959982875900276200e-01
9.834891441274237200e-01
1.004901191495844781e+00
9.859684338227145961e-01
1.000280697063711921e+00
1.006366226315789314e+00
1.007267786204986137e+00
1.010085160858725795e+00
1.001858426869806085e+00
1.015945300138504148e+00
9.885604185041551029e-01
1.015832605152354517e+00
9.981394923268697150e-01
1.012000975623268628e+00
9.903635382825484168e-01
1.008845516011080301e+00
1.011888280637118998e+00
9.825875842382271186e-01
9.981394923268697150e-01
1.000506087036010960e+00
9.999426121052631400e-01
1.002759986759002686e+00
9.907016232409971979e-01
1.005915446371191013e+00
1.014931045263157916e+00
1.020227709612188338e+00
1.016283385096952818e+00
1.001858426869806085e+00
1.021354659473684201e+00
9.981394923268697150e-01
1.021467354459833832e+00
9.892365884210525540e-01
1.005239276454293673e+00
9.997172221329638786e-01
1.004788496509695150e+00
9.974633224099722639e-01
1.002985376731301947e+00
9.911524031855954986e-01
9.905889282548475672e-01
9.971252374515234829e-01
1.019100759750692475e+00
1.012789840526315821e+00
1.017523029944598312e+00
1.007493176177285177e+00
9.996045271468143589e-01
1.007267786204986137e+00
1.013127925484764491e+00
1.006140836343490275e+00
1.011437500692520697e+00
1.017297639972299050e+00
1.029581393462603911e+00
1.028792528559556718e+00
1.044119046675900275e+00
1.048964931080332397e+00
1.047837981218836534e+00
1.023045084265927995e+00
1.041301672022160618e+00
1.036793872576177167e+00
1.030370258365650882e+00
1.039160467285318523e+00
1.022143524376731172e+00
1.026876713795013885e+00
1.021016574515235309e+00
1.015945300138504148e+00
9.949840327146813879e-01
1.017184944986149420e+00
1.026764018808864254e+00
1.000393392049861330e+00
1.006929701246537245e+00
1.001745731883656454e+00
9.982521873130193457e-01
1.000168002077562290e+00
9.990410522160664275e-01
1.000280697063711921e+00
1.009747075900276903e+00
1.011437500692520697e+00
9.985902722714681268e-01
1.019326149722991737e+00
1.020002319639889077e+00
9.939697778393351557e-01
9.833764491412742004e-01
1.002759986759002686e+00
9.869826886980609393e-01
1.000731477008310222e+00
9.964490675346260318e-01
1.001971121855955715e+00
1.006366226315789314e+00
9.875461636288087597e-01
1.014705655290858655e+00
1.000618782022160591e+00
1.017523029944598312e+00
9.841653140443212822e-01
1.004901191495844781e+00
1.015381825207756217e+00
1.008056651108033108e+00
1.014818350277008285e+00
9.899127583379501161e-01
1.028341748614958417e+00
9.895746733795013350e-01
1.009521685927977863e+00
9.965617625207755514e-01
9.956602026315788390e-01
1.001633036897506823e+00
1.001971121855955715e+00
1.020227709612188338e+00
9.867572987257616779e-01
1.002083816842105124e+00
9.774036148753462161e-01
9.992664421883655779e-01
1.018537284819944544e+00
1.016396080083102449e+00
1.007831261135734069e+00
1.010648635789473726e+00
1.009972465872576164e+00
1.012564450554016560e+00
1.000506087036010960e+00
9.950967277008310186e-01
1.003999631606648180e+00
1.003886936620498549e+00
9.965617625207755514e-01
9.860811288088642268e-01
1.003548851662049879e+00
9.883350285318559525e-01
1.004563106537396111e+00
1.012789840526315821e+00
1.002309206814404385e+00
9.888985034626037729e-01
1.001745731883656454e+00
9.847287889750692136e-01
1.008282041080332370e+00
1.008958210997229932e+00
1.010648635789473726e+00
1.018875369778393214e+00
1.023157779252077404e+00
1.001069561966758892e+00
1.007605871163434808e+00
1.010423245817174465e+00
9.701911357617728493e-01
9.997172221329638786e-01
1.000280697063711921e+00
1.013015230498614860e+00
9.954348126592796886e-01
1.001745731883656454e+00
1.005013886481994412e+00
1.011550195678670327e+00
9.878842485872575407e-01
9.948713377285317572e-01
1.008282041080332370e+00
1.023157779252077404e+00
1.001520341911357193e+00
1.008732821024930670e+00
1.010761330775623135e+00
1.003886936620498549e+00
1.011775585650969367e+00
1.009296295955678602e+00
1.008056651108033108e+00
1.015945300138504148e+00
9.952094226869805382e-01
1.007605871163434808e+00
1.020340404598337969e+00
1.013127925484764491e+00
1.008845516011080301e+00
1.018424589833794913e+00
1.016734165041551119e+00
1.002196511828254755e+00
1.016170690110803188e+00
1.017184944986149420e+00
9.901381483102492664e-01
1.021016574515235309e+00
1.001745731883656454e+00
1.030933733296398813e+00
1.014029485373961093e+00
1.008507431052631631e+00
1.005802751385041383e+00
1.024397424099722897e+00
1.027665578698060855e+00
1.009296295955678602e+00
9.988156622437672771e-01
1.027327493739612185e+00
1.019776929667590037e+00
1.007605871163434808e+00
1.013578705429362792e+00
1.025862458919667430e+00
1.048288761163434835e+00
1.015719910166204887e+00
1.034990752797783964e+00
1.018875369778393214e+00
1.025862458919667430e+00
1.036230397645429235e+00
1.044569826620498576e+00
1.026425933850415362e+00
1.051669610747922423e+00
1.058769394875346270e+00
1.057191665069252107e+00
1.058318614930747970e+00
1.063953364238227062e+00
1.069137333601108075e+00
1.078152932493074756e+00
1.066996128864265758e+00
1.066996128864265758e+00
1.062150244459833637e+00
1.052571170637119025e+00
1.047274506288088602e+00
1.061474074542936297e+00
1.052796560609418286e+00
1.045245996537396138e+00
1.054825070360110750e+00
1.046936421329639932e+00
1.062150244459833637e+00
1.039949332188365494e+00
1.049528406011080328e+00
1.039949332188365494e+00
1.039498552243767193e+00
1.035892312686980565e+00
1.031722598199446006e+00
1.035779617700830935e+00
1.024284729113573267e+00
1.028116358642659156e+00
1.014705655290858655e+00
1.042879401828254782e+00
1.015269130221606586e+00
1.021016574515235309e+00
1.028003663656509525e+00
1.022594304321329473e+00
1.057417055041551146e+00
1.004450411551246480e+00
1.038484297368420961e+00
1.010535940803324095e+00
1.018988064764542845e+00
1.013804095401662053e+00
1.002083816842105124e+00
9.898000633518004854e-01
1.033638412963988840e+00
1.015832605152354517e+00
1.009634380914127272e+00
1.007493176177285177e+00
1.012113670609418259e+00
1.020453099584487378e+00
1.005126581468144042e+00
1.014142180360110723e+00
1.016508775069252080e+00
1.007605871163434808e+00
9.963363725484764011e-01
1.018311894847645283e+00
1.017297639972299050e+00
9.857430438504154457e-01
1.021241964487534570e+00
1.030032173407202212e+00
1.025862458919667430e+00
1.031384513240997114e+00
1.003098071717451356e+00
1.021692744432132871e+00
1.008282041080332370e+00
9.987029672576176464e-01
1.034878057811634333e+00
1.027552883711911225e+00
1.000731477008310222e+00
1.009634380914127272e+00
1.016283385096952818e+00
1.010648635789473726e+00
1.025073594016620460e+00
1.019100759750692475e+00
1.018086504875346243e+00
1.031384513240997114e+00
1.037470042493074729e+00
1.037470042493074729e+00
1.014367570332409985e+00
1.041865146952908550e+00
1.028341748614958417e+00
1.037582737479224360e+00
1.026313238864265953e+00
1.041752451966758919e+00
1.022256219362880802e+00
1.045133301551246507e+00
1.043668266731301975e+00
1.035103447783933373e+00
1.031835293185595415e+00
1.042428621883656481e+00
1.019438844709141145e+00
1.023608559196675927e+00
1.031722598199446006e+00
1.042428621883656481e+00
1.045471386509695177e+00
1.048626846121883505e+00
1.055050460332410012e+00
1.047612591246537272e+00
1.038484297368420961e+00
1.039273162271468154e+00
1.037357347506925098e+00
1.038033517423822660e+00
1.039836637202216085e+00
1.063164499335180091e+00
1.057642445013850407e+00
1.024848204044321198e+00
1.037357347506925098e+00
1.045133301551246507e+00
1.030595648337950143e+00
1.041752451966758919e+00
1.051669610747922423e+00
1.030370258365650882e+00
1.036117702659279827e+00
1.010761330775623135e+00
1.033751107950138470e+00
1.009521685927977863e+00
1.024848204044321198e+00
1.015156435235456955e+00
1.026538628836564992e+00
1.033976497922437510e+00
1.035666922714681304e+00
1.036906567562326797e+00
1.023383169224376665e+00
1.026764018808864254e+00
1.017072250000000011e+00
1.018086504875346243e+00
1.018875369778393214e+00
1.009859770886426533e+00
1.014480265318559393e+00
1.043217486786703452e+00
1.022368914349030433e+00
1.012564450554016560e+00
1.018988064764542845e+00
1.031384513240997114e+00
1.007605871163434808e+00
1.025637068947368391e+00
1.007605871163434808e+00
1.041752451966758919e+00
1.016283385096952818e+00
1.005239276454293673e+00
9.904762332686980475e-01
1.034990752797783964e+00
1.001745731883656454e+00
1.011212110720221657e+00
1.014367570332409985e+00
1.005013886481994412e+00
1.022481609335180064e+00
9.859684338227145961e-01
1.011212110720221657e+00
1.003210766703600987e+00
1.024397424099722897e+00
1.002759986759002686e+00
9.956602026315788390e-01
1.018762674792243805e+00
1.011662890664819958e+00
1.006028141357340644e+00
1.013916790387811684e+00
1.008507431052631631e+00
1.002083816842105124e+00
9.989283572299167968e-01
1.005126581468144042e+00
1.009634380914127272e+00
1.017523029944598312e+00
9.882223335457063218e-01
1.008394736066482000e+00
9.976887123822714143e-01
1.004901191495844781e+00
1.001182256952908523e+00
1.006817006260387837e+00
1.022819694293628734e+00
1.019100759750692475e+00
1.010197855844875203e+00
1.027890968670360117e+00
1.011888280637118998e+00
1.018199199861495874e+00
1.000956866980609261e+00
1.018537284819944544e+00
1.010085160858725795e+00
1.014480265318559393e+00
1.021805439418282502e+00
1.027552883711911225e+00
1.016621470055401710e+00
1.026989408781163293e+00
1.031609903213296375e+00
1.023270474238227035e+00
1.038822382326869853e+00
1.033863802936288101e+00
1.031159123268698075e+00
1.017523029944598312e+00
1.013691400415512422e+00
1.012902535512465230e+00
1.018311894847645283e+00
1.029017918531855980e+00
9.989283572299167968e-01
1.010761330775623135e+00
1.024960899030470829e+00
1.032736853074792238e+00
1.015156435235456955e+00
1.008169346094182739e+00
1.018537284819944544e+00
1.010197855844875203e+00
1.022143524376731172e+00
1.004112326592797810e+00
1.025637068947368391e+00
1.008845516011080301e+00
1.006817006260387837e+00
1.020340404598337969e+00
1.014367570332409985e+00
1.009521685927977863e+00
1.010197855844875203e+00
1.016283385096952818e+00
9.980267973407201954e-01
1.022481609335180064e+00
1.018988064764542845e+00
