1.002220041218836677e+00
1.010344132409972451e+00
1.035347960775623299e+00
1.019587798005540114e+00
1.006813166980609520e+00
1.003798928199445939e+00
9.972250169529086605e-01
1.008076276565097018e+00
1.001875556786703703e+00
1.003655393019390552e+00
9.976556224930748229e-01
1.001617193462603916e+00
9.952729385041552135e-01
9.964786340166205125e-01
1.003942463379501548e+00
9.938088796675901282e-01
9.929189615512465927e-01
1.009253265041551328e+00
9.986029546814404467e-01
1.007817913240997232e+00
1.005808420720221585e+00
9.979713998891966975e-01
1.002995131191135814e+00
9.979426928531855978e-01
1.001186587922437754e+00
1.009769991689750679e+00
1.006640924764542921e+00
1.000468912022160817e+00
1.009482921329639904e+00
9.996077009418282699e-01
1.002650646759002839e+00
9.916558519667590943e-01
1.008162397673130206e+00
1.007674378060941844e+00
9.979426928531855978e-01
1.000497619058171805e+00
1.000468912022160817e+00
1.002191334182825466e+00
1.006554803656509733e+00
9.986029546814404467e-01
9.947849188919668517e-01
1.004631432243767275e+00
9.996077009418282699e-01
1.013932511911357359e+00
1.011549827922437750e+00
1.008851366537396155e+00
9.965073410526316122e-01
1.011262757562326975e+00
1.002708060831025039e+00
9.970240677008310737e-01
9.930912037673130799e-01
1.007128944376731283e+00
1.010286718337950251e+00
1.007904034349030420e+00
1.007789206204986243e+00
1.021051856842105421e+00
1.042668254958448726e+00
1.080130936952908627e+00
1.166711357562326912e+00
1.238909553130193908e+00
1.127842030803324125e+00
1.062016797229917042e+00
1.034974769307479336e+00
1.014363117451523522e+00
1.014592773739612319e+00
1.010860859058171801e+00
1.006411268476454346e+00
1.009712577617728479e+00
1.013702855623268784e+00
9.974259662049862474e-01
1.009913526869806066e+00
1.000497619058171805e+00
1.007128944376731283e+00
1.000468912022160817e+00
1.014276996343490334e+00
1.005664885540166198e+00
9.991770954016621076e-01
9.946126766759003646e-01
1.011348878670360163e+00
1.001588486426592928e+00
1.001645900498614905e+00
1.012382331966759086e+00
9.960193214404432505e-01
9.991483883656510079e-01
1.003167373407202190e+00
1.008334639889196804e+00
1.002679353795013828e+00
9.981149350692520850e-01
1.006870581052631719e+00
9.975407943490305351e-01
1.002708060831025039e+00
1.006411268476454346e+00
1.002191334182825466e+00
9.963063918005540254e-01
9.948136259279778404e-01
1.007588256952908656e+00
1.003109959335180212e+00
1.010057062049861454e+00
1.005262987036011246e+00
1.000899517562326979e+00
1.013444492299168997e+00
1.014793722991689906e+00
1.008937487645429343e+00
1.012037847534626112e+00
1.025415326315789466e+00
1.031903116454293778e+00
1.040486520221606703e+00
1.064657844542936438e+00
1.067959153684210571e+00
1.093393587590027805e+00
1.103814241662050000e+00
1.108378660387811632e+00
1.074820135290858847e+00
1.061643605761772857e+00
1.045596372631578896e+00
1.027051627368421149e+00
1.011061808310249388e+00
1.011635949030470938e+00
1.013071300831025034e+00
1.015281742603878268e+00
1.009454214293628915e+00
1.007961448421052619e+00
1.010315425373961240e+00
1.001818142714681503e+00
1.005349108144044434e+00
9.995215798337950819e-01
1.008363346925207793e+00
1.004803674459833873e+00
1.002650646759002839e+00
1.003253494515235600e+00
9.990335602216067201e-01
9.970240677008310737e-01
1.001990384930747879e+00
1.003483150803324175e+00
1.005406522216066634e+00
1.009540335401662103e+00
9.969092395567867859e-01
9.959906144044321508e-01
9.994641657617728825e-01
1.007128944376731283e+00
1.003626685983379563e+00
9.985742476454294581e-01
1.006124198116343571e+00
9.962202706925208373e-01
9.990909742936289195e-01
1.008994901717451542e+00
9.973685521329640480e-01
1.001014345706371156e+00
9.997225290858726687e-01
9.937514655955679288e-01
9.996938220498615690e-01
1.006439975512465335e+00
9.970240677008310737e-01
9.913113675346261200e-01
9.881535935734072629e-01
1.005119451855955637e+00
9.969666536288088743e-01
1.003540564875346375e+00
9.956174229362881878e-01
1.005837127756232796e+00
9.989761461495845207e-01
9.943830203878116780e-01
9.990622672576178198e-01
9.965073410526316122e-01
1.002535818614958441e+00
9.975120873130194354e-01
9.980575209972299966e-01
9.997225290858726687e-01
1.007128944376731283e+00
1.006353854404432147e+00
9.942107781717451909e-01
9.979426928531855978e-01
9.989187320775624324e-01
9.939237078116344160e-01
9.935505163434903420e-01
1.002133920110803489e+00
1.002765474903047238e+00
9.985455406094183584e-01
1.000899517562326979e+00
1.008880073573407365e+00
9.921438715789474561e-01
1.004746260387811674e+00
1.004373068919667711e+00
1.000325376842105429e+00
1.009081022825484730e+00
1.001617193462603916e+00
1.006669631800554132e+00
9.976843295290859226e-01
1.007616963988919645e+00
1.005320401108033224e+00
9.907946408864266585e-01
1.010258011301939041e+00
9.965647551246538116e-01
1.005607471468143999e+00
9.961341495844875382e-01
1.008621710249307579e+00
1.007042823268698095e+00
1.014391824487534732e+00
1.010860859058171801e+00
1.016028125540166194e+00
1.016142953684210593e+00
1.017205114016620504e+00
1.014219582271468134e+00
1.030984491301939032e+00
1.049213459168975238e+00
1.060036011745152384e+00
1.081451460609418325e+00
1.078121444432132980e+00
1.086848383379501515e+00
1.074533064930748072e+00
1.066064489307479324e+00
1.043816536398892048e+00
1.024956013739612315e+00
1.034257093407202177e+00
1.015281742603878268e+00
1.010315425373961240e+00
1.002822888975069215e+00
1.009482921329639904e+00
1.020190645761772874e+00
1.006927995124653696e+00
1.006899288088642708e+00
1.016516145152354555e+00
1.005320401108033224e+00
1.007588256952908656e+00
1.002392283434903053e+00
9.938088796675901282e-01
1.004459190027700899e+00
9.985168335734072587e-01
1.008248518781163394e+00
1.004660139279778486e+00
1.005951955900276973e+00
1.003052545263158013e+00
9.990909742936289195e-01
9.880961795013850635e-01
1.005377815180055423e+00
1.006841874016620508e+00
1.007071530304709306e+00
1.009769991689750679e+00
1.004487897063711888e+00
1.007215065484764693e+00
9.915697308587257952e-01
1.007473428808864258e+00
9.943543133518005783e-01
1.001732021606648315e+00
1.011377585706371152e+00
1.005521350360110810e+00
9.920577504709141570e-01
1.005636178504155209e+00
1.005176865927977836e+00
9.990048531855956204e-01
1.004918502603878272e+00
9.999521853739612443e-01
1.003081252299169002e+00
1.006927995124653696e+00
1.000095720554016632e+00
9.979426928531855978e-01
1.002105213074792278e+00
1.006353854404432147e+00
1.002708060831025039e+00
9.990048531855956204e-01
9.930912037673130799e-01
1.001358830138504130e+00
1.009396800221606716e+00
1.001990384930747879e+00
9.929763756232687921e-01
1.009081022825484730e+00
1.005349108144044434e+00
9.965073410526316122e-01
1.001818142714681503e+00
1.003913756343490338e+00
1.002105213074792278e+00
1.000956931634349178e+00
9.963350988365651251e-01
1.003253494515235600e+00
9.967082903047091991e-01
9.996938220498615690e-01
1.003741514127423962e+00
1.005951955900276973e+00
1.007961448421052619e+00
1.000698568310249392e+00
1.006727045872576332e+00
1.000899517562326979e+00
1.004947209639889261e+00
1.005463936288088611e+00
1.007703085096953055e+00
1.008392053961219004e+00
1.000669861274238182e+00
1.011463706814404562e+00
1.004373068919667711e+00
9.930912037673130799e-01
1.012726816398892060e+00
1.012956472686980636e+00
1.011262757562326975e+00
1.011262757562326975e+00
1.011463706814404562e+00
1.005262987036011246e+00
1.024008681551246580e+00
1.020506423157894860e+00
1.007731792132964044e+00
1.018669172853185589e+00
1.021137977950138609e+00
1.018898829141274387e+00
1.032764327534626103e+00
1.038247371412742481e+00
1.036381414072022222e+00
1.046773361108033207e+00
1.041491266481994415e+00
1.031472510914127394e+00
1.035520202991689898e+00
1.036467535180055410e+00
1.038965047313019419e+00
1.030238108365651106e+00
1.016056832576177404e+00
1.021712118670360159e+00
1.012812937506925248e+00
1.014018633019390547e+00
1.018611758781163390e+00
1.003196080443213400e+00
1.009683870581717491e+00
1.008219811745152406e+00
1.007473428808864258e+00
1.009798698725761890e+00
1.018295981385041626e+00
1.007760499168975032e+00
1.000813396454293791e+00
1.009167143933518140e+00
1.001502365318559518e+00
1.003971170415512537e+00
9.958757862603878630e-01
1.006899288088642708e+00
9.987464898614959452e-01
1.005234280000000036e+00
9.996938220498615690e-01
1.001330123102493141e+00
9.982871772853185721e-01
1.000698568310249392e+00
1.000956931634349178e+00
1.011836898282548525e+00
1.005521350360110810e+00
9.967082903047091991e-01
1.005291694072022235e+00
9.944404344598338774e-01
1.004574018171745298e+00
9.909381760664820460e-01
1.003483150803324175e+00
1.001732021606648315e+00
9.982297632132964837e-01
9.956748370083102762e-01
9.989761461495845207e-01
1.003483150803324175e+00
1.011061808310249388e+00
1.000497619058171805e+00
1.003167373407202190e+00
9.986603687534626461e-01
1.010315425373961240e+00
9.996077009418282699e-01
9.950145751800554272e-01
1.006526096620498745e+00
1.014592773739612319e+00
1.005578764432133010e+00
1.002822888975069215e+00
1.003397029695290987e+00
1.006526096620498745e+00
1.009769991689750679e+00
1.005607471468143999e+00
1.001014345706371156e+00
1.012382331966759086e+00
1.013875097839335160e+00
1.002363576398892064e+00
1.012123968642659300e+00
1.003999877451523526e+00
1.010487667590027838e+00
1.004200826703601113e+00
9.982871772853185721e-01
1.014965965207756282e+00
1.007588256952908656e+00
1.008018862493074819e+00
1.013530613407202186e+00
1.005435229252077622e+00
1.008994901717451542e+00
1.004229533739612323e+00
9.978278647091413101e-01
1.010573788698061026e+00
1.011348878670360163e+00
1.002191334182825466e+00
1.012267503822714687e+00
1.000267962770083230e+00
1.002564525650969651e+00
1.012296210858725898e+00
1.007616963988919645e+00
9.984594195013850593e-01
1.002047799002770079e+00
1.004631432243767275e+00
1.004975916675900249e+00
9.946126766759003646e-01
9.982584702493075834e-01
9.976843295290859226e-01
1.008937487645429343e+00
1.003511857839335164e+00
9.996938220498615690e-01
9.973111380609418486e-01
9.997512361218837684e-01
9.982297632132964837e-01
1.004746260387811674e+00
1.006382561440443357e+00
9.980288139612188969e-01
1.008363346925207793e+00
9.934643952354571539e-01
1.001789435678670515e+00
9.996364079778393696e-01
1.003597978947368574e+00
9.982871772853185721e-01
1.001617193462603916e+00
9.983732983933518712e-01
1.002736767867036027e+00
1.003454443767313187e+00
1.000296669806094219e+00
9.993493376177285947e-01
9.959906144044321508e-01
9.869191910249307531e-01
1.002076506038781289e+00
1.007416014736842058e+00
1.008994901717451542e+00
1.004028584487534737e+00
1.007215065484764693e+00
9.932634459833795670e-01
1.006382561440443357e+00
1.001157880886426543e+00
1.002650646759002839e+00
9.970527747368421734e-01
9.992919235457063953e-01
1.005291694072022235e+00
1.007215065484764693e+00
1.004258240775623312e+00
1.000870810526315768e+00
1.002564525650969651e+00
1.007100237340720295e+00
9.915123167867037068e-01
1.017176406980609515e+00
9.955313018282548887e-01
1.006439975512465335e+00
9.938950007756233163e-01
9.948136259279778404e-01
1.004229533739612323e+00
9.888999765096952999e-01
9.991483883656510079e-01
9.983158843213296718e-01
1.002621939722991851e+00
1.011147929418282576e+00
9.986603687534626461e-01
9.990335602216067201e-01
1.002535818614958441e+00
1.005377815180055423e+00
1.005148158891966848e+00
9.974259662049862474e-01
9.982297632132964837e-01
9.980288139612188969e-01
1.000497619058171805e+00
1.006152905152354560e+00
1.000842103490304780e+00
9.989187320775624324e-01
1.009798698725761890e+00
1.016918043656509729e+00
1.009999647977839476e+00
1.010229304265928052e+00
1.008851366537396155e+00
1.005664885540166198e+00
1.002650646759002839e+00
1.008736538393351756e+00
1.010918273130194001e+00
1.005865834792243785e+00
1.016803215512465330e+00
1.006612217728531933e+00
1.004200826703601113e+00
1.000669861274238182e+00
1.003655393019390552e+00
1.008851366537396155e+00
1.004746260387811674e+00
1.008076276565097018e+00
1.017779254736842054e+00
1.003339615623268788e+00
1.006497389584487534e+00
1.003712807091412751e+00
9.941533640997231025e-01
1.006411268476454346e+00
1.004602725207756286e+00
1.004660139279778486e+00
1.010286718337950251e+00
1.002277455290858876e+00
1.004574018171745298e+00
1.004143412631578913e+00
9.950145751800554272e-01
1.007387307700831069e+00
9.974546732409972361e-01
9.993493376177285947e-01
1.004688846315789474e+00
1.001071759778393355e+00
1.003511857839335164e+00
1.001387537174515341e+00
9.938950007756233163e-01
1.010889566094182790e+00
9.994928727977839822e-01
9.973398450969529483e-01
9.949284540720222392e-01
9.986603687534626461e-01
9.892157539058172855e-01
9.918855082548476698e-01
9.977130365650970223e-01
9.890435116897507983e-01
1.009138436897506930e+00
1.012927765650969647e+00
9.991483883656510079e-01
1.005923248864265984e+00
1.010171890193905853e+00
1.007530842880886457e+00
9.999521853739612443e-01
1.009511628365651115e+00
9.986603687534626461e-01
1.004861088531856073e+00
1.003885049307479349e+00
1.013013886759002835e+00
1.008478175069252192e+00
1.000555033130194005e+00
9.943830203878116780e-01
1.001100466814404566e+00
1.000755982382271592e+00
1.008650417285318568e+00
1.011176636454293787e+00
1.013588027479224385e+00
1.004028584487534737e+00
1.004258240775623312e+00
1.004315654847645511e+00
1.001244001994459953e+00
9.973972591689751477e-01
1.006583510692520722e+00
1.001818142714681503e+00
1.010803444986149602e+00
1.001990384930747879e+00
1.004200826703601113e+00
1.004975916675900249e+00
1.003167373407202190e+00
1.007272479556786671e+00
1.009942233905817277e+00
1.010171890193905853e+00
1.014564066703601108e+00
9.998947713019391559e-01
1.003741514127423962e+00
1.008880073573407365e+00
1.009081022825484730e+00
1.002133920110803489e+00
1.020391595013850461e+00
1.009281972077562317e+00
1.007904034349030420e+00
1.011951726426592924e+00
1.022774279002770070e+00
1.010860859058171801e+00
1.012784230470914260e+00
1.013473199335180208e+00
1.017147699944598305e+00
1.024008681551246580e+00
1.020133231689750675e+00
1.022716864930747871e+00
1.028716635457063822e+00
1.027884131412742486e+00
1.029061119889196796e+00
1.027912838448753474e+00
1.022027896066482144e+00
1.012468453074792274e+00
1.012324917894736886e+00
1.025989467036011238e+00
1.024152216731301968e+00
1.021023149806094210e+00
1.009569042437673092e+00
1.022975228254847657e+00
1.016401317008310379e+00
1.013100007867036023e+00
1.009655163545706502e+00
1.019185899501385162e+00
1.016200367756232792e+00
1.009798698725761890e+00
1.010487667590027838e+00
1.002679353795013828e+00
1.008076276565097018e+00
1.002909010083102626e+00
1.009970940941828266e+00
1.016372609972299168e+00
1.003339615623268788e+00
1.008420760997229992e+00
1.005406522216066634e+00
1.006411268476454346e+00
1.010430253518005639e+00
1.002162627146814478e+00
1.002708060831025039e+00
1.011234050526315764e+00
1.006784459944598309e+00
1.000067013518005643e+00
1.013186128975069211e+00
1.003999877451523526e+00
1.005693592576177409e+00
1.007157651412742494e+00
9.957035440443213758e-01
9.973398450969529483e-01
1.005980662936288184e+00
9.951581103601108147e-01
1.003770221163434950e+00
1.006870581052631719e+00
1.003712807091412751e+00
1.003138666371191201e+00
9.928615474792243933e-01
1.000468912022160817e+00
1.001186587922437754e+00
1.005463936288088611e+00
9.988326109695291333e-01
9.917993871468144818e-01
9.897037735180056472e-01
9.967369973407202988e-01
1.000009599445983444e+00
9.965647551246538116e-01
1.003081252299169002e+00
9.997512361218837684e-01
