9.973075867313020426e-01
1.009751709916897555e+00
9.297537751523546889e-01
9.813079997783934472e-01
9.457533621052632844e-01
1.034639956288088802e+00
1.015084905567867235e+00
9.173096519667591764e-01
9.333092389196676608e-01
9.813079997783934472e-01
9.101987244321331216e-01
9.350869708033242578e-01
9.333092389196676608e-01
8.959768693628810121e-01
8.853104780609419855e-01
9.315315070360111749e-01
8.888659418282549574e-01
8.497558403878117117e-01
7.893129563434904128e-01
8.142012027146815489e-01
6.915377027423823542e-01
1.470184267783933629e+00
1.242634586675900543e+00
1.128859746121883889e+00
1.036417688171745288e+00
1.006196246149584583e+00
1.039973151939058260e+00
1.015084905567867235e+00
9.830857316620500441e-01
9.653084128254848517e-01
1.025751296869806151e+00
9.564197534072023110e-01
9.990853186149585285e-01
8.319785215512466303e-01
9.173096519667591764e-01
8.835327461772853885e-01
8.426449128531856569e-01
8.053125432963990082e-01
7.822020288088643580e-01
1.111082427285318808e+00
1.212413144653739838e+00
1.260411905512465625e+00
1.155525724376731400e+00
1.125304282354570695e+00
1.087971912797784046e+00
1.080860985263158103e+00
1.102193767867036156e+00
1.066639130193905993e+00
9.706416084764544205e-01
9.901966591966759879e-01
9.208651157340721483e-01
9.830857316620500441e-01
1.086194180914127561e+00
9.279760432686982030e-01
1.025751296869806151e+00
9.546420215235458251e-01
9.510865577562328532e-01
9.741970722437673924e-01
9.475310939889197703e-01
9.617529490581718798e-01
9.884189273130195019e-01
1.023973564986149665e+00
9.741970722437673924e-01
1.047084079473684426e+00
9.315315070360111749e-01
8.710886229916898760e-01
8.941991374792245262e-01
8.639776954570638212e-01
8.586444998060942524e-01
8.675331592243767931e-01
8.533113041551247946e-01
8.817550142936289026e-01
7.235368766481995451e-01
9.439756302216067985e-01
1.292411079418282815e+00
1.320854789556786812e+00
1.246190050443213515e+00
1.201746753351800701e+00
1.112860159168975294e+00
1.119971086703601237e+00
1.077305521495844909e+00
1.192858093933518271e+00
1.050639543240997398e+00
1.054195007008310370e+00
1.134192941772853347e+00
1.048861811357340912e+00
1.020418101218836693e+00
9.937521229639890707e-01
1.166192115678670538e+00
1.027529028753462637e+00
1.032862224404432316e+00
9.333092389196676608e-01
1.016862637451523721e+00
9.866411954293630160e-01
1.041750883822714746e+00
9.830857316620500441e-01
1.068416862077562479e+00
1.031084492520775830e+00
1.029306760637119345e+00
9.848634635457065301e-01
1.070194593961218965e+00
9.564197534072023110e-01
9.599752171745153939e-01
1.034639956288088802e+00
1.016862637451523721e+00
9.617529490581718798e-01
9.404201664542937156e-01
9.973075867313020426e-01
1.029306760637119345e+00
1.045306347590027940e+00
1.087971912797784046e+00
1.075527789612188423e+00
1.169747579445983510e+00
1.000863050498615126e+00
1.107526963518005614e+00
1.087971912797784046e+00
1.073750057728531937e+00
9.990853186149585285e-01
1.025751296869806151e+00
1.048861811357340912e+00
1.023973564986149665e+00
1.055972738891966856e+00
1.068416862077562479e+00
1.020418101218836693e+00
1.002640782382271611e+00
1.025751296869806151e+00
1.009751709916897555e+00
1.032862224404432316e+00
1.086194180914127561e+00
1.023973564986149665e+00
9.830857316620500441e-01
1.086194180914127561e+00
1.100416035983379670e+00
1.068416862077562479e+00
9.901966591966759879e-01
9.848634635457065301e-01
1.086194180914127561e+00
1.000863050498615126e+00
1.025751296869806151e+00
1.119971086703601237e+00
1.048861811357340912e+00
1.025751296869806151e+00
1.034639956288088802e+00
1.054195007008310370e+00
1.016862637451523721e+00
1.034639956288088802e+00
9.990853186149585285e-01
9.955298548476455567e-01
1.064861398310249507e+00
1.063083666426593021e+00
9.368647026869807437e-01
1.025751296869806151e+00
9.990853186149585285e-01
9.688638765927979346e-01
9.581974852908587970e-01
9.973075867313020426e-01
1.048861811357340912e+00
1.009751709916897555e+00
9.990853186149585285e-01
9.635306809418283658e-01
9.973075867313020426e-01
9.564197534072023110e-01
9.901966591966759879e-01
1.023973564986149665e+00
1.059528202659279827e+00
1.119971086703601237e+00
1.096860572216066698e+00
1.071972325844875451e+00
9.884189273130195019e-01
1.123526550470914209e+00
9.813079997783934472e-01
1.023973564986149665e+00
9.937521229639890707e-01
1.082638717146814589e+00
1.080860985263158103e+00
1.073750057728531937e+00
9.457533621052632844e-01
9.439756302216067985e-01
9.688638765927979346e-01
1.011529441800554041e+00
9.759748041274239894e-01
9.830857316620500441e-01
1.000863050498615126e+00
9.617529490581718798e-01
9.226428476177286342e-01
1.055972738891966856e+00
9.830857316620500441e-01
9.848634635457065301e-01
1.020418101218836693e+00
1.006196246149584583e+00
9.688638765927979346e-01
1.039973151939058260e+00
1.054195007008310370e+00
9.955298548476455567e-01
1.038195420055401774e+00
9.635306809418283658e-01
1.011529441800554041e+00
9.386424345706372296e-01
1.016862637451523721e+00
1.048861811357340912e+00
1.029306760637119345e+00
1.093305108448753504e+00
1.112860159168975294e+00
9.901966591966759879e-01
1.063083666426593021e+00
1.171525311329639996e+00
1.036417688171745288e+00
1.038195420055401774e+00
1.048861811357340912e+00
9.990853186149585285e-01
1.047084079473684426e+00
9.457533621052632844e-01
1.022195833102493179e+00
1.025751296869806151e+00
1.034639956288088802e+00
1.004418514265928097e+00
1.039973151939058260e+00
1.098638304099723184e+00
9.564197534072023110e-01
9.990853186149585285e-01
