8.634669451896946901e-01
0.000000000000000000e+00
7.008830323204530144e-01
0.000000000000000000e+00
-8.083026412266376415e-01
0.000000000000000000e+00
-5.551788865698037423e-01
0.000000000000000000e+00
-7.176756989955713761e-01
0.000000000000000000e+00
-3.324372636380910073e-01
0.000000000000000000e+00
5.509998564298596024e-01
0.000000000000000000e+00
-1.026864215441726791e-01
0.000000000000000000e+00
1.112675572588881640e-01
0.000000000000000000e+00
3.160467385168734822e-01
0.000000000000000000e+00
