9.735732412188368157e-01
9.290033646537398937e-01
9.714840282548479200e-01
9.387530251523548142e-01
9.589487504709143240e-01
9.324853862603880161e-01
9.840193060387814050e-01
9.429314510803326055e-01
9.095040436565099418e-01
9.756624541828257113e-01
9.958581795013853322e-01
9.248249387257619913e-01
9.700912196121885822e-01
9.603415591135736618e-01
9.366638121883659185e-01
9.213429171191138689e-01
8.920939356232688855e-01
9.436278554016622744e-01
9.561631331855958704e-01
9.136824695844877331e-01
9.387530251523548142e-01
9.255213430470916602e-01
9.561631331855958704e-01
9.060220220498617083e-01
8.941831485872578922e-01
9.422350467590030476e-01
8.934867442659282233e-01
8.948795529085874501e-01
8.691125930193908111e-01
8.893083183379503209e-01
8.503096763434905281e-01
8.259355250969531159e-01
8.245427164542938892e-01
7.437598151800556279e-01
6.748157873684211827e-01
1.133049830803324332e+00
1.435289306260388198e+00
1.250045756786703821e+00
1.160209599335180419e+00
1.123300170304709411e+00
1.029285586925207996e+00
1.083605123988919949e+00
1.055052546814404746e+00
9.930725622160667676e-01
9.972509881440445589e-01
1.021625139390581971e+00
9.652163893628811220e-01
9.464134726869808389e-01
9.512883029362882992e-01
9.505918986149587413e-01
9.457170683656511700e-01
9.471098770083105078e-01
1.004215031357341026e+00
9.178608955124656354e-01
9.937689665373964365e-01
9.450206640443216122e-01
9.324853862603880161e-01
9.505918986149587413e-01
9.491990899722994035e-01
8.691125930193908111e-01
8.523988893074794237e-01
9.192537041551248622e-01
8.203642905263159868e-01
8.328995683102494718e-01
8.266319294182827848e-01
9.234321300831027646e-01
1.171352068476454678e+00
1.276509120997230351e+00
1.158120386371191524e+00
1.158816790692521081e+00
1.169959259833795340e+00
1.154638364764543290e+00
1.101711636343490675e+00
1.110764892520775815e+00
1.063409398670360329e+00
1.014661096177285504e+00
1.069677037562327238e+00
1.052963333850415850e+00
1.023017948033241309e+00
1.029981991246537776e+00
1.024410756675900647e+00
1.008393457285318817e+00
1.039731651745152696e+00
9.575559418282550972e-01
1.039731651745152696e+00
1.023714352354570867e+00
1.039731651745152696e+00
1.041820864709141592e+00
9.854121146814407428e-01
9.916797535734074298e-01
9.909833492520778719e-01
1.023714352354570867e+00
9.707876239335182511e-01
1.016750309141274400e+00
9.805372844321331716e-01
9.902869449307482030e-01
9.777516671468146070e-01
9.471098770083105078e-01
1.016750309141274400e+00
1.019535926426593075e+00
9.979473924653742278e-01
9.603415591135736618e-01
9.645199850415514531e-01
1.009089861606648375e+00
1.002125818393352130e+00
9.631271763988922263e-01
9.150752782271470709e-01
9.693948152908590243e-01
9.519847072576179681e-01
9.248249387257619913e-01
9.317889819390584583e-01
9.310925776177287894e-01
9.464134726869808389e-01
9.248249387257619913e-01
8.983615745152356835e-01
9.129860652631581752e-01
8.802550621606650694e-01
9.067184263711913772e-01
8.370779942382273742e-01
8.210606948476456557e-01
7.862404787811636542e-01
7.945973306371193479e-01
7.625627318559559109e-01
9.192537041551248622e-01
1.178316111689750922e+00
1.348238766094183250e+00
1.314114954349030917e+00
1.292526420387811958e+00
1.213136327756233035e+00
1.214529136398892373e+00
1.208261497506925464e+00
1.193637006759003194e+00
1.178316111689750922e+00
1.127478596232687202e+00
1.119818148698061178e+00
1.084301528310249507e+00
1.118425340055402062e+00
1.080123102382271716e+00
1.051570525207756512e+00
1.026499969639889542e+00
1.054356142493074966e+00
1.050874120886426955e+00
1.078730293739612378e+00
1.030678395567867334e+00
1.013964691855955946e+00
1.020232330747922633e+00
1.073855463490305029e+00
1.046695694958448941e+00
9.826264973961221783e-01
1.060623781385041875e+00
1.096836806094183103e+00
1.103800849307479570e+00
1.096836806094183103e+00
9.972509881440445589e-01
1.001429414072022350e+00
1.068284228919667900e+00
1.026499969639889542e+00
9.916797535734074298e-01
1.019535926426593075e+00
1.009089861606648375e+00
9.909833492520778719e-01
9.951617751800556633e-01
1.009786265927978155e+00
1.035553225817174683e+00
1.020232330747922633e+00
9.784480714681442759e-01
1.003518627036011246e+00
9.916797535734074298e-01
9.749660498614961535e-01
9.826264973961221783e-01
9.875013276454296385e-01
9.721804325761775889e-01
9.784480714681442759e-01
1.040428056066482254e+00
9.895905406094185341e-01
9.784480714681442759e-01
1.034856821495845125e+00
9.666091980055404598e-01
9.868049233240999696e-01
9.276105560110805559e-01
1.004215031357341026e+00
1.004911435678670584e+00
1.069677037562327238e+00
1.064802207313019666e+00
1.096836806094183103e+00
1.086390741274238403e+00
1.098229614736842441e+00
1.094747593130194208e+00
1.082908719667590391e+00
1.078730293739612378e+00
1.079426698060942158e+00
1.012571883213296609e+00
1.078033889418282820e+00
1.069677037562327238e+00
1.023714352354570867e+00
1.110068488199446257e+00
1.015357500498615284e+00
1.052963333850415850e+00
1.025107160997230205e+00
9.951617751800556633e-01
1.048088503601108279e+00
9.965545838227148900e-01
1.055052546814404746e+00
1.075944676454293925e+00
1.034160417174515567e+00
1.034856821495845125e+00
1.056445355457064084e+00
1.017446713462604180e+00
1.024410756675900647e+00
1.068284228919667900e+00
1.045302886315789825e+00
1.062016590027701213e+00
9.993402011080334546e-01
1.034856821495845125e+00
1.027892778282548658e+00
1.004215031357341026e+00
1.090569167202216416e+00
1.047392099279778721e+00
1.046695694958448941e+00
1.021625139390581971e+00
1.062016590027701213e+00
1.002822222714681688e+00
1.064802207313019666e+00
1.039035247423822916e+00
1.009089861606648375e+00
1.031374799889196892e+00
1.007697052963989259e+00
1.034160417174515567e+00
1.041124460387811812e+00
1.009089861606648375e+00
1.016750309141274400e+00
1.044606481994460045e+00
1.004215031357341026e+00
1.040428056066482254e+00
1.045999290637119383e+00
1.008393457285318817e+00
1.059927377063712095e+00
1.023714352354570867e+00
1.002822222714681688e+00
1.073855463490305029e+00
1.038338843102493358e+00
1.002125818393352130e+00
9.868049233240999696e-01
1.060623781385041875e+00
1.029981991246537776e+00
9.979473924653742278e-01
1.016053904819944842e+00
9.784480714681442759e-01
1.012571883213296609e+00
1.006304244321329922e+00
9.519847072576179681e-01
1.002822222714681688e+00
1.012571883213296609e+00
1.021625139390581971e+00
1.027196373961219100e+00
1.048088503601108279e+00
1.036946034459834021e+00
1.049481312243767617e+00
9.826264973961221783e-01
9.972509881440445589e-01
9.868049233240999696e-01
1.003518627036011246e+00
9.735732412188368157e-01
1.025107160997230205e+00
1.005607840000000364e+00
1.045302886315789825e+00
1.026499969639889542e+00
1.050874120886426955e+00
1.050177716565097175e+00
1.016750309141274400e+00
1.052266929529086070e+00
1.026499969639889542e+00
9.888941362880888652e-01
1.034160417174515567e+00
1.032767608531856229e+00
1.023017948033241309e+00
1.002822222714681688e+00
1.011875478891967051e+00
1.002125818393352130e+00
9.833229017174517361e-01
1.041124460387811812e+00
1.035553225817174683e+00
1.030678395567867334e+00
1.032767608531856229e+00
1.011179074570637493e+00
1.032071204210526671e+00
1.051570525207756512e+00
1.028589182603878438e+00
1.050874120886426955e+00
1.010482670249307713e+00
1.009089861606648375e+00
1.010482670249307713e+00
9.944653708587259944e-01
1.007000648642659479e+00
1.018143117783933738e+00
1.003518627036011246e+00
9.519847072576179681e-01
1.054356142493074966e+00
9.895905406094185341e-01
1.011875478891967051e+00
1.003518627036011246e+00
9.847157103601110739e-01
9.854121146814407428e-01
1.017446713462604180e+00
1.027196373961219100e+00
9.700912196121885822e-01
1.034160417174515567e+00
9.909833492520778719e-01
9.972509881440445589e-01
9.721804325761775889e-01
1.001429414072022350e+00
1.027892778282548658e+00
1.038338843102493358e+00
1.012571883213296609e+00
1.008393457285318817e+00
1.005607840000000364e+00
9.916797535734074298e-01
1.051570525207756512e+00
9.519847072576179681e-01
9.693948152908590243e-01
1.032767608531856229e+00
1.014661096177285504e+00
1.005607840000000364e+00
9.958581795013853322e-01
9.742696455401664846e-01
9.742696455401664846e-01
9.909833492520778719e-01
9.763588585041553802e-01
9.895905406094185341e-01
9.749660498614961535e-01
1.030678395567867334e+00
1.017446713462604180e+00
1.030678395567867334e+00
1.032767608531856229e+00
1.041124460387811812e+00
1.007697052963989259e+00
1.034856821495845125e+00
1.069677037562327238e+00
1.058534568421052979e+00
1.073855463490305029e+00
1.073159059168975249e+00
1.084301528310249507e+00
1.088479954238227521e+00
1.098926019058171999e+00
1.012571883213296609e+00
1.068980633240997458e+00
1.093354784487534870e+00
1.080123102382271716e+00
1.042517269030471150e+00
1.015357500498615284e+00
1.103104444986149790e+00
1.050177716565097175e+00
1.055052546814404746e+00
1.034856821495845125e+00
1.034856821495845125e+00
1.036249630138504463e+00
1.041124460387811812e+00
1.066195015955679004e+00
1.088479954238227521e+00
1.084997932631579287e+00
1.034856821495845125e+00
1.051570525207756512e+00
1.025107160997230205e+00
9.798408801108036137e-01
1.032071204210526671e+00
1.013964691855955946e+00
1.053659738171745408e+00
1.057838164099723199e+00
1.045302886315789825e+00
9.895905406094185341e-01
