1.001429414072022350e+00
1.016053904819944842e+00
9.993402011080334546e-01
1.009786265927978155e+00
1.039731651745152696e+00
1.008393457285318817e+00
1.018839522105263518e+00
9.408422381163437098e-01
9.742696455401664846e-01
1.028589182603878438e+00
1.008393457285318817e+00
9.749660498614961535e-01
1.007000648642659479e+00
9.589487504709143240e-01
1.025107160997230205e+00
9.986437967867038967e-01
1.026499969639889542e+00
1.038338843102493358e+00
9.791444757894739448e-01
9.888941362880888652e-01
1.000036605429363235e+00
1.062016590027701213e+00
1.018143117783933738e+00
9.826264973961221783e-01
1.009786265927978155e+00
9.631271763988922263e-01
1.031374799889196892e+00
1.009786265927978155e+00
1.010482670249307713e+00
9.617343677562328885e-01
1.022321543711911529e+00
1.008393457285318817e+00
1.032071204210526671e+00
1.024410756675900647e+00
1.077337485096953262e+00
1.208957901828255244e+00
1.119818148698061178e+00
1.032071204210526671e+00
1.072462654847645691e+00
1.018143117783933738e+00
9.819300930747925094e-01
1.003518627036011246e+00
1.021625139390581971e+00
9.868049233240999696e-01
1.011875478891967051e+00
1.013268287534626388e+00
9.784480714681442759e-01
1.010482670249307713e+00
1.032071204210526671e+00
9.979473924653742278e-01
9.568595375069254283e-01
9.930725622160667676e-01
9.979473924653742278e-01
1.018839522105263518e+00
9.784480714681442759e-01
9.847157103601110739e-01
1.010482670249307713e+00
1.049481312243767617e+00
1.011179074570637493e+00
9.854121146814407428e-01
9.756624541828257113e-01
9.993402011080334546e-01
1.023017948033241309e+00
1.023714352354570867e+00
1.075944676454293925e+00
1.107282870914127804e+00
1.094051188808864650e+00
1.037642438781163801e+00
1.068284228919667900e+00
1.029285586925207996e+00
1.036946034459834021e+00
1.010482670249307713e+00
1.034160417174515567e+00
1.013268287534626388e+00
1.002822222714681688e+00
9.965545838227148900e-01
1.019535926426593075e+00
9.491990899722994035e-01
9.422350467590030476e-01
9.895905406094185341e-01
1.027196373961219100e+00
9.854121146814407428e-01
1.032767608531856229e+00
1.018143117783933738e+00
9.819300930747925094e-01
1.041124460387811812e+00
1.002822222714681688e+00
9.812336887534628405e-01
1.014661096177285504e+00
1.009786265927978155e+00
9.700912196121885822e-01
9.714840282548479200e-01
9.868049233240999696e-01
1.024410756675900647e+00
9.666091980055404598e-01
1.034160417174515567e+00
9.464134726869808389e-01
1.007697052963989259e+00
1.016750309141274400e+00
9.756624541828257113e-01
1.018839522105263518e+00
9.234321300831027646e-01
1.047392099279778721e+00
9.777516671468146070e-01
1.012571883213296609e+00
1.008393457285318817e+00
9.923761578947370987e-01
1.011179074570637493e+00
9.415386424376733787e-01
1.021625139390581971e+00
1.010482670249307713e+00
1.011875478891967051e+00
1.041820864709141592e+00
9.854121146814407428e-01
9.707876239335182511e-01
1.006304244321329922e+00
9.763588585041553802e-01
1.058534568421052979e+00
1.000733009750692792e+00
9.756624541828257113e-01
9.902869449307482030e-01
1.082908719667590391e+00
1.050874120886426955e+00
1.101015232022160895e+00
1.041820864709141592e+00
1.088479954238227521e+00
1.034856821495845125e+00
1.018143117783933738e+00
9.923761578947370987e-01
1.004911435678670584e+00
1.032071204210526671e+00
1.003518627036011246e+00
9.833229017174517361e-01
9.930725622160667676e-01
1.028589182603878438e+00
9.972509881440445589e-01
1.036249630138504463e+00
1.046695694958448941e+00
1.011875478891967051e+00
1.006304244321329922e+00
9.916797535734074298e-01
9.819300930747925094e-01
9.826264973961221783e-01
1.027892778282548658e+00
9.993402011080334546e-01
9.881977319667593074e-01
1.009089861606648375e+00
1.014661096177285504e+00
1.016053904819944842e+00
9.958581795013853322e-01
9.972509881440445589e-01
1.048784907922438059e+00
1.005607840000000364e+00
1.036946034459834021e+00
9.728768368975071468e-01
9.680020066481996865e-01
9.972509881440445589e-01
1.025803565318559762e+00
9.930725622160667676e-01
9.826264973961221783e-01
1.053659738171745408e+00
9.784480714681442759e-01
9.944653708587259944e-01
9.826264973961221783e-01
1.037642438781163801e+00
1.041820864709141592e+00
1.034160417174515567e+00
9.519847072576179681e-01
9.777516671468146070e-01
9.652163893628811220e-01
9.916797535734074298e-01
9.951617751800556633e-01
9.986437967867038967e-01
1.035553225817174683e+00
1.022321543711911529e+00
1.063409398670360329e+00
1.008393457285318817e+00
9.854121146814407428e-01
1.072462654847645691e+00
1.022321543711911529e+00
1.004911435678670584e+00
1.037642438781163801e+00
1.057141759778393642e+00
1.044606481994460045e+00
1.050177716565097175e+00
1.048088503601108279e+00
1.025803565318559762e+00
9.944653708587259944e-01
1.023714352354570867e+00
1.007697052963989259e+00
1.017446713462604180e+00
9.582523461495847661e-01
1.023714352354570867e+00
1.030678395567867334e+00
9.965545838227148900e-01
1.011179074570637493e+00
1.023714352354570867e+00
9.721804325761775889e-01
9.540739202216068637e-01
1.007697052963989259e+00
1.034856821495845125e+00
1.003518627036011246e+00
1.013964691855955946e+00
1.009786265927978155e+00
1.059927377063712095e+00
1.021625139390581971e+00
9.875013276454296385e-01
9.749660498614961535e-01
1.027892778282548658e+00
1.036249630138504463e+00
1.028589182603878438e+00
1.028589182603878438e+00
9.840193060387814050e-01
9.986437967867038967e-01
1.019535926426593075e+00
9.826264973961221783e-01
1.038338843102493358e+00
1.014661096177285504e+00
1.007000648642659479e+00
1.004215031357341026e+00
9.582523461495847661e-01
1.040428056066482254e+00
9.756624541828257113e-01
9.854121146814407428e-01
1.043910077673130488e+00
9.680020066481996865e-01
1.024410756675900647e+00
9.826264973961221783e-01
1.023714352354570867e+00
1.040428056066482254e+00
9.707876239335182511e-01
9.951617751800556633e-01
9.979473924653742278e-01
1.008393457285318817e+00
9.895905406094185341e-01
1.017446713462604180e+00
1.022321543711911529e+00
9.944653708587259944e-01
9.547703245429365326e-01
9.902869449307482030e-01
9.944653708587259944e-01
1.000733009750692792e+00
9.888941362880888652e-01
1.007697052963989259e+00
9.861085190027703007e-01
9.659127936842107909e-01
1.010482670249307713e+00
1.012571883213296609e+00
9.680020066481996865e-01
9.868049233240999696e-01
9.700912196121885822e-01
9.589487504709143240e-01
1.011875478891967051e+00
1.013964691855955946e+00
9.826264973961221783e-01
1.013964691855955946e+00
1.010482670249307713e+00
1.009786265927978155e+00
1.059927377063712095e+00
1.006304244321329922e+00
9.895905406094185341e-01
1.049481312243767617e+00
1.004215031357341026e+00
1.013268287534626388e+00
9.735732412188368157e-01
9.798408801108036137e-01
1.043910077673130488e+00
1.004911435678670584e+00
9.847157103601110739e-01
1.018143117783933738e+00
9.875013276454296385e-01
1.007697052963989259e+00
9.972509881440445589e-01
1.045999290637119383e+00
9.805372844321331716e-01
9.916797535734074298e-01
1.007000648642659479e+00
1.008393457285318817e+00
1.043910077673130488e+00
1.021625139390581971e+00
1.017446713462604180e+00
9.923761578947370987e-01
9.624307720775625574e-01
9.478062813296401767e-01
1.039731651745152696e+00
1.062016590027701213e+00
9.673056023268700176e-01
9.763588585041553802e-01
9.770552628254850491e-01
9.923761578947370987e-01
1.020928735069252413e+00
9.749660498614961535e-01
1.027892778282548658e+00
1.022321543711911529e+00
9.854121146814407428e-01
1.035553225817174683e+00
9.645199850415514531e-01
9.568595375069254283e-01
1.026499969639889542e+00
1.020928735069252413e+00
9.777516671468146070e-01
1.023714352354570867e+00
1.013268287534626388e+00
1.032767608531856229e+00
9.749660498614961535e-01
9.561631331855958704e-01
9.840193060387814050e-01
1.013268287534626388e+00
9.930725622160667676e-01
9.861085190027703007e-01
1.033464012853185787e+00
9.714840282548479200e-01
1.002125818393352130e+00
9.819300930747925094e-01
9.937689665373964365e-01
1.019535926426593075e+00
9.303961732963991205e-01
9.805372844321331716e-01
1.037642438781163801e+00
1.027196373961219100e+00
9.840193060387814050e-01
9.784480714681442759e-01
1.017446713462604180e+00
9.617343677562328885e-01
9.659127936842107909e-01
1.018143117783933738e+00
9.074148306925210461e-01
9.568595375069254283e-01
9.951617751800556633e-01
9.875013276454296385e-01
1.030678395567867334e+00
1.034856821495845125e+00
1.018839522105263518e+00
1.024410756675900647e+00
1.028589182603878438e+00
1.045999290637119383e+00
1.043910077673130488e+00
9.603415591135736618e-01
1.024410756675900647e+00
9.951617751800556633e-01
1.000733009750692792e+00
9.951617751800556633e-01
1.018839522105263518e+00
9.958581795013853322e-01
9.840193060387814050e-01
1.038338843102493358e+00
9.972509881440445589e-01
9.902869449307482030e-01
1.055748951135734304e+00
9.888941362880888652e-01
1.040428056066482254e+00
1.004911435678670584e+00
1.005607840000000364e+00
1.010482670249307713e+00
1.009786265927978155e+00
1.032767608531856229e+00
1.051570525207756512e+00
9.916797535734074298e-01
1.013964691855955946e+00
9.666091980055404598e-01
1.022321543711911529e+00
1.030678395567867334e+00
1.014661096177285504e+00
9.742696455401664846e-01
9.624307720775625574e-01
1.048784907922438059e+00
1.007000648642659479e+00
1.005607840000000364e+00
1.023714352354570867e+00
1.001429414072022350e+00
