8.149630215121057564e-01
1.664112427213524465e-16
7.401307744281160339e-01
1.332698739890502134e-17
8.905612560703581038e-02
-1.424417054130352361e-16
-2.487089594395891848e-02
7.005243727251611770e-03
-2.487089594395884562e-02
-7.005243727251654270e-03
-8.093778455646372105e-01
-7.403303584664390678e-18
-6.460397689874569638e-01
-7.842431667371070267e-03
-6.460397689874558536e-01
7.842431667371299250e-03
-3.309758486208257966e-01
-9.791742267203085159e-03
-3.309758486208256856e-01
9.791742267202949851e-03
