9.791734693942344414e-01 -1.559437272152060968e-17
9.789284095561848753e-01 -1.516069185252640791e-17
9.786778699933088577e-01 -1.559437272152060968e-17
9.784216526252849100e-01 -1.516069185252640791e-17
9.781595495084739467e-01 -1.516069185252640791e-17
9.778913422103675535e-01 -1.516069185252640791e-17
9.776168011357361243e-01 -1.516069185252640791e-17
9.773356848000679387e-01 -1.472701098353220613e-17
9.770477390454255229e-01 -1.602805359051481145e-17
9.767526961933233887e-01 -1.472701098353220613e-17
9.764502741286461562e-01 -1.472701098353220613e-17
9.761401753079685939e-01 -1.472701098353220613e-17
9.758220856848981439e-01 -1.472701098353220613e-17
9.754956735442272819e-01 -1.429333011453800436e-17
9.751605882357402555e-01 -1.516069185252640791e-17
9.748164587974553763e-01 -1.429333011453800436e-17
9.744628924568760064e-01 -1.342596837654960081e-17
9.740994729974559174e-01 -1.255860663856119726e-17
9.737257589759298337e-01 -1.299228750755539904e-17
9.733412817743865020e-01 -1.212492576956699549e-17
9.729455434689434634e-01 -1.212492576956699549e-17
9.725380144945698913e-01 -1.169124490057279372e-17
9.721181310829601907e-01 -1.082388316258439017e-17
9.716852924473223796e-01 -1.082388316258439017e-17
9.712388576844538379e-01 -1.082388316258439017e-17
9.707781423604503468e-01 -9.089159686607583075e-18
9.703024147417418366e-01 -8.655478817613381301e-18
9.698108916277631275e-01 -7.788117079624977754e-18
9.693027337353169459e-01 -6.053393603648170660e-18
9.687770405774077664e-01 -6.920755341636574207e-18
9.682328447708418162e-01 -6.920755341636574207e-18
9.676691056969586313e-01 -3.451308389682960018e-18
9.670847024282167581e-01 -4.318670127671363565e-18
9.664784258196583711e-01 -1.716584913706152924e-18
9.658489696481250553e-01 -8.492231757177493766e-19
9.651949206629750755e-01 8.855003002590577178e-19
9.645147473893624923e-01 1.752862038247461265e-18
9.638067874981171013e-01 4.354947252212671907e-18
9.630692335239734447e-01 6.089670728189479001e-18
9.623001166751792290e-01 6.957032466177882548e-18
9.614972884309201939e-01 8.691755942154689643e-18
9.606583995667088427e-01 1.302856463209670738e-17
9.597808761796153831e-01 1.476328810807351447e-17
9.588618922020861746e-01 1.736537332203872511e-17
9.578983377914167541e-01 1.910009679801553221e-17
9.568867828570423173e-01 2.430426722594595349e-17
9.558234348336539510e-01 2.690635243991116413e-17
9.547040896169713964e-01 2.950843765387637478e-17
9.535240743407099595e-01 3.297788460582998896e-17
9.522781803746904750e-01 3.991677850973721734e-17
9.509605845478276143e-01 4.338622546169083153e-17
9.495647561229756395e-01 4.772303415163284927e-17
9.480833464427959045e-01 5.552928979352848119e-17
9.465080573860048530e-01 6.160082195944730602e-17
9.448294837662987167e-01 6.680499238737772731e-17
9.430369234967013181e-01 7.547860976726176278e-17
9.411181476269314672e-01 8.415222714714579825e-17
9.390591200980570319e-01 9.109112105105302663e-17
9.368436540486300146e-01 1.049689088588674834e-16
9.344529874706803962e-01 1.153772497147283383e-16
9.318652555573919694e-01 1.309897609985196021e-16
9.290548296431747621e-01 1.466022722823108660e-16
9.259914824006159062e-01 1.639495070420789369e-16
9.226393247546006426e-01 1.795620183258702008e-16
9.189554400971635673e-01 2.038481469895455001e-16
9.148881133565796020e-01 2.281342756532207994e-16
9.103745126962548007e-01 2.645634686487337484e-16
9.053376249625578742e-01 3.061968320721771187e-16
8.996821654082453046e-01 3.443607485436668747e-16
8.932890688107169019e-01 3.998718997749247018e-16
8.860080143272730524e-01 4.623219449100897079e-16
8.776472410515323563e-01 5.421192248050228342e-16
8.679597160689975777e-01 6.496720803155848741e-16
8.566247017930816998e-01 7.815110644898222132e-16
8.432245721970640373e-01 9.758000937992247064e-16
8.272204951776529480e-01 1.232539168243792156e-15
8.079446149493523244e-01 1.600300545150875260e-15
7.846763167871865230e-01 2.148473163559546105e-15
7.570517110745453859e-01 3.050529371067485794e-15
7.267442073774206257e-01 4.493819303080189691e-15
7.040080216892654619e-01 6.866921018216461796e-15
7.309907160280713079e-01 9.059611491851145964e-15
9.237110934687453589e-01 3.064407158875300251e-15
1.292954676532962255e+00 -1.569836195728984647e-14
1.472001351671762270e+00 -1.664205152822122952e-14
1.442301048320115742e+00 -9.314579565695194780e-15
1.369663574080489887e+00 -5.026343133080527643e-15
1.306085185736977294e+00 -3.010594453995478194e-15
1.257056732649721731e+00 -2.035679860496512607e-15
1.219698358837706387e+00 -1.509191285537551456e-15
1.190813058071978459e+00 -1.202036810072408050e-15
1.168020861618167983e+00 -1.010891967063213618e-15
1.149671018146129597e+00 -8.894613237448371219e-16
1.134624897751951078e+00 -7.996893838630374533e-16
1.122086446217877675e+00 -7.398414239418376086e-16
1.111488361450176043e+00 -6.938712518284522206e-16
1.102418146789147624e+00 -6.583094205709276751e-16
1.094570006873996970e+00 -6.288191214793219545e-16
1.087713133303426893e+00 -6.071350780296118659e-16
1.081670424207012537e+00 -5.915225667458206020e-16
1.076303935563720282e+00 -5.776447789380061452e-16
1.071504749999375283e+00 -5.646343528681800920e-16
1.067185796942284881e+00 -5.576954589642728637e-16
1.063276679991904672e+00 -5.498892033223772317e-16
1.059719892894040116e+00 -5.438176711564584069e-16
1.056468011785572925e+00 -5.412155859424931963e-16
1.053481584262654591e+00 -5.377461389905395821e-16
1.050727522873575071e+00 -5.368787772525511785e-16
1.048177868579903249e+00 -5.360114155145627750e-16
1.045808828895641085e+00 -5.334093303005975643e-16
1.043600022276789385e+00 -5.360114155145627750e-16
1.041533879012578101e+00 -5.386135007285279856e-16
1.039595162026517361e+00 -5.394808624665163892e-16
1.037770580375465768e+00 -5.438176711564584069e-16
1.036048474998130464e+00 -5.490218415843888282e-16
1.034418561192130603e+00 -5.516239267983540388e-16
1.032871715923784350e+00 -5.568280972262844601e-16
1.031399800764671193e+00 -5.637669911301916885e-16
1.029995513260054452e+00 -5.698385232961105133e-16
1.028652261046799632e+00 -5.785121406759945488e-16
1.027364054180420538e+00 -5.863183963178901807e-16
1.026125411993588754e+00 -5.958593754357626197e-16
1.024931281456968435e+00 -6.058340354226292605e-16
1.023776964493760433e+00 -6.175434188854727084e-16
1.022658052043859955e+00 -6.288191214793219545e-16
1.021570362902976203e+00 -6.426969092871364113e-16
1.020509885488110724e+00 -6.570083779639450698e-16
1.019472720706626978e+00 -6.726208892477363337e-16
1.018455024026179379e+00 -6.895344431385102028e-16
1.017452944641243695e+00 -7.077490396362666773e-16
1.016462559279993627e+00 -7.276983596099999589e-16
1.015479797645722382e+00 -7.493824030597100476e-16
1.014500355666139386e+00 -7.736685317233853469e-16
1.013519591517484830e+00 -8.001230647320316551e-16
1.012532397621029201e+00 -8.296133638236373757e-16
1.011533039198538653e+00 -8.621394289982025087e-16
1.010514946076205289e+00 -8.981349411247211573e-16
1.009470438520985835e+00 -9.380335810721877205e-16
1.008390358778970208e+00 -9.827027105785905032e-16
1.007263565618794265e+00 -1.034310733988900514e-15
1.006076225987553086e+00 -1.091990289565129350e-15
1.004810799407297894e+00 -1.158343462521242221e-15
1.003444544917976078e+00 -1.235972338071204339e-15
1.001947263783047548e+00 -1.326611639690992510e-15
1.000277776246346617e+00 -1.434164495201554550e-15
9.983782156873455271e-01 -1.564702436768809283e-15
9.961643779135377352e-01 -1.726899081772640747e-15
9.935085256730753489e-01 -1.930295409330921576e-15
9.902067317890638209e-01 -2.195708101155373061e-15
9.859116776286015460e-01 -2.557397945896537340e-15
9.799791436981154513e-01 -3.079116031296562074e-15
9.710636416543553251e-01 -3.892267660660690005e-15
9.558058880983609784e-01 -5.344664890922271745e-15
9.228090076622068594e-01 -8.664925623941880524e-15
7.927951533581665267e-01 -2.365337013725048960e-14
1.451972432977990612e+00 2.295040972573542719e-14
1.118141907105185684e+00 8.619859090691025365e-15
1.070715298897290335e+00 5.078421114484373682e-15
1.051555377416336645e+00 3.559670711266679071e-15
1.041074193927488345e+00 2.717028782810944630e-15
1.034388005470331162e+00 2.181432909603105440e-15
1.029699735472533462e+00 1.810635766613062923e-15
1.026193032503243785e+00 1.538717861753698609e-15
1.023443495957038651e+00 1.330551044636481757e-15
1.021208597327899481e+00 1.165752314418685083e-15
1.019339639987540291e+00 1.032178606768470937e-15
1.017740348251375382e+00 9.220236660439436865e-16
1.016345609991198717e+00 8.287822792101902065e-16
1.015109788321241435e+00 7.485513184462628784e-16
1.013999927510594867e+00 6.800297411451789982e-16
1.012991618101737545e+00 6.197481003549849517e-16
1.012066381245031232e+00 5.659716725997039317e-16
1.011209958555600918e+00 5.180499365758446358e-16
1.010411161662978508e+00 4.757660518489099628e-16
1.009661078761121100e+00 4.369516140739289534e-16
1.008952515232638847e+00 4.011729423819073071e-16
1.008279591528270069e+00 3.692973985108334767e-16
1.007637449005290620e+00 3.400239398537248570e-16
1.007022031333141721e+00 3.127020451070901453e-16
1.006429919725530642e+00 2.877653951399235433e-16
1.005858207124631587e+00 2.641297877797395466e-16
1.005304400982238722e+00 2.415783825920410544e-16
1.004766347313643671e+00 2.209785413148164701e-16
1.004242170768028908e+00 2.014629022100773903e-16
1.003730226892570965e+00 1.828146248433267141e-16
1.003229063775487706e+00 1.654673900835586431e-16
1.002737390971734088e+00 1.485538361927847740e-16
1.002254054133472128e+00 1.320739631710051066e-16
1.001778014145900508e+00 1.171119731907051454e-16
1.001308329848223710e+00 1.017163023414109701e-16
1.000844143627633409e+00 8.762167409909941244e-17
1.000384669330677045e+00 7.396072672578205657e-17
9.999291820551677867e-01 6.073346022145890248e-17
9.994770094766411983e-01 4.793987458612995015e-17
9.990275244334306803e-01 3.557996981979519961e-17
9.985801385488216608e-01 2.322006505346044906e-17
9.981342967112829534e-01 1.172752202511410206e-17
9.976894722672372540e-01 -1.987018722264467162e-19
9.972451628073154550e-01 -1.125756403157859194e-17
9.968008864481225917e-01 -2.275010705992493894e-17
9.963561785283999717e-01 -3.359212878477998328e-17
9.959105886520215334e-01 -4.443415050963502762e-17
9.954636780211905123e-01 -5.592669353798137462e-17
9.950150170120616311e-01 -6.633503439384221719e-17
9.945641829521991717e-01 -7.674337524970305976e-17
9.941107580651367126e-01 -8.693487567106680144e-17
9.936543275520715035e-01 -9.712637609243054312e-17
9.931944777846102301e-01 -1.079683978172855875e-16
9.927307945856436167e-01 -1.185935791076435186e-16
9.922628615779847117e-01 -1.285682390945101594e-16
9.917902585824648343e-01 -1.389765799503710019e-16
9.913125600488157385e-01 -1.496017612407289454e-16
9.908293335039417560e-01 -1.593595807930984853e-16
9.903401380031499057e-01 -1.710689642559419332e-16
9.898445225705951867e-01 -1.803931029393172713e-16
9.893420246156475750e-01 -1.918856459676636183e-16
9.888321683121066297e-01 -2.022939868235244609e-16
9.883144629272121451e-01 -2.131360085483795052e-16
9.877884010872157727e-01 -2.235443494042403478e-16
9.872534569659059400e-01 -2.350368924325866948e-16
9.867090843819161794e-01 -2.460957545919388400e-16
9.861547147898837018e-01 -2.571546167512909852e-16
9.855897551495589326e-01 -2.688640002141344331e-16
9.850135856557835634e-01 -2.810070645459720828e-16
9.844255573108355861e-01 -2.935838097468039342e-16
9.838249893189597861e-01 -3.048595123406531803e-16
9.832111662809427388e-01 -3.183036192794734353e-16
9.825833351643059599e-01 -3.313140453492994885e-16
9.819407020220464188e-01 -3.441076309846284409e-16
9.812824284298035105e-01 -3.575517379234486958e-16
9.806076276078043996e-01 -3.703453235587776482e-16
9.799153601898861199e-01 -3.855241539735747102e-16
9.792046295972092196e-01 -3.996187822158862679e-16
9.784743769688850623e-01 -4.145807721961862291e-16
9.777234755955114265e-01 -4.301932834799774929e-16
9.769507247944109185e-01 -4.460226351982659070e-16
9.761548431570413742e-01 -4.616351464820571708e-16
9.753344610893900368e-01 -4.781150195038368382e-16
9.744881125549496037e-01 -4.954622542636049091e-16
9.736142259168254487e-01 -5.141105316303555854e-16
9.727111137603100532e-01 -5.310240855211294546e-16
9.717769615594742394e-01 -5.520576076673482406e-16
9.708098150304990126e-01 -5.707058850340989169e-16
9.698075659900137202e-01 -5.939078115252887118e-16
9.687679365079175930e-01 -6.142908123680161951e-16
9.676884611101920219e-01 -6.368422175557146873e-16
9.665664667470172944e-01 -6.604778249158986840e-16
9.653990501938243263e-01 -6.845471131450768824e-16
9.641830524961917392e-01 -7.110016461537231906e-16
9.629150300018378683e-01 -7.355046152518955908e-16
9.615912214420170301e-01 -7.660791165159868159e-16
9.602075104275399342e-01 -7.964367773455809400e-16
9.587593826078213421e-01 -8.267944381751750642e-16
9.572418766004453516e-01 -8.604047055222257016e-16
9.556495276282455098e-01 -8.927139302622936352e-16
9.539763025940830588e-01 -9.300104849957949877e-16
9.522155250719795960e-01 -9.668733588603021384e-16
9.503597883866111706e-01 -1.011325647932207820e-15
9.484008545785463928e-01 -1.052308490052159888e-15
9.463295365941460924e-01 -1.100230226076019184e-15
9.441355604773327137e-01 -1.146200398189404572e-15
9.418074036519992198e-01 -1.203012592027645004e-15
9.393321045407265757e-01 -1.257656381520914428e-15
9.366950377355047763e-01 -1.319455905352588180e-15
9.338796476839966720e-01 -1.384508035701718446e-15
9.308671323456527702e-01 -1.451294889526825520e-15
9.276360664790382904e-01 -1.525020637255839821e-15
9.241619521431236883e-01 -1.612624172792668579e-15
9.204166816864488565e-01 -1.705540298974676309e-15
9.163678961355581354e-01 -1.799974308198163943e-15
9.119782198986340349e-01 -1.911972392615916551e-15
9.072043519735193406e-01 -2.034270397672281451e-15
9.019959962314907376e-01 -2.166651482932761542e-15
8.962946225079435614e-01 -2.316921904039252457e-15
8.900320734157405322e-01 -2.480528011867315076e-15
8.831290833173340848e-01 -2.668637088793550095e-15
8.754938841691464191e-01 -2.891440635239321256e-15
8.670212949990473428e-01 -3.134952443179565552e-15
8.575931434684622712e-01 -3.427361769098906098e-15
8.470817883389002434e-01 -3.747201409982129512e-15
8.353604013136393114e-01 -4.150416197929488611e-15
8.223275875177225025e-01 -4.629958818819827222e-15
8.079621408387188675e-01 -5.185504012001399694e-15
7.924410188226594931e-01 -5.880152343912862385e-15
7.763895160467773060e-01 -6.769089705133727470e-15
7.614029398634710732e-01 -7.796696524215488573e-15
7.510924176837064925e-01 -9.101967519670787361e-15
7.529625935576298446e-01 -1.046264124614009543e-14
7.807705472022804516e-01 -1.171218424992963929e-14
8.535417773981439638e-01 -1.174059034684875950e-14
9.808114960729727994e-01 -9.298641793759657865e-15
1.135156639623289720e+00 -4.469496897291972566e-15
1.260227979093187844e+00 5.533949273988720803e-16
1.325751244051891486e+00 3.717096866711574315e-15
1.342423485914927550e+00 5.132197542239654702e-15
1.332490003783471044e+00 5.492369503939339275e-15
1.311690427346368981e+00 5.339063316749888948e-15
1.288100322021509703e+00 5.054134985820698383e-15
1.265219582849131275e+00 4.720525977346908668e-15
1.244329415379286985e+00 4.407842070802089189e-15
1.225735724179170871e+00 4.112180138365292130e-15
1.209349523713270314e+00 3.861837856738389157e-15
1.194943561427001644e+00 3.625698623571046291e-15
1.182261159010458362e+00 3.420350732102291357e-15
1.171059419187580719e+00 3.229097468875848374e-15
1.161123838925931961e+00 3.062130334313080692e-15
1.152270854994095650e+00 2.917606184720762950e-15
1.144345650250988999e+00 2.786200881415519813e-15
1.137218426201693777e+00 2.665095498748888968e-15
1.130780495439291711e+00 2.556458441065841424e-15
1.124940718461432398e+00 2.459530766845637327e-15
1.119622444204521061e+00 2.368240943922357854e-15
1.114760959636932780e+00 2.285624738378962416e-15
1.110301395279695846e+00 2.211031628911959711e-15
1.106197017329876076e+00 2.139907966396910620e-15
1.102407838606406898e+00 2.075940038220265858e-15
1.098899488622122389e+00 2.016092078299066014e-15
1.095642292743904900e+00 1.960689347285056737e-15
1.092610519573190109e+00 1.908864483440249625e-15
1.089781763631933575e+00 1.861593268719881632e-15
1.087136437034807335e+00 1.815514676389247693e-15
1.084657349168202334e+00 1.773339211879561768e-15
1.082329357662573432e+00 1.733548992149343755e-15
1.080139077328716946e+00 1.696686118284836605e-15
1.078074636404321218e+00 1.661991648765300463e-15
1.076125471571173442e+00 1.629357163373486779e-15
1.074282154874976580e+00 1.598782662109395554e-15
1.072536247003964327e+00 1.569834464104032586e-15
1.070880172434294231e+00 1.541645207619409471e-15
1.069307112788193237e+00 1.516166456566000116e-15
1.067810915420763118e+00 1.491229806598833514e-15
1.066386014788860637e+00 1.467811039673146619e-15
1.065027364588342129e+00 1.445801735571690879e-15
1.063730378995885628e+00 1.424442952773726441e-15
1.062490881635549833e+00 1.404818893451738811e-15
1.061305061121507132e+00 1.385953775650491034e-15
1.060169432217474839e+00 1.368281280238977312e-15
1.059080801808523598e+00 1.351259306130954892e-15
1.058036239008721457e+00 1.335104693760920876e-15
1.057033048833674105e+00 1.319492182477129612e-15
1.056068748954595904e+00 1.304963873365823853e-15
1.055141049123414554e+00 1.291302925992506497e-15
1.054247832919244399e+00 1.277858819053686242e-15
1.053387141517514669e+00 1.265173653635605840e-15
1.052557159225822048e+00 1.253464270172762392e-15
1.051756200566651644e+00 1.241863306927167495e-15
1.050982698717568997e+00 1.231563386288555202e-15
1.050235195145313494e+00 1.221588726301688562e-15
1.049512330292163842e+00 1.211722486532070471e-15
1.048812835191637705e+00 1.202398347848695133e-15
1.048135523906553290e+00 1.193941570903308199e-15
1.047479286696154199e+00 1.185484793957921264e-15
1.046843083830725885e+00 1.178112219185019834e-15
1.046225939982227793e+00 1.170848064629366954e-15
1.045626939128162514e+00 1.164017590942708276e-15
1.045045219913412815e+00 1.157512377907795250e-15
1.044479971421283349e+00 1.151874526610870626e-15
1.043930429310613306e+00 1.146019834879448903e-15
1.043395872280718617e+00 1.141140925103264133e-15
1.042875618830174433e+00 1.136478855761576464e-15
1.042369024279141687e+00 1.131925206637137345e-15
1.041875478028163382e+00 1.128022078816189529e-15
1.041394401029156480e+00 1.124335791429738814e-15
1.040925243446761073e+00 1.121083184912282301e-15
1.040467482490322393e+00 1.118481099698317090e-15
1.040020620398624418e+00 1.116204275136097531e-15
1.039584182561062775e+00 1.113927450573877971e-15
1.039157715760312906e+00 1.112192727097901164e-15
1.038740786522692083e+00 1.110566423839172908e-15
1.038332979563383107e+00 1.109807482318433054e-15
1.037933896314467974e+00 1.109590641883935954e-15
1.037543153524347117e+00 1.109048540797693201e-15
1.037160381917571650e+00 1.109699062101184504e-15
1.036785224904413827e+00 1.110241163187427256e-15
1.036417337329637478e+00 1.110674844056421458e-15
1.036056384249884887e+00 1.112626407966895366e-15
1.035702039728882751e+00 1.115011652746363476e-15
1.035353985639233976e+00 1.116854796439588833e-15
1.035011910458924156e+00 1.119782142305299695e-15
1.034675508049748727e+00 1.123143169040004759e-15
1.034344476403656898e+00 1.127154717078201125e-15
1.034018516341431493e+00 1.131274685333646042e-15
1.033697330146111426e+00 1.136370435544327913e-15
1.033380620111030268e+00 1.141899866624003986e-15
1.033068086979156197e+00 1.147862978572674260e-15
1.032759428246436517e+00 1.154368191607587287e-15
1.032454336296854347e+00 1.161740766380488717e-15
1.032152496330659863e+00 1.169980702891378551e-15
1.031853584039377658e+00 1.179088001140256788e-15
1.031557262971294797e+00 1.188412139823632126e-15
1.031263181518596417e+00 1.199471001982984271e-15
1.030970969441358021e+00 1.210963545011330618e-15
1.030680233823190850e+00 1.223323449777665369e-15
1.030390554327041075e+00 1.237201237585479825e-15
1.030101477585543490e+00 1.252054807348531236e-15
1.029812510515798696e+00 1.267992579284068151e-15
1.029523112289796538e+00 1.285881915130078975e-15
1.029232684613839988e+00 1.305180713800320953e-15
1.028940559865955784e+00 1.326322656163788290e-15
1.028645986499044707e+00 1.349090901785983883e-15
1.028348110924343750e+00 1.374461232622144687e-15
1.028045954822560670e+00 1.402108388020525050e-15
1.027738386455854691e+00 1.432357628632870624e-15
1.027424084022918960e+00 1.466076316197169811e-15
1.027101488335261603e+00 1.503156030496174063e-15
1.026768740975710692e+00 1.544464133267871782e-15
1.026423602439307192e+00 1.590867986250251372e-15
1.026063342241162912e+00 1.642692850095058484e-15
1.025684589087183296e+00 1.701022926974778622e-15
1.025283123055273471e+00 1.767267679713642943e-15
1.024853581767223742e+00 1.842944991353130956e-15
1.024389035913549462e+00 1.930006425803716962e-15
1.023880360899943609e+00 2.031813009800105828e-15
1.023315280390915349e+00 2.151725770077002618e-15
1.022676862777894602e+00 2.294623616410592103e-15
1.021941066983048874e+00 2.467987543791024262e-15
1.021072553659609694e+00 2.682334313291408488e-15
1.020017140394170463e+00 2.954469058585270101e-15
1.018687280500949699e+00 3.310846312681255409e-15
1.016931668174497094e+00 3.796785726389258890e-15
1.014464215897094457e+00 4.499131893725368663e-15
1.010670887084875513e+00 5.601223402056883920e-15
1.003950835615040837e+00 7.580109207277426613e-15
9.884022268112893084e-01 1.216866964167057848e-14
9.098242724250605873e-01 3.443146021105343100e-14
1.138098482541940681e+00 -3.555552474636185702e-14
1.064084212353467951e+00 -1.120542815450991451e-14
1.048907910586339698e+00 -6.449900585553994965e-15
1.042299859625186453e+00 -4.424827767785569783e-15
1.038563280625789398e+00 -3.303437460783812941e-15
1.036136037936046694e+00 -2.591333473895333629e-15
1.034415629852109886e+00 -2.098997267369666066e-15
1.033120389683172879e+00 -1.738283204583738543e-15
1.032101008809255704e+00 -1.463112693206917518e-15
1.031270957255126852e+00 -1.245946998058070980e-15
1.030576621444703411e+00 -1.069980985463673610e-15
1.029983007043591581e+00 -9.252399954368587682e-16
1.029466298263888246e+00 -8.033756712494881684e-16
1.029009721383731035e+00 -6.996175233426253941e-16
1.028601118578246876e+00 -6.101708441125712783e-16
1.028231460222789329e+00 -5.324335483453606103e-16
1.027893897799863954e+00 -4.641288114787738310e-16
1.027583141307276460e+00 -4.036303302540826343e-16
1.027295038458051479e+00 -3.495286418470559630e-16
1.027026283276017971e+00 -3.008479643024568139e-16
1.026774209927614034e+00 -2.570461965340424348e-16
1.026536644053292813e+00 -2.172559768038244221e-16
1.026311793718885923e+00 -1.811520444600571244e-16
1.026098168191055482e+00 -1.478670377647521383e-16
1.025894516590890593e+00 -1.171841162834123628e-16
1.025699780971452313e+00 -8.888643958154070942e-17
1.025513060010907251e+00 -6.243190657289440123e-17
1.025333580620316987e+00 -3.825419812646765235e-17
1.025160675522998055e+00 -1.537753228702350879e-17
1.024993765389100364e+00 5.764410076443827671e-18
1.024832344480404611e+00 2.582215026742565970e-17
1.024675969025638622e+00 4.457884785142488641e-17
1.024524247738461069e+00 6.235976348018715913e-17
1.024376834030592098e+00 7.949015780545812918e-17
1.024233419576302317e+00 9.531950952374649392e-17
1.024093728961912309e+00 1.103899197212950056e-16
1.023957515212309044e+00 1.248640187239765021e-16
1.023824556030839883e+00 1.384707559886695827e-16
1.023694650622925417e+00 1.518064427102412873e-16
1.023567616999985885e+00 1.642205575852003130e-16
1.023443289680682655e+00 1.764178320256622379e-16
1.023321517722470153e+00 1.881272154885056858e-16
1.023202163029052869e+00 1.991860776478578310e-16
1.023085098889338740e+00 2.102991499158342515e-16
1.022970208711454498e+00 2.207074907716950940e-16
1.022857384921787238e+00 2.312242518448044870e-16
1.022746528004169875e+00 2.410904916144225774e-16
1.022637545658516611e+00 2.504688404064221908e-16
1.022530352061609360e+00 2.598471891984218041e-16
1.022424867215532718e+00 2.691171177731728670e-16
1.022321016371529501e+00 2.782244160220511043e-16
1.022218729518949321e+00 2.870606637278079654e-16
1.022117940930515889e+00 2.957884912163162761e-16
1.022018588756441471e+00 3.042994782703274859e-16
1.021920614661000482e+00 3.126478349984658700e-16
1.021823963496079291e+00 3.209961917266042542e-16
1.021728583006979330e+00 3.292903383461183631e-16
1.021634423566392558e+00 3.373134344225110959e-16
1.021541437933003449e+00 3.454449507161523792e-16
1.021449581031632636e+00 3.533054164666722863e-16
1.021358809752217489e+00 3.612743024344407439e-16
1.021269082765257519e+00 3.691347681849606511e-16
1.021180360351620520e+00 3.772120743699776591e-16
1.021092604244849156e+00 3.851267502291218415e-16
1.021005777484296662e+00 3.929330058710174734e-16
1.020919844277590194e+00 4.009561019474102062e-16
1.020834769871060033e+00 4.087623575893058381e-16
1.020750520426883856e+00 4.170022941001956718e-16
1.020667062905792788e+00 4.248627598507155790e-16
1.020584364954254974e+00 4.327774357098597613e-16
1.020502394795113066e+00 4.414510530897437968e-16
1.020421121120691721e+00 4.496909896006335812e-16
1.020340512987409243e+00 4.580935564373962406e-16
1.020260539710946102e+00 4.664961232741588999e-16
1.020181170761007117e+00 4.752781608712914858e-16
1.020102375654698301e+00 4.840059883597997965e-16
1.020024123847494746e+00 4.929506562828052081e-16
1.019946384620727509e+00 5.021663747489319958e-16
1.019869126964429773e+00 5.115447235409316092e-16
1.019792319454295493e+00 5.212483329846768738e-16
1.019715930121373848e+00 5.308977323197978633e-16
1.019639926312975620e+00 5.409266024152887793e-16
1.019564274543079962e+00 5.512265230539010714e-16
1.019488940330310678e+00 5.618517043442590149e-16
1.019413888021278858e+00 5.726937260691140592e-16
1.019339080596765479e+00 5.840778488802118558e-16
1.019264479457829387e+00 5.956788121258067532e-16
1.019190044188451161e+00 6.076592461317715772e-16
1.019115732290764020e+00 6.200733610067306030e-16
1.019041498888228148e+00 6.329753668593081058e-16
1.018967296391282584e+00 6.463110535808798103e-16
1.018893074118990993e+00 6.601346312800699918e-16
1.018818777868972125e+00 6.746087302827514760e-16
1.018744349426382145e+00 6.898417708061728133e-16
1.018669726000871245e+00 7.054000719813398020e-16
1.018594839578124134e+00 7.220425753289922950e-16
1.018519616169744735e+00 7.392271797628875403e-16
1.018443974941676711e+00 7.574417762606440148e-16
1.018367827196870801e+00 7.764695243877646176e-16
1.018291075182254257e+00 7.965272645787464496e-16
1.018213610682867865e+00 8.177776271594623365e-16
1.018135313356841376e+00 8.401664020212880031e-16
1.018056048753029241e+00 8.641272700332176511e-16
1.017975665937765228e+00 8.892807604348814526e-16
1.017893994637095956e+00 9.161147642038976873e-16
1.017810841774354325e+00 9.448461217747635548e-16
1.017725987247690700e+00 9.755832533647276055e-16
1.017639178744850215e+00 1.008597209516911216e-15
1.017550125328299915e+00 1.044159040774435761e-15
1.017458489435803637e+00 1.082377167354549792e-15
1.017363876819494140e+00 1.123847900452120337e-15
1.017265823775094669e+00 1.169113341153390147e-15
1.017163780768990167e+00 1.218444540001480599e-15
1.017057091218527942e+00 1.272492018299882995e-15
1.016944963663984236e+00 1.332014717569337188e-15
1.016826434798900669e+00 1.398205260199577234e-15
1.016700319651382634e+00 1.471714167494094435e-15
1.016565143384973391e+00 1.554167742711617047e-15
1.016419046288085104e+00 1.647517549762618978e-15
1.016259648791342896e+00 1.753498312123077037e-15
1.016083855412642345e+00 1.875633686853568914e-15
1.015887562762141982e+00 2.017338910797424344e-15
1.015665211968359127e+00 2.184143415034319201e-15
1.015409079388172708e+00 2.383365564228530641e-15
1.015108107776337754e+00 2.625359489127295230e-15
1.014745888511324967e+00 2.925575070688531408e-15
1.014296976427544905e+00 3.308461067901787299e-15
1.013719672996237886e+00 3.813157179193790007e-15
1.012940578658795276e+00 4.509160763820859579e-15
1.011817392003984795e+00 5.531021311388447508e-15
1.010033258103687048e+00 7.177382310307685991e-15
1.006710725712665289e+00 1.027451423622977796e-14
9.981885806214403356e-01 1.825044751811938975e-14
9.246533850119127429e-01 8.541677210359638628e-14
1.049960093723622645e+00 -3.126994460906977937e-14
1.031119432420890547e+00 -1.311600922286387043e-14
1.026003723796478972e+00 -8.256072984697596802e-15
1.023601485459978422e+00 -6.001149306362244680e-15
1.022195201656936225e+00 -4.699130917424402405e-15
1.021264396574643296e+00 -3.851393238757986488e-15
1.020597516325595588e+00 -3.255190464108207994e-15
1.020092346207494671e+00 -2.813323868711740662e-15
1.019693453919852999e+00 -2.472342285465049518e-15
1.019368171973564330e+00 -2.201400162560921959e-15
1.019095998753515531e+00 -1.980819230568746082e-15
1.018863416784375975e+00 -1.797697483635944383e-15
1.018661151525903863e+00 -1.643307094274008355e-15
1.018482627269101215e+00 -1.511359689882522465e-15
1.018323051600958928e+00 -1.397193201119798848e-15
1.018178848882088205e+00 -1.297500811359756716e-15
1.018047296786853906e+00 -1.209626225279806581e-15
1.017926285776142192e+00 -1.131617878969474537e-15
1.017814155581347579e+00 -1.061903679278656602e-15
1.017709581389409479e+00 -9.989657431658730697e-16
1.017611492953430563e+00 -9.423161796535054630e-16
1.017519016026748879e+00 -8.905997360259469015e-16
1.017431429248317087e+00 -8.434911516314518325e-16
1.017348131923108800e+00 -8.003941152751530312e-16
1.017268619614642766e+00 -7.603870551104379176e-16
1.017192465424894054e+00 -7.236326014631793173e-16
1.017119305472539370e+00 -6.896428633557587533e-16
1.017048827509910991e+00 -6.580925801364305742e-16
1.016980761913973241e+00 -6.284938608275763032e-16
1.016914874492328424e+00 -6.010635458636930410e-16
1.016850960690707462e+00 -5.751511139412894850e-16
1.016788840892622892e+00 -5.508649852776141857e-16
1.016728356577413006e+00 -5.280425295467943174e-16
1.016669367158311577e+00 -5.063042759884599535e-16
1.016611747363224127e+00 -4.861381155802295710e-16
1.016555385051590266e+00 -4.666766865841147664e-16
1.016500179383899249e+00 -4.485163001949825672e-16
1.016446039278063429e+00 -4.311148553265901717e-16
1.016392882100403350e+00 -4.146349823048105043e-16
1.016340632549460388e+00 -3.987514204778978643e-16
1.016289221699007372e+00 -3.837352203889736279e-16
1.016238586173007663e+00 -3.695321719294135198e-16
1.016188667430305781e+00 -3.556543841215990631e-16
1.016139411140820847e+00 -3.423729075086516338e-16
1.016090766638181320e+00 -3.297419521991955071e-16
1.016042686436281706e+00 -3.175446777587335822e-16
1.015995125799270316e+00 -3.057810841872658591e-16
1.015948042356109360e+00 -2.945053815934166130e-16
1.015901395752162317e+00 -2.835007295426887430e-16
1.015855147331313768e+00 -2.729839684695793500e-16
1.015809259842963330e+00 -2.626298377223427826e-16
1.015763697168899915e+00 -2.526551777354761418e-16
1.015718424065573666e+00 -2.430599885089794276e-16
1.015673405917668859e+00 -2.337358498256040895e-16
1.015628608499152152e+00 -2.245743414681015770e-16
1.015583997738139566e+00 -2.157380937623447159e-16
1.015539539482000153e+00 -2.070644763824606804e-16
1.015495199259093928e+00 -1.984992792198251954e-16
1.015450942033417903e+00 -1.902051326003110865e-16
1.015406731948229169e+00 -1.821820365239183536e-16
1.015362532054370437e+00 -1.742673606647741713e-16
1.015318304018580253e+00 -1.663526848056299889e-16
1.015274007806462819e+00 -1.586006392723586322e-16
1.015229601334025622e+00 -1.510654341735843764e-16
1.015185040080699874e+00 -1.434218088575615701e-16
1.015140276655529750e+00 -1.359950239760358647e-16
1.015095260306648095e+00 -1.284056087686373337e-16
1.015049936362198313e+00 -1.210872441043601788e-16
1.015004245588392084e+00 -1.137688794400830239e-16
1.014958123447275318e+00 -1.063963046671816060e-16
1.014911499232818759e+00 -9.891530967703162543e-17
1.014864295058915067e+00 -9.165115512137874572e-17
1.014816424666402650e+00 -8.433279045710159080e-17
1.014767792007915004e+00 -7.679758535832733498e-17
1.014718289558539599e+00 -6.904553982505597828e-17
1.014667796286122581e+00 -6.134770440040889679e-17
1.014616175196398240e+00 -5.332460832401616398e-17
1.014563270343298518e+00 -4.540993246487198161e-17
1.014508903161458919e+00 -3.716999595398214792e-17
1.014452867932725599e+00 -2.860479879134666289e-17
1.014394926136475084e+00 -1.966013086834125131e-17
1.014334799347598626e+00 -1.044441240221446362e-17
1.014272160225277997e+00 -7.408029584691989332e-19
1.014206620963891803e+00 9.504907571518817968e-18
1.014137718329304327e+00 2.034692929637386231e-17
1.014064894039843789e+00 3.178526221609593409e-17
1.013987468708038131e+00 4.419937709105495986e-17
1.013904606732837665e+00 5.753506381262666439e-17
1.013815268248611901e+00 7.211758303255669903e-17
1.013718142197312932e+00 8.810956507671788943e-17
1.013611551263761124e+00 1.059446908141044374e-16
1.013493313831513642e+00 1.260024310050862817e-16
1.013360538439560088e+00 1.489333069531547005e-16
1.013209308814865928e+00 1.752794197445524583e-16
1.013034184897781076e+00 2.063418119862621603e-16
1.012827380912682651e+00 2.434757363938906872e-16
1.012577347125882543e+00 2.890664377469061486e-16
1.012266181128495424e+00 3.468002034317592597e-16
1.011864561904766813e+00 4.222606746367503683e-16
1.011320916301236883e+00 5.259646124349888181e-16
1.010535362934304127e+00 6.785118581036992920e-16
1.009285847545313697e+00 9.261436342993886033e-16
1.006959046019849424e+00 1.400319454435923968e-15
1.001009996616216480e+00 2.682117472856911387e-15
9.511981122439757685e-01 1.707782865846769243e-14
1.037795300613857163e+00 -3.777559070811723636e-15
1.024246924369195844e+00 -1.816399971111319335e-15
1.020605328528016109e+00 -1.209192544410812379e-15
1.018902562822215030e+00 -9.148316545809979256e-16
1.017908974625242102e+00 -7.409798362229473882e-16
1.017253313211426535e+00 -6.256749351791139917e-16
1.016784981800247234e+00 -5.436008307219613060e-16
1.016431310836445556e+00 -4.819639372161603789e-16
1.016152925831493192e+00 -4.338795708664282080e-16
1.015926637751616068e+00 -3.951193432000714245e-16
1.015737900799679405e+00 -3.631895892203733189e-16
1.015577128122435280e+00 -3.365182157772299098e-16
1.015437744029566103e+00 -3.135873398291614910e-16
1.015315087390646909e+00 -2.938548602899253103e-16
1.015205761710911814e+00 -2.766702558560300651e-16
1.015107233108472284e+00 -2.613287951153601773e-16
1.015017572467825424e+00 -2.477220578506670967e-16
1.014935284846683716e+00 -2.353621530843323461e-16
1.014859193526249204e+00 -2.243032909249802009e-16
1.014788359317482236e+00 -2.142744208294892849e-16
1.014722023217772051e+00 -2.048960720374896715e-16
1.014659564895457056e+00 -1.963850849834784617e-16
1.014600472127192843e+00 -1.884161990157100041e-16
1.014544317956590058e+00 -1.810978343514328492e-16
1.014490743387843175e+00 -1.742673606647741713e-16
1.014439444107738675e+00 -1.678163577384854199e-16
1.014390160180233647e+00 -1.618532457898151455e-16
1.014342667962270905e+00 -1.561611843842662472e-16
1.014296773698564857e+00 -1.506317533045901746e-16
1.014252308398857272e+00 -1.456986334197811294e-16
1.014209123704179261e+00 -1.408739337522206347e-16
1.014167088522446303e+00 -1.362660745191572409e-16
1.014126086267161719e+00 -1.319292658292152231e-16
1.014086012572168016e+00 -1.277550874651460311e-16
1.014046773384329914e+00 -1.236893293183253894e-16
1.014008283357644480e+00 -1.197319913887532982e-16
1.013970464488504808e+00 -1.160999141109268584e-16
1.013933244944129841e+00 -1.125220469417246938e-16
1.013896558045493057e+00 -1.092152303156439176e-16
1.013860341373181706e+00 -1.057457833636903034e-16
1.013824535969982676e+00 -1.026015970634823405e-16
1.013789085618034713e+00 -9.951162087189865287e-17
1.013753936171349679e+00 -9.658427500618779090e-17
1.013719034926581664e+00 -9.349429881460410326e-17
1.013684330016246582e+00 -9.067537316614179173e-17
1.013649769809237711e+00 -8.791065762630375543e-17
1.013615302303453980e+00 -8.520015219508999434e-17
1.013580874494680595e+00 -8.254385687250050848e-17
1.013546431704428041e+00 -7.994177165853529784e-17
1.013511916847169125e+00 -7.717705611869726153e-17
1.013477269614111886e+00 -7.479181133922915178e-17
1.013442425546042358e+00 -7.235235645113676680e-17
1.013407314961494166e+00 -6.991290156304438182e-17
1.013371861697984988e+00 -6.747344667495199685e-17
1.013335981612537129e+00 -6.503399178685961187e-17
1.013299580772036856e+00 -6.270295711601577734e-17
1.013262553242589403e+00 -6.026350222792339236e-17
1.013224778357503908e+00 -5.787825744845528261e-17
1.013186117302436129e+00 -5.549301266898717285e-17
1.013146408798281106e+00 -5.310776788951906310e-17
1.013105463579690113e+00 -5.055989278417812768e-17
1.013063057247276744e+00 -4.812043789608574270e-17
1.013018920895277564e+00 -4.562677289936908250e-17
1.012972728652445698e+00 -4.302468768540387186e-17
1.012924080871036026e+00 -4.042260247143866122e-17
1.012872481070649533e+00 -3.765788693160062491e-17
1.012817303741374353e+00 -3.456791074001693727e-17
1.012757748468835262e+00 -3.153214465705752486e-17
1.012692773074525654e+00 -2.817111792235246111e-17
1.012620993636940581e+00 -2.453904064452602126e-17
1.012540530519113302e+00 -2.052749260632965485e-17
1.012448763005512786e+00 -1.597384348189053623e-17
1.012341922299925034e+00 -1.066125283671156450e-17
1.012214383314309574e+00 -4.427090344919914009e-18
1.012057358570094046e+00 3.053904645230066586e-18
1.011856308888272826e+00 1.286593430622388171e-17
1.011585311985455204e+00 2.565951994155283403e-17
1.011193203914803496e+00 4.430779730830351030e-17
1.010562957318865696e+00 7.428598737752770790e-17
1.009355379141360531e+00 1.318571227365080057e-16
1.006005585240135503e+00 2.928611453506054141e-16
9.404083054936444031e-01 3.896749166692422399e-15
1.021664599535787143e+00 -4.401137333582198585e-16
1.017052095973787429e+00 -2.293448310270377965e-16
1.015613300945132469e+00 -1.626663974191792738e-16
1.014902583960100246e+00 -1.295982311583713886e-16
1.014473569049265222e+00 -1.096489111846381193e-16
1.014182859839875217e+00 -9.615059413719358913e-17
1.013970268451197310e+00 -8.617593415032694833e-17
1.013806105614399655e+00 -7.864072905155269252e-17
1.013674033208836534e+00 -7.246077666838531724e-17
1.013564316466541326e+00 -6.741923656632772162e-17
1.013470792911763230e+00 -6.340768852813135522e-17
1.013389370447017157e+00 -5.961298092443208970e-17
1.013317224369907787e+00 -5.636037440697557640e-17
1.013252341165140624e+00 -5.343302854126471443e-17
1.013193246080817733e+00 -5.099357365317232945e-17
1.013138833541776807e+00 -4.839148843920711881e-17
1.013088257786578295e+00 -4.633150431148466038e-17
1.013040860167126134e+00 -4.437994040101075240e-17
1.012996119526384797e+00 -4.248258659916111964e-17
1.012953617532578177e+00 -4.085628334043286299e-17
1.012913013957930319e+00 -3.917576997308033112e-17
1.012874028721320485e+00 -3.760367682297634969e-17
1.012836428625571106e+00 -3.619421399874519393e-17
1.012800017412794462e+00 -3.478475117451403816e-17
1.012764628203479234e+00 -3.359212878477998328e-17
1.012730117673493746e+00 -3.212845585192455230e-17
1.012696361515126098e+00 -3.093583346219049742e-17
1.012663250858250930e+00 -2.985163128970499299e-17
1.012630689417181706e+00 -2.871321900859521333e-17
1.012598591191250952e+00 -2.762901683610970890e-17
1.012566878591419917e+00 -2.659902477224847968e-17
1.012535480896928908e+00 -2.567745292563580092e-17
1.012504332968995557e+00 -2.459325075315029648e-17
1.012473374165393736e+00 -2.367167890653761771e-17
1.012442547412162996e+00 -2.269589695130066372e-17
1.012411798397932827e+00 -2.193695543056081062e-17
1.012381074863227592e+00 -2.106959369257240707e-17
1.012350325962263708e+00 -2.020223195458400352e-17
1.012319501678587086e+00 -1.933487021659559998e-17
1.012288552278708398e+00 -1.868434891310429732e-17
1.012257427789926334e+00 -1.781698717511589377e-17
1.012226077489910558e+00 -1.705804565437604066e-17
1.012194449396458307e+00 -1.629910413363618756e-17
1.012162489746215144e+00 -1.564858283014488490e-17
1.012130142451090453e+00 -1.499806152665358224e-17
1.012097348520610618e+00 -1.423912000591372914e-17
1.012064045437532700e+00 -1.358859870242242648e-17
1.012030166472633885e+00 -1.304649761617967426e-17
1.011995639922641299e+00 -1.239597631268837160e-17
1.011960388252670873e+00 -1.174545500919706894e-17
1.011924327121148215e+00 -1.109493370570576628e-17
1.011887364260817490e+00 -1.060704272808728928e-17
1.011849398183828797e+00 -1.001073153322026184e-17
1.011810316671683641e+00 -9.360210229728959184e-18
1.011769995001543521e+00 -8.818109143486206967e-18
1.011728293848418891e+00 -8.384428274492005193e-18
1.011685056787178016e+00 -7.896537296873528198e-18
1.011640107297949731e+00 -7.300226102006500759e-18
1.011593245151652498e+00 -6.920755341636574207e-18
1.011544242016739092e+00 -6.541284581266647655e-18
1.011492836080469804e+00 -6.053393603648170660e-18
1.011438725413374984e+00 -5.673922843278244108e-18
1.011381559717169143e+00 -5.186031865659767113e-18
1.011320929974113714e+00 -4.860771213914115782e-18
1.011256355344699598e+00 -4.535510562168464452e-18
1.011187266417780117e+00 -4.264460019047088344e-18
1.011112983568067891e+00 -3.993409475925712235e-18
1.011032688665643553e+00 -3.668148824180060905e-18
1.010945387623841007e+00 -3.505518498307235240e-18
1.010849860124003685e+00 -3.234467955185859131e-18
1.010744591082273658e+00 -3.126047737937308688e-18
1.010627675621728283e+00 -3.017627520688758245e-18
1.010496684774332632e+00 -3.126047737937308688e-18
1.010348471576361984e+00 -3.180257846561583910e-18
1.010178884223956741e+00 -3.288678063810134353e-18
1.009982329802382006e+00 -3.613938715555785683e-18
1.009751089137037816e+00 -3.993409475925712235e-18
1.009474199719493814e+00 -4.698140888041290117e-18
1.009135551737000647e+00 -5.619712734653968886e-18
1.008710464480250701e+00 -6.866545233012298985e-18
1.008159111013113174e+00 -8.818109143486206967e-18
1.007412792540230972e+00 -1.163703479194851849e-17
1.006341982922994038e+00 -1.597384348189053623e-17
1.004669865266607065e+00 -2.340062836341624160e-17
1.001679800677008236e+00 -3.847103856096475324e-17
9.947661834496200894e-01 -7.918283013779544473e-17
9.611843569471583137e-01 -3.883430796220370218e-16
1.066755296666136443e+00 -2.676165509812130535e-17
1.029884059282027309e+00 5.157195186395639001e-17
1.022707868909365381e+00 4.159729187708974921e-17
1.019645814660897987e+00 3.530891927667382350e-17
1.017944461273413204e+00 3.118895102122890665e-17
1.016859271408747656e+00 2.842423548139087034e-17
1.016105122466118393e+00 2.663530189678978803e-17
1.015549312859582054e+00 2.522583907255863226e-17
1.015121717399366741e+00 2.441268744319450394e-17
1.014781791499885344e+00 2.370795603107892605e-17
1.014504461643377820e+00 2.311164483621189861e-17
1.014273388574150170e+00 2.284059429309052251e-17
1.014077468698443285e+00 2.251533364134487118e-17
1.013908892438140752e+00 2.235270331547204551e-17
1.013762006996033138e+00 2.227138815253563268e-17
1.013632619838867210e+00 2.219007298959921985e-17
1.013517555728248309e+00 2.213586288097494462e-17
1.013414365778618986e+00 2.216296793528708224e-17
1.013321130964035532e+00 2.216296793528708224e-17
1.013236326138564403e+00 2.235270331547204551e-17
1.013158723889447943e+00 2.235270331547204551e-17
1.013087325243661407e+00 2.246112353272059595e-17
1.013021308866972170e+00 2.259664880428128401e-17
1.012959993242995571e+00 2.281348923877838490e-17
1.012902808121028064e+00 2.294901451033907295e-17
1.012849272686546565e+00 2.308453978189976100e-17
1.012798978677406536e+00 2.327427516208472428e-17
1.012751577186034702e+00 2.343690548795754995e-17
1.012706768241735222e+00 2.368085097676678844e-17
1.012664292513030917e+00 2.373506108539106366e-17
1.012623924643201390e+00 2.400611162851243977e-17
1.012585467855884991e+00 2.419584700869740305e-17
1.012548749557048433e+00 2.441268744319450394e-17
1.012513617725023352e+00 2.457531776906732960e-17
1.012479937928631779e+00 2.476505314925229288e-17
1.012447590849495205e+00 2.500899863806153137e-17
1.012416470211787933e+00 2.514452390962221943e-17
