1.001092107700830791e+00
1.038636211412742316e+00
1.012430930969528964e+00
1.008651323213296314e+00
9.970605260941827197e-01
9.983203953462602698e-01
1.007391453961218764e+00
1.009407244764542799e+00
1.025029623490304465e+00
9.854697289750691258e-01
9.980684214958447376e-01
1.014446721772853000e+00
9.804302519667589255e-01
9.859736766759001902e-01
1.025533571191135529e+00
1.016714486426592678e+00
1.009407244764542799e+00
1.014698695623268643e+00
1.007643427811634185e+00
1.025533571191135529e+00
1.062069779501384925e+00
1.175206038337949899e+00
1.044683583822714645e+00
9.980684214958447376e-01
1.010919087867035771e+00
1.004367767756232599e+00
9.882414413296397582e-01
9.806822258171743467e-01
9.887453890304708226e-01
1.026289492742382237e+00
1.010667114016620349e+00
9.983203953462602698e-01
9.660677424930746993e-01
1.006131584709141213e+00
1.005627637008310149e+00
1.017722381828254807e+00
1.017470407977839164e+00
1.023265806537396072e+00
1.058290171745152275e+00
1.115236261939058116e+00
1.037124368310249123e+00
1.028053309695290629e+00
1.001344081551246434e+00
1.008651323213296314e+00
1.014194747922437578e+00
1.006131584709141213e+00
1.011423035567866835e+00
1.028809231246537337e+00
1.008651323213296314e+00
9.973124999445982519e-01
1.034352655955678602e+00
9.920210490858724084e-01
1.016714486426592678e+00
1.003611846204986113e+00
1.010415140166204928e+00
9.965565783933516553e-01
1.004115793905816956e+00
9.824460427700829612e-01
1.031832917451523501e+00
9.968085522437671875e-01
9.889973628808862438e-01
9.733749841551245785e-01
1.034856603656509666e+00
9.932809183379499585e-01
9.937848660387810229e-01
1.017218434127423743e+00
1.001344081551246434e+00
1.043675688421052516e+00
1.021753963434902879e+00
1.002351976952908563e+00
1.037628316011080187e+00
1.029565152797783822e+00
1.041155949916897416e+00
1.098857961662049743e+00
1.051486877783933460e+00
1.033848708254847537e+00
1.011171061717451414e+00
1.032084891301938923e+00
1.009911192465373864e+00
1.016462512576177257e+00
9.753907749584486142e-01
9.852177551246535936e-01
9.937848660387810229e-01
1.012934878670360028e+00
1.008903297063711735e+00
1.007139480110803120e+00
1.006383558559556635e+00
1.015454617174515128e+00
1.023769754238226914e+00
9.766506442105261643e-01
9.605243177839334345e-01
9.973124999445982519e-01
9.864776243767311437e-01
9.927769706371190050e-01
9.973124999445982519e-01
9.761466965096952109e-01
9.975644737950136731e-01
1.023265806537396072e+00
1.023013832686980429e+00
1.012682904819944385e+00
9.990763168975067554e-01
1.017974355678670229e+00
1.010919087867035771e+00
1.022509884986149364e+00
9.952967091412741052e-01
1.035360551357340508e+00
1.008399349362880670e+00
1.035864499058171573e+00
1.041911871468143902e+00
1.038132263711911252e+00
1.010919087867035771e+00
1.011926983268697899e+00
1.030825022049861373e+00
1.024525675789473622e+00
1.005879610858725570e+00
9.983203953462602698e-01
9.761466965096952109e-01
9.968085522437671875e-01
9.915171013850414550e-01
9.925249967867034728e-01
9.837059120221605113e-01
1.007643427811634185e+00
1.031832917451523501e+00
1.010163166315789285e+00
1.005879610858725570e+00
1.019234224930747779e+00
9.932809183379499585e-01
9.912651275346259228e-01
1.016966460277008100e+00
1.042919766869806031e+00
1.014446721772853000e+00
1.035864499058171573e+00
9.867295982271466759e-01
1.009407244764542799e+00
1.002100003102492920e+00
9.751388011080330820e-01
9.748868272576175498e-01
9.980684214958447376e-01
9.869815720775622081e-01
1.016966460277008100e+00
1.024273701939057979e+00
1.032840812853185408e+00
9.917690752354569872e-01
9.862256505263156114e-01
1.017722381828254807e+00
1.000084212299168884e+00
1.000084212299168884e+00
1.015202643324099485e+00
1.010415140166204928e+00
1.023769754238226914e+00
9.993282907479222876e-01
9.884934151800552904e-01
1.006887506260387699e+00
9.998322384487533521e-01
1.017974355678670229e+00
1.024777649639889043e+00
1.005375663157894506e+00
1.005879610858725570e+00
9.917690752354569872e-01
9.968085522437671875e-01
1.007139480110803120e+00
1.014698695623268643e+00
9.950447352908585730e-01
1.013438826371191093e+00
1.011171061717451414e+00
9.884934151800552904e-01
1.014950669473684064e+00
1.019486198781163200e+00
1.010415140166204928e+00
1.021250015734071814e+00
1.018730277229916714e+00
1.023769754238226914e+00
9.930289444875345373e-01
1.007139480110803120e+00
9.950447352908585730e-01
1.034856603656509666e+00
1.005123689307479085e+00
1.016966460277008100e+00
1.006383558559556635e+00
1.001848029252077499e+00
1.024525675789473622e+00
9.811861735180054112e-01
1.013438826371191093e+00
9.708552456509693673e-01
1.019486198781163200e+00
1.002855924653739406e+00
9.731230103047090463e-01
1.013438826371191093e+00
9.985723691966758020e-01
1.016714486426592678e+00
1.006635532409972278e+00
1.029565152797783822e+00
1.015202643324099485e+00
9.756427488088641464e-01
9.905092059833793261e-01
1.031076995900276794e+00
9.937848660387810229e-01
1.010163166315789285e+00
1.011675009418282478e+00
1.055518459390581532e+00
1.037124368310249123e+00
1.007643427811634185e+00
9.900052582825483727e-01
1.009659218614958220e+00
9.968085522437671875e-01
9.758947226592796786e-01
1.002603950803323984e+00
1.013438826371191093e+00
9.968085522437671875e-01
1.007643427811634185e+00
9.927769706371190050e-01
1.012682904819944385e+00
1.000588159999999949e+00
1.018478303379501293e+00
1.004367767756232599e+00
1.022005937285318522e+00
9.983203953462602698e-01
1.004115793905816956e+00
1.019486198781163200e+00
1.012682904819944385e+00
