9.874855197783932725e-01
9.771545919113572287e-01
9.698473502493073495e-01
9.693434025484762850e-01
9.632960301385040669e-01
9.612802393351799202e-01
9.549808930747921698e-01
9.668236640443211849e-01
9.615322131855954524e-01
9.779105134626037144e-01
9.527131284210524909e-01
9.665716901939056527e-01
9.469177298614956939e-01
9.678315594459832027e-01
9.428861482548475115e-01
9.610282654847643879e-01
9.781624873130192466e-01
9.449019390581716582e-01
9.469177298614956939e-01
9.678315594459832027e-01
9.852177551246535936e-01
9.544769453739611054e-01
9.832019643213295579e-01
9.582565531301937556e-01
9.678315594459832027e-01
9.622881347368419380e-01
9.829499904709140257e-01
9.645558993905816170e-01
9.806822258171743467e-01
9.559887884764541877e-01
9.433900959556785759e-01
9.728710364542935141e-01
9.449019390581716582e-01
9.776585396121882932e-01
9.552328669252075910e-01
9.884934151800552904e-01
9.378466712465373112e-01
9.653118209418281026e-01
9.567447100277006733e-01
9.693434025484762850e-01
9.564927361772851411e-01
9.393585143490303935e-01
9.678315594459832027e-01
9.592644485318558845e-01
9.564927361772851411e-01
9.554848407756231232e-01
9.378466712465373112e-01
9.302874557340718997e-01
9.491854945152353729e-01
9.413743051523544292e-01
9.726190626038779818e-01
9.905092059833793261e-01
9.643039255401660848e-01
9.106334954016619410e-01
9.496894422160663263e-01
9.572486577285317377e-01
9.907611798337948583e-01
9.532170761218835553e-01
9.572486577285317377e-01
9.809341996675898789e-01
9.481775991135732440e-01
9.237361356232686171e-01
9.383506189473682646e-01
9.640519516897505525e-01
9.693434025484762850e-01
9.456578606094181438e-01
9.386025927977837968e-01
9.580045792797782234e-01
9.612802393351799202e-01
9.597683962326868379e-01
9.249960048753461672e-01
9.660677424930746993e-01
9.302874557340718997e-01
9.726190626038779818e-01
9.338150896398891287e-01
9.580045792797782234e-01
9.587605008310248200e-01
9.388545666481993290e-01
9.622881347368419380e-01
9.144131031578945912e-01
9.335631157894735965e-01
9.234841617728530849e-01
9.413743051523544292e-01
9.272637695290857351e-01
9.098775738504153443e-01
9.383506189473682646e-01
9.403664097506924113e-01
9.186966586149583058e-01
9.396104881994458147e-01
1.026793440443213079e+00
1.043423714570636873e+00
1.039140159113573381e+00
1.026541466592797658e+00
9.958006568421051696e-01
9.645558993905816170e-01
9.980684214958447376e-01
9.852177551246535936e-01
9.383506189473682646e-01
9.837059120221605113e-01
9.852177551246535936e-01
9.688394548476453316e-01
9.673276117451522493e-01
9.819420950692518968e-01
9.849657812742380614e-01
9.733749841551245785e-01
9.491854945152353729e-01
9.476736514127422906e-01
9.761466965096952109e-01
9.476736514127422906e-01
9.655637947922436348e-01
9.471697037119112261e-01
9.819420950692518968e-01
9.411223313019388970e-01
9.640519516897505525e-01
9.499414160664818585e-01
9.572486577285317377e-01
9.585085269806092878e-01
9.242400833240995706e-01
9.416262790027699614e-01
9.501933899168973907e-01
9.572486577285317377e-01
9.721151149030469174e-01
9.418782528531854936e-01
9.602723439335179023e-01
9.660677424930746993e-01
9.310433772853183854e-01
9.272637695290857351e-01
9.260039002770081851e-01
9.524611545706369586e-01
9.368387758448751823e-01
9.499414160664818585e-01
9.554848407756231232e-01
9.665716901939056527e-01
9.522091807202215374e-01
9.459098344598336761e-01
9.690914286980608638e-01
9.270117956786702029e-01
9.514532591689749408e-01
9.464137821606647405e-01
9.378466712465373112e-01
9.333111419390580643e-01
9.418782528531854936e-01
9.282716649307477530e-01
9.504453637673129229e-01
9.567447100277006733e-01
9.421302267036010258e-01
9.532170761218835553e-01
9.446499652077561260e-01
9.335631157894735965e-01
9.577526054293628022e-01
9.763986703601106321e-01
9.499414160664818585e-01
9.713591933518004318e-01
9.577526054293628022e-01
9.449019390581716582e-01
9.622881347368419380e-01
9.784144611634347788e-01
9.355789065927976322e-01
9.496894422160663263e-01
9.693434025484762850e-01
9.416262790027699614e-01
9.146650770083101234e-01
9.360828542936286967e-01
9.393585143490303935e-01
9.476736514127422906e-01
9.166808678116342701e-01
9.192006063157893703e-01
9.134052077562325733e-01
9.275157433795012674e-01
9.237361356232686171e-01
9.101295477008308765e-01
9.219723186703600026e-01
9.388545666481993290e-01
9.194525801662049025e-01
8.917354566204984678e-01
9.129012600554015089e-01
9.136571816066481055e-01
9.270117956786702029e-01
9.297835080332408353e-01
9.277677172299167996e-01
9.010584890858724938e-01
8.793887379501383883e-01
8.985387505817172826e-01
9.166808678116342701e-01
9.260039002770081851e-01
9.391065404986148613e-01
8.798926856509694527e-01
9.020663844875345116e-01
8.856880842105262497e-01
8.738453132409971236e-01
9.040821752908586584e-01
8.708216270360109590e-01
9.086177045983377942e-01
8.693097839335178767e-01
8.730893916897505269e-01
8.803966333518004062e-01
8.730893916897505269e-01
9.111374431024930054e-01
9.103815215512464087e-01
8.695617577839334089e-01
8.713255747368420234e-01
8.337814710249306094e-01
8.620025422714679975e-01
8.388209480332409207e-01
8.453722681440442033e-01
8.340334448753461416e-01
8.214347523545705299e-01
8.312617325207755092e-01
7.911978903047089950e-01
8.168992230470912830e-01
7.927097334072020773e-01
7.770873546814403010e-01
7.594491851523544890e-01
7.491182572853184451e-01
7.367715386149583656e-01
7.100623104709140598e-01
7.544097081440441777e-01
7.100623104709140598e-01
7.387873294182824013e-01
7.481103618836564273e-01
8.312617325207755092e-01
9.635480039889194881e-01
1.113220471135733858e+00
1.305728492853185374e+00
1.404250268365650811e+00
1.431715418060941714e+00
1.436754895069251914e+00
1.423400280997229705e+00
1.361666687645429086e+00
1.340500884210526156e+00
1.291617957229916680e+00
1.257853461274238027e+00
1.234167919335179997e+00
1.197127763324099536e+00
1.198639606426592730e+00
1.193348155567866886e+00
1.183521175401661907e+00
1.131614562216066266e+00
1.115992183490304601e+00
1.131110614515235202e+00
1.130858640664819781e+00
1.111456654182825243e+00
1.130354692963988716e+00
1.105661255623268557e+00
1.090038876897506892e+00
1.071896759667589905e+00
1.098102040110803257e+00
1.077440184376731169e+00
1.100873752465373778e+00
1.084243478337949984e+00
1.077440184376731169e+00
1.040652002216066352e+00
1.059298067146814182e+00
1.063581622603877896e+00
1.029817126648199244e+00
1.044431609972299002e+00
1.058038197894736632e+00
1.034352655955678602e+00
1.043423714570636873e+00
1.060557936398891732e+00
1.053250694736842075e+00
1.047203322326869745e+00
1.055770433240997175e+00
1.053502668587257496e+00
1.043675688421052516e+00
1.042163845318559323e+00
1.021501989584487458e+00
1.048463191578947296e+00
1.028053309695290629e+00
1.011423035567866835e+00
1.047707270027700588e+00
1.004367767756232599e+00
1.029313178947368179e+00
1.024525675789473622e+00
1.018982251080332357e+00
9.960526306925205908e-01
1.021501989584487458e+00
1.024525675789473622e+00
1.022761858836565008e+00
1.021250015734071814e+00
1.026037518891966593e+00
1.015958564875346193e+00
1.024777649639889043e+00
1.022509884986149364e+00
9.867295982271466759e-01
9.847138074238226402e-01
9.879894674792242260e-01
9.965565783933516553e-01
1.037124368310249123e+00
1.009659218614958220e+00
1.013438826371191093e+00
1.005627637008310149e+00
1.011926983268697899e+00
1.015454617174515128e+00
1.009407244764542799e+00
9.882414413296397582e-01
9.988243430470913342e-01
1.013690800221606514e+00
9.942888137396120873e-01
9.864776243767311437e-01
1.015454617174515128e+00
1.002603950803323984e+00
1.011926983268697899e+00
9.950447352908585730e-01
9.862256505263156114e-01
9.761466965096952109e-01
1.002855924653739406e+00
1.014698695623268643e+00
9.920210490858724084e-01
9.895013105817173082e-01
9.889973628808862438e-01
9.970605260941827197e-01
9.907611798337948583e-01
9.743828795567865964e-01
9.922730229362879406e-01
9.804302519667589255e-01
9.844618335734071080e-01
9.743828795567865964e-01
9.940368398891965551e-01
1.031832917451523501e+00
1.021250015734071814e+00
1.003107898504155049e+00
9.821940689196674290e-01
9.942888137396120873e-01
9.864776243767311437e-01
1.016714486426592678e+00
9.910131536842103905e-01
1.010415140166204928e+00
9.585085269806092878e-01
9.942888137396120873e-01
9.884934151800552904e-01
9.746348534072021286e-01
1.007139480110803120e+00
9.806822258171743467e-01
9.867295982271466759e-01
9.857217028254846580e-01
9.562407623268697199e-01
9.716111672022159640e-01
9.832019643213295579e-01
9.721151149030469174e-01
9.837059120221605113e-01
9.945407875900276196e-01
9.620361608864265168e-01
1.011926983268697899e+00
9.708552456509693673e-01
9.816901212188364756e-01
9.580045792797782234e-01
9.829499904709140257e-01
9.726190626038779818e-01
1.000336186149584305e+00
1.000588159999999949e+00
9.799263042659278611e-01
9.716111672022159640e-01
9.660677424930746993e-01
9.907611798337948583e-01
9.758947226592796786e-01
9.892493367313017760e-01
9.786664350138503110e-01
9.922730229362879406e-01
9.358308804432131645e-01
9.758947226592796786e-01
9.522091807202215374e-01
9.839578858725760435e-01
9.761466965096952109e-01
9.567447100277006733e-01
9.590124746814403522e-01
9.796743304155123289e-01
9.625401085872574702e-01
9.728710364542935141e-01
9.824460427700829612e-01
9.791703827146812644e-01
9.738789318559555319e-01
9.479256252631578228e-01
9.600203700831023701e-01
9.678315594459832027e-01
9.575006315789472700e-01
9.857217028254846580e-01
9.978164476454292053e-01
9.637999778393350203e-01
9.774065657617727609e-01
9.776585396121882932e-01
9.711072195013848996e-01
9.864776243767311437e-01
9.789184088642658432e-01
9.615322131855954524e-01
9.620361608864265168e-01
9.791703827146812644e-01
9.456578606094181438e-01
9.620361608864265168e-01
9.703512979501384139e-01
9.789184088642658432e-01
9.527131284210524909e-01
9.774065657617727609e-01
9.771545919113572287e-01
9.731230103047090463e-01
9.617841870360109846e-01
9.774065657617727609e-01
9.499414160664818585e-01
9.658157686426591670e-01
9.748868272576175498e-01
9.693434025484762850e-01
9.854697289750691258e-01
9.839578858725760435e-01
9.443979913573405938e-01
9.728710364542935141e-01
9.496894422160663263e-01
9.693434025484762850e-01
9.731230103047090463e-01
9.703512979501384139e-01
9.617841870360109846e-01
9.673276117451522493e-01
9.660677424930746993e-01
9.635480039889194881e-01
9.670756378947367171e-01
9.648078732409971492e-01
9.383506189473682646e-01
9.726190626038779818e-01
9.617841870360109846e-01
9.726190626038779818e-01
9.738789318559555319e-01
9.952967091412741052e-01
9.519572068698060052e-01
9.499414160664818585e-01
9.176887632132962880e-01
9.567447100277006733e-01
9.471697037119112261e-01
9.265078479778392495e-01
9.519572068698060052e-01
9.784144611634347788e-01
9.416262790027699614e-01
9.416262790027699614e-01
9.355789065927976322e-01
9.365868019944597611e-01
9.277677172299167996e-01
9.451539129085870794e-01
9.562407623268697199e-01
9.617841870360109846e-01
9.491854945152353729e-01
9.512012853185594086e-01
9.557368146260386554e-01
9.587605008310248200e-01
9.597683962326868379e-01
9.370907496952907145e-01
9.557368146260386554e-01
9.449019390581716582e-01
9.506973376177284552e-01
9.474216775623267583e-01
9.763986703601106321e-01
9.134052077562325733e-01
9.796743304155123289e-01
9.524611545706369586e-01
9.217203448199444704e-01
9.711072195013848996e-01
9.562407623268697199e-01
9.806822258171743467e-01
9.607762916343488557e-01
9.426341744044319793e-01
9.416262790027699614e-01
9.585085269806092878e-01
9.695953763988918173e-01
9.348229850415511466e-01
9.479256252631578228e-01
9.582565531301937556e-01
9.239881094736840383e-01
9.423822005540164470e-01
9.396104881994458147e-01
9.627920824376730025e-01
9.413743051523544292e-01
9.335631157894735965e-01
9.199565278670358559e-01
9.164288939612187379e-01
9.479256252631578228e-01
9.577526054293628022e-01
9.320512726869805142e-01
9.295315341828254141e-01
9.476736514127422906e-01
9.612802393351799202e-01
9.393585143490303935e-01
9.408703574515234758e-01
9.229802140720220205e-01
9.529651022714680231e-01
9.098775738504153443e-01
9.398624620498613469e-01
9.449019390581716582e-01
9.242400833240995706e-01
9.368387758448751823e-01
9.257519264265926529e-01
9.267598218282547817e-01
9.506973376177284552e-01
9.257519264265926529e-01
9.272637695290857351e-01
9.393585143490303935e-01
9.393585143490303935e-01
9.373427235457062467e-01
9.363348281440442289e-01
9.131532339058170411e-01
9.348229850415511466e-01
9.325552203878114677e-01
9.192006063157893703e-01
9.388545666481993290e-01
9.249960048753461672e-01
9.353269327423821000e-01
9.343190373407200822e-01
9.134052077562325733e-01
9.068538876454292907e-01
9.146650770083101234e-01
9.474216775623267583e-01
9.005545413850414294e-01
9.078617830470913086e-01
9.108854692520774732e-01
8.987907244321328148e-01
9.030742798891965295e-01
9.363348281440442289e-01
9.454058867590026116e-01
9.370907496952907145e-01
9.287756126315788174e-01
9.134052077562325733e-01
9.350749588919666788e-01
9.015624367867034472e-01
8.819084764542934884e-01
9.126492862049859767e-01
8.995466459833794115e-01
9.126492862049859767e-01
8.793887379501383883e-01
9.013104629362880260e-01
8.564591175623267327e-01
9.010584890858724938e-01
8.798926856509694527e-01
8.985387505817172826e-01
9.222242925207755349e-01
8.761130778947366915e-01
9.370907496952907145e-01
8.950111166759001646e-01
8.877038750138502854e-01
8.861920319113572031e-01
8.947591428254846324e-01
8.582229345152353472e-01
8.592308299168973651e-01
8.478920066481993034e-01
8.919874304709140000e-01
8.675459669806092622e-01
8.657821500277007587e-01
8.748532086426591414e-01
8.864440057617727353e-01
8.451202942936286711e-01
8.753571563434902059e-01
8.690578100831023445e-01
8.267262032132962624e-01
8.461281896952907999e-01
8.357972618282547561e-01
8.383170003324098563e-01
8.620025422714679975e-01
8.468841112465372856e-01
8.093400075346259825e-01
7.992610535180054709e-01
8.247104124099722267e-01
7.886781518005538949e-01
8.357972618282547561e-01
7.995130273684210032e-01
8.100959290858724682e-01
8.060643474792242857e-01
8.441123988919666532e-01
8.499077974515234501e-01
8.458762158448752677e-01
8.826643980055400851e-01
8.763650517451522237e-01
8.481439804986148356e-01
8.211827785041549976e-01
8.635143853739610798e-01
8.292459417174513625e-01
7.922057857063711239e-01
7.927097334072020773e-01
7.919538118559555917e-01
7.639847144598337358e-01
7.894340733518004916e-01
8.053084259279776891e-01
8.781288686980608382e-01
9.464137821606647405e-01
9.960526306925205908e-01
1.133378379168974881e+00
1.261633069030470677e+00
1.317823237673130032e+00
1.357383132188365371e+00
1.388879863490304567e+00
1.379052883324099588e+00
1.353099576731301656e+00
1.313539682216066318e+00
1.321098897728531618e+00
1.342012727313019127e+00
1.289854140277008065e+00
1.304468623601107824e+00
1.247270559556786562e+00
1.215773828254847588e+00
1.238955422493074554e+00
1.206198821939058030e+00
1.197883684875346022e+00
1.166890901274238113e+00
1.205442900387811545e+00
1.167142875124653534e+00
1.154292208753462390e+00
1.145725097839334961e+00
1.179741567645429257e+00
1.155048130304709098e+00
1.164623136620498434e+00
1.134638248421052431e+00
1.099109935512465164e+00
1.100117830914127293e+00
1.086007295290858599e+00
1.122291529750692352e+00
1.083991504487534563e+00
1.099109935512465164e+00
1.113976392686980565e+00
1.070636890415512354e+00
1.079959922880886269e+00
1.123551399002769902e+00
1.094322432354570385e+00
1.069377021163434804e+00
1.086007295290858599e+00
1.061313857950138440e+00
1.062573727202215990e+00
1.060305962548476311e+00
1.041407923767312838e+00
1.047707270027700588e+00
1.066857282659279704e+00
1.066857282659279704e+00
1.042667793019390388e+00
1.041407923767312838e+00
1.044179636121883581e+00
1.069125047313019161e+00
1.045943453074792195e+00
1.041407923767312838e+00
1.026541466592797658e+00
1.018226329529085650e+00
1.036872394459833702e+00
1.037376342160664766e+00
1.046951348476454102e+00
1.021250015734071814e+00
1.032588839002769987e+00
1.049975034681440267e+00
1.025029623490304465e+00
9.902572321329639049e-01
1.003107898504155049e+00
1.032588839002769987e+00
1.022509884986149364e+00
1.047959243878116231e+00
1.018730277229916714e+00
1.036620420609418058e+00
9.920210490858724084e-01
1.027297388144044143e+00
1.007643427811634185e+00
1.003863820055401535e+00
1.023769754238226914e+00
9.887453890304708226e-01
9.925249967867034728e-01
1.023265806537396072e+00
1.014194747922437578e+00
1.019234224930747779e+00
1.001092107700830791e+00
1.019234224930747779e+00
1.017470407977839164e+00
1.014698695623268643e+00
1.021250015734071814e+00
1.005123689307479085e+00
1.007139480110803120e+00
1.025029623490304465e+00
1.020998041883656393e+00
9.930289444875345373e-01
1.001344081551246434e+00
9.660677424930746993e-01
1.015454617174515128e+00
1.005879610858725570e+00
1.006887506260387699e+00
1.000588159999999949e+00
9.761466965096952109e-01
9.610282654847643879e-01
1.014698695623268643e+00
9.907611798337948583e-01
9.826980166204984934e-01
9.804302519667589255e-01
9.774065657617727609e-01
1.015958564875346193e+00
9.685874809972297994e-01
9.809341996675898789e-01
9.819420950692518968e-01
9.779105134626037144e-01
1.009407244764542799e+00
9.834539381717449791e-01
9.728710364542935141e-01
9.605243177839334345e-01
1.020242120332409907e+00
1.008147375512465249e+00
9.968085522437671875e-01
1.018730277229916714e+00
9.743828795567865964e-01
1.014950669473684064e+00
9.910131536842103905e-01
9.587605008310248200e-01
9.779105134626037144e-01
9.763986703601106321e-01
9.728710364542935141e-01
1.017722381828254807e+00
9.716111672022159640e-01
1.000840133850415370e+00
9.728710364542935141e-01
9.769026180609416965e-01
9.728710364542935141e-01
9.799263042659278611e-01
9.612802393351799202e-01
9.670756378947367171e-01
9.683355071468142672e-01
1.000336186149584305e+00
9.683355071468142672e-01
9.726190626038779818e-01
9.837059120221605113e-01
9.844618335734071080e-01
9.859736766759001902e-01
9.592644485318558845e-01
9.728710364542935141e-01
9.693434025484762850e-01
9.655637947922436348e-01
9.590124746814403522e-01
9.859736766759001902e-01
9.537210238227145087e-01
9.244920571745151028e-01
9.610282654847643879e-01
9.688394548476453316e-01
9.630440562880885347e-01
9.577526054293628022e-01
9.806822258171743467e-01
9.285236387811632852e-01
9.564927361772851411e-01
9.517052330193904730e-01
9.496894422160663263e-01
9.391065404986148613e-01
9.577526054293628022e-01
9.317992988365649820e-01
9.751388011080330820e-01
9.580045792797782234e-01
9.592644485318558845e-01
9.587605008310248200e-01
9.277677172299167996e-01
9.537210238227145087e-01
9.534690499722990875e-01
9.622881347368419380e-01
9.857217028254846580e-01
9.484295729639887762e-01
9.784144611634347788e-01
9.799263042659278611e-01
9.983203953462602698e-01
1.000840133850415370e+00
1.010919087867035771e+00
9.995802645983378198e-01
1.021753963434902879e+00
1.077188210526315748e+00
1.011423035567866835e+00
1.023013832686980429e+00
9.963046045429361230e-01
1.020494094182825329e+00
9.998322384487533521e-01
1.025533571191135529e+00
1.007139480110803120e+00
9.743828795567865964e-01
1.000084212299168884e+00
9.814381473684209434e-01
9.925249967867034728e-01
9.854697289750691258e-01
9.978164476454292053e-01
9.998322384487533521e-01
9.751388011080330820e-01
9.811861735180054112e-01
9.751388011080330820e-01
9.766506442105261643e-01
9.542249715235455731e-01
9.539729976731300409e-01
9.585085269806092878e-01
9.758947226592796786e-01
9.847138074238226402e-01
9.388545666481993290e-01
9.983203953462602698e-01
9.431381221052630437e-01
9.925249967867034728e-01
9.794223565650967966e-01
9.396104881994458147e-01
9.731230103047090463e-01
9.406183836011079435e-01
9.769026180609416965e-01
9.680835332963987350e-01
9.756427488088641464e-01
9.600203700831023701e-01
9.549808930747921698e-01
9.680835332963987350e-01
9.703512979501384139e-01
9.481775991135732440e-01
9.690914286980608638e-01
9.522091807202215374e-01
9.542249715235455731e-01
9.285236387811632852e-01
9.564927361772851411e-01
9.559887884764541877e-01
9.552328669252075910e-01
9.474216775623267583e-01
9.665716901939056527e-01
9.466657560110801617e-01
9.630440562880885347e-01
9.670756378947367171e-01
9.582565531301937556e-01
9.532170761218835553e-01
9.494374683656507941e-01
9.393585143490303935e-01
9.247440310249306350e-01
9.464137821606647405e-01
9.713591933518004318e-01
9.189486324653738381e-01
9.685874809972297994e-01
9.290275864819943497e-01
9.290275864819943497e-01
9.441460175069250615e-01
9.393585143490303935e-01
9.575006315789472700e-01
9.169328416620496913e-01
9.113894169529084266e-01
9.481775991135732440e-01
9.461618083102492083e-01
9.363348281440442289e-01
9.252479787257616994e-01
9.040821752908586584e-01
9.378466712465373112e-01
9.096255999999999231e-01
9.151690247091411878e-01
9.297835080332408353e-01
9.081137568975068408e-01
9.088696784487533264e-01
9.260039002770081851e-01
9.063499399445982263e-01
9.212163971191134060e-01
9.151690247091411878e-01
9.184446847645427736e-01
9.186966586149583058e-01
8.675459669806092622e-01
9.282716649307477530e-01
9.035782275900275939e-01
9.290275864819943497e-01
9.186966586149583058e-01
9.035782275900275939e-01
9.048380968421051440e-01
9.194525801662049025e-01
9.244920571745151028e-01
9.071058614958447119e-01
9.043341491412740796e-01
8.718295224376729768e-01
8.819084764542934884e-01
8.748532086426591414e-01
8.776249209972297738e-01
8.879558488642658176e-01
8.854361103601107175e-01
8.992946721329638793e-01
9.111374431024930054e-01
8.577189868144042828e-01
9.096255999999999231e-01
8.680499146814403266e-01
8.796407118005539205e-01
8.766170255955677559e-01
8.534354313573405681e-01
8.536874052077561004e-01
8.761130778947366915e-01
8.811525549030470028e-01
8.720814962880885091e-01
8.660341238781161799e-01
8.393248957340718741e-01
8.846801888088641208e-01
8.715775485872575556e-01
8.398288434349029385e-01
8.577189868144042828e-01
8.388209480332409207e-01
8.466321373961217533e-01
8.456242419944597355e-01
8.448683204432131388e-01
8.368051572299167740e-01
8.098439552354569360e-01
8.176551445983378796e-01
8.282380463157893447e-01
8.431045034903046353e-01
8.171511968975068152e-01
8.123636937396120361e-01
8.166472491966757508e-01
8.166472491966757508e-01
8.063163213296398180e-01
7.871663086980608126e-01
8.083321121329638537e-01
7.879222302493074093e-01
8.166472491966757508e-01
8.010248704709139744e-01
7.722998515235456329e-01
7.791031454847644477e-01
7.843945963434901802e-01
7.763314331301938154e-01
7.793551193351799800e-01
7.823788055401661445e-01
7.715439299722990363e-01
7.765834069806093476e-01
7.730557730747921186e-01
7.513860219390581241e-01
7.607090544044320390e-01
7.478583880332408951e-01
7.649926098614957537e-01
7.740636684764542474e-01
7.796070931855955122e-01
7.705360345706370184e-01
8.209308046537394654e-01
8.105998767867035326e-01
8.279860724653738124e-01
8.431045034903046353e-01
8.861920319113572031e-01
8.975308551800552648e-01
9.224762663711910671e-01
9.564927361772851411e-01
1.018982251080332357e+00
1.031832917451523501e+00
1.047203322326869745e+00
1.093818484653739542e+00
1.117756000443213216e+00
1.166134979722991627e+00
1.171426430581717248e+00
1.176717881440443092e+00
1.171174456731301827e+00
1.187300783157894557e+00
1.194104077119113372e+00
1.208466586592797709e+00
1.239459370193905619e+00
1.233915945484764354e+00
1.228372520775623089e+00
1.236183710138504033e+00
1.226104756121883410e+00
1.215773828254847588e+00
1.204435004986149416e+00
1.201663292631578894e+00
1.219805409861495660e+00
1.227112651523545539e+00
1.236183710138504033e+00
1.249286350360110598e+00
1.208214612742382066e+00
1.171678404432132892e+00
1.163111293518005462e+00
1.204183031135733994e+00
1.184277096952908392e+00
1.153536287202215904e+00
1.181253410747922228e+00
1.186040913905817007e+00
1.146984967091412511e+00
1.161347476565096848e+00
1.163615241218836305e+00
1.113220471135733858e+00
1.139425751578947210e+00
1.103141517119113457e+00
1.139929699279778275e+00
1.154040234903046969e+00
1.125567189806093937e+00
1.096590197008310064e+00
1.108936915678670143e+00
1.104149412520775586e+00
1.070132942714681290e+00
1.069628995013850226e+00
1.104905334072022072e+00
1.083235582936287855e+00
1.094826380055401449e+00
1.039896080664819866e+00
1.105913229473683979e+00
1.049219113130193781e+00
1.065849387257617575e+00
1.055770433240997175e+00
1.028053309695290629e+00
1.104401386371191007e+00
1.054006616288088560e+00
1.063833596454293540e+00
1.071644785817174483e+00
1.068369125761772676e+00
1.045187531523545488e+00
1.009911192465373864e+00
1.020494094182825329e+00
1.057030302493074725e+00
1.046195426925207617e+00
1.031076995900276794e+00
1.037124368310249123e+00
1.009911192465373864e+00
1.026037518891966593e+00
1.022509884986149364e+00
1.026289492742382237e+00
9.995802645983378198e-01
1.037376342160664766e+00
1.013690800221606514e+00
9.965565783933516553e-01
1.023265806537396072e+00
9.988243430470913342e-01
9.940368398891965551e-01
9.952967091412741052e-01
9.958006568421051696e-01
1.013186852520775449e+00
9.922730229362879406e-01
9.940368398891965551e-01
1.013438826371191093e+00
1.030069100498614887e+00
9.862256505263156114e-01
9.945407875900276196e-01
1.004115793905816956e+00
1.027297388144044143e+00
1.033596734404431894e+00
1.028557257396121694e+00
1.012934878670360028e+00
1.064085570304708961e+00
1.041659897617728481e+00
1.041407923767312838e+00
1.048211217728531652e+00
1.026037518891966593e+00
1.065849387257617575e+00
1.070636890415512354e+00
1.101125726315789422e+00
1.116244157340720022e+00
1.093566510803323899e+00
1.144213254736841989e+00
1.134638248421052431e+00
1.143709307036010925e+00
1.145725097839334961e+00
1.164875110470914077e+00
1.175206038337949899e+00
1.193852103268697951e+00
1.204686978836564837e+00
1.176465907590027449e+00
1.163111293518005462e+00
1.191584338614958272e+00
1.175458012188365542e+00
1.218293566759002688e+00
1.192088286315789336e+00
1.173694195235456927e+00
1.198639606426592730e+00
1.213506063601107909e+00
1.192844207867035822e+00
1.192844207867035822e+00
1.184025123102492971e+00
1.189064600110803172e+00
1.186292887756232428e+00
1.220309357562326724e+00
1.208718560443213130e+00
1.188560652409972107e+00
1.199647501828254637e+00
1.182513279999999778e+00
1.190828417063711786e+00
1.166638927423822469e+00
1.177725776842104999e+00
1.171678404432132892e+00
1.147236940941828154e+00
1.181001436897506807e+00
1.178985646094182771e+00
1.170418535180055342e+00
1.169914587479224277e+00
1.166638927423822469e+00
1.194104077119113372e+00
1.171426430581717248e+00
1.144969176288088475e+00
1.148496810193905704e+00
1.139425751578947210e+00
1.124559294404432030e+00
1.179489593795013613e+00
1.173442221385041506e+00
1.123551399002769902e+00
1.165127084321329498e+00
1.153788261052631325e+00
1.157567868808864198e+00
1.152528391800553775e+00
1.114228366537395987e+00
1.150260627146814318e+00
1.154040234903046969e+00
1.160591555013850362e+00
1.140433646980609339e+00
1.110952706481994401e+00
1.110448758781163336e+00
1.138165882326869660e+00
1.117756000443213216e+00
1.118511921994459701e+00
1.130354692963988716e+00
1.104149412520775586e+00
1.119015869695290766e+00
1.110952706481994401e+00
1.121031660498614801e+00
1.131362588365650845e+00
1.092810589252077413e+00
1.116748105041551087e+00
1.118259948144044280e+00
1.101125726315789422e+00
1.115236261939058116e+00
1.099865857063711871e+00
1.097346118559556549e+00
1.089282955346260184e+00
1.125819163656509581e+00
1.114732314238227051e+00
1.127079032908587131e+00
1.123551399002769902e+00
1.104401386371191007e+00
1.106165203324099622e+00
1.117252052742382151e+00
1.096590197008310064e+00
1.107425072576177172e+00
1.091298746149584442e+00
1.102133621717451328e+00
1.079707949030470848e+00
1.141693516232686889e+00
1.090542824598337734e+00
1.091802693850415285e+00
1.096842170858725707e+00
1.090290850747922313e+00
1.095078353905817092e+00
1.094322432354570385e+00
1.137409960775623174e+00
1.092810589252077413e+00
1.116496131191135666e+00
1.072904655069252033e+00
1.082227687534625948e+00
1.139677725429362631e+00
1.124307320554016387e+00
1.081723739833794884e+00
1.107929020277008236e+00
1.104653360221606428e+00
1.096338223157894642e+00
1.119519817396121830e+00
1.135142196121883496e+00
1.099361909362880807e+00
1.137913908476454239e+00
1.122795477451523416e+00
1.106417177174515043e+00
1.094826380055401449e+00
1.136906013074792110e+00
1.102133621717451328e+00
1.134386274570637010e+00
1.095582301606648157e+00
1.142701411634348796e+00
1.128086928310249260e+00
1.092054667700830928e+00
1.099865857063711871e+00
1.155552078005539940e+00
1.142701411634348796e+00
1.079707949030470848e+00
1.126575085207756066e+00
1.141693516232686889e+00
1.127331006759002552e+00
1.141945490083102310e+00
1.124811268254847452e+00
1.109188889529085786e+00
1.120779686648199380e+00
1.093314536952908478e+00
1.121031660498614801e+00
1.118763895844875123e+00
1.067613204210526190e+00
1.112716523434902793e+00
