9.763893599999999839e-01
9.564423474515234558e-01
9.832637541551245697e-01
9.642183014958448650e-01
9.529488028808863476e-01
9.606120619390581261e-01
9.737973753185594772e-01
9.608374519113572765e-01
9.882223335457063218e-01
9.512583780886425533e-01
9.607247569252076458e-01
9.594851120775622633e-01
9.491171733518004583e-01
9.509202931301938833e-01
9.620770967590026590e-01
9.623024867313019204e-01
9.735719853462603268e-01
9.686134059556785747e-01
9.781924797783932979e-01
9.547519226592797725e-01
9.645563864542935351e-01
9.647817764265927964e-01
9.623024867313019204e-01
9.680499310249306433e-01
9.719942555401661632e-01
9.638802165373960840e-01
9.591470271191134822e-01
9.478775285041550758e-01
9.683880159833794243e-01
9.701911357617728493e-01
9.617390118005539890e-01
9.779670898060941475e-01
9.679372360387811236e-01
9.495679532963988700e-01
9.633167416066481525e-01
9.651198613850414665e-01
9.603866719667589757e-01
9.595978070637118940e-01
9.539630577562325797e-01
9.434824240443212551e-01
9.623024867313019204e-01
9.619644017728531393e-01
9.786432597229915986e-01
9.624151817174514401e-01
9.804463795013850236e-01
9.636548265650969336e-01
9.557661775346260047e-01
9.627532666759002211e-01
9.591470271191134822e-01
9.310859755678669858e-01
9.496806482825483897e-01
9.571185173684210179e-01
9.565550424376730865e-01
9.657960313019390286e-01
9.604993669529084954e-01
9.634294365927977832e-01
9.412285243213296404e-01
9.417919992520774608e-01
9.575692973130193186e-01
9.758258850692520525e-01
9.518218530193904847e-01
9.535122778116342790e-01
9.396507945152353658e-01
9.648944714127423161e-01
9.579073822714680997e-01
9.678245410526314929e-01
9.421300842105262419e-01
9.570058223822713872e-01
9.735719853462603268e-01
9.550900076177284426e-01
9.421300842105262419e-01
9.443839839335179676e-01
9.573439073407201683e-01
9.497933432686980204e-01
9.592597221052631129e-01
9.568931273961218675e-01
9.581327722437672501e-01
9.636548265650969336e-01
9.459617137396121311e-01
9.464124936842104319e-01
9.642183014958448650e-01
9.506949031578947329e-01
9.443839839335179676e-01
9.464124936842104319e-01
9.554280925761772236e-01
9.527234129085871972e-01
9.340160452077561626e-01
9.604993669529084954e-01
9.300717206925207536e-01
9.423554741828253922e-01
9.484410034349030072e-01
9.382984546814403526e-01
9.324383154016619990e-01
9.261273961772852337e-01
9.457363237673129808e-01
1.015607215180055256e+00
1.096409520249307379e+00
1.071729318282548471e+00
1.012677145540166190e+00
9.996045271468143589e-01
1.003548851662049879e+00
1.005239276454293673e+00
9.706419157063711500e-01
9.666975911911356301e-01
9.841653140443212822e-01
9.758258850692520525e-01
9.636548265650969336e-01
9.715434755955678625e-01
9.488917833795013079e-01
9.772909198891965854e-01
9.549773126315789229e-01
9.636548265650969336e-01
9.632040466204985218e-01
9.623024867313019204e-01
9.536249727977839097e-01
9.412285243213296404e-01
9.716561705817173822e-01
9.546392276731301418e-01
9.450601538504154187e-01
9.558788725207755244e-01
9.699657457894735879e-01
9.491171733518004583e-01
9.429189491135733237e-01
9.641056065096952343e-01
9.688387959279778361e-01
9.508075981440442526e-01
9.339033502216066429e-01
9.600485870083101947e-01
9.495679532963988700e-01
9.637675215512464533e-01
9.346922151246537247e-01
9.306351956232686851e-01
9.529488028808863476e-01
9.530614978670359783e-01
9.311986705540166165e-01
9.482156134626038568e-01
9.522726329639888965e-01
9.439332039889196668e-01
9.717688655678670129e-01
9.377349797506924212e-01
9.539630577562325797e-01
9.599358920221605640e-01
9.624151817174514401e-01
9.724450354847644640e-01
9.546392276731301418e-01
9.446093739058171179e-01
9.059549936565096662e-01
9.531741928531854979e-01
9.390873195844874344e-01
9.536249727977839097e-01
9.482156134626038568e-01
9.291701608033240412e-01
9.311986705540166165e-01
9.493425633240997197e-01
9.430316440997229543e-01
9.293955507756231915e-01
9.406650493905817090e-01
9.386365396398891336e-01
9.449474588642658990e-01
9.268035660941827958e-01
9.382984546814403526e-01
9.379603697229916826e-01
9.495679532963988700e-01
9.450601538504154187e-01
9.337906552354570122e-01
9.380730647091412022e-01
9.370588098337949701e-01
9.359318599722991072e-01
9.541884477285318411e-01
9.304098056509694237e-01
9.316494504986149172e-01
9.324383154016619990e-01
9.291701608033240412e-01
9.058422986703600355e-01
9.297336357340719726e-01
9.209434268144043312e-01
9.411158293351800097e-01
9.157594574515235397e-01
9.275924309972298776e-01
9.156467624653739090e-01
9.448347638781162683e-01
9.269162610803323155e-01
9.156467624653739090e-01
9.297336357340719726e-01
9.032503139889196397e-01
9.231973265373960569e-01
9.336779602493073815e-01
9.175625772299168537e-01
8.940093251246536976e-01
9.061803836288088165e-01
9.145198126038780462e-01
9.194783919944597983e-01
9.180133571745151544e-01
9.130547777839335133e-01
9.189149170637118669e-01
9.129420827977838826e-01
9.042645688642658719e-01
9.053915187257617347e-01
8.917554254016619719e-01
9.097866231855955554e-01
9.075327234626038297e-01
9.097866231855955554e-01
8.931077652354569851e-01
8.971647847368420248e-01
8.917554254016619719e-01
9.091104532686979933e-01
8.843175563157894548e-01
8.953616649584487108e-01
8.890507457340719455e-01
8.739496175900276498e-01
8.901776955955678083e-01
8.666244434903046523e-01
8.767669922437673069e-01
8.673006134072022144e-01
8.565945897229916284e-01
8.703433780332409109e-01
8.302239629639889262e-01
8.562565047645428473e-01
8.455504810803323723e-01
8.342809824653739659e-01
8.156863097506924509e-01
8.130943250692520552e-01
8.086992206094182345e-01
8.053183710249306460e-01
7.965281621052631156e-01
7.873998682271468041e-01
7.907807178116342817e-01
7.676782456509695374e-01
7.729749099999999595e-01
7.356728695844875210e-01
7.330808849030470142e-01
7.040055784764542857e-01
7.170781968698060060e-01
7.236145060664819217e-01
7.410822289196675738e-01
7.661005158448752628e-01
8.765416022714680455e-01
1.027327493739612185e+00
1.206287131745152230e+00
1.351663663878116317e+00
1.413533211274238255e+00
1.425929659750692524e+00
1.429648594293628783e+00
1.407560377008310271e+00
1.360003092853185436e+00
1.350536714016620454e+00
1.290808371357340611e+00
1.268945544044321361e+00
1.238630592770083139e+00
1.202568197202215972e+00
1.215302730637119133e+00
1.188255933961218869e+00
1.154109353157894757e+00
1.159180627534625918e+00
1.149939638670359976e+00
1.127287946454293532e+00
1.116356532797783796e+00
1.109369443656509580e+00
1.111623343379501305e+00
1.107566323878116377e+00
1.099339589889196667e+00
1.101255404653739500e+00
1.085478106592797642e+00
1.073532438060941674e+00
1.092690585706371120e+00
1.067108823850415389e+00
1.078378322465373795e+00
1.070715063407202239e+00
1.072067403240997141e+00
1.045922166454293478e+00
1.041414367008310249e+00
1.055501240277008312e+00
1.039160467285318523e+00
1.052345780664819985e+00
1.051106135817174492e+00
1.043442876759002713e+00
1.036793872576177167e+00
1.034652667839335072e+00
1.010423245817174465e+00
1.040850892077562317e+00
1.015719910166204887e+00
1.041301672022160618e+00
1.024622814072022159e+00
1.005239276454293673e+00
1.039611247229916824e+00
1.013015230498614860e+00
1.017635724930747942e+00
1.028454443601108048e+00
1.048401456149584465e+00
1.023157779252077404e+00
1.025298983988919499e+00
1.022368914349030433e+00
9.900254533240996357e-01
1.004225021578947219e+00
1.030370258365650882e+00
1.002534596786703647e+00
1.033300328005540170e+00
1.004225021578947219e+00
1.009408990941828232e+00
9.998299171191135093e-01
1.034427277867036032e+00
9.922793530470913614e-01
1.004788496509695150e+00
9.976887123822714143e-01
1.019213454736842106e+00
1.016508775069252080e+00
1.026087848891966692e+00
9.943078627977838257e-01
1.015832605152354517e+00
1.015832605152354517e+00
9.832637541551245697e-01
1.003323461689750618e+00
1.013804095401662053e+00
9.955475076454293193e-01
9.900254533240996357e-01
1.004337716565096850e+00
1.004450411551246480e+00
9.887858084764542532e-01
9.923920480332409921e-01
1.012902535512465230e+00
1.026538628836564992e+00
9.952094226869805382e-01
9.868699937119113086e-01
1.011662890664819958e+00
9.875461636288087597e-01
1.017523029944598312e+00
1.002985376731301947e+00
9.971252374515234829e-01
1.007042396232686876e+00
9.973506274238226332e-01
9.938570828531855250e-01
9.776290048476453665e-01
1.007493176177285177e+00
9.816860243490304061e-01
9.946459477562326068e-01
9.812352444044321054e-01
1.017410334958448681e+00
9.966744575069251821e-01
9.861938237950137465e-01
1.002647291772853055e+00
9.779670898060941475e-01
9.921666580609417307e-01
9.936316928808863747e-01
1.003210766703600987e+00
9.701911357617728493e-01
9.962236775623267704e-01
9.799955995567866118e-01
9.763893599999999839e-01
1.002196511828254755e+00
9.936316928808863747e-01
1.003661546648199288e+00
9.917158781163434300e-01
9.777416998337949972e-01
9.847287889750692136e-01
9.841653140443212822e-01
9.873207736565096093e-01
9.870953836842104590e-01
1.001971121855955715e+00
9.674864560941828229e-01
9.989283572299167968e-01
9.850668739335179946e-01
9.911524031855954986e-01
1.000618782022160591e+00
9.872080786703600896e-01
9.989283572299167968e-01
9.841653140443212822e-01
9.766147499722991343e-01
9.756004950969529022e-01
9.784178697506924482e-01
9.734592903601106961e-01
9.965617625207755514e-01
9.681626260110802740e-01
9.939697778393351557e-01
9.841653140443212822e-01
9.892365884210525540e-01
9.624151817174514401e-01
1.003999631606648180e+00
9.713180856232686011e-01
9.770655299168974350e-01
9.763893599999999839e-01
9.725577304709140947e-01
9.796575145983379418e-01
9.786432597229915986e-01
9.719942555401661632e-01
9.840526190581716515e-01
9.936316928808863747e-01
9.748116301939057093e-01
9.715434755955678625e-01
9.817987193351800368e-01
9.797702095844874615e-01
9.619644017728531393e-01
9.668102861772852608e-01
9.733465953739611765e-01
9.879969435734071714e-01
9.650071663988919468e-01
9.814606343767312557e-01
9.698530508033240682e-01
9.751497151523544904e-01
9.768401399445982847e-01
9.691768808864265061e-01
9.771782249030470657e-01
9.739100703047091079e-01
9.724450354847644640e-01
9.650071663988919468e-01
9.648944714127423161e-01
9.571185173684210179e-01
9.812352444044321054e-01
9.785305647368420789e-01
9.575692973130193186e-01
9.850668739335179946e-01
9.789813446814403797e-01
9.716561705817173822e-01
9.716561705817173822e-01
9.635421315789473029e-01
9.603866719667589757e-01
9.832637541551245697e-01
9.798829045706370922e-01
9.842780090304708018e-01
9.616263168144043583e-01
9.857430438504154457e-01
9.976887123822714143e-01
9.785305647368420789e-01
9.642183014958448650e-01
9.632040466204985218e-01
9.958855926038781003e-01
9.813479393905816250e-01
9.485536984210525269e-01
9.643309964819943847e-01
9.654579463434902475e-01
9.340160452077561626e-01
9.825875842382271186e-01
9.719942555401661632e-01
9.642183014958448650e-01
9.584708572022160311e-01
9.557661775346260047e-01
9.545265326869805111e-01
9.629786566481993715e-01
9.725577304709140947e-01
9.751497151523544904e-01
9.531741928531854979e-01
9.774036148753462161e-01
9.532868878393351286e-01
9.593724170914126326e-01
9.616263168144043583e-01
9.757131900831024218e-01
9.573439073407201683e-01
9.717688655678670129e-01
9.710926956509694508e-01
9.740227652908586276e-01
9.827002792243766383e-01
9.672610661218835615e-01
9.703038307479223690e-01
9.528361078947368279e-01
9.660214212742381790e-01
9.670356761495844111e-01
9.572312123545705376e-01
9.499060382548475401e-01
9.701911357617728493e-01
9.722196455124653136e-01
9.493425633240997197e-01
9.645563864542935351e-01
9.788686496952907490e-01
9.627532666759002211e-01
9.751497151523544904e-01
9.399888794736841469e-01
9.571185173684210179e-01
9.536249727977839097e-01
9.585835521883655508e-01
9.733465953739611765e-01
9.519345480055401154e-01
9.526107179224375665e-01
9.553153975900275929e-01
9.626405716897505904e-01
9.688387959279778361e-01
9.417919992520774608e-01
9.583581622160664004e-01
9.580200772576176194e-01
9.666975911911356301e-01
9.522726329639888965e-01
9.491171733518004583e-01
9.517091580332409650e-01
9.573439073407201683e-01
9.662468112465373293e-01
9.343541301662049436e-01
9.444966789196674872e-01
9.446093739058171179e-01
9.674864560941828229e-01
9.718815605540165325e-01
9.513710730747921840e-01
9.428062541274238040e-01
9.591470271191134822e-01
9.491171733518004583e-01
9.349176050969528751e-01
9.592597221052631129e-01
9.537376677839334294e-01
9.433697290581717354e-01
9.431443390858724740e-01
9.674864560941828229e-01
9.444966789196674872e-01
9.405523544044320783e-01
9.595978070637118940e-01
9.395380995290858461e-01
9.390873195844874344e-01
9.458490187534625004e-01
9.559915675069251551e-01
9.518218530193904847e-01
9.370588098337949701e-01
9.295082457617728222e-01
9.340160452077561626e-01
9.265781761218836454e-01
9.231973265373960569e-01
9.343541301662049436e-01
9.203799518836565108e-01
9.199291719390580990e-01
9.342414351800553129e-01
9.451728488365650493e-01
9.380730647091412022e-01
9.278178209695290279e-01
9.307478906094182047e-01
9.281559059279778090e-01
9.271416510526315768e-01
9.476521385318559254e-01
9.446093739058171179e-01
9.302971106648199040e-01
9.207180368421051808e-01
9.253385312742381519e-01
9.452855438227146800e-01
9.449474588642658990e-01
9.455109337950138304e-01
9.269162610803323155e-01
9.238734964542936190e-01
9.228592415789472758e-01
9.159848474238226901e-01
9.257893112188365636e-01
9.513710730747921840e-01
9.474267485595567750e-01
9.132801677562326637e-01
9.243242763988919197e-01
9.274797360110802469e-01
9.317621454847644369e-01
9.217322917174515240e-01
9.234227165096952072e-01
9.234227165096952072e-01
9.003202443490304629e-01
9.234227165096952072e-01
8.916427304155124522e-01
9.132801677562326637e-01
9.102374031301938562e-01
9.366080298891966693e-01
9.226338516066481255e-01
9.057296036842105158e-01
9.130547777839335133e-01
8.911919504709140405e-01
9.073073334903046794e-01
9.224084616343489751e-01
8.914173404432131909e-01
8.867968460110803308e-01
9.230846315512465372e-01
9.209434268144043312e-01
8.976155646814404365e-01
9.059549936565096662e-01
8.896142206648198769e-01
8.928823752631578348e-01
8.862333710803323994e-01
8.885999657894736448e-01
8.942347150969528480e-01
8.786828070083102515e-01
9.050534337673129537e-01
8.763162122991688952e-01
8.973901747091411751e-01
8.875857109141274126e-01
8.869095409972298505e-01
8.955870549307478612e-01
8.652721036565096391e-01
8.719211078393350745e-01
8.736115326315788687e-01
8.682021732963988159e-01
8.695545131301938291e-01
8.697799031024929794e-01
8.670752234349029530e-01
8.666244434903046523e-01
8.534391301108033012e-01
8.512979253739612062e-01
8.648213237119113383e-01
8.482551607479223987e-01
8.518614003047091376e-01
8.392395618559556070e-01
8.233495688088642295e-01
8.223353139335179973e-01
8.170386495844874641e-01
8.156863097506924509e-01
8.268431133795013377e-01
8.230114838504154484e-01
8.247019086426592427e-01
8.179402094736841766e-01
8.090373055678670156e-01
8.138831899722991370e-01
8.110658153185594799e-01
8.191798543213295591e-01
8.207575841274237227e-01
8.395776468144043880e-01
8.330413376177284723e-01
8.279700632409972005e-01
8.387887819113573062e-01
8.533264351246536705e-01
8.501709755124653434e-01
8.420569365096952641e-01
8.500582805263157127e-01
8.185036844044321080e-01
8.103896454016620288e-01
7.919076676731301445e-01
7.803000840997229570e-01
7.857094434349030099e-01
7.764684545706370677e-01
8.062199309141273584e-01
8.207575841274237227e-01
8.595246593628808052e-01
9.245496663711910701e-01
1.020002319639889077e+00
1.113201073185595469e+00
1.209893371301939080e+00
1.295766950747922364e+00
1.322701052437672997e+00
1.382880175041551141e+00
1.381077055263157716e+00
1.350085934072022154e+00
1.368793301772853077e+00
1.352339833795013879e+00
1.324166087257617752e+00
1.309853824016620427e+00
1.297457375540166158e+00
1.282581637368420902e+00
1.251027041246537408e+00
1.244603427036010901e+00
1.218232800277008199e+00
1.211583796094182652e+00
1.199300042603878014e+00
1.224543719501385075e+00
1.181156149833795022e+00
1.181268844819944430e+00
1.164928071828254863e+00
1.183184659584487486e+00
1.144192194376731253e+00
1.169323176288088684e+00
1.132922695761772847e+00
1.128752981274238065e+00
1.142839854542936129e+00
1.104410864265927827e+00
1.116356532797783796e+00
1.129992626121883559e+00
1.106101289058171622e+00
1.120300857313019316e+00
1.086943141412742397e+00
1.098888809944598366e+00
1.109031358698060910e+00
1.100466539750692530e+00
1.083449596842105178e+00
1.077251372603878155e+00
1.074095912991689605e+00
1.081533782077562345e+00
1.067108823850415389e+00
1.073419743074792265e+00
1.056853580110803215e+00
1.060910599612188365e+00
1.066996128864265758e+00
1.070151588476454307e+00
1.063502584293628761e+00
1.064066059224376692e+00
1.042541316869806112e+00
1.050993440831024861e+00
1.044231741662049906e+00
1.060910599612188365e+00
1.057078970083102476e+00
1.049641100997229959e+00
1.023495864210526296e+00
1.037582737479224360e+00
1.041414367008310249e+00
1.029017918531855980e+00
1.045245996537396138e+00
1.024960899030470829e+00
1.050091880941828260e+00
1.028003663656509525e+00
1.035328837756232634e+00
1.025862458919667430e+00
1.020903879529085900e+00
1.027214798753462555e+00
1.029806783434902950e+00
1.008394736066482000e+00
1.028454443601108048e+00
1.030144868393351842e+00
1.024960899030470829e+00
1.009296295955678602e+00
1.039498552243767193e+00
1.017184944986149420e+00
1.003661546648199288e+00
1.027440188725761816e+00
1.016734165041551119e+00
1.010197855844875203e+00
1.020227709612188338e+00
1.017072250000000011e+00
1.005802751385041383e+00
1.018199199861495874e+00
1.010648635789473726e+00
1.002196511828254755e+00
1.002872681745152317e+00
1.000731477008310222e+00
1.009070905983379340e+00
1.006817006260387837e+00
1.013691400415512422e+00
1.003999631606648180e+00
1.012339060581717298e+00
9.849541789473683639e-01
1.019438844709141145e+00
9.947586427423822375e-01
1.010986720747922396e+00
1.005690056398891974e+00
9.937443878670360053e-01
1.013916790387811684e+00
1.019213454736842106e+00
1.001182256952908523e+00
9.954348126592796886e-01
1.011437500692520697e+00
1.008845516011080301e+00
9.882223335457063218e-01
1.000956866980609261e+00
1.000280697063711921e+00
1.000731477008310222e+00
9.949840327146813879e-01
9.968998474792243325e-01
9.849541789473683639e-01
9.994918321606647282e-01
9.994918321606647282e-01
9.928428279778392929e-01
1.001182256952908523e+00
9.912650981717451293e-01
9.923920480332409921e-01
9.970125424653738522e-01
9.898000633518004854e-01
9.823621942659279682e-01
9.931809129362880739e-01
9.734592903601106961e-01
9.678245410526314929e-01
1.018988064764542845e+00
9.789813446814403797e-01
9.682753209972299047e-01
9.802209895290857622e-01
9.771782249030470657e-01
9.814606343767312557e-01
9.672610661218835615e-01
9.685007109695290550e-01
9.876588586149583904e-01
9.981394923268697150e-01
9.888985034626037729e-01
9.665848962049861104e-01
9.686134059556785747e-01
9.748116301939057093e-01
9.490044783656509386e-01
9.816860243490304061e-01
9.620770967590026590e-01
9.817987193351800368e-01
9.639929115235456036e-01
9.699657457894735879e-01
9.537376677839334294e-01
9.741354602770082582e-01
9.820241093074791872e-01
9.573439073407201683e-01
9.724450354847644640e-01
9.700784407756232186e-01
9.550900076177284426e-01
9.617390118005539890e-01
9.404396594182824476e-01
9.619644017728531393e-01
9.635421315789473029e-01
9.602739769806093451e-01
9.675991510803323425e-01
9.485536984210525269e-01
9.616263168144043583e-01
9.476521385318559254e-01
9.589216371468143318e-01
9.423554741828253922e-01
9.645563864542935351e-01
9.609501468975069072e-01
9.654579463434902475e-01
9.500187332409971708e-01
9.561042624930747857e-01
9.420173892243767222e-01
9.669229811634348914e-01
9.673737611080331922e-01
9.509202931301938833e-01
9.420173892243767222e-01
9.501314282271468015e-01
9.433697290581717354e-01
9.296209407479223419e-01
9.555407875623268543e-01
9.722196455124653136e-01
9.621897917451522897e-01
9.592597221052631129e-01
9.607247569252076458e-01
9.866446037396121582e-01
1.003548851662049879e+00
9.998299171191135093e-01
1.013127925484764491e+00
1.023608559196675927e+00
1.030032173407202212e+00
1.032511463102492977e+00
1.049979185955678629e+00
1.026876713795013885e+00
1.019664234681440407e+00
1.038258907396121922e+00
1.023946644155124597e+00
1.000844171994459852e+00
9.997172221329638786e-01
1.006478921301938945e+00
9.907016232409971979e-01
1.021129269501384940e+00
1.006478921301938945e+00
9.874334686426592400e-01
9.903635382825484168e-01
9.908143182271467175e-01
9.793194296398891607e-01
9.877715536011080211e-01
9.950967277008310186e-01
9.761639700277007226e-01
9.868699937119113086e-01
9.939697778393351557e-01
9.885604185041551029e-01
9.909270132132963482e-01
9.814606343767312557e-01
9.626405716897505904e-01
9.609501468975069072e-01
9.736846803324099575e-01
9.921666580609417307e-01
9.750370201662049707e-01
9.670356761495844111e-01
9.664722012188364797e-01
9.746989352077561897e-01
9.712053906371190815e-01
9.721069505263156829e-01
9.705292207202215193e-01
9.653452513573406168e-01
9.639929115235456036e-01
9.602739769806093451e-01
9.691768808864265061e-01
9.708673056786703004e-01
9.555407875623268543e-01
9.485536984210525269e-01
9.736846803324099575e-01
9.557661775346260047e-01
9.464124936842104319e-01
9.353683850415511758e-01
9.556534825484763740e-01
9.220703766759001940e-01
9.485536984210525269e-01
9.595978070637118940e-01
9.462997986980609122e-01
9.464124936842104319e-01
9.411158293351800097e-01
9.432570340720221047e-01
9.256766162326869329e-01
9.392000145706370651e-01
9.363826399168974080e-01
9.414539142936287908e-01
9.493425633240997197e-01
9.319875354570636983e-01
9.428062541274238040e-01
9.296209407479223419e-01
9.547519226592797725e-01
9.296209407479223419e-01
9.565550424376730865e-01
9.408904393628808593e-01
9.299590257063711229e-01
9.339033502216066429e-01
9.343541301662049436e-01
9.386365396398891336e-01
9.392000145706370651e-01
9.372841998060941204e-01
9.250004463157893708e-01
9.291701608033240412e-01
9.319875354570636983e-01
9.299590257063711229e-01
9.207180368421051808e-01
9.307478906094182047e-01
9.279305159556786586e-01
9.191403070360110172e-01
9.086596733240996926e-01
9.332271803047090808e-01
9.175625772299168537e-01
9.165483223545706215e-01
9.076454184487534604e-01
9.141817276454292651e-01
9.182387471468143048e-01
9.253385312742381519e-01
9.350303000831023947e-01
9.148578975623268272e-01
9.088850632963988430e-01
8.967140047922437240e-01
9.171117972853185529e-01
9.027995340443212280e-01
9.114770479778392387e-01
8.867968460110803308e-01
9.057296036842105158e-01
9.165483223545706215e-01
8.996440744321329008e-01
8.977282596675899562e-01
8.986298195567866687e-01
8.944601050692519983e-01
8.904030855678669587e-01
9.101247081440442255e-01
8.805986217728530852e-01
8.938966301385040669e-01
8.987425145429361883e-01
8.732734476731301987e-01
8.923189003324099033e-01
8.953616649584487108e-01
8.827398265096952912e-01
8.839794713573406737e-01
8.677513933518005151e-01
8.908538655124653705e-01
8.819509616066480984e-01
8.777812471191135391e-01
8.718084128531855548e-01
8.648213237119113383e-01
8.641451537950137762e-01
8.833033014404431116e-01
8.662863585318558712e-01
8.771050772022159769e-01
8.616658640997229002e-01
8.787955019944597712e-01
8.685402582548475969e-01
8.685402582548475969e-01
8.354079323268697177e-01
8.578342345706371219e-01
8.466774309418282352e-01
8.529883501662048895e-01
8.375491370637118127e-01
8.585104044875345730e-01
8.381126119944597441e-01
8.428458014127423459e-01
8.183909894182824774e-01
8.328159476454293220e-01
8.171513445706370948e-01
8.164751746537395327e-01
8.396903418005540187e-01
8.119673752077561923e-01
8.157990047368420816e-01
8.056564559833794270e-01
8.133197150415512056e-01
7.970916370360110470e-01
7.919076676731301445e-01
7.986693668421052106e-01
8.046422011080331949e-01
7.822158988642659017e-01
7.795112191966758752e-01
8.013740465096952370e-01
7.878506481717451049e-01
7.938234824376730892e-01
7.741018598614958224e-01
7.612546314404431413e-01
7.525771175069251306e-01
7.698194503878116324e-01
7.606911565096952099e-01
7.875125632132963238e-01
7.611419364542936217e-01
7.556198821329639381e-01
7.512247776731301174e-01
7.560706620775622389e-01
7.533659824099722124e-01
7.880760381440442552e-01
7.818778139058171206e-01
7.844697985872576274e-01
7.894283779778392685e-01
7.919076676731301445e-01
8.065580158725761395e-01
8.314636078116343088e-01
8.346190674238226359e-01
8.740623125761772805e-01
8.777812471191135391e-01
9.144071176177285265e-01
9.528361078947368279e-01
9.842780090304708018e-01
1.005351971440443082e+00
1.024397424099722897e+00
1.071391233324099579e+00
1.108580578753462609e+00
1.108017103822714677e+00
1.135289290470913981e+00
1.171689770997229818e+00
1.169435871274238092e+00
1.210456846232687012e+00
1.208766421440443217e+00
1.220599394986149555e+00
1.259141080249307487e+00
1.231305418670360030e+00
1.241673357396121835e+00
1.241335272437673165e+00
1.248209666592797751e+00
1.239532152659279740e+00
1.226910314210526209e+00
1.225445279390581677e+00
1.216880460443213297e+00
1.237841727867035946e+00
1.206287131745152230e+00
1.245054206980609424e+00
1.228826128975069265e+00
1.201215857368421069e+00
1.211133016149584352e+00
1.199300042603878014e+00
1.193214513351800399e+00
1.189946358753462441e+00
1.164139206925207670e+00
1.188706713905817169e+00
1.173380195789473612e+00
1.175070620581717407e+00
1.162110697174515206e+00
1.152644318337950002e+00
1.133936950637119079e+00
1.135063900498614942e+00
1.132922695761772847e+00
1.123005536980609342e+00
1.124695961772853137e+00
1.119624687396121754e+00
1.122442062049861411e+00
1.113539158144044361e+00
1.128640286288088657e+00
1.110834478476454334e+00
1.104974339196675759e+00
1.098212640027700804e+00
1.104298169279778419e+00
1.093141365650969421e+00
1.074884777894736798e+00
1.088633566204986192e+00
1.087844701301938999e+00
1.089647821080332424e+00
1.079956052271468181e+00
1.050993440831024861e+00
1.086041581523545574e+00
1.070602368421052608e+00
1.046372946398892001e+00
1.058769394875346270e+00
1.071503928310249210e+00
1.077251372603878155e+00
1.042766706842105151e+00
1.065531094044321225e+00
1.056628190138504175e+00
1.051556915761772792e+00
1.047725286232686903e+00
1.052796560609418286e+00
1.046485641385041410e+00
1.038709687340720222e+00
1.026425933850415362e+00
1.008169346094182739e+00
1.013804095401662053e+00
1.031497208227146745e+00
1.025749763933518022e+00
1.020002319639889077e+00
1.002759986759002686e+00
1.032173378144044307e+00
1.015156435235456955e+00
1.019664234681440407e+00
1.007943956121883700e+00
1.013691400415512422e+00
1.006140836343490275e+00
1.001633036897506823e+00
1.002985376731301947e+00
1.010423245817174465e+00
1.018762674792243805e+00
9.965617625207755514e-01
1.024059339141274227e+00
9.923920480332409921e-01
1.010648635789473726e+00
9.914904881440442797e-01
1.006591616288088575e+00
1.038935077313019262e+00
1.026425933850415362e+00
1.018875369778393214e+00
1.009521685927977863e+00
1.028003663656509525e+00
1.021580049445983240e+00
1.033638412963988840e+00
1.025073594016620460e+00
1.033413022991689800e+00
1.060572514653739473e+00
1.053923510470914149e+00
1.062488329418282529e+00
1.061812159501384967e+00
1.074546692936288128e+00
1.089760516066481832e+00
1.098888809944598366e+00
1.117934262603877960e+00
1.116131142825484757e+00
1.147234959002769950e+00
1.137205105235457037e+00
1.147009569030470910e+00
1.157828287700831016e+00
1.158955237562326879e+00
1.167069276565096958e+00
1.156137862908587222e+00
1.179691115013850267e+00
1.193552598310249291e+00
1.175972180470914008e+00
1.197722312797783850e+00
1.188030543988919607e+00
1.195919193019390425e+00
1.210344151246537381e+00
1.216091595540166104e+00
1.210907626177285312e+00
1.196482667950138357e+00
1.226008754321329608e+00
1.203920537036011096e+00
1.188255933961218869e+00
1.202906282160664642e+00
1.208541031468143956e+00
1.227361094155124510e+00
1.184875084376731280e+00
1.194341463213296262e+00
1.199863517534625945e+00
1.184536999418282388e+00
1.185776644265927882e+00
1.178676860138504034e+00
1.197496922825484589e+00
1.209442591357340557e+00
1.171013601080332256e+00
1.161209137285318382e+00
1.195243023102493085e+00
1.177099130332409871e+00
1.150165028642659237e+00
1.155687082963988921e+00
1.179353030055401597e+00
1.185213169335179950e+00
1.165266156786703533e+00
1.185438559307479212e+00
1.169773956232686984e+00
1.133711560664819817e+00
1.153095098282548303e+00
1.142050989639889158e+00
1.161547222243767274e+00
1.124019791855955575e+00
1.135289290470913981e+00
1.134275035595567749e+00
1.127851421385041464e+00
1.135852765401661912e+00
1.111397953407202044e+00
1.132584610803323955e+00
1.118272347562326852e+00
1.137655885180055337e+00
1.127287946454293532e+00
1.125259436703601068e+00
1.124019791855955575e+00
1.127175251468143902e+00
1.132359220831024915e+00
1.132471915817174546e+00
1.119399297423822714e+00
1.118835822493074783e+00
1.102607744487534625e+00
1.119737382382271385e+00
1.126160996592797670e+00
1.095620655346260408e+00
1.142952549529085760e+00
1.102495049501384994e+00
1.125935606620498630e+00
1.125710216648199369e+00
1.099790369833794967e+00
1.108467883767312978e+00
1.100128454792243637e+00
1.095507960360110777e+00
1.114440718033240962e+00
1.104185474293628788e+00
1.099564979861495706e+00
1.079617967313019289e+00
1.098099945041551173e+00
1.090323990997229764e+00
1.114102633074792070e+00
1.113764548116343400e+00
1.086492361468143875e+00
1.096071435290858709e+00
1.112412208282548498e+00
1.089873211052631463e+00
1.080068747257617590e+00
1.082209951994459685e+00
1.072405488199445811e+00
1.103396609390581595e+00
1.099903064819944598e+00
1.078829102409972318e+00
1.101030014681440461e+00
1.094719095457063585e+00
1.084351156731301780e+00
1.082886121911357247e+00
1.099677674847645337e+00
1.096409520249307379e+00
1.108805968725761648e+00
1.101255404653739500e+00
1.116807312742382097e+00
1.071616623296398840e+00
1.108580578753462609e+00
1.119511992409972123e+00
1.107115543933517854e+00
1.109820223601107880e+00
1.113877243102493031e+00
1.100917319695290830e+00
1.113313768171745100e+00
1.099001504930747775e+00
1.125597521662049738e+00
1.117934262603877960e+00
1.127851421385041464e+00
1.114215328060941701e+00
1.109932918587257511e+00
1.127964116371191095e+00
1.127513336426592794e+00
1.110496393518005442e+00
1.142839854542936129e+00
1.147685738947368250e+00
1.113088378199445838e+00
1.126499081551246562e+00
1.119737382382271385e+00
1.138106665124653638e+00
1.118835822493074783e+00
1.125710216648199369e+00
1.094831790443213215e+00
1.135965460387811543e+00
1.126837166509695232e+00
1.122780147008310081e+00
1.123230926952908604e+00
1.121089722216066509e+00
1.116807312742382097e+00
1.110834478476454334e+00
1.116131142825484757e+00
1.127626031412742424e+00
1.116243837811634387e+00
1.117483482659279659e+00
1.116920007728531727e+00
1.108242493795013717e+00
1.119061212465373822e+00
