1.013846390803324171e+00
1.032505964210526317e+00
1.020276766869806062e+00
1.003856342271468138e+00
1.009253265041551328e+00
1.006985409196675896e+00
9.987464898614959452e-01
9.984020054293629709e-01
1.014133461163434946e+00
1.001645900498614905e+00
1.004631432243767275e+00
1.009741284653739690e+00
9.984594195013850593e-01
1.001531072354570728e+00
9.986029546814404467e-01
9.897324805540166359e-01
9.996651150138504693e-01
1.001444951246537540e+00
9.938950007756233163e-01
9.979426928531855978e-01
1.002220041218836677e+00
1.002937717119113614e+00
1.008191104709141417e+00
9.977417436011081220e-01
9.997799431578947571e-01
1.010286718337950251e+00
1.002621939722991851e+00
1.008994901717451542e+00
1.007588256952908656e+00
1.046227927423822868e+00
1.200269882659279919e+00
1.115354470138504306e+00
1.037443574404432134e+00
1.019128485429362962e+00
1.016286488864265980e+00
1.005492643324099822e+00
1.003798928199445939e+00
1.000899517562326979e+00
1.004832381495844862e+00
1.008908780609418354e+00
9.941246570637120028e-01
9.958183721883656636e-01
9.942968992797784900e-01
9.973398450969529483e-01
1.001875556786703703e+00
1.001444951246537540e+00
9.983445913573407715e-01
1.004057291523545725e+00
1.003827635235457150e+00
1.013875097839335160e+00
1.005693592576177409e+00
1.014449238559556932e+00
1.013588027479224385e+00
1.013788976731301972e+00
1.017721840664820077e+00
1.045395423379501532e+00
1.094197384598337930e+00
1.112053160997229950e+00
1.063796633462603891e+00
1.028286029916897659e+00
1.025042134847645503e+00
1.016114246648199604e+00
9.990622672576178198e-01
1.006985409196675896e+00
1.007243772520775682e+00
9.996364079778393696e-01
1.003655393019390552e+00
1.003310908587257577e+00
1.001559779390581717e+00
1.001588486426592928e+00
1.006124198116343571e+00
9.953303525761773018e-01
1.003885049307479349e+00
9.977704506371192217e-01
1.000354083878116418e+00
9.955313018282548887e-01
9.938375867036011169e-01
9.985168335734072587e-01
1.005779713684210597e+00
1.007846620277008443e+00
1.006698338836565121e+00
1.006038077008310383e+00
1.000526326094182794e+00
1.002019091966759090e+00
9.938375867036011169e-01
9.943256063157894786e-01
1.006526096620498745e+00
9.927754263711912053e-01
9.970240677008310737e-01
9.934643952354571539e-01
1.002076506038781289e+00
1.003798928199445939e+00
1.009339386149584517e+00
9.930050826592797808e-01
1.002220041218836677e+00
1.008162397673130206e+00
9.923448208310249319e-01
9.888138554016621118e-01
1.008076276565097018e+00
1.002966424155124603e+00
1.006612217728531933e+00
1.013731562659279772e+00
1.013128714903047234e+00
1.007961448421052619e+00
1.020276766869806062e+00
1.037070382936288171e+00
1.071604947257617679e+00
1.086015879335180179e+00
1.064342067146814452e+00
1.035347960775623299e+00
1.018152446204986239e+00
1.014477945595567920e+00
1.014104754127423957e+00
1.003196080443213400e+00
1.001559779390581717e+00
1.012439746038781285e+00
1.005492643324099822e+00
1.005062037783933659e+00
1.001387537174515341e+00
9.946126766759003646e-01
9.975120873130194354e-01
9.975695013850416348e-01
1.002708060831025039e+00
9.986316617174515464e-01
9.914261956786704078e-01
1.009970940941828266e+00
1.010372839445983439e+00
1.003712807091412751e+00
9.989187320775624324e-01
1.002621939722991851e+00
1.010258011301939041e+00
1.010975687202216200e+00
1.004574018171745298e+00
9.894454101939058610e-01
1.002363576398892064e+00
1.002019091966759090e+00
9.996077009418282699e-01
9.991196813296399082e-01
9.949571611080333389e-01
1.004143412631578913e+00
1.003167373407202190e+00
1.006727045872576332e+00
1.011406292742382362e+00
1.011033101274238177e+00
1.003684100055401762e+00
1.009942233905817277e+00
1.009769991689750679e+00
9.992632165096952956e-01
1.004975916675900249e+00
1.019616505041551324e+00
1.000067013518005643e+00
1.013300957119113610e+00
1.022630743822714683e+00
1.009999647977839476e+00
1.027970252520775674e+00
1.024123509695290979e+00
1.034257093407202177e+00
1.042725669030470925e+00
1.037300039224376746e+00
1.036697191468144208e+00
1.028199908808864249e+00
1.022975228254847657e+00
1.017233821052631715e+00
1.008449468033240981e+00
1.004975916675900249e+00
1.004574018171745298e+00
9.999234783379501446e-01
1.006124198116343571e+00
1.008765245429362967e+00
1.011348878670360163e+00
1.007616963988919645e+00
9.999521853739612443e-01
9.943543133518005783e-01
9.965073410526316122e-01
1.008564296177285380e+00
1.004803674459833873e+00
1.001875556786703703e+00
1.002621939722991851e+00
1.006956702160664907e+00
1.001846849750692492e+00
9.997225290858726687e-01
1.006612217728531933e+00
1.001100466814404566e+00
1.006784459944598309e+00
9.995215798337950819e-01
9.965073410526316122e-01
1.008736538393351756e+00
1.011980433462603912e+00
1.007904034349030420e+00
1.004774967423822662e+00
1.007559549916897668e+00
1.010286718337950251e+00
1.000526326094182794e+00
1.014104754127423957e+00
1.006927995124653696e+00
1.007416014736842058e+00
1.000842103490304780e+00
9.969666536288088743e-01
1.011348878670360163e+00
9.950145751800554272e-01
9.972537239889197602e-01
1.001760728642659304e+00
1.005205572963989047e+00
9.987464898614959452e-01
9.955600088642659884e-01
1.004229533739612323e+00
1.005664885540166198e+00
9.975982084210527345e-01
9.986316617174515464e-01
1.004861088531856073e+00
1.000239255734072019e+00
1.003339615623268788e+00
1.007157651412742494e+00
1.006239026260387970e+00
1.007301186592797881e+00
9.954164736842106009e-01
9.935505163434903420e-01
1.001932970858725902e+00
9.993780446537396944e-01
9.977417436011081220e-01
1.008219811745152406e+00
9.988039039335180336e-01
1.005837127756232796e+00
1.000382790914127407e+00
1.006669631800554132e+00
1.002621939722991851e+00
1.005779713684210597e+00
9.986890757894737458e-01
1.005377815180055423e+00
1.008736538393351756e+00
1.016171660720221581e+00
1.004774967423822662e+00
1.001588486426592928e+00
1.007272479556786671e+00
9.989761461495845207e-01
1.011033101274238177e+00
1.004258240775623312e+00
1.009626456509695291e+00
1.002851596011080426e+00
1.002650646759002839e+00
1.009454214293628915e+00
1.004200826703601113e+00
1.014879844099723094e+00
1.002277455290858876e+00
1.003856342271468138e+00
1.000985638670360167e+00
1.012181382714681499e+00
1.005722299612188397e+00
1.005923248864265984e+00
9.915697308587257952e-01
9.972537239889197602e-01
1.005320401108033224e+00
1.000354083878116418e+00
1.008765245429362967e+00
1.002019091966759090e+00
1.002621939722991851e+00
9.916271449307479946e-01
9.950145751800554272e-01
1.011980433462603912e+00
1.008191104709141417e+00
9.964786340166205125e-01
1.005262987036011246e+00
1.003856342271468138e+00
1.003339615623268788e+00
1.006927995124653696e+00
1.003253494515235600e+00
1.009195850969529129e+00
1.003425736731301976e+00
9.924883560110804304e-01
1.002851596011080426e+00
9.979713998891966975e-01
9.943543133518005783e-01
1.002794181939058227e+00
1.014851137063711883e+00
1.006325147368421158e+00
1.004114705595567925e+00
1.007559549916897668e+00
1.016028125540166194e+00
1.010401546481994428e+00
1.003052545263158013e+00
1.010602495734072015e+00
1.008076276565097018e+00
1.016028125540166194e+00
1.006870581052631719e+00
1.018382102493074814e+00
1.019415555789473737e+00
1.019989696509695287e+00
1.018238567313019427e+00
1.018353395457063826e+00
1.022343673462603908e+00
1.031271561662050029e+00
1.028745342493074810e+00
1.022774279002770070e+00
1.019903575401662099e+00
1.012296210858725898e+00
1.023118763434903045e+00
1.018812708033240977e+00
1.011234050526315764e+00
1.018382102493074814e+00
1.000210548698061030e+00
1.001904263822714691e+00
1.009540335401662103e+00
1.003023838227146802e+00
9.973111380609418486e-01
1.011980433462603912e+00
1.005607471468143999e+00
9.969666536288088743e-01
1.000267962770083230e+00
1.007473428808864258e+00
1.004774967423822662e+00
1.003971170415512537e+00
1.001846849750692492e+00
1.003913756343490338e+00
1.005664885540166198e+00
1.004717553351800685e+00
1.004459190027700899e+00
1.004516604099723098e+00
9.921151645429363564e-01
9.929476685872576924e-01
1.017664426592797877e+00
