9.605505714767883507e-01 4.588343593958654765e-16
9.599976538331207454e-01 4.714111045966973279e-16
9.594254310273263586e-01 4.831204880595407758e-16
9.588327421760448610e-01 4.956972332603726272e-16
9.582183258932545078e-01 5.104423828061754875e-16
9.575808088719892641e-01 5.234528088760015407e-16
9.569186928526550728e-01 5.390653201597928046e-16
9.562303397039322306e-01 5.542441505745898667e-16
9.555139542875984437e-01 5.702903427273753323e-16
9.547675647113794684e-01 5.880712583561376050e-16
9.539889994908117288e-01 6.054184931159056759e-16
9.531758610378128216e-01 6.227657278756737469e-16
9.523254947646082602e-01 6.427150478494070285e-16
9.514349529295217378e-01 6.626643678231403101e-16
9.505009521462020050e-01 6.843484112728503987e-16
9.495198232172169517e-01 7.068998164605488910e-16
9.484874516192591809e-01 7.303185833862357867e-16
9.473992065370318016e-01 7.563394355258878932e-16
9.462498557842305980e-01 7.840950111415168067e-16
9.450334632188843731e-01 8.118505867571457202e-16
9.437432642954705075e-01 8.413408858487514408e-16
9.423715141118320648e-01 8.769027171062759862e-16
9.409093005831614676e-01 9.098624631498353210e-16
9.393463130334306355e-01 9.480263796213250771e-16
9.376705532828657486e-01 9.887923813067800438e-16
9.358679718551244919e-01 1.033027829944188625e-15
9.339220056731390995e-01 1.079865363795562416e-15
9.318129847158633794e-01 1.131907068074866629e-15
9.295173622746281117e-01 1.189152942782101263e-15
9.270067046531158539e-01 1.250735626179277915e-15
9.242463481761746813e-01 1.321859288694327006e-15
9.211935889772614461e-01 1.399921845113283325e-15
9.177952055468908688e-01 1.488392742388100487e-15
9.139840107332570796e-01 1.587271980518778491e-15
9.096739632334229775e-01 1.701763729933247760e-15
9.047530930476770372e-01 1.831867990631508292e-15
8.990730275077131184e-01 1.989727826945397737e-15
8.924330875426642606e-01 2.182282132778823325e-15
8.845554556249574096e-01 2.411265631607761861e-15
8.750452049414449984e-01 2.699229728619911839e-15
8.633238695579483757e-01 3.073929999430902171e-15
8.485156565566562836e-01 3.587408148320037071e-15
8.292491007475747411e-01 4.302114220422481594e-15
8.033237928107739290e-01 5.412337245047638135e-15
7.673166438720758764e-01 7.341349750333847624e-15
7.178058506886578760e-01 1.122713033652189552e-14
6.737892494576174229e-01 2.095545958979982970e-14
8.972593831081878690e-01 3.957945082788683067e-14
1.469562206915543179e+00 6.994405055138486205e-15
1.382090218534973936e+00 -3.108624468950438313e-15
1.256769306709728085e+00 -3.049643870767226872e-15
1.181123170880430839e+00 -2.460705250673100863e-15
1.133800853631500960e+00 -1.968911145233676052e-15
1.101893622463999023e+00 -1.585537257042801684e-15
1.078975029610853564e+00 -1.278491201794906829e-15
1.061666598932349270e+00 -1.023486850826316186e-15
1.048059416752403550e+00 -8.101158632811689131e-16
1.037003320668259398e+00 -6.245004513516505540e-16
1.027766683685518601e+00 -4.614364446098306871e-16
1.019862284633044736e+00 -3.157196726277788912e-16
1.012952604942810808e+00 -1.760744328116459201e-16
1.006795522627856432e+00 -5.030698080332740574e-17
1.001211701812968258e+00 7.459310946700270506e-17
9.960641944346714238e-01 1.916869440954371839e-16
9.912451963410877642e-01 3.096481404618600664e-16
9.866671359353106352e-01 4.267419750902945452e-16
9.822564547279379887e-01 5.447031714567174276e-16
9.779490874228491393e-01 6.670011765130823278e-16
9.736870159252831725e-01 7.919012667834124386e-16
9.694154832610727413e-01 9.254749744336265849e-16
9.650805754866144115e-01 1.064252852511771152e-15
9.606269471769454116e-01 1.216908518397730177e-15
9.559954976916683611e-01 1.375635716449608026e-15
9.511208109504947217e-01 1.551710149261253946e-15
9.459281560455525817e-01 1.745999178570656341e-15
9.403298135902982136e-01 1.968043783495687649e-15
9.342204512645887471e-01 2.219578687512324677e-15
9.274712462383429834e-01 2.507976465393468857e-15
9.199225173034970560e-01 2.839742330174033214e-15
9.113750071921606910e-01 3.230488793137809012e-15
9.015812932828656256e-01 3.710573515114390375e-15
8.902430268907655098e-01 4.302547901291475796e-15
8.770327191270588241e-01 5.030698080332740574e-15
8.616995733046803885e-01 5.966581395622228001e-15
8.444509430198720024e-01 7.262419832176902901e-15
8.272401918037425306e-01 8.987602329035837556e-15
8.179863147387407274e-01 1.121802303827301728e-14
8.425319706783620521e-01 1.333742144504768135e-14
9.566226504092947280e-01 1.109919448016860599e-14
1.156459427008721619e+00 -1.326629778253263225e-15
1.275331900744236746e+00 -1.169810776024959864e-14
1.277871566807884163e+00 -1.317522480004384988e-14
1.241915046128423628e+00 -1.161267262905774089e-14
1.204358335934590407e+00 -9.890959579150759851e-15
1.173129559792546406e+00 -8.497976627941383754e-15
1.148298898044628036e+00 -7.422448072835763355e-15
1.128550295467016129e+00 -6.589347123497901748e-15
1.112634341235335445e+00 -5.931453245233697658e-15
1.099594454349618555e+00 -5.401061542453788888e-15
1.088734251089112703e+00 -4.969549077804558124e-15
1.079550129061606523e+00 -4.608292913932388046e-15
1.071674830473139606e+00 -4.306017348243429410e-15
1.064836810681016210e+00 -4.045808826846908346e-15
1.058832177249839468e+00 -3.821595817576906029e-15
1.053505452863823244e+00 -3.625138383922532626e-15
1.048736308824669505e+00 -3.453834440669822925e-15
1.044430310457220346e+00 -3.299010370438892892e-15
1.040512372412886855e+00 -3.162184056271222232e-15
1.036922063819663897e+00 -3.039452370345863130e-15
1.033610192445133080e+00 -2.927996387014353274e-15
1.030536285246674177e+00 -2.827165584973201362e-15
1.027666705705025052e+00 -2.735658921615424788e-15
1.024973229494927640e+00 -2.652392194768538047e-15
1.022431954202946747e+00 -2.574763319218575930e-15
1.020022455391237370e+00 -2.503422816269029738e-15
1.017727126339217136e+00 -2.436852802878419766e-15
1.015530656136273358e+00 -2.376788002522722820e-15
1.013419612956365290e+00 -2.318241085208505581e-15
1.011382107967131461e+00 -2.265115178756715864e-15
1.009407521506409333e+00 -2.215675559691376861e-15
1.007486277633752314e+00 -2.168838025840003070e-15
1.005609656433701815e+00 -2.124168896333600287e-15
1.003769635855025655e+00 -2.082535532910156917e-15
1.001958756654388383e+00 -2.043937935569672959e-15
1.000170005341125989e+00 -2.004906657360194799e-15
9.983967110098536102e-01 -1.969995347406161557e-15
9.966324526832378572e-01 -1.936168239624613818e-15
9.948709743278953965e-01 -1.903642174450048685e-15
9.931061050941378809e-01 -1.873718194489448763e-15
9.913316825945404087e-01 -1.842493171921866235e-15
9.895414771968061851e-01 -1.814737596306237322e-15
9.877291153752760788e-01 -1.786765180256111307e-15
9.858880001485467170e-01 -1.762262211157938907e-15
9.840112265281728554e-01 -1.736458199452783902e-15
9.820914897099750629e-01 -1.709569985575143392e-15
9.801209834437555335e-01 -1.685717537780462294e-15
9.780912856011759748e-01 -1.661648249551284096e-15
9.759932273987693696e-01 -1.637145280453111695e-15
9.738167419866513574e-01 -1.613943353961921900e-15
9.715506871327789229e-01 -1.592042470077714711e-15
9.691826354486310358e-01 -1.570358426628004622e-15
9.666986239214684362e-01 -1.546072297964329323e-15
9.640828523142285222e-01 -1.521786169300654024e-15
9.613173170952354907e-01 -1.500752647154435238e-15
9.583813637345897085e-01 -1.478201241966736745e-15
9.552511351405954532e-01 -1.455432996344541152e-15
9.518988872920577382e-01 -1.428761622901397743e-15
9.482921342060419700e-01 -1.409462824231155764e-15
9.443925725766428858e-01 -1.379322003836058741e-15
9.401547209169712760e-01 -1.355686396475874744e-15
9.355241880301431445e-01 -1.328798182598234234e-15
9.304354607413941602e-01 -1.302343649589587926e-15
9.248090721934725256e-01 -1.277623840056918425e-15
9.185479851775300020e-01 -1.248567221834306906e-15
9.115330170062782011e-01 -1.219293763177198286e-15
9.036171898412440617e-01 -1.188068740609615759e-15
8.946191346525318444e-01 -1.166384697159905670e-15
8.843164230283426797e-01 -1.134942834157826042e-15
8.724417742708352463e-01 -1.114126152446104356e-15
8.586906989917409971e-01 -1.124317652867468098e-15
8.427644064765101861e-01 -1.129088142426404318e-15
8.245140953878484780e-01 -1.168119420635882477e-15
8.043721936587460153e-01 -1.304295213500061834e-15
7.845917993337738761e-01 -1.600716087457598746e-15
7.726647283409227018e-01 -2.258393125287305736e-15
7.893897514959301587e-01 -3.970565196076414338e-15
8.772134606882343588e-01 -8.152983496656496243e-15
1.060870333587637715e+00 -1.561121024118428124e-14
1.245509389801249256e+00 -2.023836827291791707e-14
1.324479565948089022e+00 -1.842655802247739061e-14
1.323042577607055348e+00 -1.460225169946927082e-14
1.293492183632227288e+00 -1.140287950868179578e-14
1.260087933791379067e+00 -9.210189035047111616e-15
1.230082187703096519e+00 -7.725048899176467643e-15
1.204753110519693138e+00 -6.687684260542337000e-15
1.183689934471663152e+00 -5.959317241066575122e-15
1.166146014340469161e+00 -5.413421447220123639e-15
1.151419553144169328e+00 -5.002508823848117459e-15
1.138936015110821653e+00 -4.690258598172292182e-15
1.128245289912950700e+00 -4.440783678283377611e-15
1.118999125947855555e+00 -4.243133622239270153e-15
1.110927975870265927e+00 -4.087008509401357514e-15
1.103821937166542311e+00 -3.954519003923628873e-15
1.097516144779270064e+00 -3.848917712323540741e-15
1.091879863822829311e+00 -3.760772075700469230e-15
1.086808405987543802e+00 -3.690407354706159992e-15
1.082217131592965620e+00 -3.631535176740197102e-15
1.078036974757133226e+00 -3.585022903540568961e-15
1.074211079396081292e+00 -3.545774784896593701e-15
1.070692248420354487e+00 -3.517151847542976384e-15
1.067440992070191941e+00 -3.493407819965543837e-15
1.064424021114189323e+00 -3.476819526726515619e-15
1.061613073136899343e+00 -3.466628026305151877e-15
1.058983990367495798e+00 -3.461207015442724355e-15
1.056515989085527352e+00 -3.460122813270238851e-15
1.054191076145347239e+00 -3.464784882611926520e-15
1.051993579379472576e+00 -3.474109021295301858e-15
1.049909766820626089e+00 -3.486468926061636608e-15
1.047927535693131684e+00 -3.503599320386907578e-15
1.046036156576609644e+00 -3.522464438188155356e-15
1.044226061468334077e+00 -3.547617928589819059e-15
1.042488666970135425e+00 -3.575590344639945073e-15
1.040816225719187527e+00 -3.608550090683504408e-15
1.039201700626248392e+00 -3.644545602810023155e-15
1.037638657593669134e+00 -3.684118982105744067e-15
1.036121173241892901e+00 -3.728246010525904097e-15
1.034643754838457719e+00 -3.775191964594526439e-15
1.033201270143246253e+00 -3.826583147570339349e-15
1.031788885292000080e+00 -3.883395341408579782e-15
1.030402009162943555e+00 -3.944327503502265131e-15
1.029036242928798250e+00 -4.011222777544620754e-15
1.027687333704526695e+00 -4.082454860276918396e-15
1.026351131373123060e+00 -4.159541634740637761e-15
1.025023547819515990e+00 -4.241290478546044795e-15
1.023700517937741417e+00 -4.329327694951867755e-15
1.022377961911622446e+00 -4.426255369172071852e-15
1.021051748419570249e+00 -4.530121937296183177e-15
1.019717658600099552e+00 -4.640168457803461877e-15
1.018371350864683889e+00 -4.760948579818347071e-15
1.017008327000279655e+00 -4.889209696823382245e-15
1.015623900527430123e+00 -5.028638096205018115e-15
1.014213169065939946e+00 -5.178583256659763379e-15
1.012770993654277030e+00 -5.343056726225814401e-15
1.011291989797202584e+00 -5.522275345337668284e-15
1.009770537832904269e+00 -5.714070709650354019e-15
1.008200824575395282e+00 -5.924080670460796227e-15
1.006576934990072614e+00 -6.153823110810474617e-15
1.004893023325978074e+00 -6.405466435044360196e-15
1.003143609956472559e+00 -6.683889552938637735e-15
1.001324076894900772e+00 -6.985839857975850720e-15
9.994314775991816058e-01 -7.319990967535883186e-15
9.974658450517570607e-01 -7.685150259229001080e-15
9.954322919048369522e-01 -8.092485015431805095e-15
9.933443723146458959e-01 -8.536032124195624959e-15
9.912294535483504587e-01 -9.025007303986587459e-15
9.891372749253020125e-01 -9.559302134587444044e-15
9.871534969374751167e-01 -1.013913345643269182e-14
9.854208393419510159e-01 -1.075008138062827356e-14
9.841710650066348709e-01 -1.137479867241442122e-14
9.837704077364689548e-01 -1.196211098924981897e-14
9.847756666412381676e-01 -1.241053700778982360e-14
9.879802803079504869e-01 -1.259886292515055572e-14
9.943871560236946516e-01 -1.227392753405665005e-14
1.004979054515381609e+00 -1.117172760550788624e-14
1.020146319194085605e+00 -8.966351966455121669e-15
1.038891638081008706e+00 -5.755161971987554637e-15
1.058520882014064801e+00 -1.926301999854995728e-15
1.075618986649403030e+00 1.763346413330424411e-15
1.087794390976795977e+00 4.676055549712732073e-15
1.094572537585423611e+00 6.595852336532814775e-15
1.096902947571147147e+00 7.669429327727961265e-15
1.096194300056869908e+00 8.104844920198139846e-15
1.093688089330163038e+00 8.151248773180519436e-15
1.090265184201928195e+00 7.971921733851417002e-15
1.086478913888945241e+00 7.669429327727961265e-15
1.082649125725708039e+00 7.316196259932183921e-15
1.078947197569452898e+00 6.946266478680129808e-15
1.075456009835560556e+00 6.575794596341832943e-15
1.072207985868213642e+00 6.220718384852830241e-15
1.069207939188369982e+00 5.886892535944543425e-15
1.066446364745485598e+00 5.573449687878984093e-15
1.063906995884930762e+00 5.282666665218371804e-15
1.061571004735566870e+00 5.012591904052232650e-15
1.059419266403491378e+00 4.764634867204797786e-15
1.057433518668775996e+00 4.534458745986125194e-15
1.055596899343524742e+00 4.321087758440977922e-15
1.053894139274338837e+00 4.123329282179621913e-15
1.052311570532078022e+00 3.938147551119097756e-15
1.050837040784390775e+00 3.768686751559613413e-15
1.049459785195669070e+00 3.609742713073238463e-15
1.048170284279626996e+00 3.462291217615209860e-15
1.046960122915064906e+00 3.324380701275053696e-15
1.045821858162647500e+00 3.194710121445787365e-15
1.044748899232873507e+00 3.073387898344659419e-15
1.043735400580220185e+00 2.959763510668178554e-15
1.042776167833156187e+00 2.852861176461107817e-15
1.041866575643782600e+00 2.752030374419955905e-15
1.041002496277911415e+00 2.657379524761971368e-15
1.040180237704371624e+00 2.567607584880171601e-15
1.039396489986588845e+00 2.482497714340059503e-15
1.038648278875254682e+00 2.402592014227877826e-15
1.037932925617082169e+00 2.326155761067649763e-15
1.037248012114041273e+00 2.254381577249109370e-15
1.036591350681087986e+00 2.185643159513528389e-15
1.035960957754009648e+00 2.121024710033392324e-15
1.035355030991040870e+00 2.058574664898227269e-15
1.034771929292312320e+00 1.999160385846021626e-15
1.034210155330654413e+00 1.942456612225029744e-15
1.033668340246868489e+00 1.887921242949008871e-15
1.033145230213418753e+00 1.836096379104201759e-15
1.032639674613784919e+00 1.786982020690608408e-15
1.032150615621452827e+00 1.738951864449500562e-15
1.031677078993729069e+00 1.693578003530982201e-15
1.031218165922010765e+00 1.650047286305689198e-15
1.030773045802619636e+00 1.608197082447748727e-15
1.030340949811379136e+00 1.567756341414039412e-15
1.029921165181332698e+00 1.528725063204561252e-15
1.029513030096819826e+00 1.491753769122805551e-15
1.029115929128889828e+00 1.455487206453165427e-15
1.028729289147089387e+00 1.420684316716380735e-15
1.028352575651261036e+00 1.386911419043457272e-15
1.027985289474347530e+00 1.354927454955134891e-15
1.027626963813526473e+00 1.323322961627182437e-15
1.027277161552431872e+00 1.292802670471715487e-15
1.026935472841900676e+00 1.264017102792225344e-15
1.026601512910725988e+00 1.235611005873105128e-15
1.026274920081388764e+00 1.207909640366100490e-15
1.025955353968768247e+00 1.181292477031581356e-15
1.025642493842454872e+00 1.155542675435050626e-15
1.025336037135574196e+00 1.130551815359259749e-15
1.025035698085012159e+00 1.105777795717965972e-15
1.024741206489674372e+00 1.082521659118151902e-15
1.024452306574918925e+00 1.059373942735586382e-15
1.024168755952633791e+00 1.037256218416882092e-15
1.023890324667588558e+00 1.015355334532674902e-15
1.023616794321714485e+00 9.941049719519590155e-16
1.023347957268866626e+00 9.734509205661101561e-16
1.023083615873404462e+00 9.542063320044924524e-16
1.022823581826638906e+00 9.340943817048863451e-16
1.022567675515799079e+00 9.150124234691414671e-16
1.022315725440725798e+00 8.962557258851422404e-16
1.022067567673977218e+00 8.782579698218828668e-16
1.021823045360469084e+00 8.599891632155021171e-16
1.021582008253143492e+00 8.430756093247282479e-16
1.021344312281512234e+00 8.257283745649601769e-16
1.021109819150210596e+00 8.088690307828105830e-16
1.020878395964978980e+00 7.931480992817707687e-16
1.020649914883723142e+00 7.769934869117367526e-16
1.020424252790522290e+00 7.614893958451940392e-16
1.020201290990650156e+00 7.461479351045241515e-16
1.019980914924839110e+00 7.310233147983513646e-16
1.019763013901183957e+00 7.166034259042941557e-16
1.019547480843209009e+00 7.026714279878554237e-16
1.019334212052758870e+00 6.878720683334282882e-16
1.019123106986474347e+00 6.740484906342381066e-16
1.018914068044727728e+00 6.600622826091750994e-16
1.018707000371971150e+00 6.468892262134762206e-16
1.018501811667543278e+00 6.334451192746559656e-16
1.018298412006049203e+00 6.201636426617085363e-16
1.018096713666490238e+00 6.078037378953737857e-16
1.017896630969391980e+00 5.947933118255477325e-16
1.017698080121220539e+00 5.825960373850858076e-16
1.017500979065430133e+00 5.699108719670054057e-16
1.017305247339532981e+00 5.576051773092949304e-16
1.017110805937611273e+00 5.460042140637000330e-16
1.016917577177737009e+00 5.342406204922323099e-16
1.016725484573786753e+00 5.221517662690189354e-16
1.016534452711172154e+00 5.105508030234240380e-16
1.016344407126030136e+00 4.992208903209505166e-16
1.016155274187436008e+00 4.880536079443498210e-16
1.015966980982223156e+00 4.760189638297607218e-16
1.015779455202009629e+00 4.653937825394027783e-16
1.015592625032043950e+00 4.539012395110564313e-16
1.015406419041494201e+00 4.434386885465713135e-16
1.015220766074816483e+00 4.325424567130919939e-16
1.015035595143840341e+00 4.211041237933699222e-16
1.014850835320219913e+00 4.109668334806304557e-16
1.014666415627898610e+00 3.998537612126540353e-16
1.014482264935239186e+00 3.892285799222960918e-16
1.014298311846467904e+00 3.783865581974410475e-16
1.014114484592081311e+00 3.678155870157073792e-16
1.013930710917859246e+00 3.571904057253494358e-16
1.013746917972121464e+00 3.466736446522400428e-16
1.013563032190855528e+00 3.357232027101364480e-16
1.013378979180340034e+00 3.256401225060212568e-16
1.013194683596863932e+00 3.150691513242875885e-16
1.013010069023144277e+00 3.041729194908082690e-16
1.012825057841012066e+00 2.935477382004503255e-16
1.012639571099933855e+00 2.824346659324739051e-16
1.012453528380901080e+00 2.720805351852373377e-16
1.012266847655211910e+00 2.617806145466250456e-16
1.012079445137630929e+00 2.509385928217700013e-16
1.011891235133395073e+00 2.400423609882906817e-16
1.011702129878496503e+00 2.290919190461870869e-16
1.011512039372646887e+00 2.176535861264650151e-16
1.011320871204283156e+00 2.068657745102342460e-16
1.011128530366942391e+00 1.954816516991364495e-16
1.010934919066288851e+00 1.845312097570328547e-16
1.010739936517028870e+00 1.720086746648252785e-16
1.010543478728900491e+00 1.608413922882245828e-16
1.010345438280874086e+00 1.492946391512539606e-16
1.010145704082641815e+00 1.378563062315318888e-16
1.009944161122413586e+00 1.251711408134514869e-16
1.009740690199974145e+00 1.133533371333594886e-16
1.009535167643889952e+00 9.985502008591495837e-17
1.009327465011682579e+00 8.803721640582296004e-17
1.009117448771713832e+00 7.388837805488712718e-17
1.008904979965454363e+00 6.125742274543100052e-17
1.008689913848726860e+00 4.748805515486509421e-17
1.008472099510446141e+00 3.333921680392926135e-17
1.008251379467297371e+00 1.994931997373328159e-17
1.008027589232729060e+00 5.149960319306146062e-18
1.007800556858568619e+00 -9.649399335120989463e-18
1.007570102447522320e+00 -2.477401964129377632e-17
1.007336037634778636e+00 -4.076600168545496672e-17
1.007098165036919513e+00 -5.811323644522303766e-17
1.006856277666366761e+00 -7.405100838075995284e-17
1.006610158309636516e+00 -9.112719259740664768e-17
1.006359578867795701e+00 -1.089623183347931956e-16
1.006104299657696544e+00 -1.279900664619137984e-16
1.005844068672840486e+00 -1.461504528510459977e-16
1.005578620803136314e+00 -1.662081930420278297e-16
1.005307677013377088e+00 -1.878380263831136432e-16
1.005030943481038497e+00 -2.091425990724538053e-16
1.004748110695054208e+00 -2.301219111100483161e-16
1.004458852518615330e+00 -2.535406780357352119e-16
1.004162825220898059e+00 -2.779352269166590617e-16
1.003859666485052760e+00 -3.033597678614441406e-16
1.003548994402979400e+00 -3.308442929339516780e-16
1.003230406471565361e+00 -3.582746078978349402e-16
1.002903478610475352e+00 -3.873854362290707343e-16
1.002567764228615488e+00 -4.182851981449076106e-16
1.002222793375518561e+00 -4.497270611469872392e-16
1.001868072025762446e+00 -4.839878497975291793e-16
1.001503081559912633e+00 -5.216096651827761832e-16
1.001127278525502096e+00 -5.602072625232601411e-16
1.000740094787572865e+00 -6.001601125793509794e-16
1.000340938212221920e+00 -6.437992500218925329e-16
9.999291940708473492e-01 -6.899320524611507466e-16
9.995042274106586966e-01 -7.387211502229984461e-16
9.990653867128856946e-01 -7.924975779782794660e-16
9.986120092597778886e-01 -8.482797797526586692e-16
9.981434287628077051e-01 -9.088866811945983670e-16
9.976589859779596559e-01 -9.731256599143645047e-16
9.971580432638269542e-01 -1.044195112320789320e-15
9.966400043436625111e-01 -1.119655583525780429e-15
9.961043409395946568e-01 -1.201079166679441812e-15
9.955506284913402393e-01 -1.288628492107646295e-15
9.949785939010704627e-01 -1.387290889803827199e-15
9.943881792261221042e-01 -1.492187449991799753e-15
9.937796265609383228e-01 -1.607167090383887498e-15
9.931535911293596364e-01 -1.732934542392206012e-15
9.925112920100088720e-01 -1.872091891230720506e-15
9.918547131561685770e-01 -2.023554934726945476e-15
9.911868717280094554e-01 -2.197569383410868937e-15
9.905121765846339743e-01 -2.378576936107323903e-15
9.898369075123826244e-01 -2.590809511371361396e-15
9.891698558551773601e-01 -2.820009850634797033e-15
9.885231800476090847e-01 -3.079188379967456868e-15
9.879135451745949537e-01 -3.363899870462150332e-15
9.873636332100176327e-01 -3.678372710591570893e-15
9.869041270224251372e-01 -4.034153653492689173e-15
9.865762791572084689e-01 -4.425008536673713522e-15
9.864351597360619950e-01 -4.853756285783106250e-15
9.865536046134032455e-01 -5.320830581689861560e-15
9.870266964704158541e-01 -5.822274086464407361e-15
9.879762095039842373e-01 -6.348166350228501287e-15
9.895536906988672277e-01 -6.888044822017658220e-15
9.919395883868352692e-01 -7.403257694382769927e-15
9.953340680185147615e-01 -7.849298468143306451e-15
9.999333988675906948e-01 -8.198194727249141778e-15
1.005885749675077712e+00 -8.352693536828326160e-15
1.013225200082005450e+00 -8.264439479988006099e-15
1.021796251678962486e+00 -7.926222612281152990e-15
1.031201303606808173e+00 -7.331320880238356708e-15
1.040815970683716785e+00 -6.569777274284538393e-15
1.049898514972225083e+00 -5.752885147425335077e-15
1.057765318286257417e+00 -4.970524859759795078e-15
1.063953082152573781e+00 -4.306179978569302236e-15
1.068292453972738976e+00 -3.777089318396376072e-15
1.070876756556365939e+00 -3.359020960685965562e-15
1.071967581200029773e+00 -3.020641462653239628e-15
1.071893301790992847e+00 -2.734520509334315008e-15
1.070975020434243419e+00 -2.482660344665932328e-15
1.069487273459525101e+00 -2.253568425619745241e-15
1.067645478125910374e+00 -2.043558464809303032e-15
1.065608756234281973e+00 -1.844119475180594492e-15
1.063489298040694697e+00 -1.662624031506521050e-15
1.061363065327023625e+00 -1.495006375640262064e-15
1.059279406166090842e+00 -1.337688640412615371e-15
1.057268783736696527e+00 -1.194519743535904510e-15
1.055348611374006706e+00 -1.067288618594730565e-15
1.053527489123026850e+00 -9.483516402730707284e-16
1.051808200724235087e+00 -8.412324656315028903e-16
1.050189794750627570e+00 -7.443590015199230692e-16
1.048669008954818960e+00 -6.565928356572214852e-16
1.047241232623249640e+00 -5.771208164140340102e-16
1.045901148199002151e+00 -5.052924224868693415e-16
1.044643152352024096e+00 -4.410534437671032038e-16
1.043461626541403620e+00 -3.816933748235218360e-16
1.042351105595473060e+00 -3.275916864164951647e-16
1.041306377719696696e+00 -2.797783706098844192e-16
1.040322538832130883e+00 -2.356513421897243887e-16
1.039395016864413490e+00 -1.964032235457491282e-16
1.038519576668135658e+00 -1.598114002243633536e-16
1.037692312734582956e+00 -1.269058642894282940e-16
1.036909634583202955e+00 -9.687346411157982118e-17
1.036168248063540354e+00 -6.928051882182373333e-17
1.035465134714494306e+00 -4.358492733391727825e-17
1.034797530573932089e+00 -2.097931203759451080e-17
1.034162905321298176e+00 -2.168404344971008868e-19
1.033558942290633720e+00 1.962405932198763026e-17
1.032983519659593341e+00 3.745918505937417819e-17
1.032434692966042622e+00 5.345116710353536860e-17
1.031910679003114062e+00 6.862999751833243067e-17
1.031409841079290901e+00 8.207410445715268565e-17
1.030930675590526757e+00 9.486769009248163798e-17
1.030471799828532431e+00 1.063602331208279850e-16
1.030031940937656598e+00 1.168769941939373780e-16
1.029609925928401948e+00 1.270684946153011197e-16
