8.254197648551176991e-01
3.536893974223254133e-02
8.254197648551193645e-01
-3.536893974223077192e-02
5.146463940602548082e-01
-1.516691093987812177e-16
-1.487912204064184910e-02
2.319974846711552255e-02
-1.487912204064205900e-02
-2.319974846711503336e-02
-8.080739874480976637e-01
-9.125695262601905964e-17
-6.439422468017383938e-01
8.937586691966575153e-03
-6.439422468017387269e-01
-8.937586691966759034e-03
-3.300075250550787431e-01
1.069258565501744751e-02
-3.300075250550784101e-01
-1.069258565501745098e-02
