1.004139646698762656e+00 0.000000000000000000e+00
1.004071409336812826e+00 0.000000000000000000e+00
1.004000948537717264e+00 0.000000000000000000e+00
1.003928148412801091e+00 0.000000000000000000e+00
1.003852884717809868e+00 0.000000000000000000e+00
1.003775024079588185e+00 0.000000000000000000e+00
1.003694423134906977e+00 0.000000000000000000e+00
1.003610927569549727e+00 0.000000000000000000e+00
1.003524371043885255e+00 0.000000000000000000e+00
1.003434573988947198e+00 0.000000000000000000e+00
1.003341342254396196e+00 0.000000000000000000e+00
1.003244465586633938e+00 0.000000000000000000e+00
1.003143715911593015e+00 0.000000000000000000e+00
1.003038845392276279e+00 0.000000000000000000e+00
1.002929584225748627e+00 0.000000000000000000e+00
1.002815638137817711e+00 0.000000000000000000e+00
1.002696685525802156e+00 0.000000000000000000e+00
1.002572374190259019e+00 0.000000000000000000e+00
1.002442317584898657e+00 0.000000000000000000e+00
1.002306090499631708e+00 0.000000000000000000e+00
1.002163224074079650e+00 0.000000000000000000e+00
1.002013200017054073e+00 0.000000000000000000e+00
1.001855443880316887e+00 0.000000000000000000e+00
1.001689317200876950e+00 0.000000000000000000e+00
1.001514108283158677e+00 0.000000000000000000e+00
1.001329021337983960e+00 0.000000000000000000e+00
1.001133163625885780e+00 0.000000000000000000e+00
1.000925530163109700e+00 0.000000000000000000e+00
1.000704985433276573e+00 0.000000000000000000e+00
1.000470241397241278e+00 0.000000000000000000e+00
1.000219830895931139e+00 0.000000000000000000e+00
9.999520752787554034e-01 0.000000000000000000e+00
9.996650447393374828e-01 0.000000000000000000e+00
9.993565093662135634e-01 0.000000000000000000e+00
9.990238782687166363e-01 0.000000000000000000e+00
9.986641232441072491e-01 0.000000000000000000e+00
9.982736822020603640e-01 0.000000000000000000e+00
9.978483357922505181e-01 0.000000000000000000e+00
9.973830481375950407e-01 0.000000000000000000e+00
9.968717588657575179e-01 0.000000000000000000e+00
9.963071081280325814e-01 0.000000000000000000e+00
9.956800679796806719e-01 0.000000000000000000e+00
9.949794406771225175e-01 0.000000000000000000e+00
9.941911642413298056e-01 0.000000000000000000e+00
9.932973329891785497e-01 0.000000000000000000e+00
9.922747865085711494e-01 0.000000000000000000e+00
9.910930276458166377e-01 0.000000000000000000e+00
9.897110651871765530e-01 0.000000000000000000e+00
9.880724722528166915e-01 0.000000000000000000e+00
9.860973616331317748e-01 0.000000000000000000e+00
9.836687734887987755e-01 0.000000000000000000e+00
9.806083402363684476e-01 0.000000000000000000e+00
9.766298847414667250e-01 0.000000000000000000e+00
9.712434507313946197e-01 0.000000000000000000e+00
9.635346098865151809e-01 0.000000000000000000e+00
9.515776512314632063e-01 0.000000000000000000e+00
9.305032609064098903e-01 0.000000000000000000e+00
8.833950745170137120e-01 0.000000000000000000e+00
6.836241044181808890e-01 0.000000000000000000e+00
1.526193786941582697e+00 0.000000000000000000e+00
1.150467771278554485e+00 0.000000000000000000e+00
1.090017132106420705e+00 0.000000000000000000e+00
1.065279281101218833e+00 0.000000000000000000e+00
1.051810548584058091e+00 0.000000000000000000e+00
1.043329955965607514e+00 0.000000000000000000e+00
1.037492372722548239e+00 0.000000000000000000e+00
1.033223120106712800e+00 0.000000000000000000e+00
1.029960232502358242e+00 0.000000000000000000e+00
1.027381244303086971e+00 0.000000000000000000e+00
1.025287853143071581e+00 0.000000000000000000e+00
1.023551375075722580e+00 0.000000000000000000e+00
1.022084627089361542e+00 0.000000000000000000e+00
1.020826414181383646e+00 0.000000000000000000e+00
1.019732486441193631e+00 0.000000000000000000e+00
1.018770021799644265e+00 0.000000000000000000e+00
1.017914127786522460e+00 0.000000000000000000e+00
1.017145548963020785e+00 0.000000000000000000e+00
1.016449120570743547e+00 0.000000000000000000e+00
1.015812698483917309e+00 0.000000000000000000e+00
1.015226401381098098e+00 0.000000000000000000e+00
1.014682062309187005e+00 0.000000000000000000e+00
1.014172823399420498e+00 0.000000000000000000e+00
1.013692829948874108e+00 0.000000000000000000e+00
1.013236994179747885e+00 0.000000000000000000e+00
1.012800807998864405e+00 0.000000000000000000e+00
1.012380189895272453e+00 0.000000000000000000e+00
1.011971354852226890e+00 0.000000000000000000e+00
1.011570698472699537e+00 0.000000000000000000e+00
1.011174687804674566e+00 0.000000000000000000e+00
1.010779751793781545e+00 0.000000000000000000e+00
1.010382163928451815e+00 0.000000000000000000e+00
1.009977908375592870e+00 0.000000000000000000e+00
1.009562518455203062e+00 0.000000000000000000e+00
1.009130872132639967e+00 0.000000000000000000e+00
1.008676922349622584e+00 0.000000000000000000e+00
1.008193328742223782e+00 0.000000000000000000e+00
1.007670938471508792e+00 0.000000000000000000e+00
1.007098031666866067e+00 0.000000000000000000e+00
1.006459190019767691e+00 0.000000000000000000e+00
1.005733542458631113e+00 0.000000000000000000e+00
1.004891940907638004e+00 0.000000000000000000e+00
1.003892212235730108e+00 0.000000000000000000e+00
1.002670755008438830e+00 0.000000000000000000e+00
1.001126707770158886e+00 0.000000000000000000e+00
9.990896957754895613e-01 0.000000000000000000e+00
9.962471208691705549e-01 0.000000000000000000e+00
9.919561285473941226e-01 0.000000000000000000e+00
9.846501607567847980e-01 0.000000000000000000e+00
9.692482614923320083e-01 0.000000000000000000e+00
9.147069924521901152e-01 0.000000000000000000e+00
1.361655373943719605e+00 0.000000000000000000e+00
1.074105636227837612e+00 0.000000000000000000e+00
1.045876768457090433e+00 0.000000000000000000e+00
1.035159506753821956e+00 0.000000000000000000e+00
1.029499290564845015e+00 0.000000000000000000e+00
1.025990413543716562e+00 0.000000000000000000e+00
1.023596677932011811e+00 0.000000000000000000e+00
1.021856246149428493e+00 0.000000000000000000e+00
1.020532180538065825e+00 0.000000000000000000e+00
1.019490470449700537e+00 0.000000000000000000e+00
1.018649692034508059e+00 0.000000000000000000e+00
1.017957600357171088e+00 0.000000000000000000e+00
1.017379224314836961e+00 0.000000000000000000e+00
1.016890374428344179e+00 0.000000000000000000e+00
1.016473901093728927e+00 0.000000000000000000e+00
1.016117441542425226e+00 0.000000000000000000e+00
1.015812017528387123e+00 0.000000000000000000e+00
1.015551144088010727e+00 0.000000000000000000e+00
1.015330261589371563e+00 0.000000000000000000e+00
1.015146385451302313e+00 0.000000000000000000e+00
1.014997915729354938e+00 0.000000000000000000e+00
1.014884579906202955e+00 0.000000000000000000e+00
1.014807506780199597e+00 0.000000000000000000e+00
1.014769454836887741e+00 0.000000000000000000e+00
1.014775253380611808e+00 0.000000000000000000e+00
1.014832572830358215e+00 0.000000000000000000e+00
1.014953249908029376e+00 0.000000000000000000e+00
1.015155617518946229e+00 0.000000000000000000e+00
1.015468786074933405e+00 0.000000000000000000e+00
1.015941025519783825e+00 0.000000000000000000e+00
1.016657632005173673e+00 0.000000000000000000e+00
1.017783633077461891e+00 0.000000000000000000e+00
1.019683668267436172e+00 0.000000000000000000e+00
1.023351736897541775e+00 0.000000000000000000e+00
1.032792111574729610e+00 0.000000000000000000e+00
1.101827778039375927e+00 0.000000000000000000e+00
9.669514075392753316e-01 0.000000000000000000e+00
9.926313862267256427e-01 0.000000000000000000e+00
9.990387012789245791e-01 0.000000000000000000e+00
1.001892496700137691e+00 0.000000000000000000e+00
1.003472038563805624e+00 0.000000000000000000e+00
1.004450828205296409e+00 0.000000000000000000e+00
1.005098807553799212e+00 0.000000000000000000e+00
1.005545150233198237e+00 0.000000000000000000e+00
1.005859365748116518e+00 0.000000000000000000e+00
1.006082123011595053e+00 0.000000000000000000e+00
1.006238753524331786e+00 0.000000000000000000e+00
1.006345815941918964e+00 0.000000000000000000e+00
1.006414552951265584e+00 0.000000000000000000e+00
1.006452830796833897e+00 0.000000000000000000e+00
1.006466285014036677e+00 0.000000000000000000e+00
1.006459026707730908e+00 0.000000000000000000e+00
1.006434093730107282e+00 0.000000000000000000e+00
1.006393747663870686e+00 0.000000000000000000e+00
1.006339674273702522e+00 0.000000000000000000e+00
1.006273121619411626e+00 0.000000000000000000e+00
1.006194996764558258e+00 0.000000000000000000e+00
1.006105934253661349e+00 0.000000000000000000e+00
1.006006344843079603e+00 0.000000000000000000e+00
1.005896450055772329e+00 0.000000000000000000e+00
1.005776306267561093e+00 0.000000000000000000e+00
1.005645820809571767e+00 0.000000000000000000e+00
1.005504761744840936e+00 0.000000000000000000e+00
1.005352762398861399e+00 0.000000000000000000e+00
1.005189321301594108e+00 0.000000000000000000e+00
1.005013797872008618e+00 0.000000000000000000e+00
1.004825403904399783e+00 0.000000000000000000e+00
1.004623190668193500e+00 0.000000000000000000e+00
1.004406031184894577e+00 0.000000000000000000e+00
1.004172596973938125e+00 0.000000000000000000e+00
1.003921328238540411e+00 0.000000000000000000e+00
1.003650396063043626e+00 0.000000000000000000e+00
1.003357654675239630e+00 0.000000000000000000e+00
1.003040581136102505e+00 0.000000000000000000e+00
1.002696198876877665e+00 0.000000000000000000e+00
1.002320980194249200e+00 0.000000000000000000e+00
1.001910720964916734e+00 0.000000000000000000e+00
1.001460378185628608e+00 0.000000000000000000e+00
1.000963857068319252e+00 0.000000000000000000e+00
1.000413728660659585e+00 0.000000000000000000e+00
9.998008502422001120e-01 0.000000000000000000e+00
9.991138472685965333e-01 0.000000000000000000e+00
9.983383943283514750e-01 0.000000000000000000e+00
9.974561980320466592e-01 0.000000000000000000e+00
9.964435271578472308e-01 0.000000000000000000e+00
9.952690362667262480e-01 0.000000000000000000e+00
9.938904522329056190e-01 0.000000000000000000e+00
9.922493646510344156e-01 0.000000000000000000e+00
9.902627209451639878e-01 0.000000000000000000e+00
9.878083079620398887e-01 0.000000000000000000e+00
9.846985969855638343e-01 0.000000000000000000e+00
9.806303935100457725e-01 0.000000000000000000e+00
9.750794194575924667e-01 0.000000000000000000e+00
9.670539005424562129e-01 0.000000000000000000e+00
9.544240393920888632e-01 0.000000000000000000e+00
9.316331834714589588e-01 0.000000000000000000e+00
8.781676225293835181e-01 0.000000000000000000e+00
6.046882448711198288e-01 0.000000000000000000e+00
1.395410523171009221e+00 0.000000000000000000e+00
1.141565709117362992e+00 0.000000000000000000e+00
1.089671497677357603e+00 0.000000000000000000e+00
1.067315783743793878e+00 0.000000000000000000e+00
1.054867536469762834e+00 0.000000000000000000e+00
1.046936698798138332e+00 0.000000000000000000e+00
1.041443079699627905e+00 0.000000000000000000e+00
1.037413879220427715e+00 0.000000000000000000e+00
1.034333351673067281e+00 0.000000000000000000e+00
1.031902605074894952e+00 0.000000000000000000e+00
1.029936475872110790e+00 0.000000000000000000e+00
1.028314143037207806e+00 0.000000000000000000e+00
1.026953421091271190e+00 0.000000000000000000e+00
1.025796466795031447e+00 0.000000000000000000e+00
1.024801394781586827e+00 0.000000000000000000e+00
1.023937135998380654e+00 0.000000000000000000e+00
1.023180164406217285e+00 0.000000000000000000e+00
1.022512345252226451e+00 0.000000000000000000e+00
1.021919480884015963e+00 0.000000000000000000e+00
1.021390303914308406e+00 0.000000000000000000e+00
1.020915765119301266e+00 0.000000000000000000e+00
1.020488520210494521e+00 0.000000000000000000e+00
1.020102553688853941e+00 0.000000000000000000e+00
1.019752899020625714e+00 0.000000000000000000e+00
1.019435427685108309e+00 0.000000000000000000e+00
1.019146688262142053e+00 0.000000000000000000e+00
1.018883782421711182e+00 0.000000000000000000e+00
1.018644268512723050e+00 0.000000000000000000e+00
1.018426086075771675e+00 0.000000000000000000e+00
1.018227496435338164e+00 0.000000000000000000e+00
1.018047035822814639e+00 0.000000000000000000e+00
1.017883478414091547e+00 0.000000000000000000e+00
1.017735807347948329e+00 0.000000000000000000e+00
1.017603192301130832e+00 0.000000000000000000e+00
1.017484972586107705e+00 0.000000000000000000e+00
1.017380645045973253e+00 0.000000000000000000e+00
1.017289856275872761e+00 0.000000000000000000e+00
1.017212398923625027e+00 0.000000000000000000e+00
1.017148212032598309e+00 0.000000000000000000e+00
1.017097385605105542e+00 0.000000000000000000e+00
1.017060169803639225e+00 0.000000000000000000e+00
1.017036989493039778e+00 0.000000000000000000e+00
1.017028465189210973e+00 0.000000000000000000e+00
1.017035441961394726e+00 0.000000000000000000e+00
1.017059028496916984e+00 0.000000000000000000e+00
1.017100649472977292e+00 0.000000000000000000e+00
1.017162115734215222e+00 0.000000000000000000e+00
1.017245718777540331e+00 0.000000000000000000e+00
1.017354359071453329e+00 0.000000000000000000e+00
1.017491722409985311e+00 0.000000000000000000e+00
1.017662525889585057e+00 0.000000000000000000e+00
1.017872867081854649e+00 0.000000000000000000e+00
1.018130729975428972e+00 0.000000000000000000e+00
1.018446735717740248e+00 0.000000000000000000e+00
1.018835287732606343e+00 0.000000000000000000e+00
1.019316375352714132e+00 0.000000000000000000e+00
1.019918523810573019e+00 0.000000000000000000e+00
1.020683840488658456e+00 0.000000000000000000e+00
1.021677127814474950e+00 0.000000000000000000e+00
1.023003478311224068e+00 0.000000000000000000e+00
1.024845252641887416e+00 0.000000000000000000e+00
1.027548952686200945e+00 0.000000000000000000e+00
1.031863320277017104e+00 0.000000000000000000e+00
1.039761302636535767e+00 0.000000000000000000e+00
1.058670816324386976e+00 0.000000000000000000e+00
1.162521730730923686e+00 0.000000000000000000e+00
8.906970265082426730e-01 0.000000000000000000e+00
9.688074475957428877e-01 0.000000000000000000e+00
9.856843001104328428e-01 0.000000000000000000e+00
9.930281775637997965e-01 0.000000000000000000e+00
9.971206426679702917e-01 0.000000000000000000e+00
9.997185792788129133e-01 0.000000000000000000e+00
1.001506451931981401e+00 0.000000000000000000e+00
1.002806215726902872e+00 0.000000000000000000e+00
1.003789230956312117e+00 0.000000000000000000e+00
1.004555082307266423e+00 0.000000000000000000e+00
1.005165585486239133e+00 0.000000000000000000e+00
1.005661132843693295e+00 0.000000000000000000e+00
1.006069226228597957e+00 0.000000000000000000e+00
1.006409232227949202e+00 0.000000000000000000e+00
1.006695176793028779e+00 0.000000000000000000e+00
1.006937461653839794e+00 0.000000000000000000e+00
1.007143958465814393e+00 0.000000000000000000e+00
1.007320728831324175e+00 0.000000000000000000e+00
1.007472511339400745e+00 0.000000000000000000e+00
1.007603059017468716e+00 0.000000000000000000e+00
1.007715378126781802e+00 0.000000000000000000e+00
1.007811900325972010e+00 0.000000000000000000e+00
1.007894608864450925e+00 0.000000000000000000e+00
1.007965132445990841e+00 0.000000000000000000e+00
1.008024815954463804e+00 0.000000000000000000e+00
1.008074774351315650e+00 0.000000000000000000e+00
1.008115934148002157e+00 0.000000000000000000e+00
1.008149065571841918e+00 0.000000000000000000e+00
1.008174807662594930e+00 0.000000000000000000e+00
1.008193687922651183e+00 0.000000000000000000e+00
1.008206137708310468e+00 0.000000000000000000e+00
1.008212504235987295e+00 0.000000000000000000e+00
1.008213059847273385e+00 0.000000000000000000e+00
1.008208009004810668e+00 0.000000000000000000e+00
1.008197493359101360e+00 0.000000000000000000e+00
1.008181595122042529e+00 0.000000000000000000e+00
1.008160338896839203e+00 0.000000000000000000e+00
1.008133692038876594e+00 0.000000000000000000e+00
1.008101563552182167e+00 0.000000000000000000e+00
1.008063801455885811e+00 0.000000000000000000e+00
1.008020188479137103e+00 0.000000000000000000e+00
1.007970435855068736e+00 0.000000000000000000e+00
1.007914174876963109e+00 0.000000000000000000e+00
1.007850945742674531e+00 0.000000000000000000e+00
1.007780183032562116e+00 0.000000000000000000e+00
1.007701196921593212e+00 0.000000000000000000e+00
1.007613148888361954e+00 0.000000000000000000e+00
1.007515020208176626e+00 0.000000000000000000e+00
1.007405570836232833e+00 0.000000000000000000e+00
1.007283285294245267e+00 0.000000000000000000e+00
1.007146300701047048e+00 0.000000000000000000e+00
1.006992309859998436e+00 0.000000000000000000e+00
1.006818428876344873e+00 0.000000000000000000e+00
1.006621013344603188e+00 0.000000000000000000e+00
1.006395398346527026e+00 0.000000000000000000e+00
1.006135522843939922e+00 0.000000000000000000e+00
1.005833373859499114e+00 0.000000000000000000e+00
1.005478140966947542e+00 0.000000000000000000e+00
1.005054888352478581e+00 0.000000000000000000e+00
1.004542389735157082e+00 0.000000000000000000e+00
1.003909438356723971e+00 0.000000000000000000e+00
1.003108212529089993e+00 0.000000000000000000e+00
1.002061535417157812e+00 0.000000000000000000e+00
1.000636285871269182e+00 0.000000000000000000e+00
9.985815115144607290e-01 0.000000000000000000e+00
9.953610441330883463e-01 0.000000000000000000e+00
9.895875355732186573e-01 0.000000000000000000e+00
9.762220113467889870e-01 0.000000000000000000e+00
9.114431097099979784e-01 0.000000000000000000e+00
1.116393910341552997e+00 0.000000000000000000e+00
1.044428005450795949e+00 0.000000000000000000e+00
1.030486863640605710e+00 0.000000000000000000e+00
1.024552849047661418e+00 0.000000000000000000e+00
1.021264131163454714e+00 0.000000000000000000e+00
1.019172424903483920e+00 0.000000000000000000e+00
1.017723409642387944e+00 0.000000000000000000e+00
1.016659181028952474e+00 0.000000000000000000e+00
1.015843482310227586e+00 0.000000000000000000e+00
1.015197545448819350e+00 0.000000000000000000e+00
1.014672663420953080e+00 0.000000000000000000e+00
1.014237097175958446e+00 0.000000000000000000e+00
1.013869277157269044e+00 0.000000000000000000e+00
1.013554030757633173e+00 0.000000000000000000e+00
1.013280372916973038e+00 0.000000000000000000e+00
1.013040153021480316e+00 0.000000000000000000e+00
1.012827194382716511e+00 0.000000000000000000e+00
1.012636729034627425e+00 0.000000000000000000e+00
1.012465015978784022e+00 0.000000000000000000e+00
1.012309076948567421e+00 0.000000000000000000e+00
1.012166509514774493e+00 0.000000000000000000e+00
1.012035352316860592e+00 0.000000000000000000e+00
1.011913986175469571e+00 0.000000000000000000e+00
1.011801060374133865e+00 0.000000000000000000e+00
1.011695436895855948e+00 0.000000000000000000e+00
1.011596147661988576e+00 0.000000000000000000e+00
1.011502361313076026e+00 0.000000000000000000e+00
1.011413357073889907e+00 0.000000000000000000e+00
1.011328503929495248e+00 0.000000000000000000e+00
1.011247243813327534e+00 0.000000000000000000e+00
1.011169077840601505e+00 0.000000000000000000e+00
1.011093554855425181e+00 0.000000000000000000e+00
1.011020261726991665e+00 0.000000000000000000e+00
1.010948814948621655e+00 0.000000000000000000e+00
1.010878853176073955e+00 0.000000000000000000e+00
1.010810030396910753e+00 0.000000000000000000e+00
1.010742009456061519e+00 0.000000000000000000e+00
1.010674455676919825e+00 0.000000000000000000e+00
1.010607030313121157e+00 0.000000000000000000e+00
1.010539383542348180e+00 0.000000000000000000e+00
1.010471146666524600e+00 0.000000000000000000e+00
1.010401923106058142e+00 0.000000000000000000e+00
1.010331277658540472e+00 0.000000000000000000e+00
1.010258723317289942e+00 0.000000000000000000e+00
1.010183704684962436e+00 0.000000000000000000e+00
1.010105576628466784e+00 0.000000000000000000e+00
1.010023576232652376e+00 0.000000000000000000e+00
1.009936785204279541e+00 0.000000000000000000e+00
1.009844078455675476e+00 0.000000000000000000e+00
1.009744052313062301e+00 0.000000000000000000e+00
1.009634922027263793e+00 0.000000000000000000e+00
1.009514371863860838e+00 0.000000000000000000e+00
1.009379329800421443e+00 0.000000000000000000e+00
1.009225618305566785e+00 0.000000000000000000e+00
1.009047393406242943e+00 0.000000000000000000e+00
1.008836205199785896e+00 0.000000000000000000e+00
1.008579343679249174e+00 0.000000000000000000e+00
1.008256743133732369e+00 0.000000000000000000e+00
1.007834730336076623e+00 0.000000000000000000e+00
1.007252093021048012e+00 0.000000000000000000e+00
1.006384628427639427e+00 0.000000000000000000e+00
1.004935942464172616e+00 0.000000000000000000e+00
1.001980511349832792e+00 0.000000000000000000e+00
9.924060193340191738e-01 0.000000000000000000e+00
1.147674396643400652e+00 0.000000000000000000e+00
1.024583946365706266e+00 0.000000000000000000e+00
1.017818460932497393e+00 0.000000000000000000e+00
1.015376378445496552e+00 0.000000000000000000e+00
1.014106165942881388e+00 0.000000000000000000e+00
1.013320402003423881e+00 0.000000000000000000e+00
1.012781232741274184e+00 0.000000000000000000e+00
1.012384476540151512e+00 0.000000000000000000e+00
1.012077269150206016e+00 0.000000000000000000e+00
1.011829914256949348e+00 0.000000000000000000e+00
1.011624430056577983e+00 0.000000000000000000e+00
1.011449277764808752e+00 0.000000000000000000e+00
1.011296700362060319e+00 0.000000000000000000e+00
1.011161278430642962e+00 0.000000000000000000e+00
1.011039099482954784e+00 0.000000000000000000e+00
1.010927256624925441e+00 0.000000000000000000e+00
1.010823533445707634e+00 0.000000000000000000e+00
1.010726198902647699e+00 0.000000000000000000e+00
1.010633869620819469e+00 0.000000000000000000e+00
1.010545414830552602e+00 0.000000000000000000e+00
1.010459889001098288e+00 0.000000000000000000e+00
1.010376482866989667e+00 0.000000000000000000e+00
1.010294486881953224e+00 0.000000000000000000e+00
1.010213263166862330e+00 0.000000000000000000e+00
1.010132223282970587e+00 0.000000000000000000e+00
1.010050809962257379e+00 0.000000000000000000e+00
1.009968481437403254e+00 0.000000000000000000e+00
1.009884697337084969e+00 0.000000000000000000e+00
1.009798905308537664e+00 0.000000000000000000e+00
1.009710527634047228e+00 0.000000000000000000e+00
1.009618947140404011e+00 0.000000000000000000e+00
1.009523491668076201e+00 0.000000000000000000e+00
1.009423416268315998e+00 0.000000000000000000e+00
1.009317882120645660e+00 0.000000000000000000e+00
1.009205930888154690e+00 0.000000000000000000e+00
1.009086452816520207e+00 0.000000000000000000e+00
1.008958146274750556e+00 0.000000000000000000e+00
1.008819465535826909e+00 0.000000000000000000e+00
1.008668552250234329e+00 0.000000000000000000e+00
1.008503144024485154e+00 0.000000000000000000e+00
1.008320450363005882e+00 0.000000000000000000e+00
1.008116981253422528e+00 0.000000000000000000e+00
1.007888305623686920e+00 0.000000000000000000e+00
1.007628703515700774e+00 0.000000000000000000e+00
1.007330652872487242e+00 0.000000000000000000e+00
1.006984051079470754e+00 0.000000000000000000e+00
1.006574996032352454e+00 0.000000000000000000e+00
1.006083805465419534e+00 0.000000000000000000e+00
1.005481654375646627e+00 0.000000000000000000e+00
1.004724557448190669e+00 0.000000000000000000e+00
1.003741879893080391e+00 0.000000000000000000e+00
1.002412535311077324e+00 0.000000000000000000e+00
1.000510127206432953e+00 0.000000000000000000e+00
9.975566211372129954e-01 0.000000000000000000e+00
9.923381390955914316e-01 0.000000000000000000e+00
9.806032488748750442e-01 0.000000000000000000e+00
9.296854274128872886e-01 0.000000000000000000e+00
1.132341096317261098e+00 0.000000000000000000e+00
1.045790939318778756e+00 0.000000000000000000e+00
1.031312678414643136e+00 0.000000000000000000e+00
1.025342188146398437e+00 0.000000000000000000e+00
1.022080856746601540e+00 0.000000000000000000e+00
1.020024118365808530e+00 0.000000000000000000e+00
1.018607530030658959e+00 0.000000000000000000e+00
1.017571684653063135e+00 0.000000000000000000e+00
1.016780675127888056e+00 0.000000000000000000e+00
1.016156413559974769e+00 0.000000000000000000e+00
1.015650837653017780e+00 0.000000000000000000e+00
1.015232743328643217e+00 0.000000000000000000e+00
1.014880987848788552e+00 0.000000000000000000e+00
1.014580735944804024e+00 0.000000000000000000e+00
1.014321269869611131e+00 0.000000000000000000e+00
1.014094652567909760e+00 0.000000000000000000e+00
1.013894879860976816e+00 0.000000000000000000e+00
1.013717324931458608e+00 0.000000000000000000e+00
1.013558363914186522e+00 0.000000000000000000e+00
1.013415117248243513e+00 0.000000000000000000e+00
1.013285267068567030e+00 0.000000000000000000e+00
1.013166925763100412e+00 0.000000000000000000e+00
1.013058539703961536e+00 0.000000000000000000e+00
1.012958817627366725e+00 0.000000000000000000e+00
1.012866676587108161e+00 0.000000000000000000e+00
1.012781200633942280e+00 0.000000000000000000e+00
1.012701608841340750e+00 0.000000000000000000e+00
1.012627230283796864e+00 0.000000000000000000e+00
1.012557484247098571e+00 0.000000000000000000e+00
1.012491864416910303e+00 0.000000000000000000e+00
1.012429926120476553e+00 0.000000000000000000e+00
1.012371275930292081e+00 0.000000000000000000e+00
1.012315563107291316e+00 0.000000000000000000e+00
1.012262472483921982e+00 0.000000000000000000e+00
1.012211718477682876e+00 0.000000000000000000e+00
1.012163039992365565e+00 0.000000000000000000e+00
1.012116196013687963e+00 0.000000000000000000e+00
1.012070961742653541e+00 0.000000000000000000e+00
1.012027125136898631e+00 0.000000000000000000e+00
1.011984483749665209e+00 0.000000000000000000e+00
1.011942841769345236e+00 0.000000000000000000e+00
1.011902007170722095e+00 0.000000000000000000e+00
1.011861788892646441e+00 0.000000000000000000e+00
1.011821993956114163e+00 0.000000000000000000e+00
1.011782424431371785e+00 0.000000000000000000e+00
1.011742874152252947e+00 0.000000000000000000e+00
1.011703125059423947e+00 0.000000000000000000e+00
1.011662943030047446e+00 0.000000000000000000e+00
1.011622073017180545e+00 0.000000000000000000e+00
1.011580233274550933e+00 0.000000000000000000e+00
1.011537108376090677e+00 0.000000000000000000e+00
1.011492340647217159e+00 0.000000000000000000e+00
1.011445519495147938e+00 0.000000000000000000e+00
1.011396167941579272e+00 0.000000000000000000e+00
1.011343725397034765e+00 0.000000000000000000e+00
1.011287525331852288e+00 0.000000000000000000e+00
1.011226765930431482e+00 0.000000000000000000e+00
1.011160470960039470e+00 0.000000000000000000e+00
1.011087436772947878e+00 0.000000000000000000e+00
1.011006159302619611e+00 0.000000000000000000e+00
1.010914731609234174e+00 0.000000000000000000e+00
1.010810697076609754e+00 0.000000000000000000e+00
1.010690834090674617e+00 0.000000000000000000e+00
1.010550831717416331e+00 0.000000000000000000e+00
1.010384786059115303e+00 0.000000000000000000e+00
1.010184389873516997e+00 0.000000000000000000e+00
1.009937572906962178e+00 0.000000000000000000e+00
1.009626103316436208e+00 0.000000000000000000e+00
1.009221089018352613e+00 0.000000000000000000e+00
1.008673867499552124e+00 0.000000000000000000e+00
1.007895632973252242e+00 0.000000000000000000e+00
1.006705341755013583e+00 0.000000000000000000e+00
1.004668077778145152e+00 0.000000000000000000e+00
1.000410182660019576e+00 0.000000000000000000e+00
9.861197583631030605e-01 0.000000000000000000e+00
1.167263137695810249e+00 0.000000000000000000e+00
1.032467713370561979e+00 0.000000000000000000e+00
1.023297680389274822e+00 0.000000000000000000e+00
1.019979512302207514e+00 0.000000000000000000e+00
1.018281285071047648e+00 0.000000000000000000e+00
1.017260368062514297e+00 0.000000000000000000e+00
1.016587700128516847e+00 0.000000000000000000e+00
1.016118526195548766e+00 0.000000000000000000e+00
1.015779293468084932e+00 0.000000000000000000e+00
1.015528744671489125e+00 0.000000000000000000e+00
1.015342020805675816e+00 0.000000000000000000e+00
1.015203323942478253e+00 0.000000000000000000e+00
1.015102207492918129e+00 0.000000000000000000e+00
1.015031563101790324e+00 0.000000000000000000e+00
1.014986465394835058e+00 0.000000000000000000e+00
1.014963479013574199e+00 0.000000000000000000e+00
1.014960228595795710e+00 0.000000000000000000e+00
1.014975125659928867e+00 0.000000000000000000e+00
1.015007193472568847e+00 0.000000000000000000e+00
1.015055956074073507e+00 0.000000000000000000e+00
1.015121371688233021e+00 0.000000000000000000e+00
1.015203799038793653e+00 0.000000000000000000e+00
1.015303990332157014e+00 0.000000000000000000e+00
1.015423108302493160e+00 0.000000000000000000e+00
1.015562767619199169e+00 0.000000000000000000e+00
1.015725103724892886e+00 0.000000000000000000e+00
1.015912875326175691e+00 0.000000000000000000e+00
1.016129610893213409e+00 0.000000000000000000e+00
1.016379815472403081e+00 0.000000000000000000e+00
1.016669263208387353e+00 0.000000000000000000e+00
1.017005415481718966e+00 0.000000000000000000e+00
1.017398028580509317e+00 0.000000000000000000e+00
1.017860055983613510e+00 0.000000000000000000e+00
1.018409023567485194e+00 0.000000000000000000e+00
1.019069191887783665e+00 0.000000000000000000e+00
1.019875083937283433e+00 0.000000000000000000e+00
1.020877500240757296e+00 0.000000000000000000e+00
1.022154337290886783e+00 0.000000000000000000e+00
1.023831368689385624e+00 0.000000000000000000e+00
1.026125630562464863e+00 0.000000000000000000e+00
1.029446444810488082e+00 0.000000000000000000e+00
1.034668815297395739e+00 0.000000000000000000e+00
1.044058680289216445e+00 0.000000000000000000e+00
1.065858960782887666e+00 0.000000000000000000e+00
1.172152333119730994e+00 0.000000000000000000e+00
8.387067317322174365e-01 0.000000000000000000e+00
9.547703829561606792e-01 0.000000000000000000e+00
9.773537258385810444e-01 0.000000000000000000e+00
9.869622030705091920e-01 0.000000000000000000e+00
9.922778265798820607e-01 0.000000000000000000e+00
9.956494246293042805e-01 0.000000000000000000e+00
9.979767050124893624e-01 0.000000000000000000e+00
9.996784637888502800e-01 0.000000000000000000e+00
1.000976024906965245e+00 0.000000000000000000e+00
1.001997354185540257e+00 0.000000000000000000e+00
1.002821586007364152e+00 0.000000000000000000e+00
1.003500285304139927e+00 0.000000000000000000e+00
1.004068490273082315e+00 0.000000000000000000e+00
1.004550841185876786e+00 0.000000000000000000e+00
1.004965170224173310e+00 0.000000000000000000e+00
1.005324700198272359e+00 0.000000000000000000e+00
1.005639442912338755e+00 0.000000000000000000e+00
1.005917117621388135e+00 0.000000000000000000e+00
1.006163771330581991e+00 0.000000000000000000e+00
1.006384208059772023e+00 0.000000000000000000e+00
1.006582292358362496e+00 0.000000000000000000e+00
1.006761168044667754e+00 0.000000000000000000e+00
1.006923418564553918e+00 0.000000000000000000e+00
1.007071186372290983e+00 0.000000000000000000e+00
1.007206263050052231e+00 0.000000000000000000e+00
1.007330158204304382e+00 0.000000000000000000e+00
1.007444152749130684e+00 0.000000000000000000e+00
1.007549340553488770e+00 0.000000000000000000e+00
1.007646661312366687e+00 0.000000000000000000e+00
1.007736926725753879e+00 0.000000000000000000e+00
1.007820841522410582e+00 0.000000000000000000e+00
1.007899020474854357e+00 0.000000000000000000e+00
1.007972002269614142e+00 0.000000000000000000e+00
1.008040260890348705e+00 0.000000000000000000e+00
1.008104215018845728e+00 0.000000000000000000e+00
1.008164235845049550e+00 0.000000000000000000e+00
