9.122886336565098064e-01
9.337227278393352981e-01
1.003830077562327006e+00
9.524775602493075199e-01
9.984715540166205772e-01
9.917733995844876249e-01
9.707858490304709376e-01
9.176471572022161238e-01
9.627480637119114615e-01
9.413139695290859699e-01
9.247918552631579914e-01
9.913268559556787096e-01
9.390812513850416154e-01
9.453328621883657634e-01
9.082697409972300129e-01
9.547102783933518744e-01
9.681065872576177789e-01
9.573895401662050331e-01
9.212195062326870021e-01
9.524775602493075199e-01
9.587291710526316679e-01
9.261314861495845152e-01
9.547102783933518744e-01
9.515844729916898004e-01
9.100559155124654520e-01
9.109490027700831716e-01
9.466724930747922873e-01
9.216660498614959174e-01
9.038043047091413040e-01
9.006784993074793411e-01
9.127351772853186107e-01
8.805840360110803733e-01
8.716531634349030666e-01
8.761185997229917755e-01
8.439674584487535380e-01
8.796909487534626537e-01
8.028854445983379939e-01
7.314384639889197626e-01
6.724947049861496051e-01
7.024131281163435991e-01
1.327127664819944597e+00
1.446801357340720351e+00
1.271309711218836735e+00
1.191824945290858917e+00
1.087780279778393533e+00
1.100283501385041607e+00
1.110107461218836633e+00
1.050270614958448867e+00
1.084207930747922433e+00
1.018566017313019545e+00
9.971319231301939423e-01
9.730185671745152920e-01
9.792701779778394400e-01
9.524775602493075199e-01
1.046251722299168962e+00
9.944526613573407836e-01
9.841821578947369531e-01
9.855217887811634769e-01
1.010081688365651154e+00
9.439932313019391286e-01
9.614084328254848266e-01
9.761443725761773660e-01
9.426536004155124937e-01
9.247918552631579914e-01
9.426536004155124937e-01
9.082697409972300129e-01
9.212195062326870021e-01
8.899614522160665953e-01
9.247918552631579914e-01
8.899614522160665953e-01
8.395020221606649402e-01
7.952942029085873221e-01
8.176213843490305333e-01
8.207471897506926073e-01
9.957922922437674185e-01
1.177535549168975182e+00
1.271756254847645540e+00
1.251661791551246683e+00
1.206560885041551234e+00
1.185126790858725965e+00
1.120824508310249490e+00
1.138686253462603881e+00
1.112786722991689903e+00
1.101176588642659437e+00
1.102962763157894877e+00
1.051163702216066476e+00
1.029729608033240984e+00
1.079295950831024919e+00
1.035981218836565132e+00
1.021691822714681619e+00
1.044912091412742550e+00
1.060541118421052698e+00
1.009635144736842127e+00
9.953457486149585032e-01
1.049377527700831036e+00
1.007402426592797884e+00
1.003830077562327006e+00
1.032855413434903058e+00
9.886475941828255509e-01
1.001597359418282540e+00
9.944526613573407836e-01
1.017672930055401714e+00
9.654273254847646202e-01
1.023031453601108032e+00
9.774840034626040008e-01
1.003383533933517979e+00
9.497982984764543612e-01
9.832890706371192335e-01
9.703393054016621333e-01
9.779305470914128051e-01
9.962388358725762227e-01
1.012314406509695397e+00
1.033748500692520889e+00
9.832890706371192335e-01
9.497982984764543612e-01
9.957922922437674185e-01
9.819494397506925987e-01
9.524775602493075199e-01
9.716789362880887682e-01
9.971319231301939423e-01
9.198798753462604783e-01
9.511379293628809961e-01
9.605153455678671071e-01
9.364019896121884567e-01
9.779305470914128051e-01
9.431001440443214090e-01
9.337227278393352981e-01
9.216660498614959174e-01
9.002319556786704258e-01
9.100559155124654520e-01
8.832632977839336430e-01
8.774582306094182993e-01
9.046973919667590236e-01
8.658480962603878339e-01
8.421812839335180989e-01
8.109232299168975810e-01
7.912753102493075286e-01
8.033319882271469092e-01
7.542121890581717780e-01
8.109232299168975810e-01
1.031515782548476645e+00
1.228441522853185752e+00
1.338737799168975284e+00
1.273542429362880979e+00
1.291404174515235592e+00
1.250322160664820048e+00
1.183787159972299330e+00
1.140025884349030516e+00
1.182447529085872695e+00
1.172177025623268865e+00
1.112786722991689903e+00
1.114572897506925342e+00
1.091352628808864411e+00
1.119931421052631659e+00
1.110107461218836633e+00
1.075723601800554041e+00
1.016333299168975079e+00
1.074383970914127406e+00
1.061434205678670528e+00
1.051610245844875502e+00
1.061880749307479332e+00
1.035534675207756328e+00
1.030622695290858815e+00
1.053842963988919745e+00
1.069025447368421089e+00
1.022584909972299227e+00
1.049824071329640063e+00
1.028389977146814571e+00
1.029729608033240984e+00
1.021691822714681619e+00
1.066792729224376846e+00
1.031069238919667619e+00
1.097604239612188559e+00
1.026603802631579132e+00
1.009188601108033323e+00
1.035088131578947523e+00
1.043572460526315915e+00
9.980250103878116619e-01
1.035981218836565132e+00
1.076170145429363068e+00
1.028836520775623375e+00
1.040000111495845037e+00
1.032855413434903058e+00
1.031069238919667619e+00
1.028836520775623375e+00
1.034195044321329693e+00
1.001150815789473736e+00
1.019905648199445958e+00
1.052503333102493110e+00
1.004723164819944614e+00
9.667669563711912550e-01
9.859683324099723922e-01
9.890941378116344662e-01
9.605153455678671071e-01
9.926664868421053445e-01
9.823959833795015140e-01
9.725720235457064877e-01
9.922199432132964292e-01
9.944526613573407836e-01
9.783770907202217204e-01
1.010528231994459958e+00
9.631946073407202658e-01
9.841821578947369531e-01
1.021245279085872593e+00
9.975784667590028576e-01
1.008295513850415492e+00
1.025710715373961301e+00
1.064560011080332602e+00
1.058308400277008454e+00
1.060541118421052698e+00
1.157887629501385129e+00
1.144937864265928029e+00
1.110554004847645437e+00
1.061434205678670528e+00
1.066792729224376846e+00
1.092692259695291046e+00
1.094478434210526485e+00
1.048484440443213428e+00
1.083314843490304824e+00
1.069025447368421089e+00
1.079295950831024919e+00
1.032408869806094254e+00
1.101176588642659437e+00
1.071258165512465554e+00
1.028836520775623375e+00
1.056968769390581819e+00
1.025710715373961301e+00
1.006955882963989080e+00
1.027496889889196741e+00
1.053396420360110941e+00
1.081082125346260581e+00
1.051163702216066476e+00
1.040893198753462645e+00
1.055629138504155184e+00
1.042232829639889280e+00
1.020352191828254984e+00
9.841821578947369531e-01
9.975784667590028576e-01
1.068132360110803480e+00
1.011867862880886593e+00
1.040446655124653841e+00
1.013207493767313006e+00
1.023477997229917058e+00
1.010081688365651154e+00
9.917733995844876249e-01
1.010974775623268762e+00
1.006509339335180053e+00
1.001597359418282540e+00
1.018566017313019545e+00
1.044912091412742550e+00
1.063666923822714772e+00
1.030622695290858815e+00
1.038213936980609597e+00
1.030176151662050010e+00
1.027496889889196741e+00
1.021691822714681619e+00
1.014100581024930836e+00
1.058754943905817258e+00
1.032408869806094254e+00
1.073937427285318602e+00
1.013207493767313006e+00
1.049377527700831036e+00
1.039553567867036010e+00
1.056075682132963989e+00
1.062773836565096941e+00
1.022138366343490423e+00
1.030176151662050010e+00
1.020352191828254984e+00
1.045805178670360158e+00
1.041786286011080476e+00
1.037320849722991767e+00
1.027496889889196741e+00
9.948992049861496989e-01
9.685531308864266942e-01
1.021691822714681619e+00
1.031962326177285449e+00
9.948992049861496989e-01
1.048037896814404624e+00
1.018119473684210519e+00
1.002936990304709175e+00
1.014993668282548667e+00
1.006955882963989080e+00
1.052056789473684306e+00
1.011867862880886593e+00
1.001597359418282540e+00
1.040446655124653841e+00
1.034641587950138497e+00
1.025710715373961301e+00
1.017226386426592910e+00
1.036427762465373936e+00
9.877545069252078314e-01
1.009635144736842127e+00
1.008295513850415492e+00
1.030176151662050010e+00
9.899872250692521858e-01
1.045805178670360158e+00
1.006062795706371249e+00
1.014993668282548667e+00
1.005616252077562445e+00
1.013207493767313006e+00
1.004276621191135810e+00
9.913268559556787096e-01
9.868614196675901118e-01
1.005616252077562445e+00
1.026157259002770106e+00
1.011421319252077566e+00
1.027943433518005545e+00
1.022138366343490423e+00
1.019459104570637153e+00
9.899872250692521858e-01
1.001150815789473736e+00
1.003383533933517979e+00
1.011867862880886593e+00
9.792701779778394400e-01
9.846287015235457574e-01
1.020798735457063788e+00
9.904337686980609901e-01
1.035981218836565132e+00
1.008295513850415492e+00
1.018566017313019545e+00
1.002936990304709175e+00
1.041339742382271449e+00
1.025710715373961301e+00
1.021245279085872593e+00
1.010528231994459958e+00
1.016779842797784106e+00
1.020798735457063788e+00
1.031515782548476645e+00
1.005169708448753640e+00
1.017226386426592910e+00
9.940061177285319793e-01
1.038213936980609597e+00
1.062773836565096941e+00
9.815028961218836834e-01
1.010528231994459958e+00
1.001597359418282540e+00
1.019459104570637153e+00
1.006062795706371249e+00
1.000257728531856127e+00
9.890941378116344662e-01
9.980250103878116619e-01
9.989180976454294925e-01
1.012314406509695397e+00
1.021245279085872593e+00
1.043572460526315915e+00
9.770374598337950856e-01
1.001597359418282540e+00
1.022584909972299227e+00
1.010974775623268762e+00
1.020352191828254984e+00
1.033301957063712084e+00
9.890941378116344662e-01
9.931130304709142598e-01
1.007402426592797884e+00
1.002490446675900371e+00
1.010974775623268762e+00
9.605153455678671071e-01
9.846287015235457574e-01
1.005169708448753640e+00
9.819494397506925987e-01
1.035534675207756328e+00
1.012314406509695397e+00
9.984715540166205772e-01
9.658738691135735355e-01
9.877545069252078314e-01
1.019012560941828349e+00
9.806098088642659638e-01
9.605153455678671071e-01
9.882010505540167467e-01
9.904337686980609901e-01
9.806098088642659638e-01
1.003383533933517979e+00
9.908803123268699053e-01
9.895406814404432705e-01
9.538171911357341548e-01
9.980250103878116619e-01
9.989180976454294925e-01
9.926664868421053445e-01
1.041786286011080476e+00
1.010974775623268762e+00
9.882010505540167467e-01
1.040000111495845037e+00
1.043572460526315915e+00
1.060094574792243893e+00
1.079742494459833946e+00
1.080635581717451554e+00
1.035534675207756328e+00
1.076170145429363068e+00
1.079295950831024919e+00
1.062327292936288137e+00
1.040446655124653841e+00
1.084654474376731459e+00
1.085101018005540263e+00
1.038213936980609597e+00
1.048484440443213428e+00
1.054736051246537576e+00
1.066792729224376846e+00
1.042232829639889280e+00
1.056075682132963989e+00
1.081528668975069385e+00
1.047144809556786793e+00
1.031515782548476645e+00
1.076170145429363068e+00
1.046251722299168962e+00
1.027496889889196741e+00
1.086440648891966898e+00
1.021691822714681619e+00
1.073937427285318602e+00
1.011867862880886593e+00
1.020798735457063788e+00
1.045805178670360158e+00
1.013654037396122032e+00
1.026157259002770106e+00
1.045805178670360158e+00
1.042232829639889280e+00
1.015440211911357471e+00
1.052503333102493110e+00
1.027496889889196741e+00
1.019905648199445958e+00
1.032855413434903058e+00
