8.151038384436598561e-01
-3.066537863490875087e-17
7.352017350043600352e-01
-6.695028293835539304e-17
2.542760983853520340e-01
-3.943596404168462836e-17
-2.138268998544183910e-02
-7.295639821506314903e-16
-6.199435361346095508e-04
3.348742492047729185e-16
-6.451048885883466921e-01
-1.127555413124834992e-16
-8.098017478313349615e-01
3.899096110059784535e-03
-8.098017478313349615e-01
-3.899096110059912905e-03
-3.315398817998300718e-01
9.753834139956354954e-03
-3.315398817998301828e-01
-9.753834139956375771e-03
