9.800747418677330236e-01 5.969081795942116786e-18
9.795648781316772524e-01 6.185922230439217673e-18
9.790309796867461278e-01 5.914871687317841564e-18
9.784711738424777261e-01 6.077502013190667230e-18
9.778833832294273609e-01 5.372770601075089347e-18
9.772652968240694848e-01 5.481190818323639791e-18
9.766143358960254206e-01 5.264350383826538904e-18
9.759276138077346285e-01 4.071727994092484027e-18
9.752018883311326380e-01 3.746467342346832696e-18
9.744335048038610392e-01 3.854887559595383140e-18
9.736183280037522536e-01 3.095946038855530036e-18
9.727516600400591962e-01 3.258576364728355701e-18
9.718281407948933248e-01 2.553844952612777819e-18
9.708416264309162047e-01 2.228584300867126489e-18
9.697850401155732047e-01 2.011743866370025602e-18
9.686501872604693641e-01 1.198592237005897277e-18
9.674275250371755508e-01 8.733315852602459463e-19
9.661058724140966225e-01 5.480709335145946161e-19
9.646720420250232131e-01 -2.108705872252584877e-19
9.631103681654799020e-01 -1.511913194207863809e-18
9.614020950976582824e-01 -2.650325475317643464e-18
9.595245750310033017e-01 -3.084006344311845238e-18
9.574502030841784972e-01 -4.222418625421624894e-18
9.551449830728867552e-01 -7.203974599756762087e-18
9.525665661901604464e-01 -9.318168836103495733e-18
9.496615227438723883e-01 -1.229972481043863293e-17
9.463614743852543087e-01 -1.707021436937485244e-17
9.425774933049517745e-01 -2.254543534042664983e-17
9.381917959057457512e-01 -2.910485848396395165e-17
9.330450864935113664e-01 -4.162739357617152787e-17
9.269166698602638865e-01 -5.756516551170844305e-17
9.194920790788981835e-01 -7.545450135771926621e-17
9.103081980301257481e-01 -1.122631651136021294e-16
8.986557890250548297e-01 -1.647927603705248192e-16
8.833969621995836352e-01 -2.519084049297351005e-16
8.626034926066482589e-01 -3.981130678894053734e-16
8.328067470246410808e-01 -6.831498190358445384e-16
7.875164551507437549e-01 -1.287267269544767510e-15
7.168438731505708539e-01 -2.703289516919460577e-15
6.682279389455975105e-01 -4.743758005537180316e-15
1.320291898802664621e+00 -3.939334203661560301e-15
1.443299222479657917e+00 -8.935879915561006696e-15
1.288918162888972319e+00 -4.460889658735712209e-15
1.203640928730212334e+00 -2.583973067837430814e-15
1.154540913211860031e+00 -1.731952790589697154e-15
1.123251736966372594e+00 -1.281792048573715713e-15
1.101694378190445134e+00 -1.017138298270004081e-15
1.085959026752475909e+00 -8.467017167552828823e-16
1.073958923510007102e+00 -7.310173449510795592e-16
1.064487895486099012e+00 -6.508948044044007815e-16
1.056802921853170041e+00 -5.942994510006574501e-16
1.050422085939579198e+00 -5.524492471427169789e-16
1.045019221123897557e+00 -5.218747458786257539e-16
1.040365461144699299e+00 -5.008412237324069679e-16
1.036295072320201349e+00 -4.859876539693555571e-16
1.032684560031578380e+00 -4.766635152859802190e-16
1.029439368397429666e+00 -4.729772278995295039e-16
1.026485085342867976e+00 -4.727603874650324030e-16
1.023761392405982074e+00 -4.775308770239686225e-16
1.021217704347287647e+00 -4.855539731003613553e-16
1.018809825999515306e+00 -4.998654417771700139e-16
1.016497154661934799e+00 -5.166705754506953326e-16
1.014240040677392818e+00 -5.408482838971220815e-16
1.011996906336513513e+00 -5.709891042922191047e-16
1.009720594098217683e+00 -6.101288027189458148e-16
1.007353090767704407e+00 -6.592431611325391657e-16
1.004817051147913753e+00 -7.224521477884440742e-16
1.002000900742523237e+00 -8.065862363733192183e-16
9.987302968554960803e-01 -9.203190442670485348e-16
9.947079777940659451e-01 -1.082190428619134347e-15
9.893710252573187924e-01 -1.328195901556095303e-15
9.814928900965529390e-01 -1.741602189924818144e-15
9.677699572300086928e-01 -2.567981085793269623e-15
9.351291955948526358e-01 -4.953984806782119625e-15
7.213665329757892319e-01 -3.317381579266932377e-14
1.163241002497184651e+00 1.667346280804104898e-15
1.068349914937798628e+00 1.952383031950544014e-15
1.044496327603764652e+00 1.390115785299561414e-15
1.033298800704943732e+00 1.054772053349794893e-15
1.026600052884034664e+00 8.416179062391446223e-16
1.022016817851252979e+00 6.950337725191044228e-16
1.018598240779488462e+00 5.885651191810278874e-16
1.015889669920400085e+00 5.077920573308578071e-16
1.013645866803617457e+00 4.443662302404557977e-16
1.011722529955795036e+00 3.931918876991400377e-16
1.010028925985788195e+00 3.513416838411995666e-16
1.008504910195376025e+00 3.153461717146808194e-16
1.007108840425044116e+00 2.856390321885779979e-16
1.005810797912572774e+00 2.600518609179200932e-16
1.004588579421250571e+00 2.370667748612273992e-16
1.003425221052889338e+00 2.169006144529970167e-16
1.002307409673849348e+00 1.984691775207434414e-16
1.001224429724558052e+00 1.828566662369521775e-16
1.000167444182007426e+00 1.687620379946406199e-16
9.991289902751766538e-01 1.542337288833348605e-16
9.981026167084836587e-01 1.418738241170001099e-16
9.970826161032886326e-01 1.310318023921450656e-16
9.960638225953650782e-01 1.201897806672900212e-16
9.950414545584324033e-01 1.097814398114291663e-16
9.940109887685540935e-01 9.980677982456252555e-17
9.929680564127938425e-01 9.091632201018138919e-17
9.919083540169506552e-01 8.267638549929155549e-17
9.908275641247271670e-01 7.400276811940752002e-17
9.897212817118136163e-01 6.576283160851768632e-17
9.885849430533495408e-01 5.795657596662205440e-17
9.874137541998707635e-01 5.015032032472642247e-17
9.862026164267363448e-01 4.169354337933948789e-17
9.849460460456210820e-01 3.432096860643805774e-17
9.836380858220764578e-01 2.694839383353662758e-17
9.822722049306346070e-01 1.957581906063519743e-17
9.808411838824151463e-01 1.133588254974536373e-17
9.793369801466396130e-01 3.095946038855530036e-18
9.777505692037600227e-01 -4.710309603040101889e-18
9.760717544353032515e-01 -1.208288437594153204e-17
9.742889374606169550e-01 -2.075650175582556751e-17
9.723888381116480017e-01 -2.943011913570960298e-17
9.703561499628092779e-01 -3.853741738458784023e-17
9.681731128728282565e-01 -4.721103476447187570e-17
9.658189778711286921e-01 -5.805305648932692004e-17
9.632693312364204452e-01 -6.585931213122255197e-17
9.604952327465492434e-01 -7.973709993903700872e-17
9.574621063094468365e-01 -9.014544079489785129e-17
9.541282972488621672e-01 -1.031558668647239045e-16
9.504431760084499636e-01 -1.170336546725383489e-16
9.463446178189801605e-01 -1.300440807423644021e-16
9.417556142384064799e-01 -1.499934007160976837e-16
9.365796640503092352e-01 -1.647385502619005440e-16
9.306944317562151348e-01 -1.855552319736222292e-16
9.239429317746034043e-01 -2.046371902093671072e-16
9.161211793833843320e-01 -2.289233188730424065e-16
9.069608680498550957e-01 -2.618830649166017413e-16
8.961053763108719483e-01 -2.896386405322306548e-16
8.830780842464162061e-01 -3.278025570037204109e-16
8.672466375594736210e-01 -3.763748143310710095e-16
8.478067423495263544e-01 -4.249470716584216082e-16
8.238873892345145444e-01 -4.873971167935867129e-16
7.951870646824250599e-01 -5.567860558326589967e-16
7.647724621725946470e-01 -5.984194192561023669e-16
7.500598499633762684e-01 -3.347414509076276393e-16
8.132190116236697186e-01 1.275081934798849394e-15
1.035897563673269239e+00 5.493929428374443853e-15
1.257561438971820600e+00 7.547842023930984241e-15
1.312400753908941065e+00 5.632707306452588420e-15
1.287809366456537541e+00 3.773083740205451215e-15
1.250238069931527862e+00 2.662860715580295069e-15
1.216873835963596218e+00 1.996726900805201145e-15
1.189913916938228899e+00 1.583862713522721056e-15
1.168437094058465631e+00 1.306306957366431921e-15
1.151198040880826667e+00 1.112017928057029527e-15
1.137170298985378247e+00 9.715053265029081521e-16
1.125586979526739473e+00 8.622177475163692066e-16
1.115887507411150725e+00 7.754815737175288518e-16
1.107661206583017144e+00 7.112968051063869894e-16
1.100603926711914315e+00 6.549182921371407588e-16
1.094487270681201441e+00 6.093818008927495726e-16
1.089137225002069220e+00 5.699168418142772112e-16
1.084419324688667530e+00 5.369570957707178764e-16
1.080228268278192516e+00 5.092015201550889629e-16
1.076480560743451775e+00 4.851322319259107644e-16
1.073109231870604141e+00 4.632313480417035749e-16
1.070059993087395300e+00 4.441493898059586968e-16
1.067288403849634193e+00 4.268021550461906752e-16
1.064757755833050989e+00 4.114064841968965122e-16
1.062437474090085932e+00 3.979623772580762572e-16
1.060301895180112863e+00 3.857108927089900571e-16
1.058329323470264649e+00 3.748688709841350128e-16
1.056501295019223852e+00 3.644063200196498950e-16
1.054801998018537024e+00 3.554616520966444834e-16
1.053217812490385041e+00 3.475469762375003010e-16
1.051736941680446513e+00 3.397407205956046691e-16
1.050349114572808551e+00 3.329644570175702664e-16
1.049045344020784976e+00 3.266218743085300655e-16
1.047817728697824968e+00 3.213634937719753690e-16
1.046659289815022653e+00 3.160509031267963972e-16
1.045563835596166502e+00 3.116531080646520699e-16
1.044525848037477722e+00 3.071977147620944501e-16
1.043540387641541445e+00 3.038061948412882315e-16
1.042603012699407916e+00 3.003570766800687206e-16
1.041709710370471775e+00 2.975245985044503402e-16
1.040856837326309847e+00 2.950038284534215424e-16
1.040041068118095602e+00 2.931471322330401161e-16
1.039259349723155257e+00 2.915208289743118594e-16
1.038508860942406908e+00 2.902468914216413917e-16
1.037786975468228512e+00 2.897590004440229147e-16
1.037091227527442427e+00 2.894608448465894010e-16
1.036419279026756346e+00 2.895963701181500890e-16
1.035768887081985445e+00 2.905450470190749054e-16
1.035137870683423555e+00 2.919816148976181988e-16
1.034524075012027700e+00 2.941771242969013453e-16
1.033925331531369451e+00 2.972399954341728953e-16
1.033339411367444782e+00 3.010618080921842984e-16
1.032763968535125976e+00 3.063201886287389949e-16
1.032196468079902729e+00 3.127982966093398839e-16
1.031634091840402334e+00 3.210924432288539929e-16
1.031073610708373334e+00 3.315549941933391106e-16
1.030511205886976089e+00 3.449991011321593656e-16
1.029942210667608382e+00 3.620752853488060605e-16
1.029360724540429040e+00 3.847080056994409655e-16
1.028759014236215963e+00 4.150114564204108145e-16
1.028126541218031598e+00 4.570785007128483372e-16
1.027448289561792460e+00 5.180377678608458240e-16
1.026701652796105702e+00 6.123362518127725721e-16
1.025849864444217108e+00 7.737739552958641824e-16
1.024824465740379331e+00 1.102287213558972124e-15
1.023443633811843334e+00 2.078177589013174666e-15
1.002309081198532459e+00 -4.524987643024736926e-14
1.020374971787185725e+00 -2.204773358010625638e-15
1.016169443237696424e+00 -1.011717287407576559e-15
1.006706741397275895e+00 -2.506344673770646328e-16
9.480662836097816237e-01 1.177257131429231296e-14
1.074652900722846027e+00 6.750790796828264868e-15
1.045563890487146708e+00 1.285463170600398099e-15
1.038396780574057932e+00 5.944469159667617490e-16
1.035040701939539343e+00 3.725920464219154535e-16
1.033030897822905692e+00 2.746072750835379902e-16
1.031653383633668541e+00 2.234600375965343186e-16
1.030624688050218785e+00 1.941594738851135612e-16
1.029809779059108088e+00 1.760532976046056372e-16
1.029136086611802892e+00 1.643710191960743269e-16
1.028561086208816144e+00 1.567002888257393830e-16
1.028058175704167576e+00 1.513334880719361361e-16
1.027609836191063719e+00 1.477014107941096962e-16
1.027204040571482624e+00 1.451806407430808984e-16
1.026832242255397709e+00 1.433374970498555409e-16
1.026488188147290925e+00 1.421990847687457612e-16
1.026167186869080483e+00 1.413859331393816329e-16
1.025865640660746037e+00 1.408709371074510183e-16
1.025580736298075779e+00 1.407083067815781926e-16
1.025310235292821615e+00 1.406540966729539174e-16
1.025052327972433064e+00 1.408167269988267431e-16
1.024805529755028921e+00 1.409251472160752935e-16
1.024568605945875177e+00 1.413317230307573577e-16
1.024340516205678453e+00 1.416840887368151466e-16
1.024120372826127445e+00 1.423075049859943117e-16
1.023907408840033950e+00 1.429851313437977520e-16
1.023700953217572929e+00 1.436356526472890546e-16
1.023500411205863436e+00 1.445843295482138710e-16
1.023305248406037649e+00 1.455059013948265498e-16
1.023114977541350168e+00 1.464816833500635038e-16
1.022929147108075920e+00 1.476200956311732834e-16
1.022747331252376268e+00 1.487856129665952007e-16
1.022569120300887757e+00 1.501950757908263564e-16
1.022394111399892891e+00 1.517942739952424755e-16
1.022221898687900143e+00 1.536374176884678330e-16
1.022052062329920297e+00 1.555618765446296034e-16
1.021884155556755491e+00 1.577844909982248875e-16
1.021717688537847613e+00 1.601697357776929972e-16
1.021552107398028930e+00 1.631241866977159968e-16
1.021386765835710753e+00 1.663225831065482349e-16
1.021220885374735321e+00 1.700901856559353628e-16
1.021053497840065383e+00 1.743998892915652429e-16
1.020883359328063733e+00 1.795227445565592514e-16
1.020708817004964963e+00 1.856213817767902138e-16
1.020527594811771577e+00 1.929939565496916440e-16
1.020336433238259177e+00 2.021012547985698812e-16
1.020130451602076826e+00 2.135124826639798154e-16
1.019901945842195623e+00 2.283931574813433637e-16
1.019637937006655948e+00 2.483153724007645077e-16
1.019314637292020986e+00 2.766130491026361735e-16
1.018883111424002674e+00 3.196829804046228371e-16
1.018223889977569518e+00 3.933003079163885882e-16
1.016947803953036855e+00 5.474196467352029942e-16
1.012646579841444128e+00 1.069408782678349203e-15
1.044947883922517695e+00 -4.284517070326632775e-15
1.024520390235571732e+00 -5.727238277681959118e-16
1.022328805002628904e+00 -2.587659836707059161e-16
1.021432849422376110e+00 -1.427292461604448040e-16
1.020914566260189504e+00 -8.228497504437794414e-17
1.020558146553933510e+00 -4.531368096262224294e-17
1.020286333044314597e+00 -2.032282088683136574e-17
1.020064593012068865e+00 -2.352169877884129745e-18
1.019875160029633188e+00 1.130877749543322612e-17
1.019707951453822314e+00 2.187974867716689436e-17
1.019556813285859675e+00 3.041784078549024177e-17
1.019417771444101728e+00 3.735673468939747015e-17
1.019288140977393953e+00 4.315721631219491887e-17
1.019166039256202083e+00 4.806323114269182644e-17
1.019050104408003365e+00 5.226451456107315612e-17
1.018939324659503987e+00 5.592369689321173358e-17
1.018832930750727561e+00 5.923051351929252211e-17
1.018730325797007508e+00 6.202233411344269602e-17
1.018631038220041862e+00 6.454310416447149383e-17
1.018534689351133338e+00 6.673861356375464031e-17
1.018440970630341225e+00 6.887991285441351157e-17
1.018349627238118060e+00 7.061463633039031866e-17
1.018260446134402031e+00 7.232225475205498815e-17
1.018173247177471374e+00 7.386724284784683197e-17
1.018087876433188654e+00 7.538512588932653817e-17
1.018004201067211456e+00 7.657774827906059305e-17
1.017922105397963684e+00 7.779747572310678554e-17
1.017841487812160217e+00 7.896299305852870281e-17
1.017762258329141467e+00 7.999298512238993202e-17
1.017684336658730482e+00 8.102297718625116123e-17
1.017607650638384875e+00 8.197165408717597761e-17
1.017532134964634905e+00 8.289322593378865638e-17
1.017457730154861295e+00 8.376058767177705993e-17
1.017384381690821238e+00 8.460084435545332586e-17
1.017312039306649707e+00 8.535978587619317897e-17
1.017240656392485176e+00 8.601030717968448163e-17
1.017170189491195087e+00 8.676924870042433473e-17
1.017100597870474576e+00 8.750108516685205022e-17
1.017031843156252169e+00 8.815160647034335288e-17
1.016963889016152756e+00 8.872081261089824271e-17
1.016896700883954008e+00 8.947975413163809582e-17
1.016830245717663672e+00 9.007606532650512325e-17
1.016764491785185021e+00 9.072658662999642591e-17
1.016699408472573563e+00 9.124158266192704052e-17
1.016634966110717020e+00 9.186499891110620557e-17
1.016571135816915383e+00 9.251552021459750823e-17
1.016507889348345683e+00 9.305762130084026045e-17
1.016445198964798680e+00 9.368103755001942550e-17
1.016383037298372871e+00 9.425024369057431533e-17
1.016321377228050604e+00 9.490076499406561799e-17
1.016260191757234477e+00 9.546997113462050781e-17
1.016199453892445703e+00 9.603917727517539764e-17
1.016139136521430508e+00 9.674390868729097552e-17
1.016079212288940603e+00 9.725890471922159013e-17
1.016019653468415163e+00 9.804495129427358084e-17
1.015960431827702459e+00 9.858705238051633306e-17
1.015901518486836519e+00 9.923757368400763572e-17
1.015842883765681215e+00 1.000236202590596264e-16
1.015784497019015964e+00 1.006470365082387915e-16
1.015726326456298345e+00 1.013788729746665070e-16
1.015668338942935733e+00 1.022191296583427729e-16
1.015610499779374454e+00 1.028967560161462132e-16
1.015552772453669039e+00 1.037099076455103415e-16
1.015495118362381932e+00 1.045230592748744698e-16
1.015437496493656111e+00 1.054446311214871486e-16
1.015379863065031474e+00 1.063662029680998274e-16
1.015322171106982863e+00 1.073961950319610566e-16
1.015264369981139225e+00 1.083448719328858730e-16
1.015206404819585462e+00 1.094290741053713774e-16
1.015148215868358239e+00 1.105403813321690194e-16
1.015089737714037765e+00 1.117330037219030866e-16
1.015030898366841905e+00 1.130340463288856920e-16
1.014971618166463641e+00 1.144164040988047101e-16
1.014911808467419352e+00 1.158529719773480035e-16
1.014851370048063917e+00 1.173708550188277097e-16
1.014790191170444666e+00 1.190242633318681040e-16
1.014728145195072262e+00 1.208131969164691863e-16
1.014665087622897977e+00 1.227105507183188190e-16
1.014600852392488095e+00 1.248789550632898279e-16
1.014535247197826617e+00 1.271828846798215248e-16
1.014468047502517178e+00 1.297036547308503226e-16
1.014398988795633727e+00 1.324141601620640837e-16
1.014327756441144590e+00 1.354228211907113585e-16
1.014253972181078822e+00 1.388922681426649727e-16
1.014177175903110184e+00 1.426327656377399630e-16
1.014096800574795676e+00 1.468340490561212927e-16
1.014012137101583111e+00 1.517942739952424755e-16
1.013922283961862236e+00 1.572966000206064105e-16
1.013826073205178258e+00 1.637204978925830243e-16
1.013721958588183369e+00 1.713370181542936929e-16
1.013607840852218445e+00 1.801461608057384164e-16
1.013480784214454644e+00 1.909610774762813232e-16
1.013336535138624761e+00 2.041883439806044773e-16
1.013168660048120895e+00 2.209392675455055208e-16
1.012966894090668646e+00 2.425419958322791966e-16
1.012713702818519135e+00 2.720051898695727796e-16
1.012376294575121127e+00 3.141264442706346269e-16
1.011885053375380261e+00 3.794225201085741314e-16
1.011060751391810397e+00 4.944021605006618273e-16
1.009255415514304755e+00 7.510328147279807269e-16
1.000887270560358644e+00 1.809566500779890942e-15
1.027347842630214947e+00 -2.613382051766100121e-15
1.017795146419102403e+00 -6.972715523324682337e-16
1.015865699235766639e+00 -3.722277410213139551e-16
1.014967750336289276e+00 -2.382474575564177446e-16
1.014398462538382395e+00 -1.648740755334612321e-16
1.013965111151443832e+00 -1.184160124424573671e-16
1.013589808853798679e+00 -8.613389275670148488e-17
1.013230723855031545e+00 -6.230855001633252495e-17
1.012857809742260695e+00 -4.366027264958184868e-17
1.012441688205615975e+00 -2.845433718047264899e-17
1.011944655752724298e+00 -1.566075154514369667e-17
1.011307367495260401e+00 -4.276628734045900115e-18
1.010419995884525912e+00 6.321447501999905727e-18
1.009042392506586339e+00 1.656715803198792263e-17
1.006514189140928162e+00 2.594550682398753598e-17
1.000090545021368627e+00 2.079554650468138992e-17
9.454943970445722767e-01 -1.232203351709659954e-15
1.039163842053903997e+00 -3.626596568491293785e-16
1.024847066270587304e+00 -9.141937834756831900e-17
1.020963603997784075e+00 -4.088200458258774357e-17
1.019136515116815023e+00 -1.959098442040365025e-17
1.018064152076012530e+00 -7.475025142878138196e-18
1.017352479269574950e+00 6.835962050752826704e-19
1.016841368858505401e+00 6.673813208057694668e-18
1.016453430045606954e+00 1.145785529414998298e-17
1.016146664174220726e+00 1.518480026206890448e-17
1.015896295666457672e+00 1.846451183383755539e-17
1.015686755850051082e+00 2.125633242798772931e-17
1.015507764123328549e+00 2.370933984323618309e-17
1.015352254640086382e+00 2.580998155242684793e-17
1.015215208151347470e+00 2.777509799005682472e-17
1.015092959126362437e+00 2.950982146603363181e-17
1.014982766799586766e+00 3.112257219760581966e-17
1.014882539804723649e+00 3.253203502183697542e-17
1.014790653815617727e+00 3.392794531891206238e-17
1.014705827472894839e+00 3.517477781727039248e-17
1.014627035943842071e+00 3.624542746259982811e-17
1.014553449426719656e+00 3.734318216224140135e-17
1.014484388577825635e+00 3.840027928041476817e-17
1.014419291659963696e+00 3.928119354555924052e-17
1.014357689962352760e+00 4.014855528354764407e-17
1.014299189156540271e+00 4.104302207584818523e-17
1.014243454977890480e+00 4.174775348796376311e-17
1.014190202103369964e+00 4.247958995439147860e-17
1.014139185421515377e+00 4.315721631219491887e-17
1.014090193113891480e+00 4.384839519715442795e-17
1.014043041123244615e+00 4.443115386486538658e-17
1.013997568693844276e+00 4.501391253257634522e-17
1.013953634748591348e+00 4.559667120028730385e-17
1.013911114924825885e+00 4.613877228653005607e-17
1.013869899132865626e+00 4.662666326414853306e-17
1.013829889532516848e+00 4.707389666029880364e-17
1.013790998846159086e+00 4.757534016507334944e-17
1.013753148944668503e+00 4.804967861553575763e-17
1.013716269655897229e+00 4.844270190306175299e-17
1.013680297755763071e+00 4.883572519058774835e-17
