9.411409280886428030e-01
1.026946830360111029e+00
9.765528877562328347e-01
9.820008815512466516e-01
9.574849094736843647e-01
9.411409280886428030e-01
9.820008815512466516e-01
1.007878852077562559e+00
9.520369156786705478e-01
9.670188986149585997e-01
9.411409280886428030e-01
9.220729498060943330e-01
9.493129187811636394e-01
1.009240850526315958e+00
9.711048939612190178e-01
9.588469079224378744e-01
9.275209436011081499e-01
9.411409280886428030e-01
8.635070165096954131e-01
8.689550103047092300e-01
9.084529653185596798e-01
8.580590227146815963e-01
8.580590227146815963e-01
8.022170863157895848e-01
7.790631126869806966e-01
7.586331359556788279e-01
1.472320323102493278e+00
1.266658557340720526e+00
1.167232670581717535e+00
1.052824800886426715e+00
1.033756822603878245e+00
1.051462802437673316e+00
1.016050842770083174e+00
1.007878852077562559e+00
9.533989141274239465e-01
1.003792856731302141e+00
9.152629575623270064e-01
9.329689373961220777e-01
9.779148862049863444e-01
9.547609125761774562e-01
9.724668924099724165e-01
9.928968691412743963e-01
8.662310134072023216e-01
9.043669699722992616e-01
8.621450180609420144e-01
7.899591002770084414e-01
8.566970242659280865e-01
8.526110289196677794e-01
1.182214653518005809e+00
1.239418588365651219e+00
1.190386644210526423e+00
1.148164692299169065e+00
1.108666737285318726e+00
1.175404661274238372e+00
1.156336682991689901e+00
1.007878852077562559e+00
1.080064769861496021e+00
1.081426768310249420e+00
9.969828644875348145e-01
9.465889218836566199e-01
1.009240850526315958e+00
1.105942740387811707e+00
1.066444785373961368e+00
1.075978774515235603e+00
9.724668924099724165e-01
1.046014808642659499e+00
1.047376807091412898e+00
9.997068613850417229e-01
9.738288908587259263e-01
9.942588675900279060e-01
1.040566814847645682e+00
9.629329032686981815e-01
9.711048939612190178e-01
9.738288908587259263e-01
9.179869544598339148e-01
9.588469079224378744e-01
9.288829420498616596e-01
9.384169311911358946e-01
9.043669699722992616e-01
8.880229885872578111e-01
9.588469079224378744e-01
8.744030040997231579e-01
9.043669699722992616e-01
9.111769622160665882e-01
9.425029265373963128e-01
9.166249560110805161e-01
8.852989916897507916e-01
7.436511530193906649e-01
7.681671250969530629e-01
7.749771173407203895e-01
1.018774839667590193e+00
1.368808440997230091e+00
1.285726535623268996e+00
1.190386644210526423e+00
1.221712608531856148e+00
1.120924723324099981e+00
1.130458712465374216e+00
1.137268704709141431e+00
1.145440695401662268e+00
1.070530780720221786e+00
1.040566814847645682e+00
1.059634793130194153e+00
1.048738805540166297e+00
1.067806783822714767e+00
1.099132748144044491e+00
1.071892779168975185e+00
1.013326845872576376e+00
1.031032825706371447e+00
9.928968691412743963e-01
1.047376807091412898e+00
1.033756822603878245e+00
1.055548797783933734e+00
1.026946830360111029e+00
1.074616776066482204e+00
1.047376807091412898e+00
1.044652810193905879e+00
9.969828644875348145e-01
1.022860835013850611e+00
1.018774839667590193e+00
1.043290811745152480e+00
1.047376807091412898e+00
1.005154855180055540e+00
1.014688844321329775e+00
1.043290811745152480e+00
9.806388831024932529e-01
9.901728722437674879e-01
9.969828644875348145e-01
9.779148862049863444e-01
9.792768846537397431e-01
9.493129187811636394e-01
9.234349482548478427e-01
1.032394824155124846e+00
1.069168782271468388e+00
1.043290811745152480e+00
1.144078696952908869e+00
1.099132748144044491e+00
1.104580741939058308e+00
1.125010718670360177e+00
1.056910796232687133e+00
1.133182709362881013e+00
1.041928813296399081e+00
1.052824800886426715e+00
9.452269234349032212e-01
1.153612686094183104e+00
1.036480819501385264e+00
1.122286721772853380e+00
1.077340772963989002e+00
1.035118821052631644e+00
9.820008815512466516e-01
9.711048939612190178e-01
1.071892779168975185e+00
1.021498836565097212e+00
1.099132748144044491e+00
1.056910796232687133e+00
1.052824800886426715e+00
1.073254777617728806e+00
1.051462802437673316e+00
9.956208660387813048e-01
1.003792856731302141e+00
1.100494746592797890e+00
1.074616776066482204e+00
9.969828644875348145e-01
1.115476729529085942e+00
1.081426768310249420e+00
9.983448629362882132e-01
9.942588675900279060e-01
1.067806783822714767e+00
1.014688844321329775e+00
9.724668924099724165e-01
1.063720788476454571e+00
1.046014808642659499e+00
1.055548797783933734e+00
9.997068613850417229e-01
1.011964847423822977e+00
1.060996791578947551e+00
9.956208660387813048e-01
1.022860835013850611e+00
9.588469079224378744e-01
9.983448629362882132e-01
1.006516853628808938e+00
1.016050842770083174e+00
1.020136838116343592e+00
1.029670827257617827e+00
9.847248784487536710e-01
9.888108737950139782e-01
1.052824800886426715e+00
1.039204816398892062e+00
9.751908893074793250e-01
1.017412841218836794e+00
1.010602848975069357e+00
1.006516853628808938e+00
1.016050842770083174e+00
1.032394824155124846e+00
1.056910796232687133e+00
1.050100803988919917e+00
1.033756822603878245e+00
9.942588675900279060e-01
1.041928813296399081e+00
1.040566814847645682e+00
9.901728722437674879e-01
9.438649249861497115e-01
1.001068859833795122e+00
1.095046752797784073e+00
1.055548797783933734e+00
1.006516853628808938e+00
9.915348706925208866e-01
9.928968691412743963e-01
1.059634793130194153e+00
9.656569001662050900e-01
9.806388831024932529e-01
1.010602848975069357e+00
1.025584831911357409e+00
9.860868768975070697e-01
1.017412841218836794e+00
1.013326845872576376e+00
1.046014808642659499e+00
1.001068859833795122e+00
9.765528877562328347e-01
9.888108737950139782e-01
1.071892779168975185e+00
9.615709048199447828e-01
9.901728722437674879e-01
1.007878852077562559e+00
1.007878852077562559e+00
9.915348706925208866e-01
1.010602848975069357e+00
9.888108737950139782e-01
1.025584831911357409e+00
9.588469079224378744e-01
1.016050842770083174e+00
1.013326845872576376e+00
9.956208660387813048e-01
9.506749172299170381e-01
1.007878852077562559e+00
9.561229110249308549e-01
1.020136838116343592e+00
9.820008815512466516e-01
1.020136838116343592e+00
9.969828644875348145e-01
1.005154855180055540e+00
9.370549327423823849e-01
1.022860835013850611e+00
9.465889218836566199e-01
9.833628800000001613e-01
9.602089063711912731e-01
1.051462802437673316e+00
1.037842817950138663e+00
1.082788766759003041e+00
1.048738805540166297e+00
1.024222833462604010e+00
1.065082786925207969e+00
1.115476729529085942e+00
1.090960757451523655e+00
9.901728722437674879e-01
1.066444785373961368e+00
1.066444785373961368e+00
1.081426768310249420e+00
1.017412841218836794e+00
9.956208660387813048e-01
1.033756822603878245e+00
1.039204816398892062e+00
1.059634793130194153e+00
1.022860835013850611e+00
1.089598759002770256e+00
1.075978774515235603e+00
1.075978774515235603e+00
1.082788766759003041e+00
1.003792856731302141e+00
9.847248784487536710e-01
1.100494746592797890e+00
