9.785071176469369858e-01 1.697553291073878365e-16
9.778509469598974935e-01 1.695384886728907356e-16
9.771547910237406986e-01 1.688879673693994329e-16
9.764142268566897709e-01 1.684542865004052312e-16
9.756240870816665911e-01 1.678037651969139285e-16
9.747782878373634219e-01 1.667195630244284241e-16
9.738696052847932716e-01 1.656353608519429196e-16
9.728893816025078189e-01 1.639006373759661125e-16
9.718271327357097533e-01 1.617322330309951037e-16
9.706700168766820846e-01 1.591301478170298930e-16
9.694021017271832186e-01 1.560943817340704806e-16
9.680033348088965539e-01 1.521912539131226646e-16
9.664480650151380248e-01 1.469870834851922434e-16
9.647028675911071272e-01 1.409155513192734185e-16
9.627232544543439241e-01 1.320250935048922822e-16
9.604485373437867679e-01 1.224841143870198431e-16
9.577935029904146580e-01 1.094736883171937899e-16
9.546343166874952102e-01 9.277697486091702166e-17
9.507833613052965038e-01 7.000872923872142854e-17
9.459413297295847789e-01 3.835002580214469907e-17
9.395982793753310247e-01 -5.451741966269680063e-18
9.308064346091513563e-01 -7.267227666037095497e-17
9.175771689552549848e-01 -1.828272173848982055e-16
8.949003815392758687e-01 -3.888256301571440479e-16
8.454554245718087779e-01 -8.858239060244993298e-16
6.412792958220090433e-01 -3.457985140029109852e-15
1.522597915081446596e+00 2.410584379200428549e-15
1.119266367716627908e+00 1.479905234338871345e-15
1.054481762105041520e+00 1.080051473126217310e-15
1.027108451838943060e+00 9.052780829215539952e-16
1.011372381187084502e+00 8.124703769567948156e-16
1.000662366915795687e+00 7.604286726774906028e-16
9.924928525050144001e-01 7.300710118478964787e-16
9.857000820810111197e-01 7.153258623020936184e-16
9.796448729366966646e-01 7.101216918741631971e-16
9.739225182568406192e-01 7.161932240400820219e-16
9.682360780854015747e-01 7.283362883719196716e-16
9.623301512803773550e-01 7.491529700836413567e-16
9.559472131178130550e-01 7.812453543892122879e-16
9.487886658404949269e-01 8.194092708607020440e-16
9.404680991764011733e-01 8.679815281880526427e-16
9.304426199317779034e-01 9.339010202751713123e-16
9.179011462706704316e-01 1.025841364501942088e-15
9.015807740580829011e-01 1.143802560868364971e-15
8.795236998651841942e-01 1.296458226754323995e-15
8.493281936604142324e-01 1.462991680448097476e-15
8.147808621834461418e-01 1.310336014562138452e-15
8.521259268908680795e-01 -2.172988725199289997e-15
1.177907869576638955e+00 -1.122130637589431659e-14
1.262762641698289778e+00 -5.836724706462306580e-15
1.198077019387855380e+00 -2.800958623502894165e-15
1.147871788441723107e+00 -1.675123087593946558e-15
1.115029458468939083e+00 -1.149501874372974008e-15
1.092662451077958341e+00 -8.424558191250791524e-16
1.076570834933903376e+00 -6.462152259052028499e-16
1.064426641580479060e+00 -5.083047095650466859e-16
1.054891560303997000e+00 -4.068233862204034215e-16
1.047154854078191422e+00 -3.278934680634586987e-16
1.040700377230355578e+00 -2.647929016248023407e-16
1.035184754868311519e+00 -2.136185590834865314e-16
1.030370526679705412e+00 -1.702504721840663540e-16
1.026087678747564125e+00 -1.333875983195592033e-16
1.022210529342468366e+00 -1.021625757519766756e-16
1.018643282183932186e+00 -7.310595752936515675e-17
1.015310660695569300e+00 -4.665142452071884856e-17
1.012151617191598074e+00 -2.279897672603775101e-17
1.009114949608561851e+00 -1.548614145321864101e-18
1.006156119367606294e+00 1.948490800089692192e-17
1.003234824441041395e+00 3.921738754013310262e-17
1.000313031114484996e+00 5.873302664487218243e-17
9.973532526228023887e-01 7.738130401162285869e-17
9.943169069577080244e-01 9.624642181287063585e-17
9.911626016302037545e-01 1.157620609176097157e-16
9.878441843198010330e-01 1.359282213258400981e-16
9.843083634639135937e-01 1.578291052100472877e-16
9.804916337950456695e-01 1.808141912667399817e-16
9.763161213005104866e-01 2.048834794959181801e-16
9.716837573236128955e-01 2.343737785875239007e-16
9.664678416412750828e-01 2.675503650655803364e-16
9.605004443866120845e-01 3.050637602335787898e-16
9.535530042891672275e-01 3.527686558229409849e-16
9.453054644038930698e-01 4.126166157441408297e-16
9.352954518876963608e-01 4.861255230386579810e-16
9.228315474186089551e-01 5.945457402872084244e-16
9.068402268322438564e-01 7.478519274766587514e-16
8.855908501211876560e-01 9.859427245544755251e-16
8.562263479990823711e-01 1.402710039657903430e-15
8.142943809743250494e-01 2.242316202030678260e-15
7.569362499875067485e-01 4.264570094150641131e-15
7.301085020234289180e-01 9.111387486029839364e-15
1.045761618692510053e+00 6.199654131602769445e-15
1.340888618855122338e+00 -2.040932900590555557e-15
1.297675660625109417e+00 -1.149935555241968210e-15
1.233969214328105357e+00 -6.062081657404877363e-16
1.189334357438163847e+00 -4.024865775304614038e-16
1.158680430156776575e+00 -2.995957913615870330e-16
1.136788215965308879e+00 -2.382299483989074820e-16
1.120496665651286250e+00 -1.976807871479496162e-16
1.107938533470302911e+00 -1.680820678390953452e-16
1.097972823186600611e+00 -1.420612156994432387e-16
1.089872547163100114e+00 -1.216782148567157554e-16
1.083155920106585013e+00 -1.043309800969476844e-16
1.077492353613561438e+00 -8.926056989939917281e-17
1.072648036359352242e+00 -7.592488317782746827e-17
1.068453198507770319e+00 -6.313129754249851595e-17
1.064781711881714887e+00 -5.185559494864926984e-17
1.061537966972217362e+00 -4.177251474453407860e-17
1.058648188103777033e+00 -3.223153562666163958e-17
1.056054538357578787e+00 -2.290739694328630145e-17
1.053711026359263725e+00 -1.455904021514791731e-17
1.051580605616939446e+00 -5.777002618015331393e-18
1.049633080652303763e+00 2.029253023880300531e-18
1.047843569831173216e+00 9.510248014030281126e-18
1.046191359196388504e+00 1.699124300418026172e-17
1.044659035308124206e+00 2.458065821157879276e-17
1.043231819972266550e+00 3.206165320172877335e-17
1.041897052803923307e+00 3.921738754013310262e-17
1.040643783072847439e+00 4.637312187853743188e-17
1.039462442826863064e+00 5.385411686868741248e-17
1.038344580528108407e+00 6.133511185883739307e-17
1.037282639403858120e+00 6.892452706623592411e-17
1.036269768066038877e+00 7.694762314262865692e-17
1.035299653094981842e+00 8.518755965351849062e-17
1.034366364434889940e+00 9.386117703340252609e-17
1.033464204681668885e+00 1.031853157167778642e-16
1.032587552575839673e+00 1.128347150518988537e-16
1.031730688966636889e+00 1.233514761250082467e-16
1.030887589612684785e+00 1.349524393706031441e-16
1.030051662345462304e+00 1.475291845714349956e-16
1.029215394325331712e+00 1.614069723792494523e-16
1.028369854539705752e+00 1.773447443147863675e-16
1.027503959834576541e+00 1.954509205952942916e-16
1.026603344321655786e+00 2.163760225242645271e-16
1.025648539047032459e+00 2.409874118396854778e-16
1.024611896204719264e+00 2.710198120175339506e-16
1.023452095722510169e+00 3.083163667510353031e-16
1.022103659526741870e+00 3.564549432093917000e-16
1.020455207496055339e+00 4.212902331240248652e-16
1.018299242459361986e+00 5.142063593060325459e-16
1.015197777322538686e+00 6.595978706363386905e-16
1.010035375856511042e+00 9.221916368123278644e-16
9.988738099505375390e-01 1.547451029684718271e-15
9.505733055391065722e-01 4.898611524620164124e-15
1.129809625566572828e+00 -2.773799359082132279e-15
1.056242406887941243e+00 -1.245941657615559628e-15
1.043134374901151906e+00 -7.504612647896841012e-16
1.037470128265188585e+00 -5.214235558521212895e-16
1.034198861909669809e+00 -3.880124785277799196e-16
1.031994850991067469e+00 -2.987826397322229047e-16
1.030356343152682319e+00 -2.333510386227227121e-16
1.029049825399697582e+00 -1.816888051037884258e-16
1.027949959600422902e+00 -1.381038777698711476e-16
1.026981013601036663e+00 -9.923522988626581360e-17
1.026091292895587426e+00 -6.258919645625576374e-17
1.025239757665678431e+00 -2.534685183137868643e-17
1.024386779485477073e+00 1.482283865920925285e-17
1.023484284418454848e+00 6.144353207608594352e-17
1.022459145730836294e+00 1.201530797161760086e-16
1.021174218778304388e+00 2.028777054768199969e-16
1.019308990282870031e+00 3.367224636701555193e-16
1.015846093861541899e+00 6.089656291812656334e-16
1.004730620912382300e+00 1.545607885991492914e-15
1.103525788523600504e+00 -6.583956843739316236e-15
1.036535696840916954e+00 -1.213578222766867320e-15
1.030282176815478623e+00 -7.088279013662407309e-16
1.027761505799626995e+00 -5.163820157500636939e-16
1.026312109414968754e+00 -4.135996497984378242e-16
1.025320545698670482e+00 -3.489269902096774848e-16
1.024568780280393110e+00 -3.043120708118989773e-16
1.023959509933182632e+00 -2.711896944424668168e-16
1.023442555243124996e+00 -2.455483130631846370e-16
1.022989268270864560e+00 -2.250026818945843279e-16
1.022581991990981987e+00 -2.080891280038104588e-16
1.022209161666173260e+00 -1.939402896528746259e-16
1.021862810385695930e+00 -1.819056455382855267e-16
1.021537203555360263e+00 -1.712804642479275832e-16
1.021228045455863320e+00 -1.619563255645522451e-16
1.020931993853433140e+00 -1.536621789450381362e-16
1.020646348719024932e+00 -1.462896041721367060e-16
1.020368843023866656e+00 -1.395675507027265785e-16
1.020097494741622146e+00 -1.332791781023106528e-16
1.019830495553005978e+00 -1.275329065881374793e-16
1.019566120547819477e+00 -1.222203159429585076e-16
1.019302647877510681e+00 -1.171787758409009120e-16
1.019038279471379038e+00 -1.122998660647161420e-16
1.018771054314885571e+00 -1.076377967230284730e-16
1.018498744555395685e+00 -1.029757273813408039e-16
1.018218721520107506e+00 -9.847628836552596050e-17
1.017927772656975316e+00 -9.386842913246256666e-17
1.017621839459028399e+00 -8.888109913902924626e-17
1.017295626610547954e+00 -8.378534892834737542e-17
1.016941995675661570e+00 -7.809328752279847714e-17
1.016550984935421065e+00 -7.180491492238255142e-17
1.016108150099840346e+00 -6.443234014948112127e-17
1.015591599786162202e+00 -5.554188233509998491e-17
1.014966341511388759e+00 -4.421196963262646358e-17
1.014172578233334843e+00 -2.930418976095077761e-17
1.013098757847796794e+00 -8.108037288859165927e-18
1.011509764055134708e+00 2.506854918919726975e-17
1.008809678148364197e+00 8.366967661203878441e-17
1.002917337648186136e+00 2.174602246967500316e-16
9.779791118355617430e-01 8.185419091227136405e-16
1.078433637300548531e+00 -1.390791067859623020e-15
1.034740076779035123e+00 -5.117199464083760248e-16
1.027414584924364105e+00 -3.566790357429488415e-16
1.024326778612108413e+00 -2.931989985439225568e-16
1.022584665694938444e+00 -2.594261008709990937e-16
1.021440038035773323e+00 -2.389888899196473351e-16
1.020612477119755113e+00 -2.259784638498212819e-16
1.019973076376990306e+00 -2.173590565785615217e-16
1.019454190132576432e+00 -2.118296254988854491e-16
1.019016811934097433e+00 -2.084685987641803853e-16
1.018636775695748620e+00 -2.068422955054521287e-16
1.018298215847171395e+00 -2.064628247450822021e-16
1.017990185300261530e+00 -2.074386067003191561e-16
1.017704778590422077e+00 -2.094985908280416145e-16
1.017436024955639784e+00 -2.125343569110010270e-16
1.017179196736354596e+00 -2.166543251664459438e-16
1.016930349427104252e+00 -2.217500753771278146e-16
1.016685991062513006e+00 -2.280926580861680156e-16
1.016442818316157348e+00 -2.355736530763179962e-16
1.016197474880225382e+00 -2.445183209993234078e-16
1.015946292522724725e+00 -2.549266618551842503e-16
1.015684968404059862e+00 -2.675576171646403770e-16
1.015408109993385155e+00 -2.823027667104432373e-16
1.015108528991063519e+00 -3.000836823392055100e-16
1.014776057081339999e+00 -3.219303561147884243e-16
1.014395409585259422e+00 -3.487643598838046591e-16
1.013942016961286496e+00 -3.830793586429708744e-16
1.013373089993683474e+00 -4.283447993442406845e-16
1.012605994919753449e+00 -4.914453657828970919e-16
1.011456282307535703e+00 -5.856625345718874272e-16
1.009407684826789886e+00 -7.441728921892681755e-16
1.004243396699887159e+00 -1.053821032651128242e-15
9.518846771415382380e-01 4.188946992619777196e-15
1.031905930670678595e+00 2.415083818216243392e-15
1.022213874537150069e+00 7.214516045766367184e-16
1.019317237934168618e+00 3.207304816259943289e-16
1.017818855694335722e+00 1.330550855687535114e-16
1.016825383447964803e+00 1.493125887645780330e-17
1.016055027010446477e+00 -7.446121024497203729e-17
1.015384566622214102e+00 -1.526321868811769070e-16
1.014743807519494778e+00 -2.288515996069078687e-16
1.014079475671847419e+00 -3.110883343899333800e-16
1.013336414846697897e+00 -4.075281176325189994e-16
1.012439407010254921e+00 -5.302598035578781506e-16
1.011261627059683921e+00 -7.006692800182873101e-16
1.009546793993392644e+00 -9.641033028779527499e-16
1.006657439771488027e+00 -1.441125153717262563e-15
1.000397517085602983e+00 -2.591816024430440359e-15
9.745494683679620795e-01 -8.871298167031985729e-15
1.086181713989376352e+00 1.104825492767511086e-15
1.035202378056982786e+00 2.119448990833758470e-15
1.027082904099960059e+00 1.427728004788006444e-15
1.023722195113675681e+00 1.078045699107119127e-15
1.021859398146148790e+00 8.709359791080756423e-16
1.020660304626706871e+00 7.344891357007749092e-16
1.019813955264061933e+00 6.376156715891950881e-16
1.019177901649671369e+00 5.654349119559726304e-16
1.018677621357936047e+00 5.093274495298477759e-16
1.018270306634656341e+00 4.646041099148207180e-16
1.017929592285799378e+00 4.279851815391228550e-16
1.017638337159768591e+00 3.974919954379680428e-16
1.017384903957652353e+00 3.717692988957494501e-16
1.017161106753696087e+00 3.496244695227330221e-16
1.016961014344975434e+00 3.304340910697395936e-16
1.016780219949450670e+00 3.137102725591506877e-16
1.016615378018778770e+00 2.989109129047235522e-16
1.016463900640601992e+00 2.857378565090246733e-16
1.016323752800346591e+00 2.740284730461812254e-16
