1.020078893420177879e+00 0.000000000000000000e+00
1.020097386470353973e+00 0.000000000000000000e+00
1.020116963352363237e+00 0.000000000000000000e+00
1.020137776789930228e+00 0.000000000000000000e+00
1.020160014201759946e+00 0.000000000000000000e+00
1.020183908480014390e+00 0.000000000000000000e+00
1.020209753079001747e+00 0.000000000000000000e+00
1.020237923570868066e+00 0.000000000000000000e+00
1.020268909153696280e+00 0.000000000000000000e+00
1.020303359923629749e+00 0.000000000000000000e+00
1.020342159954482630e+00 0.000000000000000000e+00
1.020386544274016538e+00 0.000000000000000000e+00
1.020438293929778251e+00 0.000000000000000000e+00
1.020500077588837540e+00 0.000000000000000000e+00
1.020576086491190804e+00 0.000000000000000000e+00
1.020673305784241425e+00 0.000000000000000000e+00
1.020804315617898306e+00 0.000000000000000000e+00
1.020994308281375718e+00 0.000000000000000000e+00
1.021302203952993537e+00 0.000000000000000000e+00
1.021905550664116591e+00 0.000000000000000000e+00
1.023701902012674081e+00 0.000000000000000000e+00
7.656245929353927560e-01 0.000000000000000000e+00
1.016755738136444709e+00 0.000000000000000000e+00
1.018481608255954241e+00 0.000000000000000000e+00
1.019073762649539638e+00 0.000000000000000000e+00
1.019379941074492146e+00 0.000000000000000000e+00
1.019571561288301842e+00 0.000000000000000000e+00
1.019706037262716025e+00 0.000000000000000000e+00
1.019808052229595363e+00 0.000000000000000000e+00
1.019889981253739863e+00 0.000000000000000000e+00
1.019958719525365209e+00 0.000000000000000000e+00
1.020018419351335082e+00 0.000000000000000000e+00
1.020071736167390331e+00 0.000000000000000000e+00
1.020120452323774796e+00 0.000000000000000000e+00
1.020165813343610006e+00 0.000000000000000000e+00
1.020208720284487836e+00 0.000000000000000000e+00
1.020249845301682390e+00 0.000000000000000000e+00
1.020289703991875019e+00 0.000000000000000000e+00
1.020328702308263669e+00 0.000000000000000000e+00
1.020367167938056374e+00 0.000000000000000000e+00
1.020405371873013944e+00 0.000000000000000000e+00
1.020443543614428572e+00 0.000000000000000000e+00
1.020481882145353181e+00 0.000000000000000000e+00
1.020520564029574917e+00 0.000000000000000000e+00
1.020559749526205540e+00 0.000000000000000000e+00
1.020599587314862999e+00 0.000000000000000000e+00
1.020640218238638930e+00 0.000000000000000000e+00
1.020681778349673330e+00 0.000000000000000000e+00
1.020724401461066355e+00 0.000000000000000000e+00
1.020768221354406036e+00 0.000000000000000000e+00
1.020813373755333764e+00 0.000000000000000000e+00
1.020859998164584059e+00 0.000000000000000000e+00
1.020908239615169633e+00 0.000000000000000000e+00
1.020958250415497259e+00 0.000000000000000000e+00
1.021010191931667421e+00 0.000000000000000000e+00
1.021064236459077845e+00 0.000000000000000000e+00
1.021120569233155306e+00 0.000000000000000000e+00
1.021179390631277162e+00 0.000000000000000000e+00
1.021240918622672966e+00 0.000000000000000000e+00
1.021305391530422213e+00 0.000000000000000000e+00
1.021373071179940473e+00 0.000000000000000000e+00
1.021444246522082544e+00 0.000000000000000000e+00
1.021519237836997052e+00 0.000000000000000000e+00
1.021598401648225130e+00 0.000000000000000000e+00
1.021682136506790961e+00 0.000000000000000000e+00
1.021770889844238583e+00 0.000000000000000000e+00
1.021865166144618309e+00 0.000000000000000000e+00
1.021965536752238002e+00 0.000000000000000000e+00
1.022072651720056902e+00 0.000000000000000000e+00
1.022187254220592090e+00 0.000000000000000000e+00
1.022310198198000064e+00 0.000000000000000000e+00
1.022442470152145289e+00 0.000000000000000000e+00
1.022585216235517791e+00 0.000000000000000000e+00
1.022739776244897314e+00 0.000000000000000000e+00
1.022907726650906790e+00 0.000000000000000000e+00
1.023090935604447749e+00 0.000000000000000000e+00
1.023291634003665518e+00 0.000000000000000000e+00
1.023512508377130148e+00 0.000000000000000000e+00
1.023756823822797868e+00 0.000000000000000000e+00
1.024028589001024336e+00 0.000000000000000000e+00
1.024332780984324343e+00 0.000000000000000000e+00
1.024675656933468293e+00 0.000000000000000000e+00
1.025065194412022818e+00 0.000000000000000000e+00
1.025511726862463169e+00 0.000000000000000000e+00
1.026028883218499166e+00 0.000000000000000000e+00
1.026635016198246708e+00 0.000000000000000000e+00
1.027355443944205193e+00 0.000000000000000000e+00
1.028226102039009993e+00 0.000000000000000000e+00
1.029299762448074862e+00 0.000000000000000000e+00
1.030657203657853849e+00 0.000000000000000000e+00
1.032428634480598850e+00 0.000000000000000000e+00
1.034838336156839844e+00 0.000000000000000000e+00
1.038308351351266756e+00 0.000000000000000000e+00
1.043738102687144620e+00 0.000000000000000000e+00
1.053445499610106584e+00 0.000000000000000000e+00
1.075783604801751503e+00 0.000000000000000000e+00
1.181410666995137637e+00 0.000000000000000000e+00
8.315114027884464853e-01 0.000000000000000000e+00
9.597120468845918850e-01 0.000000000000000000e+00
9.838475644031858813e-01 0.000000000000000000e+00
9.940507602334734960e-01 0.000000000000000000e+00
9.996854554011901373e-01 0.000000000000000000e+00
1.003260224446548943e+00 0.000000000000000000e+00
1.005731250016019374e+00 0.000000000000000000e+00
1.007542280133920887e+00 0.000000000000000000e+00
1.008927352473053096e+00 0.000000000000000000e+00
1.010021591696852017e+00 0.000000000000000000e+00
1.010908474639194976e+00 0.000000000000000000e+00
1.011642357420605265e+00 0.000000000000000000e+00
1.012260158131639498e+00 0.000000000000000000e+00
1.012787833274326754e+00 0.000000000000000000e+00
1.013244167627163739e+00 0.000000000000000000e+00
1.013643093677331075e+00 0.000000000000000000e+00
1.013995165820208655e+00 0.000000000000000000e+00
1.014308528127768394e+00 0.000000000000000000e+00
1.014589567691724703e+00 0.000000000000000000e+00
1.014843366629858634e+00 0.000000000000000000e+00
1.015074021634703838e+00 0.000000000000000000e+00
1.015284874272203153e+00 0.000000000000000000e+00
1.015478679851742561e+00 0.000000000000000000e+00
1.015657733204710755e+00 0.000000000000000000e+00
1.015823963713884615e+00 0.000000000000000000e+00
1.015979008060249544e+00 0.000000000000000000e+00
1.016124266596570846e+00 0.000000000000000000e+00
1.016260947538192516e+00 0.000000000000000000e+00
1.016390101986641481e+00 0.000000000000000000e+00
1.016512651986153370e+00 0.000000000000000000e+00
1.016629413239346746e+00 0.000000000000000000e+00
1.016741113699315635e+00 0.000000000000000000e+00
1.016848408960762340e+00 0.000000000000000000e+00
1.016951895158514363e+00 0.000000000000000000e+00
1.017052119924807263e+00 0.000000000000000000e+00
1.017149591841246981e+00 0.000000000000000000e+00
1.017244788736424432e+00 0.000000000000000000e+00
1.017338165118136795e+00 0.000000000000000000e+00
1.017430158984760968e+00 0.000000000000000000e+00
1.017521198229949242e+00 0.000000000000000000e+00
1.017611706836079044e+00 0.000000000000000000e+00
1.017702111043442770e+00 0.000000000000000000e+00
1.017792845683427760e+00 0.000000000000000000e+00
1.017884360875167982e+00 0.000000000000000000e+00
1.017977129307373607e+00 0.000000000000000000e+00
1.018071654362273426e+00 0.000000000000000000e+00
1.018168479390014536e+00 0.000000000000000000e+00
1.018268198514283185e+00 0.000000000000000000e+00
1.018371469450385813e+00 0.000000000000000000e+00
1.018479028955912025e+00 0.000000000000000000e+00
1.018591711726532179e+00 0.000000000000000000e+00
1.018710473817857620e+00 0.000000000000000000e+00
1.018836422052117552e+00 0.000000000000000000e+00
1.018970851406455269e+00 0.000000000000000000e+00
1.019115293156154456e+00 0.000000000000000000e+00
1.019271577683684926e+00 0.000000000000000000e+00
1.019441917559008148e+00 0.000000000000000000e+00
1.019629019067832543e+00 0.000000000000000000e+00
1.019836234346498838e+00 0.000000000000000000e+00
1.020067772590132593e+00 0.000000000000000000e+00
1.020328999048462748e+00 0.000000000000000000e+00
1.020626867648711800e+00 0.000000000000000000e+00
1.020970562628018330e+00 0.000000000000000000e+00
1.021372477400595891e+00 0.000000000000000000e+00
1.021849757405248305e+00 0.000000000000000000e+00
1.022426826409014611e+00 0.000000000000000000e+00
1.023139714679068168e+00 0.000000000000000000e+00
1.024043890789206213e+00 0.000000000000000000e+00
1.025229422103946186e+00 0.000000000000000000e+00
1.026852943309605415e+00 0.000000000000000000e+00
1.029213101305203493e+00 0.000000000000000000e+00
1.032958675894571021e+00 0.000000000000000000e+00
1.039814446982451068e+00 0.000000000000000000e+00
1.056391822685129211e+00 0.000000000000000000e+00
1.153514980615685026e+00 0.000000000000000000e+00
9.203380830525368372e-01 0.000000000000000000e+00
9.807901955163962349e-01 0.000000000000000000e+00
9.945165372701423312e-01 0.000000000000000000e+00
1.000582637843138611e+00 0.000000000000000000e+00
1.003996274948152800e+00 0.000000000000000000e+00
1.006180632524415586e+00 0.000000000000000000e+00
1.007694781334297129e+00 0.000000000000000000e+00
1.008803059019365067e+00 0.000000000000000000e+00
1.009646660194789547e+00 0.000000000000000000e+00
1.010307850056109125e+00 0.000000000000000000e+00
1.010837789798606723e+00 0.000000000000000000e+00
1.011269954657011860e+00 0.000000000000000000e+00
1.011627156169976116e+00 0.000000000000000000e+00
1.011925463453888119e+00 0.000000000000000000e+00
1.012176511439699667e+00 0.000000000000000000e+00
1.012388920389445612e+00 0.000000000000000000e+00
1.012569201687180787e+00 0.000000000000000000e+00
1.012722354327188823e+00 0.000000000000000000e+00
1.012852268536983624e+00 0.000000000000000000e+00
1.012962005412182176e+00 0.000000000000000000e+00
1.013053994669574909e+00 0.000000000000000000e+00
1.013130177013296773e+00 0.000000000000000000e+00
1.013192108216305121e+00 0.000000000000000000e+00
1.013241036208705648e+00 0.000000000000000000e+00
1.013277958778663335e+00 0.000000000000000000e+00
1.013303667099826555e+00 0.000000000000000000e+00
1.013318778714163315e+00 0.000000000000000000e+00
1.013323762527760241e+00 0.000000000000000000e+00
1.013318957638976059e+00 0.000000000000000000e+00
1.013304587299756143e+00 0.000000000000000000e+00
1.013280768938887411e+00 0.000000000000000000e+00
1.013247520902534893e+00 0.000000000000000000e+00
1.013204766360340070e+00 0.000000000000000000e+00
1.013152334662414278e+00 0.000000000000000000e+00
1.013089960297777425e+00 0.000000000000000000e+00
1.013017279486106093e+00 0.000000000000000000e+00
1.012933824322315157e+00 0.000000000000000000e+00
1.012839014278714256e+00 0.000000000000000000e+00
1.012732144743533125e+00 0.000000000000000000e+00
1.012612372127767557e+00 0.000000000000000000e+00
1.012478694892752440e+00 0.000000000000000000e+00
1.012329929623295488e+00 0.000000000000000000e+00
1.012164680974852571e+00 0.000000000000000000e+00
1.011981303929058162e+00 0.000000000000000000e+00
1.011777856258372577e+00 0.000000000000000000e+00
1.011552038367064643e+00 0.000000000000000000e+00
1.011301116652230103e+00 0.000000000000000000e+00
1.011021825079243097e+00 0.000000000000000000e+00
1.010710237582413074e+00 0.000000000000000000e+00
1.010361600857500042e+00 0.000000000000000000e+00
1.009970112587969426e+00 0.000000000000000000e+00
1.009528623294047023e+00 0.000000000000000000e+00
1.009028229399884236e+00 0.000000000000000000e+00
1.008457708362674898e+00 0.000000000000000000e+00
1.007802719545866532e+00 0.000000000000000000e+00
1.007044649224145161e+00 0.000000000000000000e+00
1.006158900152015478e+00 0.000000000000000000e+00
1.005112287061587617e+00 0.000000000000000000e+00
1.003858940971517066e+00 0.000000000000000000e+00
1.002333621330483204e+00 0.000000000000000000e+00
1.000440296454736089e+00 0.000000000000000000e+00
9.980315646786893646e-01 0.000000000000000000e+00
9.948690231500033621e-01 0.000000000000000000e+00
9.905402508392108230e-01 0.000000000000000000e+00
9.842646274231980907e-01 0.000000000000000000e+00
9.743644327151534945e-01 0.000000000000000000e+00
9.564567542934865330e-01 0.000000000000000000e+00
9.143191934190643133e-01 0.000000000000000000e+00
6.967641408791995783e-01 0.000000000000000000e+00
1.317351920718755620e+00 0.000000000000000000e+00
1.120994615557426410e+00 0.000000000000000000e+00
1.080550277444669804e+00 0.000000000000000000e+00
1.063108789007238375e+00 0.000000000000000000e+00
1.053400152847601801e+00 0.000000000000000000e+00
1.047221189237529826e+00 0.000000000000000000e+00
1.042947686562690990e+00 0.000000000000000000e+00
1.039819482388427030e+00 0.000000000000000000e+00
1.037433345773474791e+00 0.000000000000000000e+00
1.035555498122439966e+00 0.000000000000000000e+00
1.034041069398417223e+00 0.000000000000000000e+00
1.032795507169216975e+00 0.000000000000000000e+00
1.031754480957783215e+00 0.000000000000000000e+00
1.030872705372701814e+00 0.000000000000000000e+00
1.030117382103956425e+00 0.000000000000000000e+00
1.029464177433606853e+00 0.000000000000000000e+00
1.028894660846605635e+00 0.000000000000000000e+00
1.028394620950519034e+00 0.000000000000000000e+00
1.027952927102502967e+00 0.000000000000000000e+00
1.027560741051027460e+00 0.000000000000000000e+00
1.027210959197623286e+00 0.000000000000000000e+00
1.026897810471850248e+00 0.000000000000000000e+00
1.026616561460870214e+00 0.000000000000000000e+00
1.026363296886143361e+00 0.000000000000000000e+00
1.026134753932741672e+00 0.000000000000000000e+00
1.025928195677759946e+00 0.000000000000000000e+00
1.025741313318066839e+00 0.000000000000000000e+00
1.025572149895405127e+00 0.000000000000000000e+00
1.025419040269277993e+00 0.000000000000000000e+00
1.025280563515570398e+00 0.000000000000000000e+00
1.025155504936358764e+00 0.000000000000000000e+00
1.025042825587394457e+00 0.000000000000000000e+00
1.024941637752632362e+00 0.000000000000000000e+00
1.024851185179427526e+00 0.000000000000000000e+00
1.024770827174203092e+00 0.000000000000000000e+00
1.024700025874696774e+00 0.000000000000000000e+00
1.024638336181131759e+00 0.000000000000000000e+00
1.024585397959076216e+00 0.000000000000000000e+00
1.024540930231813141e+00 0.000000000000000000e+00
1.024504727167607987e+00 0.000000000000000000e+00
1.024476655743635556e+00 0.000000000000000000e+00
1.024456655038721742e+00 0.000000000000000000e+00
1.024444737176303688e+00 0.000000000000000000e+00
1.024440990011908692e+00 0.000000000000000000e+00
1.024445581741381783e+00 0.000000000000000000e+00
1.024458767703509743e+00 0.000000000000000000e+00
1.024480899772008069e+00 0.000000000000000000e+00
1.024512438888457666e+00 0.000000000000000000e+00
1.024553971495765214e+00 0.000000000000000000e+00
1.024606230914305804e+00 0.000000000000000000e+00
1.024670125094378159e+00 0.000000000000000000e+00
1.024746772730620314e+00 0.000000000000000000e+00
1.024837550515803608e+00 0.000000000000000000e+00
1.024944155466837481e+00 0.000000000000000000e+00
1.025068687972408688e+00 0.000000000000000000e+00
1.025213763811461343e+00 0.000000000000000000e+00
1.025382667411795401e+00 0.000000000000000000e+00
1.025579564977864733e+00 0.000000000000000000e+00
1.025809806435411087e+00 0.000000000000000000e+00
1.026080362360668463e+00 0.000000000000000000e+00
1.026400471725541941e+00 0.000000000000000000e+00
1.026782629261880020e+00 0.000000000000000000e+00
1.027244139824588842e+00 0.000000000000000000e+00
1.027809659555755761e+00 0.000000000000000000e+00
1.028515540932981365e+00 0.000000000000000000e+00
1.029417675769750629e+00 0.000000000000000000e+00
1.030606630234505161e+00 0.000000000000000000e+00
1.032239431545598940e+00 0.000000000000000000e+00
1.034614178715548727e+00 0.000000000000000000e+00
1.038374275848368056e+00 0.000000000000000000e+00
1.045212093190923452e+00 0.000000000000000000e+00
1.061477098740443381e+00 0.000000000000000000e+00
1.149509553713562005e+00 0.000000000000000000e+00
9.152703631458869449e-01 0.000000000000000000e+00
9.839692909467363524e-01 0.000000000000000000e+00
9.987045332669363118e-01 0.000000000000000000e+00
1.005126496926700641e+00 0.000000000000000000e+00
1.008721486286328073e+00 0.000000000000000000e+00
1.011019132084672867e+00 0.000000000000000000e+00
1.012614420159756667e+00 0.000000000000000000e+00
1.013786959072076055e+00 0.000000000000000000e+00
1.014685490390654810e+00 0.000000000000000000e+00
1.015396432454059195e+00 0.000000000000000000e+00
1.015973428565177361e+00 0.000000000000000000e+00
1.016451540692316247e+00 0.000000000000000000e+00
1.016854655406958852e+00 0.000000000000000000e+00
1.017199609592827514e+00 0.000000000000000000e+00
1.017498614441310067e+00 0.000000000000000000e+00
1.017760743962407455e+00 0.000000000000000000e+00
1.017992883777410373e+00 0.000000000000000000e+00
1.018200355516742928e+00 0.000000000000000000e+00
1.018387339267143865e+00 0.000000000000000000e+00
1.018557166398833536e+00 0.000000000000000000e+00
1.018712526941291108e+00 0.000000000000000000e+00
1.018855619277770908e+00 0.000000000000000000e+00
1.018988260076247876e+00 0.000000000000000000e+00
1.019111966288063886e+00 0.000000000000000000e+00
1.019228017190941582e+00 0.000000000000000000e+00
1.019337501956622649e+00 0.000000000000000000e+00
1.019441356573624891e+00 0.000000000000000000e+00
1.019540392845145416e+00 0.000000000000000000e+00
1.019635321422145413e+00 0.000000000000000000e+00
1.019726770303571950e+00 0.000000000000000000e+00
1.019815299863660707e+00 0.000000000000000000e+00
1.019901415200959782e+00 0.000000000000000000e+00
1.019985576412451245e+00 0.000000000000000000e+00
1.020068207256993764e+00 0.000000000000000000e+00
1.020149702570368966e+00 0.000000000000000000e+00
1.020230434719230361e+00 0.000000000000000000e+00
1.020310759326125138e+00 0.000000000000000000e+00
1.020391020457528164e+00 0.000000000000000000e+00
1.020471555438048350e+00 0.000000000000000000e+00
1.020552699434259303e+00 0.000000000000000000e+00
1.020634789939402376e+00 0.000000000000000000e+00
1.020718171284528131e+00 0.000000000000000000e+00
1.020803199302028119e+00 0.000000000000000000e+00
1.020890246273947533e+00 0.000000000000000000e+00
1.020979706310393587e+00 0.000000000000000000e+00
1.021072001323700906e+00 0.000000000000000000e+00
1.021167587793269105e+00 0.000000000000000000e+00
1.021266964556457157e+00 0.000000000000000000e+00
1.021370681915809486e+00 0.000000000000000000e+00
1.021479352426913900e+00 0.000000000000000000e+00
1.021593663830917764e+00 0.000000000000000000e+00
1.021714394730646402e+00 0.000000000000000000e+00
1.021842433792956806e+00 0.000000000000000000e+00
1.021978803512222367e+00 0.000000000000000000e+00
1.022124689919794438e+00 0.000000000000000000e+00
1.022281480115380337e+00 0.000000000000000000e+00
1.022450810194307280e+00 0.000000000000000000e+00
1.022634627150892817e+00 0.000000000000000000e+00
1.022835269811289027e+00 0.000000000000000000e+00
1.023055576042712023e+00 0.000000000000000000e+00
1.023299026813548895e+00 0.000000000000000000e+00
1.023569942831318080e+00 0.000000000000000000e+00
1.023873757646806437e+00 0.000000000000000000e+00
1.024217404370378670e+00 0.000000000000000000e+00
1.024609875299956840e+00 0.000000000000000000e+00
1.025063051975752870e+00 0.000000000000000000e+00
1.025592971527689912e+00 0.000000000000000000e+00
1.026221822606724121e+00 0.000000000000000000e+00
1.026981213447379027e+00 0.000000000000000000e+00
1.027917770503283590e+00 0.000000000000000000e+00
1.029103268306467811e+00 0.000000000000000000e+00
1.030654236312966265e+00 0.000000000000000000e+00
1.032773297562677772e+00 0.000000000000000000e+00
1.035846708385247616e+00 0.000000000000000000e+00
1.040713356656903565e+00 0.000000000000000000e+00
1.049602551961700270e+00 0.000000000000000000e+00
1.071053120676147552e+00 0.000000000000000000e+00
1.196246110778415694e+00 0.000000000000000000e+00
8.947190317186837216e-01 0.000000000000000000e+00
9.732737664209440975e-01 0.000000000000000000e+00
9.911010748151874994e-01 0.000000000000000000e+00
9.989946854762199457e-01 0.000000000000000000e+00
1.003451895076476363e+00 0.000000000000000000e+00
1.006318042734481111e+00 0.000000000000000000e+00
1.008317831397025799e+00 0.000000000000000000e+00
1.009793880079204564e+00 0.000000000000000000e+00
1.010929209594105593e+00 0.000000000000000000e+00
1.011830481951994321e+00 0.000000000000000000e+00
1.012564063994128238e+00 0.000000000000000000e+00
1.013173416050826114e+00 0.000000000000000000e+00
1.013688191566549435e+00 0.000000000000000000e+00
1.014129318280668102e+00 0.000000000000000000e+00
1.014511989372104184e+00 0.000000000000000000e+00
1.014847503205748458e+00 0.000000000000000000e+00
1.015144437600711269e+00 0.000000000000000000e+00
1.015409423501040687e+00 0.000000000000000000e+00
1.015647668921186852e+00 0.000000000000000000e+00
1.015863322416466152e+00 0.000000000000000000e+00
1.016059730646411641e+00 0.000000000000000000e+00
1.016239624376453987e+00 0.000000000000000000e+00
1.016405255098903115e+00 0.000000000000000000e+00
1.016558496931387223e+00 0.000000000000000000e+00
1.016700923681879587e+00 0.000000000000000000e+00
1.016833867877978248e+00 0.000000000000000000e+00
1.016958466513200543e+00 0.000000000000000000e+00
1.017075696885391567e+00 0.000000000000000000e+00
1.017186404958499546e+00 0.000000000000000000e+00
1.017291328022356334e+00 0.000000000000000000e+00
1.017391112961809618e+00 0.000000000000000000e+00
1.017486331115432519e+00 0.000000000000000000e+00
1.017577490464533385e+00 0.000000000000000000e+00
1.017665045718070038e+00 0.000000000000000000e+00
1.017749406729772099e+00 0.000000000000000000e+00
1.017830945587452796e+00 0.000000000000000000e+00
1.017910002642217204e+00 0.000000000000000000e+00
1.017986891690695339e+00 0.000000000000000000e+00
1.018061904482089330e+00 0.000000000000000000e+00
1.018135314690454596e+00 0.000000000000000000e+00
1.018207381468941408e+00 0.000000000000000000e+00
1.018278352685034971e+00 0.000000000000000000e+00
1.018348467922935985e+00 0.000000000000000000e+00
1.018417961330309263e+00 0.000000000000000000e+00
1.018487064381154772e+00 0.000000000000000000e+00
1.018556008624171172e+00 0.000000000000000000e+00
1.018625028486650486e+00 0.000000000000000000e+00
1.018694364207682446e+00 0.000000000000000000e+00
1.018764264981647516e+00 0.000000000000000000e+00
1.018834992404142437e+00 0.000000000000000000e+00
1.018906824328521088e+00 0.000000000000000000e+00
1.018980059263410842e+00 0.000000000000000000e+00
1.019055021471721556e+00 0.000000000000000000e+00
1.019132066972397777e+00 0.000000000000000000e+00
1.019211590701200043e+00 0.000000000000000000e+00
1.019294035161404599e+00 0.000000000000000000e+00
1.019379900997164468e+00 0.000000000000000000e+00
1.019469760062471142e+00 0.000000000000000000e+00
1.019564271753675477e+00 0.000000000000000000e+00
1.019664203647923317e+00 0.000000000000000000e+00
1.019770457881017611e+00 0.000000000000000000e+00
1.019884105263834551e+00 0.000000000000000000e+00
1.020006429967230899e+00 0.000000000000000000e+00
1.020138988846964079e+00 0.000000000000000000e+00
1.020283691371075996e+00 0.000000000000000000e+00
1.020442909052958091e+00 0.000000000000000000e+00
1.020619627973899934e+00 0.000000000000000000e+00
1.020817665623402037e+00 0.000000000000000000e+00
1.021041986136885571e+00 0.000000000000000000e+00
1.021299170331803730e+00 0.000000000000000000e+00
1.021598137179594135e+00 0.000000000000000000e+00
1.021951289042641431e+00 0.000000000000000000e+00
1.022376402633569104e+00 0.000000000000000000e+00
1.022899901234946674e+00 0.000000000000000000e+00
1.023562848530959357e+00 0.000000000000000000e+00
1.024432730079980258e+00 0.000000000000000000e+00
1.025628793046903020e+00 0.000000000000000000e+00
1.027383467938464356e+00 0.000000000000000000e+00
1.030218465741914224e+00 0.000000000000000000e+00
1.035598171896246811e+00 0.000000000000000000e+00
1.049813185896793177e+00 0.000000000000000000e+00
1.196911150426096526e+00 0.000000000000000000e+00
9.699108831980159939e-01 0.000000000000000000e+00
9.970840766735123983e-01 0.000000000000000000e+00
1.004764807015930073e+00 0.000000000000000000e+00
1.008397363368613409e+00 0.000000000000000000e+00
1.010519019470849544e+00 0.000000000000000000e+00
1.011913076961961755e+00 0.000000000000000000e+00
1.012901150464448730e+00 0.000000000000000000e+00
1.013639640731923253e+00 0.000000000000000000e+00
1.014213752311313277e+00 0.000000000000000000e+00
1.014673868930065614e+00 0.000000000000000000e+00
1.015051694726706311e+00 0.000000000000000000e+00
1.015368178570694724e+00 0.000000000000000000e+00
1.015637719903195846e+00 0.000000000000000000e+00
1.015870544156441291e+00 0.000000000000000000e+00
1.016074114293626041e+00 0.000000000000000000e+00
1.016254005875860678e+00 0.000000000000000000e+00
1.016414469370145568e+00 0.000000000000000000e+00
1.016558802789627958e+00 0.000000000000000000e+00
1.016689605340263869e+00 0.000000000000000000e+00
1.016808954173329616e+00 0.000000000000000000e+00
1.016918530140786148e+00 0.000000000000000000e+00
1.017019708941371947e+00 0.000000000000000000e+00
1.017113628292088956e+00 0.000000000000000000e+00
1.017201238183421896e+00 0.000000000000000000e+00
1.017283338998951514e+00 0.000000000000000000e+00
1.017360610797389375e+00 0.000000000000000000e+00
1.017433636070653291e+00 0.000000000000000000e+00
1.017502917626174064e+00 0.000000000000000000e+00
1.017568892784339596e+00 0.000000000000000000e+00
1.017631944763033536e+00 0.000000000000000000e+00
1.017692411895667393e+00 0.000000000000000000e+00
1.017750595167635996e+00 0.000000000000000000e+00
1.017806764439205480e+00 0.000000000000000000e+00
1.017861163637369559e+00 0.000000000000000000e+00
1.017914015136200501e+00 0.000000000000000000e+00
1.017965523498480573e+00 0.000000000000000000e+00
1.018015878716621581e+00 0.000000000000000000e+00
1.018065259065023875e+00 0.000000000000000000e+00
1.018113833656959510e+00 0.000000000000000000e+00
1.018161764785300072e+00 0.000000000000000000e+00
1.018209210116915342e+00 0.000000000000000000e+00
1.018256324804674318e+00 0.000000000000000000e+00
1.018303263578312245e+00 0.000000000000000000e+00
1.018350182875836341e+00 0.000000000000000000e+00
1.018397243080745085e+00 0.000000000000000000e+00
1.018444610937496719e+00 0.000000000000000000e+00
1.018492462229044104e+00 0.000000000000000000e+00
1.018540984816923789e+00 0.000000000000000000e+00
1.018590382167936736e+00 0.000000000000000000e+00
1.018640877524233046e+00 0.000000000000000000e+00
1.018692718919049556e+00 0.000000000000000000e+00
1.018746185303476492e+00 0.000000000000000000e+00
1.018801594137947575e+00 0.000000000000000000e+00
1.018859310926862882e+00 0.000000000000000000e+00
1.018919761352941489e+00 0.000000000000000000e+00
1.018983446925984637e+00 0.000000000000000000e+00
1.019050965440247092e+00 0.000000000000000000e+00
1.019123038102324408e+00 0.000000000000000000e+00
1.019200546056810097e+00 0.000000000000000000e+00
1.019284580383847949e+00 0.000000000000000000e+00
1.019376511788231188e+00 0.000000000000000000e+00
1.019478089706975066e+00 0.000000000000000000e+00
1.019591586464315691e+00 0.000000000000000000e+00
1.019720012365629369e+00 0.000000000000000000e+00
1.019867446144352430e+00 0.000000000000000000e+00
1.020039560070901796e+00 0.000000000000000000e+00
1.020244488130585658e+00 0.000000000000000000e+00
1.020494330780853387e+00 0.000000000000000000e+00
1.020807916733266651e+00 0.000000000000000000e+00
1.021216245098819364e+00 0.000000000000000000e+00
1.021774228554563457e+00 0.000000000000000000e+00
1.022589284216303795e+00 0.000000000000000000e+00
1.023903834024589177e+00 0.000000000000000000e+00
1.026404652890303248e+00 0.000000000000000000e+00
1.033102393754293136e+00 0.000000000000000000e+00
1.113143262957206225e+00 0.000000000000000000e+00
9.975135894430107175e-01 0.000000000000000000e+00
1.009117913044100145e+00 0.000000000000000000e+00
1.012500665514463050e+00 0.000000000000000000e+00
1.014122188620490972e+00 0.000000000000000000e+00
1.015079235414281245e+00 0.000000000000000000e+00
1.015714518984350390e+00 0.000000000000000000e+00
1.016169697363368041e+00 0.000000000000000000e+00
1.016513960032048525e+00 0.000000000000000000e+00
1.016785119938810045e+00 0.000000000000000000e+00
1.017005593084181037e+00 0.000000000000000000e+00
1.017189515302343805e+00 0.000000000000000000e+00
1.017346245869644283e+00 0.000000000000000000e+00
1.017482231136501714e+00 0.000000000000000000e+00
1.017602058980393354e+00 0.000000000000000000e+00
1.017709086341126223e+00 0.000000000000000000e+00
1.017805828769354548e+00 0.000000000000000000e+00
1.017894211048593123e+00 0.000000000000000000e+00
1.017975733474931976e+00 0.000000000000000000e+00
1.018051585174146290e+00 0.000000000000000000e+00
1.018122723169475830e+00 0.000000000000000000e+00
1.018189928722980309e+00 0.000000000000000000e+00
1.018253848249212945e+00 0.000000000000000000e+00
1.018315023542062825e+00 0.000000000000000000e+00
1.018373914464433483e+00 0.000000000000000000e+00
1.018430916236477968e+00 0.000000000000000000e+00
1.018486372797841044e+00 0.000000000000000000e+00
1.018540587280931886e+00 0.000000000000000000e+00
1.018593830335990269e+00 0.000000000000000000e+00
1.018646346845305084e+00 0.000000000000000000e+00
1.018698361422381238e+00 0.000000000000000000e+00
1.018750082992099459e+00 0.000000000000000000e+00
1.018801708676977835e+00 0.000000000000000000e+00
1.018853427163862291e+00 0.000000000000000000e+00
1.018905421688933721e+00 0.000000000000000000e+00
1.018957872752918714e+00 0.000000000000000000e+00
1.019010960660146736e+00 0.000000000000000000e+00
1.019064867962796272e+00 0.000000000000000000e+00
1.019119781884137765e+00 0.000000000000000000e+00
1.019175896791043590e+00 0.000000000000000000e+00
1.019233416786101465e+00 0.000000000000000000e+00
1.019292558493218426e+00 0.000000000000000000e+00
1.019353554117797600e+00 0.000000000000000000e+00
1.019416654873833483e+00 0.000000000000000000e+00
1.019482134886364522e+00 0.000000000000000000e+00
1.019550295699752862e+00 0.000000000000000000e+00
1.019621471551909853e+00 0.000000000000000000e+00
1.019696035614128249e+00 0.000000000000000000e+00
1.019774407448946985e+00 0.000000000000000000e+00
1.019857062009053683e+00 0.000000000000000000e+00
1.019944540595240312e+00 0.000000000000000000e+00
1.020037464320295406e+00 0.000000000000000000e+00
1.020136550802174247e+00 0.000000000000000000e+00
1.020242635053922209e+00 0.000000000000000000e+00
1.020356695879630848e+00 0.000000000000000000e+00
1.020479889570366172e+00 0.000000000000000000e+00
1.020613593391019869e+00 0.000000000000000000e+00
1.020759462366880310e+00 0.000000000000000000e+00
1.020919504390233712e+00 0.000000000000000000e+00
1.021096180953563248e+00 0.000000000000000000e+00
1.021292544344705622e+00 0.000000000000000000e+00
1.021512427709064141e+00 0.000000000000000000e+00
1.021760713396280496e+00 0.000000000000000000e+00
1.022043720002068223e+00 0.000000000000000000e+00
1.022369774251555619e+00 0.000000000000000000e+00
1.022750079639874743e+00 0.000000000000000000e+00
1.023200078517423783e+00 0.000000000000000000e+00
1.023741668871897437e+00 0.000000000000000000e+00
1.024406974615891253e+00 0.000000000000000000e+00
1.025245107515798448e+00 0.000000000000000000e+00
1.026335112303398578e+00 0.000000000000000000e+00
1.027812877365928079e+00 0.000000000000000000e+00
1.029933442055824155e+00 0.000000000000000000e+00
1.033238270160802941e+00 0.000000000000000000e+00
1.039114331183311757e+00 0.000000000000000000e+00
1.052501340995525059e+00 0.000000000000000000e+00
1.113524388421208711e+00 0.000000000000000000e+00
8.962342255911592837e-01 0.000000000000000000e+00
9.810804053559215587e-01 0.000000000000000000e+00
9.963456878178682530e-01 0.000000000000000000e+00
1.002738746224024036e+00 0.000000000000000000e+00
1.006256497876129252e+00 0.000000000000000000e+00
1.008485102621690110e+00 0.000000000000000000e+00
1.010025295928856037e+00 0.000000000000000000e+00
1.011154775953205576e+00 0.000000000000000000e+00
1.012019612107074362e+00 0.000000000000000000e+00
1.012703975520493405e+00 0.000000000000000000e+00
1.013259788555967544e+00 0.000000000000000000e+00
1.013720821787083448e+00 0.000000000000000000e+00
1.014109990971368669e+00 0.000000000000000000e+00
1.014443396102552519e+00 0.000000000000000000e+00
1.014732682041299183e+00 0.000000000000000000e+00
1.014986481747802483e+00 0.000000000000000000e+00
1.015211332777281372e+00 0.000000000000000000e+00
1.015412278481639730e+00 0.000000000000000000e+00
1.015593273621006709e+00 0.000000000000000000e+00
1.015757464824862843e+00 0.000000000000000000e+00
1.015907388771815523e+00 0.000000000000000000e+00
1.016045114960920870e+00 0.000000000000000000e+00
1.016172350367470667e+00 0.000000000000000000e+00
1.016290517374927038e+00 0.000000000000000000e+00
1.016400812646922169e+00 0.000000000000000000e+00
1.016504252194596836e+00 0.000000000000000000e+00
1.016601706306128117e+00 0.000000000000000000e+00
1.016693926938227799e+00 0.000000000000000000e+00
1.016781569440430522e+00 0.000000000000000000e+00
1.016865209977376061e+00 0.000000000000000000e+00
1.016945359658744774e+00 0.000000000000000000e+00
1.017022476133451425e+00 0.000000000000000000e+00
1.017096973222706202e+00 0.000000000000000000e+00
1.017169229034561528e+00 0.000000000000000000e+00
1.017239592906359347e+00 0.000000000000000000e+00
1.017308391451272387e+00 0.000000000000000000e+00
1.017375933934223875e+00 0.000000000000000000e+00
1.017442517166244897e+00 0.000000000000000000e+00
1.017508430081680570e+00 0.000000000000000000e+00
1.017573958147568014e+00 0.000000000000000000e+00
1.017639387747829804e+00 0.000000000000000000e+00
1.017705010686219103e+00 0.000000000000000000e+00
1.017771128961498128e+00 0.000000000000000000e+00
1.017838059987097088e+00 0.000000000000000000e+00
1.017906142457389418e+00 0.000000000000000000e+00
1.017975743106713127e+00 0.000000000000000000e+00
1.018047264669939889e+00 0.000000000000000000e+00
1.018121155441585879e+00 0.000000000000000000e+00
1.018197920954286850e+00 0.000000000000000000e+00
1.018278138472150873e+00 0.000000000000000000e+00
1.018362475243028475e+00 0.000000000000000000e+00
1.018451711811337423e+00 0.000000000000000000e+00
1.018546772214733664e+00 0.000000000000000000e+00
1.018648763660831014e+00 0.000000000000000000e+00
1.018759029445695408e+00 0.000000000000000000e+00
1.018879220668093222e+00 0.000000000000000000e+00
1.019011395110120732e+00 0.000000000000000000e+00
1.019158156189965858e+00 0.000000000000000000e+00
1.019322852395289525e+00 0.000000000000000000e+00
1.019509870402433016e+00 0.000000000000000000e+00
1.019725077680414538e+00 0.000000000000000000e+00
1.019976511877780156e+00 0.000000000000000000e+00
1.020275494072744094e+00 0.000000000000000000e+00
1.020638504754381781e+00 0.000000000000000000e+00
1.021090510924583805e+00 0.000000000000000000e+00
1.021671247841043462e+00 0.000000000000000000e+00
1.022448048556536371e+00 0.000000000000000000e+00
1.023544858274025637e+00 0.000000000000000000e+00
1.025217596112773188e+00 0.000000000000000000e+00
1.028093578352770487e+00 0.000000000000000000e+00
1.034228968954346239e+00 0.000000000000000000e+00
1.056557566019438621e+00 0.000000000000000000e+00
8.958955721944478201e-01 0.000000000000000000e+00
9.935739259451160654e-01 0.000000000000000000e+00
1.004201794588754026e+00 0.000000000000000000e+00
1.008284355338036065e+00 0.000000000000000000e+00
1.010448279780594705e+00 0.000000000000000000e+00
1.011791062211874204e+00 0.000000000000000000e+00
1.012707120083587320e+00 0.000000000000000000e+00
1.013373082692709648e+00 0.000000000000000000e+00
1.013879881440253650e+00 0.000000000000000000e+00
1.014279103383882052e+00 0.000000000000000000e+00
1.014602194855532158e+00 0.000000000000000000e+00
1.014869417603212476e+00 0.000000000000000000e+00
1.015094416074705075e+00 0.000000000000000000e+00
1.015286715552683683e+00 0.000000000000000000e+00
1.015453167999900597e+00 0.000000000000000000e+00
1.015598828825585054e+00 0.000000000000000000e+00
1.015727509806322759e+00 0.000000000000000000e+00
1.015842139623105433e+00 0.000000000000000000e+00
1.015945005829959502e+00 0.000000000000000000e+00
1.016037921383327269e+00 0.000000000000000000e+00
1.016122341817578878e+00 0.000000000000000000e+00
1.016199449328853976e+00 0.000000000000000000e+00
