-1.000000000000000000e+00
-9.819819819819819440e-01
-9.639639639639639990e-01
-9.459459459459459429e-01
-9.279279279279278869e-01
-9.099099099099099419e-01
-8.918918918918918859e-01
-8.738738738738738299e-01
-8.558558558558558849e-01
-8.378378378378378288e-01
-8.198198198198198838e-01
-8.018018018018018278e-01
-7.837837837837837718e-01
-7.657657657657657158e-01
-7.477477477477477708e-01
-7.297297297297297147e-01
-7.117117117117117697e-01
-6.936936936936937137e-01
-6.756756756756756577e-01
-6.576576576576576016e-01
-6.396396396396396566e-01
-6.216216216216216006e-01
-6.036036036036036556e-01
-5.855855855855855996e-01
-5.675675675675675436e-01
-5.495495495495494875e-01
-5.315315315315315425e-01
-5.135135135135135975e-01
-4.954954954954955415e-01
-4.774774774774774855e-01
-4.594594594594594295e-01
-4.414414414414414845e-01
-4.234234234234234284e-01
-4.054054054054053724e-01
-3.873873873873874274e-01
-3.693693693693693714e-01
-3.513513513513513153e-01
-3.333333333333333703e-01
-3.153153153153153143e-01
-2.972972972972972583e-01
-2.792792792792793133e-01
-2.612612612612612573e-01
-2.432432432432432012e-01
-2.252252252252252562e-01
-2.072072072072072002e-01
-1.891891891891891442e-01
-1.711711711711711992e-01
-1.531531531531531432e-01
-1.351351351351350871e-01
-1.171171171171171421e-01
-9.909909909909908610e-02
-8.108108108108114109e-02
-6.306306306306308507e-02
-4.504504504504502904e-02
-2.702702702702708404e-02
-9.009009009009028013e-03
9.009009009008916991e-03
2.702702702702697302e-02
4.504504504504502904e-02
6.306306306306308507e-02
8.108108108108114109e-02
9.909909909909919712e-02
1.171171171171170311e-01
1.351351351351350871e-01
1.531531531531531432e-01
1.711711711711711992e-01
1.891891891891892552e-01
2.072072072072070892e-01
2.252252252252251452e-01
2.432432432432432012e-01
2.612612612612612573e-01
2.792792792792793133e-01
2.972972972972973693e-01
3.153153153153152033e-01
3.333333333333332593e-01
3.513513513513513153e-01
3.693693693693693714e-01
3.873873873873874274e-01
4.054054054054054834e-01
4.234234234234233174e-01
4.414414414414413734e-01
4.594594594594594295e-01
4.774774774774774855e-01
4.954954954954955415e-01
5.135135135135135975e-01
5.315315315315314315e-01
5.495495495495494875e-01
5.675675675675675436e-01
5.855855855855855996e-01
6.036036036036036556e-01
6.216216216216217116e-01
6.396396396396395456e-01
6.576576576576576016e-01
6.756756756756756577e-01
6.936936936936937137e-01
7.117117117117117697e-01
7.297297297297298257e-01
7.477477477477476597e-01
7.657657657657657158e-01
7.837837837837837718e-01
8.018018018018018278e-01
8.198198198198198838e-01
8.378378378378377178e-01
8.558558558558557738e-01
8.738738738738738299e-01
8.918918918918918859e-01
9.099099099099099419e-01
9.279279279279279979e-01
9.459459459459458319e-01
9.639639639639638879e-01
9.819819819819819440e-01
1.000000000000000000e+00
