-8.103252925994302025e-01
3.811526086783256773e-03
-8.103252925994294253e-01
-3.811526086783131439e-03
-5.473899099865008333e-01
4.859823479381476638e-17
-3.266417152062578988e-01
-6.825741450811845072e-03
-3.266417152062578988e-01
6.825741450811715835e-03
7.052091293869995614e-02
7.110248880926460013e-18
9.401446633072142456e-01
-2.799536250925881801e-19
7.399509404514398314e-01
9.686989300269765910e-17
3.181127756091320369e-01
7.967681311790141237e-17
5.276826692576597200e-01
-5.574880359354052009e-17
