-8.089510322058520719e-01
0.000000000000000000e+00
9.322879515212683099e-01
0.000000000000000000e+00
-7.514579346526969461e-01
0.000000000000000000e+00
-5.462802059107321195e-01
0.000000000000000000e+00
-2.536981176451961750e-01
0.000000000000000000e+00
-3.297913219238530202e-01
0.000000000000000000e+00
7.313344083930056749e-01
0.000000000000000000e+00
5.272138720455586958e-01
0.000000000000000000e+00
9.994789580599462708e-02
0.000000000000000000e+00
3.093545022547900536e-01
0.000000000000000000e+00
