8.666057239058171380e-01
9.305029201385042192e-01
9.464772191966759340e-01
9.504707939612188072e-01
8.626121491412742648e-01
8.705992986703601222e-01
7.747535043213296113e-01
1.261969625595567912e+00
9.824193920775623479e-01
1.030342289252077492e+00
9.784258173130193637e-01
9.025478967867036628e-01
8.506314248476454232e-01
1.226027452714681498e+00
9.983936911357340627e-01
9.664450930193906331e-01
1.110213784542936288e+00
1.030342289252077492e+00
9.105350463157895202e-01
9.624515182548476488e-01
9.105350463157895202e-01
9.185221958448753776e-01
8.785864481994459796e-01
9.145286210803323934e-01
1.297911798476454326e+00
1.190085279833795084e+00
1.202066004127423815e+00
9.784258173130193637e-01
9.904065416066482053e-01
9.504707939612188072e-01
1.054303737839335176e+00
9.225157706094182508e-01
1.074271611662049875e+00
9.944001163711911895e-01
1.150149532188365686e+00
1.122194508836565019e+00
1.162130256481994417e+00
1.034335864016620476e+00
1.022355139722991746e+00
1.042323013545706445e+00
1.082258761191135843e+00
9.944001163711911895e-01
1.054303737839335176e+00
1.018361564958448762e+00
1.030342289252077492e+00
9.983936911357340627e-01
1.006380840664820031e+00
1.026348714487534730e+00
9.744322425484764905e-01
1.078265186426592859e+00
1.070278036897506890e+00
9.904065416066482053e-01
1.102226635013850320e+00
1.014367990193905777e+00
9.624515182548476488e-01
9.983936911357340627e-01
1.046316588310249429e+00
1.090245910720221589e+00
8.945607472576176944e-01
1.062290887368421144e+00
1.018361564958448762e+00
9.983936911357340627e-01
1.078265186426592859e+00
9.944001163711911895e-01
1.070278036897506890e+00
1.030342289252077492e+00
1.014367990193905777e+00
1.146155957423822702e+00
9.864129668421052211e-01
1.082258761191135843e+00
