1.008933894380580787e+00 0.000000000000000000e+00
1.008902135865691552e+00 0.000000000000000000e+00
1.008869044845828178e+00 0.000000000000000000e+00
1.008834535549981704e+00 0.000000000000000000e+00
1.008798514746676700e+00 0.000000000000000000e+00
1.008760880918418534e+00 0.000000000000000000e+00
1.008721523324237479e+00 0.000000000000000000e+00
1.008680320932237473e+00 0.000000000000000000e+00
1.008637141200636300e+00 0.000000000000000000e+00
1.008591838681613728e+00 0.000000000000000000e+00
1.008544253417190673e+00 0.000000000000000000e+00
1.008494209090097460e+00 0.000000000000000000e+00
1.008441510884850345e+00 0.000000000000000000e+00
1.008385943004657781e+00 0.000000000000000000e+00
1.008327265777792636e+00 0.000000000000000000e+00
1.008265212272030587e+00 0.000000000000000000e+00
1.008199484316778527e+00 0.000000000000000000e+00
1.008129747808399035e+00 0.000000000000000000e+00
1.008055627143424227e+00 0.000000000000000000e+00
1.007976698584657660e+00 0.000000000000000000e+00
1.007892482313699878e+00 0.000000000000000000e+00
1.007802432856158337e+00 0.000000000000000000e+00
1.007705927477145602e+00 0.000000000000000000e+00
1.007602252026791767e+00 0.000000000000000000e+00
1.007490583557297148e+00 0.000000000000000000e+00
1.007369968818605743e+00 0.000000000000000000e+00
1.007239297445926329e+00 0.000000000000000000e+00
1.007097268245035648e+00 0.000000000000000000e+00
1.006942346409695821e+00 0.000000000000000000e+00
1.006772708692511120e+00 0.000000000000000000e+00
1.006586172377270216e+00 0.000000000000000000e+00
1.006380102180731262e+00 0.000000000000000000e+00
1.006151286646215226e+00 0.000000000000000000e+00
1.005895771691907470e+00 0.000000000000000000e+00
1.005608632925553136e+00 0.000000000000000000e+00
1.005283658728904461e+00 0.000000000000000000e+00
1.004912900464079550e+00 0.000000000000000000e+00
1.004486019919976547e+00 0.000000000000000000e+00
1.003989318703314426e+00 0.000000000000000000e+00
1.003404252728165025e+00 0.000000000000000000e+00
1.002705082220471722e+00 0.000000000000000000e+00
1.001855007269978781e+00 0.000000000000000000e+00
1.000799513264280849e+00 0.000000000000000000e+00
9.994542545216008600e-01 0.000000000000000000e+00
9.976814173670609520e-01 0.000000000000000000e+00
9.952393763588858189e-01 0.000000000000000000e+00
9.916622713709978276e-01 0.000000000000000000e+00
9.859213157048649645e-01 0.000000000000000000e+00
9.752065023607103811e-01 0.000000000000000000e+00
9.481296517568789106e-01 0.000000000000000000e+00
7.465042357606592738e-01 0.000000000000000000e+00
1.129577000589544467e+00 0.000000000000000000e+00
1.059233131121925631e+00 0.000000000000000000e+00
1.041199900165656000e+00 0.000000000000000000e+00
1.032944939594062639e+00 0.000000000000000000e+00
1.028213213604138865e+00 0.000000000000000000e+00
1.025147143991961274e+00 0.000000000000000000e+00
1.022999868919698629e+00 0.000000000000000000e+00
1.021413032003755772e+00 0.000000000000000000e+00
1.020193238768636323e+00 0.000000000000000000e+00
1.019226934584762212e+00 0.000000000000000000e+00
1.018443060656377464e+00 0.000000000000000000e+00
1.017794877696393874e+00 0.000000000000000000e+00
1.017250383841370454e+00 0.000000000000000000e+00
1.016786932284776901e+00 0.000000000000000000e+00
1.016388047361708846e+00 0.000000000000000000e+00
1.016041458242286311e+00 0.000000000000000000e+00
1.015737839546260401e+00 0.000000000000000000e+00
1.015469979145370294e+00 0.000000000000000000e+00
1.015232213158397068e+00 0.000000000000000000e+00
1.015020033150857426e+00 0.000000000000000000e+00
1.014829807280323459e+00 0.000000000000000000e+00
1.014658578616982165e+00 0.000000000000000000e+00
1.014503916834138542e+00 0.000000000000000000e+00
1.014363807502939308e+00 0.000000000000000000e+00
1.014236568334623279e+00 0.000000000000000000e+00
1.014120785032849525e+00 0.000000000000000000e+00
1.014015261618727237e+00 0.000000000000000000e+00
1.013918981576269251e+00 0.000000000000000000e+00
1.013831077185342489e+00 0.000000000000000000e+00
1.013750805119697729e+00 0.000000000000000000e+00
1.013677526889983138e+00 0.000000000000000000e+00
1.013610693071516522e+00 0.000000000000000000e+00
1.013549830517620931e+00 0.000000000000000000e+00
1.013494531950912991e+00 0.000000000000000000e+00
1.013444447467144682e+00 0.000000000000000000e+00
1.013399277592936576e+00 0.000000000000000000e+00
1.013358767619770395e+00 0.000000000000000000e+00
1.013322702998835645e+00 0.000000000000000000e+00
1.013290905629756100e+00 0.000000000000000000e+00
1.013263230914456692e+00 0.000000000000000000e+00
1.013239565478204041e+00 0.000000000000000000e+00
1.013219825485142778e+00 0.000000000000000000e+00
1.013203955497081754e+00 0.000000000000000000e+00
1.013191927843067219e+00 0.000000000000000000e+00
1.013183742484501826e+00 0.000000000000000000e+00
1.013179427377158826e+00 0.000000000000000000e+00
1.013179039348282240e+00 0.000000000000000000e+00
1.013182665525014459e+00 0.000000000000000000e+00
1.013190425370657843e+00 0.000000000000000000e+00
1.013202473409019477e+00 0.000000000000000000e+00
1.013219002745822772e+00 0.000000000000000000e+00
1.013240249531927706e+00 0.000000000000000000e+00
1.013266498558534012e+00 0.000000000000000000e+00
1.013298090233323956e+00 0.000000000000000000e+00
1.013335429263672482e+00 0.000000000000000000e+00
1.013378995475765265e+00 0.000000000000000000e+00
1.013429357336894432e+00 0.000000000000000000e+00
1.013487188937094441e+00 0.000000000000000000e+00
1.013553291447294002e+00 0.000000000000000000e+00
1.013628620436535011e+00 0.000000000000000000e+00
1.013714320949378633e+00 0.000000000000000000e+00
1.013811772991436655e+00 0.000000000000000000e+00
1.013922651163680744e+00 0.000000000000000000e+00
1.014049003812640182e+00 0.000000000000000000e+00
1.014193359530293659e+00 0.000000000000000000e+00
1.014358872656265120e+00 0.000000000000000000e+00
1.014549525482928649e+00 0.000000000000000000e+00
1.014770414687505173e+00 0.000000000000000000e+00
1.015028165928279824e+00 0.000000000000000000e+00
1.015331548851774901e+00 0.000000000000000000e+00
1.015692415384666702e+00 0.000000000000000000e+00
1.016127178553208665e+00 0.000000000000000000e+00
1.016659233636229676e+00 0.000000000000000000e+00
1.017323105378456161e+00 0.000000000000000000e+00
1.018171950372882550e+00 0.000000000000000000e+00
1.019292074854331043e+00 0.000000000000000000e+00
1.020833534156766031e+00 0.000000000000000000e+00
1.023082302401934651e+00 0.000000000000000000e+00
1.026659183521805074e+00 0.000000000000000000e+00
1.033212593697609760e+00 0.000000000000000000e+00
1.049045716813743478e+00 0.000000000000000000e+00
1.140988950104512734e+00 0.000000000000000000e+00
9.176962853165082645e-01 0.000000000000000000e+00
9.764143180046808146e-01 0.000000000000000000e+00
9.896613859311949035e-01 0.000000000000000000e+00
9.955051444475342404e-01 0.000000000000000000e+00
9.987913816434860204e-01 0.000000000000000000e+00
1.000894338960240493e+00 0.000000000000000000e+00
1.002353283614340507e+00 0.000000000000000000e+00
1.003423032984746666e+00 0.000000000000000000e+00
1.004239651496799501e+00 0.000000000000000000e+00
1.004882408063807020e+00 0.000000000000000000e+00
1.005400608414235064e+00 0.000000000000000000e+00
1.005826528784521390e+00 0.000000000000000000e+00
1.006182182598669428e+00 0.000000000000000000e+00
1.006483098200994020e+00 0.000000000000000000e+00
1.006740542325506693e+00 0.000000000000000000e+00
1.006962887468745738e+00 0.000000000000000000e+00
1.007156484531033014e+00 0.000000000000000000e+00
1.007326237679646574e+00 0.000000000000000000e+00
1.007475993600729147e+00 0.000000000000000000e+00
1.007608811485633193e+00 0.000000000000000000e+00
1.007727154311321316e+00 0.000000000000000000e+00
1.007833026940802235e+00 0.000000000000000000e+00
1.007928077527168842e+00 0.000000000000000000e+00
1.008013673113195008e+00 0.000000000000000000e+00
1.008090956773920244e+00 0.000000000000000000e+00
1.008160891352047228e+00 0.000000000000000000e+00
1.008224293316244635e+00 0.000000000000000000e+00
1.008281859248566281e+00 0.000000000000000000e+00
1.008334186765701856e+00 0.000000000000000000e+00
1.008381791190688048e+00 0.000000000000000000e+00
1.008425118947240406e+00 0.000000000000000000e+00
1.008464558402559996e+00 0.000000000000000000e+00
1.008500448706181052e+00 0.000000000000000000e+00
1.008533087041913134e+00 0.000000000000000000e+00
1.008562734613367207e+00 0.000000000000000000e+00
1.008589621611412301e+00 0.000000000000000000e+00
1.008613951357490546e+00 0.000000000000000000e+00
1.008635903775330078e+00 0.000000000000000000e+00
1.008655638311829472e+00 0.000000000000000000e+00
1.008673296403337138e+00 0.000000000000000000e+00
1.008689003564418707e+00 0.000000000000000000e+00
1.008702871161184511e+00 0.000000000000000000e+00
1.008714997919381906e+00 0.000000000000000000e+00
1.008725471208005597e+00 0.000000000000000000e+00
1.008734368131588788e+00 0.000000000000000000e+00
1.008741756458220173e+00 0.000000000000000000e+00
1.008747695405317613e+00 0.000000000000000000e+00
1.008752236301089455e+00 0.000000000000000000e+00
1.008755423136177720e+00 0.000000000000000000e+00
1.008757293017102263e+00 0.000000000000000000e+00
1.008757876530636866e+00 0.000000000000000000e+00
1.008757198026096313e+00 0.000000000000000000e+00
1.008755275820573338e+00 0.000000000000000000e+00
1.008752122330377032e+00 0.000000000000000000e+00
1.008747744130239488e+00 0.000000000000000000e+00
1.008742141940170534e+00 0.000000000000000000e+00
1.008735310538142915e+00 0.000000000000000000e+00
1.008727238594960829e+00 0.000000000000000000e+00
1.008717908425673215e+00 0.000000000000000000e+00
1.008707295649629687e+00 0.000000000000000000e+00
1.008695368748637300e+00 0.000000000000000000e+00
1.008682088509556207e+00 0.000000000000000000e+00
1.008667407333872168e+00 0.000000000000000000e+00
1.008651268392127376e+00 0.000000000000000000e+00
1.008633604595290389e+00 0.000000000000000000e+00
1.008614337347830459e+00 0.000000000000000000e+00
1.008593375037966977e+00 0.000000000000000000e+00
1.008570611208613244e+00 0.000000000000000000e+00
1.008545922337050094e+00 0.000000000000000000e+00
1.008519165131092743e+00 0.000000000000000000e+00
1.008490173222761133e+00 0.000000000000000000e+00
1.008458753104777728e+00 0.000000000000000000e+00
1.008424679107163602e+00 0.000000000000000000e+00
1.008387687145813061e+00 0.000000000000000000e+00
1.008347466884906174e+00 0.000000000000000000e+00
1.008303651829633774e+00 0.000000000000000000e+00
1.008255806688784117e+00 0.000000000000000000e+00
1.008203411093585800e+00 0.000000000000000000e+00
1.008145838391483862e+00 0.000000000000000000e+00
1.008082327690596136e+00 0.000000000000000000e+00
1.008011946514440149e+00 0.000000000000000000e+00
1.007933540175365072e+00 0.000000000000000000e+00
1.007845662015077082e+00 0.000000000000000000e+00
1.007746475515461926e+00 0.000000000000000000e+00
1.007633614099020969e+00 0.000000000000000000e+00
1.007503975633335491e+00 0.000000000000000000e+00
1.007353413181243384e+00 0.000000000000000000e+00
1.007176255271839738e+00 0.000000000000000000e+00
1.006964534963683544e+00 0.000000000000000000e+00
1.006706698262091582e+00 0.000000000000000000e+00
1.006385329653180616e+00 0.000000000000000000e+00
1.005972895383331345e+00 0.000000000000000000e+00
1.005423146463714890e+00 0.000000000000000000e+00
1.004651961334042554e+00 0.000000000000000000e+00
1.003488598100429563e+00 0.000000000000000000e+00
1.001525547391734605e+00 0.000000000000000000e+00
9.974903366149732165e-01 0.000000000000000000e+00
9.843559751392213508e-01 0.000000000000000000e+00
1.198455459585689775e+00 0.000000000000000000e+00
1.028669994317757297e+00 0.000000000000000000e+00
1.019388132804848413e+00 0.000000000000000000e+00
1.016056164228005265e+00 0.000000000000000000e+00
1.014336608756810199e+00 0.000000000000000000e+00
1.013283618117684748e+00 0.000000000000000000e+00
1.012569995154005031e+00 0.000000000000000000e+00
1.012052472655902591e+00 0.000000000000000000e+00
1.011658392854461574e+00 0.000000000000000000e+00
1.011346976675948195e+00 0.000000000000000000e+00
1.011093566092418738e+00 0.000000000000000000e+00
1.010882372230667459e+00 0.000000000000000000e+00
1.010702814846770492e+00 0.000000000000000000e+00
1.010547536382616185e+00 0.000000000000000000e+00
1.010411260163367908e+00 0.000000000000000000e+00
1.010290101812347796e+00 0.000000000000000000e+00
1.010181137020631947e+00 0.000000000000000000e+00
1.010082120824664198e+00 0.000000000000000000e+00
1.009991299846528578e+00 0.000000000000000000e+00
1.009907283453160387e+00 0.000000000000000000e+00
1.009828953329960699e+00 0.000000000000000000e+00
1.009755398732697707e+00 0.000000000000000000e+00
1.009685869288578841e+00 0.000000000000000000e+00
1.009619740030648805e+00 0.000000000000000000e+00
1.009556485112984792e+00 0.000000000000000000e+00
1.009495657785602241e+00 0.000000000000000000e+00
1.009436874949476648e+00 0.000000000000000000e+00
1.009379805107459616e+00 0.000000000000000000e+00
1.009324158863639909e+00 0.000000000000000000e+00
1.009269681356357085e+00 0.000000000000000000e+00
1.009216146173174566e+00 0.000000000000000000e+00
1.009163350412018767e+00 0.000000000000000000e+00
1.009111110636086162e+00 0.000000000000000000e+00
1.009059259530809660e+00 0.000000000000000000e+00
1.009007643115835240e+00 0.000000000000000000e+00
1.008956118398118385e+00 0.000000000000000000e+00
1.008904551377115544e+00 0.000000000000000000e+00
1.008852815331825026e+00 0.000000000000000000e+00
1.008800789333732739e+00 0.000000000000000000e+00
1.008748356940655677e+00 0.000000000000000000e+00
1.008695405034903292e+00 0.000000000000000000e+00
1.008641822775681041e+00 0.000000000000000000e+00
1.008587500640680146e+00 0.000000000000000000e+00
1.008532329535679395e+00 0.000000000000000000e+00
1.008476199953963537e+00 0.000000000000000000e+00
1.008419001169608364e+00 0.000000000000000000e+00
1.008360620450358347e+00 0.000000000000000000e+00
1.008300942276997736e+00 0.000000000000000000e+00
1.008239847556881008e+00 0.000000000000000000e+00
1.008177212819697077e+00 0.000000000000000000e+00
1.008112909383596545e+00 0.000000000000000000e+00
1.008046802479579451e+00 0.000000000000000000e+00
1.007978750321472328e+00 0.000000000000000000e+00
1.007908603107949164e+00 0.000000000000000000e+00
1.007836201941835430e+00 0.000000000000000000e+00
1.007761377650330692e+00 0.000000000000000000e+00
1.007683949487771624e+00 0.000000000000000000e+00
1.007603723700039700e+00 0.000000000000000000e+00
1.007520491926626516e+00 0.000000000000000000e+00
1.007434029412585641e+00 0.000000000000000000e+00
1.007344092997988438e+00 0.000000000000000000e+00
1.007250418846869167e+00 0.000000000000000000e+00
1.007152719870781032e+00 0.000000000000000000e+00
1.007050682793681595e+00 0.000000000000000000e+00
1.006943964794558832e+00 0.000000000000000000e+00
1.006832189651533094e+00 0.000000000000000000e+00
1.006714943295474507e+00 0.000000000000000000e+00
1.006591768661724728e+00 0.000000000000000000e+00
1.006462159704204273e+00 0.000000000000000000e+00
1.006325554405724576e+00 0.000000000000000000e+00
1.006181326579875579e+00 0.000000000000000000e+00
1.006028776211077114e+00 0.000000000000000000e+00
1.005867118017054862e+00 0.000000000000000000e+00
1.005695467837866452e+00 0.000000000000000000e+00
1.005512826351780520e+00 0.000000000000000000e+00
1.005318059482795956e+00 0.000000000000000000e+00
1.005109874686252125e+00 0.000000000000000000e+00
1.004886792062223755e+00 0.000000000000000000e+00
1.004647108929195953e+00 0.000000000000000000e+00
1.004388856061261714e+00 0.000000000000000000e+00
1.004109743205071181e+00 0.000000000000000000e+00
1.003807090680748804e+00 0.000000000000000000e+00
1.003477742733968725e+00 0.000000000000000000e+00
1.003117956693022395e+00 0.000000000000000000e+00
1.002723259662505084e+00 0.000000000000000000e+00
1.002288261090398924e+00 0.000000000000000000e+00
1.001806404497501468e+00 0.000000000000000000e+00
1.001269634011977994e+00 0.000000000000000000e+00
1.000667939531010298e+00 0.000000000000000000e+00
9.999887256400555868e-01 0.000000000000000000e+00
9.992159191145593145e-01 0.000000000000000000e+00
9.983286792959853440e-01 0.000000000000000000e+00
9.972994886714408036e-01 0.000000000000000000e+00
9.960912458727605445e-01 0.000000000000000000e+00
9.946526950437422077e-01 0.000000000000000000e+00
9.929109637091030338e-01 0.000000000000000000e+00
9.907588234981410391e-01 0.000000000000000000e+00
9.880317380400749361e-01 0.000000000000000000e+00
9.844636729314610868e-01 0.000000000000000000e+00
9.795945601922925183e-01 0.000000000000000000e+00
9.725539493978229144e-01 0.000000000000000000e+00
9.614721014105562791e-01 0.000000000000000000e+00
9.414687618407121539e-01 0.000000000000000000e+00
8.945118085971306421e-01 0.000000000000000000e+00
6.536285745218914922e-01 0.000000000000000000e+00
1.346903467136907340e+00 0.000000000000000000e+00
1.125400849654456303e+00 0.000000000000000000e+00
1.079993110984488247e+00 0.000000000000000000e+00
1.060416860316292453e+00 0.000000000000000000e+00
1.049511106664426263e+00 0.000000000000000000e+00
1.042560002558883259e+00 0.000000000000000000e+00
1.037742757634993795e+00 0.000000000000000000e+00
1.034207638258661133e+00 0.000000000000000000e+00
1.031502986667572008e+00 0.000000000000000000e+00
1.029367002674974385e+00 0.000000000000000000e+00
1.027637470505520456e+00 0.000000000000000000e+00
1.026208520366988619e+00 0.000000000000000000e+00
1.025008118394976631e+00 0.000000000000000000e+00
1.023985549428704012e+00 0.000000000000000000e+00
1.023104073717967077e+00 0.000000000000000000e+00
1.022336423315076015e+00 0.000000000000000000e+00
1.021661934583891318e+00 0.000000000000000000e+00
1.021064662966655323e+00 0.000000000000000000e+00
1.020532108659178983e+00 0.000000000000000000e+00
1.020054334070704671e+00 0.000000000000000000e+00
1.019623339390902883e+00 0.000000000000000000e+00
1.019232612290607909e+00 0.000000000000000000e+00
1.018876797619251873e+00 0.000000000000000000e+00
1.018551451379271944e+00 0.000000000000000000e+00
1.018252854913878513e+00 0.000000000000000000e+00
1.017977872789284755e+00 0.000000000000000000e+00
1.017723842836394610e+00 0.000000000000000000e+00
1.017488490170666449e+00 0.000000000000000000e+00
1.017269859304109625e+00 0.000000000000000000e+00
1.017066260058751448e+00 0.000000000000000000e+00
1.016876224115746519e+00 0.000000000000000000e+00
1.016698469837943319e+00 0.000000000000000000e+00
1.016531873584896717e+00 0.000000000000000000e+00
1.016375446164455409e+00 0.000000000000000000e+00
1.016228313379313963e+00 0.000000000000000000e+00
1.016089699861566942e+00 0.000000000000000000e+00
1.015958915565098319e+00 0.000000000000000000e+00
1.015835344420040753e+00 0.000000000000000000e+00
1.015718434756522681e+00 0.000000000000000000e+00
1.015607691184461370e+00 0.000000000000000000e+00
1.015502667678026993e+00 0.000000000000000000e+00
1.015402961661864278e+00 0.000000000000000000e+00
1.015308208934361467e+00 0.000000000000000000e+00
1.015218079293559894e+00 0.000000000000000000e+00
1.015132272755483012e+00 0.000000000000000000e+00
1.015050516274062842e+00 0.000000000000000000e+00
1.014972560887498876e+00 0.000000000000000000e+00
1.014898179228572950e+00 0.000000000000000000e+00
1.014827163346794014e+00 0.000000000000000000e+00
1.014759322798705288e+00 0.000000000000000000e+00
1.014694482969664913e+00 0.000000000000000000e+00
1.014632483596158430e+00 0.000000000000000000e+00
1.014573177462487763e+00 0.000000000000000000e+00
1.014516429249658680e+00 0.000000000000000000e+00
1.014462114517637126e+00 0.000000000000000000e+00
1.014410118804942362e+00 0.000000000000000000e+00
1.014360336831936271e+00 0.000000000000000000e+00
1.014312671796175458e+00 0.000000000000000000e+00
1.014267034749940732e+00 0.000000000000000000e+00
1.014223344051534248e+00 0.000000000000000000e+00
1.014181524883249530e+00 0.000000000000000000e+00
1.014141508830046057e+00 0.000000000000000000e+00
1.014103233513982794e+00 0.000000000000000000e+00
1.014066642280377462e+00 0.000000000000000000e+00
1.014031683932492101e+00 0.000000000000000000e+00
1.013998312512346622e+00 0.000000000000000000e+00
1.013966487125999905e+00 0.000000000000000000e+00
1.013936171812398701e+00 0.000000000000000000e+00
1.013907335455642489e+00 0.000000000000000000e+00
1.013879951741300856e+00 0.000000000000000000e+00
1.013853999158271346e+00 0.000000000000000000e+00
1.013829461048602276e+00 0.000000000000000000e+00
1.013806325708757949e+00 0.000000000000000000e+00
1.013784586547036293e+00 0.000000000000000000e+00
1.013764242303284657e+00 0.000000000000000000e+00
1.013745297338790374e+00 0.000000000000000000e+00
1.013727762006314759e+00 0.000000000000000000e+00
1.013711653112817412e+00 0.000000000000000000e+00
1.013696994490610459e+00 0.000000000000000000e+00
1.013683817696692469e+00 0.000000000000000000e+00
1.013672162865078885e+00 0.000000000000000000e+00
1.013662079743413935e+00 0.000000000000000000e+00
1.013653628953475216e+00 0.000000000000000000e+00
1.013646883525978426e+00 0.000000000000000000e+00
1.013641930774239697e+00 0.000000000000000000e+00
1.013638874589926520e+00 0.000000000000000000e+00
1.013637838269043412e+00 0.000000000000000000e+00
1.013638968009835661e+00 0.000000000000000000e+00
1.013642437269944629e+00 0.000000000000000000e+00
1.013648452232951636e+00 0.000000000000000000e+00
1.013657258721921250e+00 0.000000000000000000e+00
1.013669151020928361e+00 0.000000000000000000e+00
1.013684483242025536e+00 0.000000000000000000e+00
1.013703684131328497e+00 0.000000000000000000e+00
1.013727276586034565e+00 0.000000000000000000e+00
1.013755903722325602e+00 0.000000000000000000e+00
1.013790364204584682e+00 0.000000000000000000e+00
1.013831660909162435e+00 0.000000000000000000e+00
1.013881069181282957e+00 0.000000000000000000e+00
1.013940234542776819e+00 0.000000000000000000e+00
1.014011315816163217e+00 0.000000000000000000e+00
1.014097200353216710e+00 0.000000000000000000e+00
1.014201837622815461e+00 0.000000000000000000e+00
1.014330774746291519e+00 0.000000000000000000e+00
1.014492052605153072e+00 0.000000000000000000e+00
1.014697781540684574e+00 0.000000000000000000e+00
1.014967084914807138e+00 0.000000000000000000e+00
1.015332030196056667e+00 0.000000000000000000e+00
1.015850805266978574e+00 0.000000000000000000e+00
1.016641105188763605e+00 0.000000000000000000e+00
1.017982316703476720e+00 0.000000000000000000e+00
1.020738410194185875e+00 0.000000000000000000e+00
1.029563830032366401e+00 0.000000000000000000e+00
8.381868438844791713e-01 0.000000000000000000e+00
9.985016905184044278e-01 0.000000000000000000e+00
1.005269062503487243e+00 0.000000000000000000e+00
1.007648154164354048e+00 0.000000000000000000e+00
1.008859353479365284e+00 0.000000000000000000e+00
1.009591427863577806e+00 0.000000000000000000e+00
1.010080622322195643e+00 0.000000000000000000e+00
1.010429864933527488e+00 0.000000000000000000e+00
1.010691180825967095e+00 0.000000000000000000e+00
1.010893697117538848e+00 0.000000000000000000e+00
1.011054991910068646e+00 0.000000000000000000e+00
1.011186302202493614e+00 0.000000000000000000e+00
1.011295146863572691e+00 0.000000000000000000e+00
1.011386747168736999e+00 0.000000000000000000e+00
1.011464842352717941e+00 0.000000000000000000e+00
1.011532180852803053e+00 0.000000000000000000e+00
1.011590828350121152e+00 0.000000000000000000e+00
1.011642367655900987e+00 0.000000000000000000e+00
1.011688032298245776e+00 0.000000000000000000e+00
1.011728798123100459e+00 0.000000000000000000e+00
1.011765447540397656e+00 0.000000000000000000e+00
1.011798615496015685e+00 0.000000000000000000e+00
1.011828822961385210e+00 0.000000000000000000e+00
1.011856501725761248e+00 0.000000000000000000e+00
1.011882013019192783e+00 0.000000000000000000e+00
1.011905661688137892e+00 0.000000000000000000e+00
1.011927707117702857e+00 0.000000000000000000e+00
1.011948371741920205e+00 0.000000000000000000e+00
1.011967847743905358e+00 0.000000000000000000e+00
1.011986302382279490e+00 0.000000000000000000e+00
1.012003882264302712e+00 0.000000000000000000e+00
1.012020716803786247e+00 0.000000000000000000e+00
1.012036921042595683e+00 0.000000000000000000e+00
1.012052597971434764e+00 0.000000000000000000e+00
1.012067840453862999e+00 0.000000000000000000e+00
1.012082732833937682e+00 0.000000000000000000e+00
1.012097352290186159e+00 0.000000000000000000e+00
1.012111769985246212e+00 0.000000000000000000e+00
1.012126052050329683e+00 0.000000000000000000e+00
1.012140260435837824e+00 0.000000000000000000e+00
1.012154453653431929e+00 0.000000000000000000e+00
1.012168687430170300e+00 0.000000000000000000e+00
1.012183015291687527e+00 0.000000000000000000e+00
1.012197489088541680e+00 0.000000000000000000e+00
1.012212159477642537e+00 0.000000000000000000e+00
1.012227076368951817e+00 0.000000000000000000e+00
1.012242289346326540e+00 0.000000000000000000e+00
1.012257848070374333e+00 0.000000000000000000e+00
1.012273802670462741e+00 0.000000000000000000e+00
1.012290204132524574e+00 0.000000000000000000e+00
1.012307104689003756e+00 0.000000000000000000e+00
1.012324558217172488e+00 0.000000000000000000e+00
1.012342620652110226e+00 0.000000000000000000e+00
1.012361350420871942e+00 0.000000000000000000e+00
1.012380808904774332e+00 0.000000000000000000e+00
1.012401060937340835e+00 0.000000000000000000e+00
1.012422175346246789e+00 0.000000000000000000e+00
1.012444225548662313e+00 0.000000000000000000e+00
1.012467290210725901e+00 0.000000000000000000e+00
1.012491453983541456e+00 0.000000000000000000e+00
1.012516808330166551e+00 0.000000000000000000e+00
1.012543452460625160e+00 0.000000000000000000e+00
1.012571494395141380e+00 0.000000000000000000e+00
1.012601052179734173e+00 0.000000000000000000e+00
1.012632255283180571e+00 0.000000000000000000e+00
1.012665246210450620e+00 0.000000000000000000e+00
1.012700182375322777e+00 0.000000000000000000e+00
1.012737238284465713e+00 0.000000000000000000e+00
1.012776608097377684e+00 0.000000000000000000e+00
1.012818508641967208e+00 0.000000000000000000e+00
1.012863182985255017e+00 0.000000000000000000e+00
1.012910904684062086e+00 0.000000000000000000e+00
1.012961982873477940e+00 0.000000000000000000e+00
1.013016768393982137e+00 0.000000000000000000e+00
1.013075661214882128e+00 0.000000000000000000e+00
1.013139119487280082e+00 0.000000000000000000e+00
1.013207670661217863e+00 0.000000000000000000e+00
1.013281925239233106e+00 0.000000000000000000e+00
1.013362593927152444e+00 0.000000000000000000e+00
1.013450509204529393e+00 0.000000000000000000e+00
1.013546652704413242e+00 0.000000000000000000e+00
1.013652190314875412e+00 0.000000000000000000e+00
1.013768517669581870e+00 0.000000000000000000e+00
1.013897319802186114e+00 0.000000000000000000e+00
1.014040650392457055e+00 0.000000000000000000e+00
1.014201038546859390e+00 0.000000000000000000e+00
1.014381634962483014e+00 0.000000000000000000e+00
1.014586415532127361e+00 0.000000000000000000e+00
1.014820470574035127e+00 0.000000000000000000e+00
1.015090424864518059e+00 0.000000000000000000e+00
1.015405063115215167e+00 0.000000000000000000e+00
1.015776288535654936e+00 0.000000000000000000e+00
1.016220641579775874e+00 0.000000000000000000e+00
1.016761802026507233e+00 0.000000000000000000e+00
1.017434907033015978e+00 0.000000000000000000e+00
1.018294434436155305e+00 0.000000000000000000e+00
1.019429633612179531e+00 0.000000000000000000e+00
1.020997535015410795e+00 0.000000000000000000e+00
1.023302376839413386e+00 0.000000000000000000e+00
1.027020906960335989e+00 0.000000000000000000e+00
1.034024010994111009e+00 0.000000000000000000e+00
1.052089546016916177e+00 0.000000000000000000e+00
1.205561242594335392e+00 0.000000000000000000e+00
9.403284582615890619e-01 0.000000000000000000e+00
9.811695527938115724e-01 0.000000000000000000e+00
9.921210887163203207e-01 0.000000000000000000e+00
9.972029502668694478e-01 0.000000000000000000e+00
1.000135527312886241e+00 0.000000000000000000e+00
1.002043483147757819e+00 0.000000000000000000e+00
1.003383340991860440e+00 0.000000000000000000e+00
1.004375484123910534e+00 0.000000000000000000e+00
1.005139354100580862e+00 0.000000000000000000e+00
1.005745305610480589e+00 0.000000000000000000e+00
1.006237473512826330e+00 0.000000000000000000e+00
1.006644946271731511e+00 0.000000000000000000e+00
1.006987674325119597e+00 0.000000000000000000e+00
1.007279797083648676e+00 0.000000000000000000e+00
1.007531615021798777e+00 0.000000000000000000e+00
1.007750809689196503e+00 0.000000000000000000e+00
1.007943226261583503e+00 0.000000000000000000e+00
1.008113391315396123e+00 0.000000000000000000e+00
1.008264864764966573e+00 0.000000000000000000e+00
1.008400484790467289e+00 0.000000000000000000e+00
1.008522541885516599e+00 0.000000000000000000e+00
1.008632904854227297e+00 0.000000000000000000e+00
1.008733113553458294e+00 0.000000000000000000e+00
1.008824448188647915e+00 0.000000000000000000e+00
1.008907981799049391e+00 0.000000000000000000e+00
1.008984620505227081e+00 0.000000000000000000e+00
1.009055134723217728e+00 0.000000000000000000e+00
1.009120183625407341e+00 0.000000000000000000e+00
1.009180334493352982e+00 0.000000000000000000e+00
1.009236078165107742e+00 0.000000000000000000e+00
1.009287841466575353e+00 0.000000000000000000e+00
1.009335997292170051e+00 0.000000000000000000e+00
1.009380872837457366e+00 0.000000000000000000e+00
1.009422756367240215e+00 0.000000000000000000e+00
1.009461902814233092e+00 0.000000000000000000e+00
1.009498538437379800e+00 0.000000000000000000e+00
1.009532864718993839e+00 0.000000000000000000e+00
1.009565061641901407e+00 0.000000000000000000e+00
1.009595290458607408e+00 0.000000000000000000e+00
1.009623696041949570e+00 0.000000000000000000e+00
1.009650408889129825e+00 0.000000000000000000e+00
1.009675546837226712e+00 0.000000000000000000e+00
1.009699216537416122e+00 0.000000000000000000e+00
1.009721514726479530e+00 0.000000000000000000e+00
1.009742529327277261e+00 0.000000000000000000e+00
1.009762340404317893e+00 0.000000000000000000e+00
1.009781020996075807e+00 0.000000000000000000e+00
1.009798637842073132e+00 0.000000000000000000e+00
1.009815252019777176e+00 0.000000000000000000e+00
1.009830919503937441e+00 0.000000000000000000e+00
1.009845691658983968e+00 0.000000000000000000e+00
1.009859615673454059e+00 0.000000000000000000e+00
1.009872734944048389e+00 0.000000000000000000e+00
1.009885089415763604e+00 0.000000000000000000e+00
1.009896715883595641e+00 0.000000000000000000e+00
1.009907648260499613e+00 0.000000000000000000e+00
1.009917917815606803e+00 0.000000000000000000e+00
1.009927553386125831e+00 0.000000000000000000e+00
1.009936581565852087e+00 0.000000000000000000e+00
1.009945026872789198e+00 0.000000000000000000e+00
1.009952911898011063e+00 0.000000000000000000e+00
1.009960257437574338e+00 0.000000000000000000e+00
1.009967082608998368e+00 0.000000000000000000e+00
1.009973404953575793e+00 0.000000000000000000e+00
1.009979240525535005e+00 0.000000000000000000e+00
1.009984603968858474e+00 0.000000000000000000e+00
1.009989508582337825e+00 0.000000000000000000e+00
1.009993966373245344e+00 0.000000000000000000e+00
1.009997988099764710e+00 0.000000000000000000e+00
1.010001583302104322e+00 0.000000000000000000e+00
1.010004760321944861e+00 0.000000000000000000e+00
1.010007526309580461e+00 0.000000000000000000e+00
1.010009887217756974e+00 0.000000000000000000e+00
1.010011847780791117e+00 0.000000000000000000e+00
1.010013411477019618e+00 0.000000000000000000e+00
1.010014580471970458e+00 0.000000000000000000e+00
1.010015355538787851e+00 0.000000000000000000e+00
1.010015735951335758e+00 0.000000000000000000e+00
1.010015719343935414e+00 0.000000000000000000e+00
1.010015301529726406e+00 0.000000000000000000e+00
1.010014476266992256e+00 0.000000000000000000e+00
1.010013234959136419e+00 0.000000000000000000e+00
1.010011566268945282e+00 0.000000000000000000e+00
1.010009455620646035e+00 0.000000000000000000e+00
1.010006884553104500e+00 0.000000000000000000e+00
1.010003829872765158e+00 0.000000000000000000e+00
1.010000262533216731e+00 0.000000000000000000e+00
1.009996146135683004e+00 0.000000000000000000e+00
1.009991434894886853e+00 0.000000000000000000e+00
1.009986070836824457e+00 0.000000000000000000e+00
1.009979979870253120e+00 0.000000000000000000e+00
1.009973066168698530e+00 0.000000000000000000e+00
1.009965203952619905e+00 0.000000000000000000e+00
1.009956225153426645e+00 0.000000000000000000e+00
1.009945900334754398e+00 0.000000000000000000e+00
1.009933908142480075e+00 0.000000000000000000e+00
1.009919784342353744e+00 0.000000000000000000e+00
1.009902832540369833e+00 0.000000000000000000e+00
1.009881958159075221e+00 0.000000000000000000e+00
1.009855335834204615e+00 0.000000000000000000e+00
1.009819676076002759e+00 0.000000000000000000e+00
1.009768386351214353e+00 0.000000000000000000e+00
1.009686029415042263e+00 0.000000000000000000e+00
1.009525987034298300e+00 0.000000000000000000e+00
1.009051342921301053e+00 0.000000000000000000e+00
1.054934167595920957e+00 0.000000000000000000e+00
1.010854974554301622e+00 0.000000000000000000e+00
1.010406883737316575e+00 0.000000000000000000e+00
1.010250295340408444e+00 0.000000000000000000e+00
1.010167417262942013e+00 0.000000000000000000e+00
1.010113982852748782e+00 0.000000000000000000e+00
1.010075131060866882e+00 0.000000000000000000e+00
1.010044462380856212e+00 0.000000000000000000e+00
1.010018763237749972e+00 0.000000000000000000e+00
1.009996239545027041e+00 0.000000000000000000e+00
1.009975807961531746e+00 0.000000000000000000e+00
1.009956772997559593e+00 0.000000000000000000e+00
1.009938665266799651e+00 0.000000000000000000e+00
1.009921154244932673e+00 0.000000000000000000e+00
1.009903998332149611e+00 0.000000000000000000e+00
1.009887014831295504e+00 0.000000000000000000e+00
1.009870061136161734e+00 0.000000000000000000e+00
1.009853022515908805e+00 0.000000000000000000e+00
1.009835803929554521e+00 0.000000000000000000e+00
1.009818324383318977e+00 0.000000000000000000e+00
1.009800512937409467e+00 0.000000000000000000e+00
1.009782305808313518e+00 0.000000000000000000e+00
1.009763644213328870e+00 0.000000000000000000e+00
1.009744472726171294e+00 0.000000000000000000e+00
1.009724737988779042e+00 0.000000000000000000e+00
1.009704387673142412e+00 0.000000000000000000e+00
1.009683369618746829e+00 0.000000000000000000e+00
1.009661631092233947e+00 0.000000000000000000e+00
1.009639118130012392e+00 0.000000000000000000e+00
1.009615774934085275e+00 0.000000000000000000e+00
1.009591543297849725e+00 0.000000000000000000e+00
1.009566362042954468e+00 0.000000000000000000e+00
1.009540166451145637e+00 0.000000000000000000e+00
1.009512887676755177e+00 0.000000000000000000e+00
1.009484452126352183e+00 0.000000000000000000e+00
1.009454780792259809e+00 0.000000000000000000e+00
1.009423788526225163e+00 0.000000000000000000e+00
1.009391383238543716e+00 0.000000000000000000e+00
1.009357465006414767e+00 0.000000000000000000e+00
1.009321925073166870e+00 0.000000000000000000e+00
1.009284644717200363e+00 0.000000000000000000e+00
1.009245493965920559e+00 0.000000000000000000e+00
1.009204330125421212e+00 0.000000000000000000e+00
1.009160996091022389e+00 0.000000000000000000e+00
1.009115318396689887e+00 0.000000000000000000e+00
1.009067104952478422e+00 0.000000000000000000e+00
1.009016142407984873e+00 0.000000000000000000e+00
1.008962193065702895e+00 0.000000000000000000e+00
1.008904991250297201e+00 0.000000000000000000e+00
1.008844239016997824e+00 0.000000000000000000e+00
1.008779601053021668e+00 0.000000000000000000e+00
1.008710698588044075e+00 0.000000000000000000e+00
1.008637102080407466e+00 0.000000000000000000e+00
1.008558322380957772e+00 0.000000000000000000e+00
1.008473799990627029e+00 0.000000000000000000e+00
1.008382891913250257e+00 0.000000000000000000e+00
1.008284855450474637e+00 0.000000000000000000e+00
1.008178828074811850e+00 0.000000000000000000e+00
1.008063802226296657e+00 0.000000000000000000e+00
1.007938593472842648e+00 0.000000000000000000e+00
1.007801799901498541e+00 0.000000000000000000e+00
1.007651749786843798e+00 0.000000000000000000e+00
1.007486433388286473e+00 0.000000000000000000e+00
1.007303412961199962e+00 0.000000000000000000e+00
1.007099702405792385e+00 0.000000000000000000e+00
1.006871603889502254e+00 0.000000000000000000e+00
1.006614482359399432e+00 0.000000000000000000e+00
1.006322448533483405e+00 0.000000000000000000e+00
1.005987903888293067e+00 0.000000000000000000e+00
1.005600872068999285e+00 0.000000000000000000e+00
1.005147989835813993e+00 0.000000000000000000e+00
1.004610936518777198e+00 0.000000000000000000e+00
1.003963900200321335e+00 0.000000000000000000e+00
1.003169312864548690e+00 0.000000000000000000e+00
1.002170297540146748e+00 0.000000000000000000e+00
1.000876434020435468e+00 0.000000000000000000e+00
9.991347550516818110e-01 0.000000000000000000e+00
9.966643555378125185e-01 0.000000000000000000e+00
9.928872770315428919e-01 0.000000000000000000e+00
9.863947302980069498e-01 0.000000000000000000e+00
9.726166502911981482e-01 0.000000000000000000e+00
9.236233540576104240e-01 0.000000000000000000e+00
1.325272090926761681e+00 0.000000000000000000e+00
1.067098163129125199e+00 0.000000000000000000e+00
1.041782515286545419e+00 0.000000000000000000e+00
1.032203942762084603e+00 0.000000000000000000e+00
1.027168167768161888e+00 0.000000000000000000e+00
1.024063109484133038e+00 0.000000000000000000e+00
1.021957173279318010e+00 0.000000000000000000e+00
1.020435066619136855e+00 0.000000000000000000e+00
1.019283648932211239e+00 0.000000000000000000e+00
1.018382274312873648e+00 0.000000000000000000e+00
1.017657528404100953e+00 0.000000000000000000e+00
1.017062175676326286e+00 0.000000000000000000e+00
1.016564445722653032e+00 0.000000000000000000e+00
1.016142182993894805e+00 0.000000000000000000e+00
1.015779465444308638e+00 0.000000000000000000e+00
1.015464556392892348e+00 0.000000000000000000e+00
1.015188614139038492e+00 0.000000000000000000e+00
1.014944851256575298e+00 0.000000000000000000e+00
1.014727970778576793e+00 0.000000000000000000e+00
1.014533778414830278e+00 0.000000000000000000e+00
1.014358909853191326e+00 0.000000000000000000e+00
1.014200635176694565e+00 0.000000000000000000e+00
1.014056716099748900e+00 0.000000000000000000e+00
1.013925300098625470e+00 0.000000000000000000e+00
1.013804840772045690e+00 0.000000000000000000e+00
1.013694037150794092e+00 0.000000000000000000e+00
1.013591786897037883e+00 0.000000000000000000e+00
1.013497149821113386e+00 0.000000000000000000e+00
1.013409319156318045e+00 0.000000000000000000e+00
1.013327598733055446e+00 0.000000000000000000e+00
1.013251384685752265e+00 0.000000000000000000e+00
1.013180150676185498e+00 0.000000000000000000e+00
1.013113435869227752e+00 0.000000000000000000e+00
1.013050835081027889e+00 0.000000000000000000e+00
1.012991990655242480e+00 0.000000000000000000e+00
1.012936585723883010e+00 0.000000000000000000e+00
1.012884338585211097e+00 0.000000000000000000e+00
1.012834997988629748e+00 0.000000000000000000e+00
1.012788339160496598e+00 0.000000000000000000e+00
1.012744160438662444e+00 0.000000000000000000e+00
1.012702280409844224e+00 0.000000000000000000e+00
1.012662535464500024e+00 0.000000000000000000e+00
1.012624777700043888e+00 0.000000000000000000e+00
1.012588873116057719e+00 0.000000000000000000e+00
1.012554700055346979e+00 0.000000000000000000e+00
1.012522147852871868e+00 0.000000000000000000e+00
1.012491115661156238e+00 0.000000000000000000e+00
1.012461511426112626e+00 0.000000000000000000e+00
1.012433250991555678e+00 0.000000000000000000e+00
1.012406257314213631e+00 0.000000000000000000e+00
1.012380459773966512e+00 0.000000000000000000e+00
1.012355793566432238e+00 0.000000000000000000e+00
1.012332199167016222e+00 0.000000000000000000e+00
1.012309621857185649e+00 0.000000000000000000e+00
1.012288011305123359e+00 0.000000000000000000e+00
1.012267321194062486e+00 0.000000000000000000e+00
1.012247508892588188e+00 0.000000000000000000e+00
1.012228535162015719e+00 0.000000000000000000e+00
1.012210363896655752e+00 0.000000000000000000e+00
1.012192961893377596e+00 0.000000000000000000e+00
1.012176298647396555e+00 0.000000000000000000e+00
1.012160346171656178e+00 0.000000000000000000e+00
1.012145078837559886e+00 0.000000000000000000e+00
1.012130473235151928e+00 0.000000000000000000e+00
1.012116508051137176e+00 0.000000000000000000e+00
1.012103163963409713e+00 0.000000000000000000e+00
1.012090423550991103e+00 0.000000000000000000e+00
1.012078271218511016e+00 0.000000000000000000e+00
1.012066693134571205e+00 0.000000000000000000e+00
1.012055677183528068e+00 0.000000000000000000e+00
1.012045212930432925e+00 0.000000000000000000e+00
1.012035291599059583e+00 0.000000000000000000e+00
1.012025906063151792e+00 0.000000000000000000e+00
1.012017050851233613e+00 0.000000000000000000e+00
1.012008722165554708e+00 0.000000000000000000e+00
1.012000917915990339e+00 0.000000000000000000e+00
1.011993637769999399e+00 0.000000000000000000e+00
1.011986883220064470e+00 0.000000000000000000e+00
1.011980657670405792e+00 0.000000000000000000e+00
1.011974966545202026e+00 0.000000000000000000e+00
1.011969817421066509e+00 0.000000000000000000e+00
1.011965220187151626e+00 0.000000000000000000e+00
1.011961187237000237e+00 0.000000000000000000e+00
1.011957733697188777e+00 0.000000000000000000e+00
1.011954877698928668e+00 0.000000000000000000e+00
1.011952640700184647e+00 0.000000000000000000e+00
1.011951047867613473e+00 0.000000000000000000e+00
1.011950128529797599e+00 0.000000000000000000e+00
1.011949916716001541e+00 0.000000000000000000e+00
1.011950451798177664e+00 0.000000000000000000e+00
1.011951779258419171e+00 0.000000000000000000e+00
1.011953951609838143e+00 0.000000000000000000e+00
1.011957029506346695e+00 0.000000000000000000e+00
1.011961083086656332e+00 0.000000000000000000e+00
1.011966193610800424e+00 0.000000000000000000e+00
1.011972455464824394e+00 0.000000000000000000e+00
1.011979978632612465e+00 0.000000000000000000e+00
1.011988891765577048e+00 0.000000000000000000e+00
1.011999346024599733e+00 0.000000000000000000e+00
1.012011519929400638e+00 0.000000000000000000e+00
1.012025625536203011e+00 0.000000000000000000e+00
1.012041916387047991e+00 0.000000000000000000e+00
1.012060697851817626e+00 0.000000000000000000e+00
1.012082340746093267e+00 0.000000000000000000e+00
1.012107299501336932e+00 0.000000000000000000e+00
1.012136136766000449e+00 0.000000000000000000e+00
1.012169557257785124e+00 0.000000000000000000e+00
1.012208455195348744e+00 0.000000000000000000e+00
1.012253982118024753e+00 0.000000000000000000e+00
1.012307646104670722e+00 0.000000000000000000e+00
1.012371460767570897e+00 0.000000000000000000e+00
1.012448175809363082e+00 0.000000000000000000e+00
1.012541646461332157e+00 0.000000000000000000e+00
1.012657450293679373e+00 0.000000000000000000e+00
1.012803968912602715e+00 0.000000000000000000e+00
1.012994402045699793e+00 0.000000000000000000e+00
1.013250808946982939e+00 0.000000000000000000e+00
1.013613037769846015e+00 0.000000000000000000e+00
1.014161181409518164e+00 0.000000000000000000e+00
1.015083538946914832e+00 0.000000000000000000e+00
1.016952532578328183e+00 0.000000000000000000e+00
1.022723586989143341e+00 0.000000000000000000e+00
7.334235127865242898e-01 0.000000000000000000e+00
1.000912170178601235e+00 0.000000000000000000e+00
1.006042974329247386e+00 0.000000000000000000e+00
1.007793827639321904e+00 0.000000000000000000e+00
1.008675158827292417e+00 0.000000000000000000e+00
1.009204656715211312e+00 0.000000000000000000e+00
1.009557120467509783e+00 0.000000000000000000e+00
1.009808018466871626e+00 0.000000000000000000e+00
1.009995267704961286e+00 0.000000000000000000e+00
1.010140005313142852e+00 0.000000000000000000e+00
1.010254945780082458e+00 0.000000000000000000e+00
1.010348195853665310e+00 0.000000000000000000e+00
1.010425168194023282e+00 0.000000000000000000e+00
1.010489614452945384e+00 0.000000000000000000e+00
1.010544216838549447e+00 0.000000000000000000e+00
1.010590943668987718e+00 0.000000000000000000e+00
1.010631271917902474e+00 0.000000000000000000e+00
1.010666331393860196e+00 0.000000000000000000e+00
1.010697000963259651e+00 0.000000000000000000e+00
1.010723974448545670e+00 0.000000000000000000e+00
1.010747806794593195e+00 0.000000000000000000e+00
1.010768947068261037e+00 0.000000000000000000e+00
1.010787762473075890e+00 0.000000000000000000e+00
1.010804556108874097e+00 0.000000000000000000e+00
1.010819580297771081e+00 0.000000000000000000e+00
1.010833046715887029e+00 0.000000000000000000e+00
1.010845134189465311e+00 0.000000000000000000e+00
1.010855994759971566e+00 0.000000000000000000e+00
1.010865758450253615e+00 0.000000000000000000e+00
1.010874537044802901e+00 0.000000000000000000e+00
1.010882427113777959e+00 0.000000000000000000e+00
1.010889512451254690e+00 0.000000000000000000e+00
1.010895866055585568e+00 0.000000000000000000e+00
1.010901551748785376e+00 0.000000000000000000e+00
1.010906625509060408e+00 0.000000000000000000e+00
1.010911136573674485e+00 0.000000000000000000e+00
1.010915128356625781e+00 0.000000000000000000e+00
1.010918639215996562e+00 0.000000000000000000e+00
1.010921703098483393e+00 0.000000000000000000e+00
1.010924350082964551e+00 0.000000000000000000e+00
1.010926606840573561e+00 0.000000000000000000e+00
1.010928497025318951e+00 0.000000000000000000e+00
1.010930041606598051e+00 0.000000000000000000e+00
1.010931259152814565e+00 0.000000000000000000e+00
1.010932166073604810e+00 0.000000000000000000e+00
1.010932776826816371e+00 0.000000000000000000e+00
1.010933104095273372e+00 0.000000000000000000e+00
1.010933158937465492e+00 0.000000000000000000e+00
1.010932950915566675e+00 0.000000000000000000e+00
1.010932488203571289e+00 0.000000000000000000e+00
1.010931777677838594e+00 0.000000000000000000e+00
1.010930824991906674e+00 0.000000000000000000e+00
1.010929634637066421e+00 0.000000000000000000e+00
1.010928209989885529e+00 0.000000000000000000e+00
1.010926553347581747e+00 0.000000000000000000e+00
1.010924665951904222e+00 0.000000000000000000e+00
1.010922548001953913e+00 0.000000000000000000e+00
1.010920198656154234e+00 0.000000000000000000e+00
1.010917616023374377e+00 0.000000000000000000e+00
1.010914797143001698e+00 0.000000000000000000e+00
1.010911737953537060e+00 0.000000000000000000e+00
1.010908433249057436e+00 0.000000000000000000e+00
1.010904876622636728e+00 0.000000000000000000e+00
1.010901060395532181e+00 0.000000000000000000e+00
1.010896975530619413e+00 0.000000000000000000e+00
1.010892611528180884e+00 0.000000000000000000e+00
1.010887956301710133e+00 0.000000000000000000e+00
1.010882996030859626e+00 0.000000000000000000e+00
1.010877714988024145e+00 0.000000000000000000e+00
1.010872095334267806e+00 0.000000000000000000e+00
1.010866116879346466e+00 0.000000000000000000e+00
1.010859756799396436e+00 0.000000000000000000e+00
1.010852989304385829e+00 0.000000000000000000e+00
1.010845785245575001e+00 0.000000000000000000e+00
1.010838111650905535e+00 0.000000000000000000e+00
1.010829931173267582e+00 0.000000000000000000e+00
1.010821201432802408e+00 0.000000000000000000e+00
1.010811874229497365e+00 0.000000000000000000e+00
1.010801894595970918e+00 0.000000000000000000e+00
1.010791199651998928e+00 0.000000000000000000e+00
1.010779717211313988e+00 0.000000000000000000e+00
1.010767364076508246e+00 0.000000000000000000e+00
1.010754043938069779e+00 0.000000000000000000e+00
1.010739644766647016e+00 0.000000000000000000e+00
1.010724035550579991e+00 0.000000000000000000e+00
1.010707062179151627e+00 0.000000000000000000e+00
1.010688542199279727e+00 0.000000000000000000e+00
1.010668258069399750e+00 0.000000000000000000e+00
1.010645948383417148e+00 0.000000000000000000e+00
1.010621296315102002e+00 0.000000000000000000e+00
1.010593914199231280e+00 0.000000000000000000e+00
1.010563322654387974e+00 0.000000000000000000e+00
1.010528921852388295e+00 0.000000000000000000e+00
1.010489951257916408e+00 0.000000000000000000e+00
1.010445432053973525e+00 0.000000000000000000e+00
1.010394082896107992e+00 0.000000000000000000e+00
1.010334193375609368e+00 0.000000000000000000e+00
1.010263428162837096e+00 0.000000000000000000e+00
1.010178513075808526e+00 0.000000000000000000e+00
1.010074710752086879e+00 0.000000000000000000e+00
1.009944900729873307e+00 0.000000000000000000e+00
1.009777865651103612e+00 0.000000000000000000e+00
1.009554850021804784e+00 0.000000000000000000e+00
1.009241949968049834e+00 0.000000000000000000e+00
1.008770950753999696e+00 0.000000000000000000e+00
1.007981224187992186e+00 0.000000000000000000e+00
1.006383087626673056e+00 0.000000000000000000e+00
1.001430680537993778e+00 0.000000000000000000e+00
1.205456463979666104e+00 0.000000000000000000e+00
1.019892962667639846e+00 0.000000000000000000e+00
1.015597160449478231e+00 0.000000000000000000e+00
1.014120347177455361e+00 0.000000000000000000e+00
1.013373033423029090e+00 0.000000000000000000e+00
1.012921626385360208e+00 0.000000000000000000e+00
1.012619330014029817e+00 0.000000000000000000e+00
1.012402667768574904e+00 0.000000000000000000e+00
1.012239714589576955e+00 0.000000000000000000e+00
1.012112660109925288e+00 0.000000000000000000e+00
1.012010784591962365e+00 0.000000000000000000e+00
1.011927249736148227e+00 0.000000000000000000e+00
1.011857487773493380e+00 0.000000000000000000e+00
1.011798331353399805e+00 0.000000000000000000e+00
1.011747515078802229e+00 0.000000000000000000e+00
1.011703375799430260e+00 0.000000000000000000e+00
1.011664664963309646e+00 0.000000000000000000e+00
1.011630427013137323e+00 0.000000000000000000e+00
1.011599918210857707e+00 0.000000000000000000e+00
1.011572551032887457e+00 0.000000000000000000e+00
1.011547855207418856e+00 0.000000000000000000e+00
1.011525449858926118e+00 0.000000000000000000e+00
1.011505023233358003e+00 0.000000000000000000e+00
1.011486317701592030e+00 0.000000000000000000e+00
1.011469118504688458e+00 0.000000000000000000e+00
1.011453245195219841e+00 0.000000000000000000e+00
1.011438545050126647e+00 0.000000000000000000e+00
1.011424887944857076e+00 0.000000000000000000e+00
1.011412162324085040e+00 0.000000000000000000e+00
1.011400272004744805e+00 0.000000000000000000e+00
1.011389133617479397e+00 0.000000000000000000e+00
