9.625278767036010708e-01
9.621897917451522897e-01
9.619644017728531393e-01
9.793194296398891607e-01
9.699657457894735879e-01
9.502441232132963211e-01
9.571185173684210179e-01
9.656833363157893979e-01
9.553153975900275929e-01
9.541884477285318411e-01
9.697403558171744375e-01
9.643309964819943847e-01
9.505822081717451022e-01
9.566677374238226061e-01
9.529488028808863476e-01
9.508075981440442526e-01
9.721069505263156829e-01
9.512583780886425533e-01
9.563296524653739361e-01
9.627532666759002211e-01
9.832637541551245697e-01
9.612882318559555772e-01
9.740227652908586276e-01
9.514837680609418147e-01
9.607247569252076458e-01
9.645563864542935351e-01
9.804463795013850236e-01
9.589216371468143318e-01
9.663595062326869600e-01
9.759385800554015722e-01
9.565550424376730865e-01
9.652325563711910972e-01
9.715434755955678625e-01
9.564423474515234558e-01
9.559915675069251551e-01
9.679372360387811236e-01
9.495679532963988700e-01
9.537376677839334294e-01
9.527234129085871972e-01
9.749243251800553400e-01
9.603866719667589757e-01
9.657960313019390286e-01
9.321002304432132179e-01
9.442712889473683369e-01
9.515964630470913344e-01
9.398761844875345162e-01
9.346922151246537247e-01
9.571185173684210179e-01
9.505822081717451022e-01
9.390873195844874344e-01
9.459617137396121311e-01
9.299590257063711229e-01
1.046711031357340671e+00
1.023157779252077404e+00
9.990410522160664275e-01
9.743608502493074086e-01
9.772909198891965854e-01
9.740227652908586276e-01
9.610628418836564268e-01
9.562169574792243054e-01
9.509202931301938833e-01
9.617390118005539890e-01
9.421300842105262419e-01
9.519345480055401154e-01
9.703038307479223690e-01
9.735719853462603268e-01
9.630913516343490022e-01
9.591470271191134822e-01
9.624151817174514401e-01
9.440458989750691865e-01
9.576819922991689493e-01
9.379603697229916826e-01
9.487790883933517883e-01
9.485536984210525269e-01
9.481029184764542261e-01
9.581327722437672501e-01
9.557661775346260047e-01
9.468632736288088436e-01
9.407777443767312286e-01
9.284939908864265901e-01
9.561042624930747857e-01
9.404396594182824476e-01
9.399888794736841469e-01
9.589216371468143318e-01
9.487790883933517883e-01
9.573439073407201683e-01
9.433697290581717354e-01
9.341287401939057933e-01
9.559915675069251551e-01
9.422427791966758726e-01
9.336779602493073815e-01
9.503568181994459518e-01
9.420173892243767222e-01
9.229719365650969065e-01
9.394254045429362154e-01
9.355937750138503262e-01
9.452855438227146800e-01
9.198164769529085794e-01
9.398761844875345162e-01
9.189149170637118669e-01
9.439332039889196668e-01
9.322129254293628486e-01
9.188022220775622362e-01
9.155340674792242783e-01
9.076454184487534604e-01
9.265781761218836454e-01
9.284939908864265901e-01
9.139563376731301148e-01
9.105754880886426372e-01
8.968266997783933547e-01
9.005456343213296133e-01
8.984044295844875183e-01
8.947981900277007794e-01
8.935585451800553969e-01
8.695545131301938291e-01
8.622293390304708316e-01
8.640324588088642566e-01
8.638070688365649952e-01
8.620039490581716812e-01
8.547914699445983144e-01
8.286462331578946516e-01
8.236876537673130105e-01
7.961900771468143345e-01
7.841317136288088463e-01
7.601276815789472785e-01
7.307142901939057689e-01
7.284603904709140432e-01
7.189940116343489507e-01
7.675655506648199067e-01
9.710926956509694508e-01
1.285511707008310189e+00
1.440016533019390588e+00
1.418829875623268677e+00
1.344338489778393209e+00
1.283032417313019424e+00
1.241673357396121835e+00
1.207977556537396024e+00
1.160532967368421042e+00
1.153320488254847564e+00
1.118385042548476482e+00
1.124695961772853137e+00
1.114778802991689632e+00
1.107679018864265785e+00
1.087168531385041437e+00
1.074546692936288128e+00
1.077476762576177194e+00
1.075110167867036060e+00
1.058431309916897378e+00
1.056177410193905652e+00
1.044569826620498576e+00
1.035441532742382265e+00
1.042315926897506850e+00
1.029806783434902950e+00
1.014818350277008285e+00
1.032511463102492977e+00
1.023383169224376665e+00
1.018988064764542845e+00
1.021805439418282502e+00
1.021016574515235309e+00
1.024284729113573267e+00
1.012789840526315821e+00
1.023946644155124597e+00
1.006478921301938945e+00
1.026538628836564992e+00
1.025749763933518022e+00
1.003323461689750618e+00
9.938570828531855250e-01
1.003548851662049879e+00
9.964490675346260318e-01
1.010535940803324095e+00
9.959982875900276200e-01
1.019438844709141145e+00
1.013015230498614860e+00
9.856303488642659261e-01
1.002196511828254755e+00
1.019889624653739446e+00
1.001520341911357193e+00
9.947586427423822375e-01
1.007493176177285177e+00
9.854049588919666647e-01
1.001069561966758892e+00
9.879969435734071714e-01
9.865319087534625275e-01
9.996045271468143589e-01
1.005915446371191013e+00
1.012000975623268628e+00
9.758258850692520525e-01
9.858557388365650764e-01
9.838272290858725011e-01
9.868699937119113086e-01
9.843907040166204325e-01
9.757131900831024218e-01
9.812352444044321054e-01
9.938570828531855250e-01
9.925047430193905118e-01
1.020565794570637008e+00
9.847287889750692136e-01
9.759385800554015722e-01
9.820241093074791872e-01
9.796575145983379418e-01
9.746989352077561897e-01
9.840526190581716515e-01
9.856303488642659261e-01
9.706419157063711500e-01
9.792067346537395300e-01
9.870953836842104590e-01
9.724450354847644640e-01
9.665848962049861104e-01
9.728958154293628757e-01
9.847287889750692136e-01
9.743608502493074086e-01
9.632040466204985218e-01
9.839399240720221318e-01
9.647817764265927964e-01
9.623024867313019204e-01
9.766147499722991343e-01
9.806717694736841739e-01
9.743608502493074086e-01
9.724450354847644640e-01
9.606120619390581261e-01
9.532868878393351286e-01
9.663595062326869600e-01
9.710926956509694508e-01
9.655706413296398782e-01
9.707546106925206697e-01
9.699657457894735879e-01
9.657960313019390286e-01
9.690641859002769865e-01
9.936316928808863747e-01
9.563296524653739361e-01
9.717688655678670129e-01
9.749243251800553400e-01
9.598231970360110443e-01
9.666975911911356301e-01
9.766147499722991343e-01
9.567804324099722368e-01
9.636548265650969336e-01
9.779670898060941475e-01
9.663595062326869600e-01
9.651198613850414665e-01
9.714307806094182318e-01
9.588089421606648122e-01
9.595978070637118940e-01
9.593724170914126326e-01
9.536249727977839097e-01
9.502441232132963211e-01
9.695149658448752872e-01
9.632040466204985218e-01
9.645563864542935351e-01
9.517091580332409650e-01
9.727831204432132450e-01
9.570058223822713872e-01
9.517091580332409650e-01
9.597105020498614136e-01
9.541884477285318411e-01
9.602739769806093451e-01
9.239861914404431387e-01
9.532868878393351286e-01
9.514837680609418147e-01
9.540757527423822104e-01
9.648944714127423161e-01
9.533995828254847593e-01
9.630913516343490022e-01
9.456236287811633501e-01
9.334525702770082312e-01
9.403269644321329279e-01
9.504695131855954715e-01
9.522726329639888965e-01
9.300717206925207536e-01
9.321002304432132179e-01
9.428062541274238040e-01
9.510329881163434029e-01
9.322129254293628486e-01
9.624151817174514401e-01
9.430316440997229543e-01
9.449474588642658990e-01
9.288320758448752601e-01
9.367207248753461890e-01
9.717688655678670129e-01
9.328890953462602997e-01
9.352556900554016561e-01
9.389746245983379147e-01
9.515964630470913344e-01
9.620770967590026590e-01
9.319875354570636983e-01
9.324383154016619990e-01
9.333398752908587115e-01
9.284939908864265901e-01
9.263527861495843840e-01
9.148578975623268272e-01
9.194783919944597983e-01
9.164356273684209908e-01
9.226338516066481255e-01
9.399888794736841469e-01
9.043772638504155026e-01
9.274797360110802469e-01
9.236481064819943576e-01
9.283812959002769594e-01
9.189149170637118669e-01
9.130547777839335133e-01
9.103500981163434869e-01
9.217322917174515240e-01
9.172244922714680726e-01
9.033630089750691594e-01
9.087723683102492123e-01
9.198164769529085794e-01
9.086596733240996926e-01
9.002075493628808323e-01
8.979536496398891066e-01
9.106881830747921569e-01
8.928823752631578348e-01
8.769923822160664573e-01
9.005456343213296133e-01
8.771050772022159769e-01
8.803732318005539348e-01
8.613277791412742301e-01
8.714703278947367737e-01
8.696672081163434598e-01
8.605389142382271483e-01
8.485932457063711798e-01
8.568199796952907787e-01
8.188417693628808891e-01
8.314636078116343088e-01
8.293224030747922138e-01
8.030644713019390313e-01
8.048675910803323452e-01
8.064453208864265088e-01
8.391268668698060873e-01
8.496075005817174119e-01
8.599754393074792169e-01
8.549041649307478341e-01
8.186163793905816277e-01
7.954012122437672527e-01
7.837936286703600652e-01
7.841317136288088463e-01
7.983312818836564295e-01
8.918681203878116026e-01
1.029806783434902950e+00
1.203469757091412573e+00
1.338252960526315816e+00
1.379386630470914143e+00
1.390092654155124618e+00
1.339717995346260349e+00
1.291259151301938912e+00
1.285962486952908490e+00
1.257450655457063693e+00
1.213837695817174378e+00
1.205949046786703560e+00
1.186340119196675813e+00
1.163801121966759000e+00
1.152193538393351702e+00
1.131119575983379422e+00
1.113426463157894730e+00
1.119511992409972123e+00
1.111059868448753374e+00
1.090887465927977695e+00
1.076237117728531700e+00
1.104072779307479157e+00
1.092803280692520751e+00
1.075560947811634360e+00
1.058769394875346270e+00
1.044569826620498576e+00
1.066658043905817088e+00
1.071954708254847510e+00
1.084013071772853110e+00
1.056966275096952845e+00
1.053810815484764518e+00
1.054486985401662080e+00
1.023157779252077404e+00
1.051444220775623162e+00
1.044231741662049906e+00
1.045809471468144070e+00
1.052683865623268655e+00
1.038258907396121922e+00
1.034314582880886402e+00
1.013353315457063752e+00
1.011662890664819958e+00
1.021241964487534570e+00
1.013804095401662053e+00
1.011324805706371066e+00
1.036793872576177167e+00
1.024510119085872528e+00
1.016621470055401710e+00
1.007380481191135768e+00
1.005351971440443082e+00
9.957728976177284697e-01
1.008507431052631631e+00
1.010986720747922396e+00
9.987029672576176464e-01
1.009634380914127272e+00
1.013127925484764491e+00
9.909270132132963482e-01
9.972379324376731136e-01
1.006478921301938945e+00
1.006817006260387837e+00
9.788686496952907490e-01
9.886731134903046225e-01
9.757131900831024218e-01
9.952094226869805382e-01
9.878842485872575407e-01
9.946459477562326068e-01
9.761639700277007226e-01
9.949840327146813879e-01
9.775163098614957358e-01
9.937443878670360053e-01
9.604993669529084954e-01
9.717688655678670129e-01
9.665848962049861104e-01
1.001971121855955715e+00
9.831510591689750500e-01
9.633167416066481525e-01
9.725577304709140947e-01
9.789813446814403797e-01
9.921666580609417307e-01
9.881096385595566911e-01
9.710926956509694508e-01
9.731212054016620261e-01
9.833764491412742004e-01
9.633167416066481525e-01
9.659087262880885483e-01
9.752624101385041211e-01
9.520472429916897461e-01
9.528361078947368279e-01
9.538503627700830600e-01
9.737973753185594772e-01
9.580200772576176194e-01
9.651198613850414665e-01
9.508075981440442526e-01
9.768401399445982847e-01
9.558788725207755244e-01
9.414539142936287908e-01
9.666975911911356301e-01
9.515964630470913344e-01
9.571185173684210179e-01
9.545265326869805111e-01
9.780797847922436672e-01
9.902508432963987861e-01
1.034201887894736771e+00
1.025524373961218760e+00
1.018649979806094175e+00
1.028454443601108048e+00
1.022932389279778365e+00
1.027214798753462555e+00
1.021580049445983240e+00
1.001407646925207784e+00
1.015719910166204887e+00
9.900254533240996357e-01
9.854049588919666647e-01
1.000618782022160591e+00
9.725577304709140947e-01
9.928428279778392929e-01
9.792067346537395300e-01
9.766147499722991343e-01
9.598231970360110443e-01
9.644436914681440154e-01
9.496806482825483897e-01
9.633167416066481525e-01
9.624151817174514401e-01
9.669229811634348914e-01
9.668102861772852608e-01
9.619644017728531393e-01
9.494552583102492394e-01
9.627532666759002211e-01
9.447220688919667486e-01
9.536249727977839097e-01
9.531741928531854979e-01
9.515964630470913344e-01
9.592597221052631129e-01
9.438205090027700361e-01
9.325510103878116297e-01
9.397634895013849965e-01
9.373968947922437511e-01
9.346922151246537247e-01
9.617390118005539890e-01
9.566677374238226061e-01
9.308605855955678354e-01
9.197037819667589487e-01
9.278178209695290279e-01
9.392000145706370651e-01
9.378476747368420519e-01
9.073073334903046794e-01
9.197037819667589487e-01
9.167737123268697719e-01
9.247750563434902205e-01
9.218449867036010437e-01
9.308605855955678354e-01
9.326637053739611494e-01
9.071946385041550487e-01
8.887126607756231644e-01
8.967140047922437240e-01
8.942347150969528480e-01
9.195910869806093180e-01
8.950235799999999298e-01
9.025741440720220776e-01
8.849937262326869059e-01
9.011091092520775447e-01
8.873603209418281512e-01
8.888253557617727951e-01
8.835286914127423730e-01
8.881491858448753440e-01
8.749638724653738819e-01
8.792462819390580719e-01
8.710195479501384730e-01
8.647086287257617077e-01
8.855572011634348373e-01
8.679767833240996655e-01
8.553549448753462459e-01
8.604262192520775177e-01
8.429584963988918656e-01
8.562565047645428473e-01
8.347317624099722666e-01
8.336048125484764038e-01
8.379999170083102245e-01
8.242511286980609420e-01
8.297731830193905145e-01
8.136577999999999866e-01
7.755668946814403553e-01
8.085865256232686038e-01
8.020502164265927991e-01
7.921330576454292949e-01
7.913441927423822131e-01
7.761303696121882867e-01
7.903299378670359809e-01
7.651989559556786613e-01
7.611419364542936217e-01
7.459281133240996953e-01
7.736510799168974106e-01
7.846951885595567777e-01
7.825539838227146827e-01
8.063326259002769891e-01
8.141085799445982873e-01
8.550168599168974648e-01
8.917554254016619719e-01
9.558788725207755244e-01
9.895746733795013350e-01
1.052345780664819985e+00
1.125259436703601068e+00
1.156025167922437591e+00
1.184086219473684087e+00
1.214513865734071940e+00
1.222515209750692389e+00
1.217218545401661967e+00
1.214063085789473639e+00
1.247984276620498489e+00
1.233333928421052494e+00
1.225783364349030347e+00
1.219810530083102362e+00
1.224318329529085814e+00
1.215077340664819872e+00
1.183522744542936156e+00
1.175521400526315707e+00
1.167069276565096958e+00
1.156926727811634192e+00
1.151855453434903032e+00
1.144304889362880884e+00
1.123005536980609342e+00
1.130330711080332451e+00
1.124470571800553875e+00
1.111059868448753374e+00
1.113989938088642662e+00
1.097987250055401542e+00
1.078040237506925125e+00
1.089647821080332424e+00
1.094831790443213215e+00
1.059670954764542872e+00
1.073757828033240935e+00
1.055050460332410012e+00
1.066770738891966719e+00
1.056064715207756244e+00
1.057529750027700777e+00
1.039949332188365494e+00
1.033187633019390539e+00
1.058994784847645310e+00
1.047049116315789341e+00
1.018537284819944544e+00
1.032849548060941869e+00
1.014705655290858655e+00
1.003661546648199288e+00
1.000506087036010960e+00
9.988156622437672771e-01
9.975760173961217836e-01
1.013240620470914122e+00
9.964490675346260318e-01
9.943078627977838257e-01
1.023157779252077404e+00
1.021467354459833832e+00
1.025975153905817061e+00
1.041639756980609288e+00
1.034089192908587140e+00
1.035328837756232634e+00
1.072180098227146772e+00
1.061586769529085705e+00
1.101818879584487432e+00
1.115793057867035865e+00
1.137543190193905707e+00
1.140135174875346102e+00
1.161659917229916905e+00
1.181606929778393322e+00
1.199638127562326906e+00
1.208315641495844694e+00
1.200765077423822547e+00
1.201103162382271439e+00
1.189382883822714509e+00
1.213725000831024969e+00
1.177099130332409871e+00
1.194341463213296262e+00
1.183410049556786525e+00
1.194228768227146853e+00
1.191749478531855866e+00
1.168759701357340752e+00
1.172253245927977749e+00
1.186903594127423744e+00
1.173605585761772874e+00
1.162674172105263137e+00
1.172365940914127380e+00
1.160082187423822742e+00
1.154447438116343427e+00
1.184424304432132979e+00
1.158391762631578947e+00
1.133824255650969448e+00
1.153095098282548303e+00
1.136416240332409844e+00
1.135289290470913981e+00
1.143966804404431992e+00
1.121089722216066509e+00
1.138106665124653638e+00
1.131457660941828092e+00
1.125822911634348999e+00
1.130105321108033190e+00
1.133260780720221517e+00
1.110947173462603743e+00
1.131232270969529052e+00
1.113088378199445838e+00
1.092577890720221490e+00
1.107115543933517854e+00
1.095282570387811516e+00
1.100353844764542899e+00
1.095846045318559447e+00
1.086154276509695205e+00
1.104861644210526350e+00
1.101142709667589870e+00
1.101368099639889131e+00
1.080519527202216112e+00
1.097761860083102503e+00
1.092127110775623189e+00
1.093817535567866983e+00
1.093254060637119052e+00
1.082548036952908577e+00
1.121878587119113480e+00
1.095620655346260408e+00
1.103960084321329527e+00
1.117483482659279659e+00
1.132471915817174546e+00
1.093028670664819790e+00
1.122780147008310081e+00
1.118497737534625891e+00
1.112750293240997168e+00
1.119511992409972123e+00
1.138895530027700831e+00
1.125259436703601068e+00
1.121202417202215917e+00
1.128865676260387696e+00
1.131683050914127353e+00
1.111510648393351675e+00
1.131908440886426614e+00
1.111059868448753374e+00
1.110158308559556772e+00
1.134162340609418118e+00
1.111059868448753374e+00
1.113877243102493031e+00
1.127062556481994493e+00
1.118385042548476482e+00
