9.491990899722994035e-01
9.450206640443216122e-01
9.638235807202218952e-01
9.491990899722994035e-01
1.021625139390581971e+00
1.029285586925207996e+00
9.707876239335182511e-01
9.791444757894739448e-01
9.220393214404434268e-01
1.018143117783933738e+00
9.213429171191138689e-01
9.875013276454296385e-01
1.005607840000000364e+00
9.951617751800556633e-01
9.666091980055404598e-01
9.485026856509697346e-01
9.777516671468146070e-01
9.659127936842107909e-01
9.547703245429365326e-01
9.471098770083105078e-01
9.582523461495847661e-01
9.707876239335182511e-01
9.108968522991691685e-01
9.150752782271470709e-01
9.387530251523548142e-01
9.422350467590030476e-01
9.115932566204988374e-01
9.575559418282550972e-01
9.018435961218839170e-01
9.004507874792245792e-01
9.582523461495847661e-01
9.276105560110805559e-01
9.505918986149587413e-01
9.561631331855958704e-01
9.512883029362882992e-01
9.673056023268700176e-01
9.303961732963991205e-01
9.255213430470916602e-01
9.255213430470916602e-01
9.561631331855958704e-01
9.791444757894739448e-01
8.913975313019393276e-01
9.589487504709143240e-01
9.060220220498617083e-01
9.060220220498617083e-01
9.589487504709143240e-01
9.526811115789476370e-01
9.178608955124656354e-01
9.505918986149587413e-01
9.394494294736844830e-01
9.596451547922439929e-01
8.802550621606650694e-01
9.359674078670362496e-01
9.310925776177287894e-01
9.359674078670362496e-01
9.018435961218839170e-01
9.450206640443216122e-01
9.686984109695293554e-01
9.526811115789476370e-01
9.206465127977842000e-01
9.276105560110805559e-01
9.248249387257619913e-01
9.415386424376733787e-01
9.032364047645431437e-01
9.777516671468146070e-01
9.624307720775625574e-01
9.317889819390584583e-01
9.032364047645431437e-01
9.234321300831027646e-01
8.586665281994462218e-01
9.673056023268700176e-01
9.129860652631581752e-01
8.879155096952910942e-01
8.224535034903048825e-01
9.561631331855958704e-01
8.893083183379503209e-01
8.732910189473686025e-01
8.621485498060944552e-01
8.349887812742384785e-01
8.558809109141276572e-01
8.301139510249310183e-01
8.259355250969531159e-01
8.210606948476456557e-01
8.454348460941830679e-01
8.029541824930750415e-01
7.270461114681442405e-01
7.583843059279780086e-01
6.831726392243768764e-01
7.207784725761774425e-01
6.796906176177287540e-01
6.664589355124656000e-01
8.057397997783936061e-01
1.184583750581717831e+00
1.432503688975069522e+00
1.488912439002770371e+00
1.372612917340720662e+00
1.335703488310249654e+00
1.288347994459834167e+00
1.195029815401662310e+00
1.179708920332410260e+00
1.148370725872576381e+00
1.115639722770083386e+00
1.107282870914127804e+00
1.068980633240997458e+00
1.041124460387811812e+00
1.042517269030471150e+00
1.046695694958448941e+00
1.024410756675900647e+00
1.066891420277008562e+00
1.095443997451523765e+00
1.064802207313019666e+00
1.054356142493074966e+00
9.944653708587259944e-01
9.868049233240999696e-01
1.040428056066482254e+00
1.025107160997230205e+00
1.055748951135734304e+00
1.037642438781163801e+00
9.888941362880888652e-01
1.056445355457064084e+00
1.011179074570637493e+00
1.043213673351800930e+00
1.047392099279778721e+00
9.826264973961221783e-01
9.875013276454296385e-01
1.018839522105263518e+00
1.013268287534626388e+00
9.631271763988922263e-01
9.735732412188368157e-01
9.345745992243770228e-01
9.777516671468146070e-01
9.777516671468146070e-01
1.004911435678670584e+00
9.680020066481996865e-01
9.666091980055404598e-01
9.693948152908590243e-01
9.568595375069254283e-01
9.805372844321331716e-01
9.861085190027703007e-01
9.603415591135736618e-01
9.673056023268700176e-01
9.714840282548479200e-01
9.770552628254850491e-01
9.053256177285320394e-01
9.234321300831027646e-01
9.659127936842107909e-01
9.366638121883659185e-01
9.770552628254850491e-01
9.255213430470916602e-01
9.276105560110805559e-01
9.129860652631581752e-01
9.443242597229919433e-01
9.317889819390584583e-01
8.886119140166207631e-01
9.136824695844877331e-01
9.387530251523548142e-01
8.586665281994462218e-01
8.739874232686982714e-01
9.255213430470916602e-01
8.712018059833797068e-01
9.227357257617730957e-01
8.656305714127425777e-01
8.823442751246539650e-01
8.739874232686982714e-01
8.482204633795016324e-01
8.322031639889199139e-01
8.147930559556788577e-01
8.384708028808866009e-01
7.973829479224379124e-01
8.579701238781165529e-01
8.823442751246539650e-01
9.136824695844877331e-01
1.134442639445983669e+00
1.147674321551246823e+00
1.225671605540166631e+00
1.294615633351800854e+00
1.300186867922437983e+00
1.270937886426593222e+00
1.237510479002770447e+00
1.263277438891967197e+00
1.201297454293629219e+00
1.232635648753462876e+00
1.220100370969529502e+00
1.207565093185595906e+00
1.116336127091412944e+00
1.119818148698061178e+00
1.123996574626038969e+00
1.150459938836565499e+00
1.156031173407202628e+00
1.126782191911357645e+00
1.113550509806094491e+00
1.149763534515235719e+00
1.066891420277008562e+00
1.101711636343490675e+00
1.051570525207756512e+00
1.066891420277008562e+00
1.081515911024931054e+00
1.078033889418282820e+00
1.087783549916897741e+00
1.033464012853185787e+00
1.066195015955679004e+00
1.055748951135734304e+00
1.080123102382271716e+00
1.035553225817174683e+00
1.003518627036011246e+00
1.057141759778393642e+00
9.875013276454296385e-01
1.052266929529086070e+00
1.082212315346260612e+00
1.078730293739612378e+00
1.028589182603878438e+00
1.041124460387811812e+00
1.073855463490305029e+00
9.881977319667593074e-01
1.010482670249307713e+00
1.036249630138504463e+00
9.875013276454296385e-01
9.589487504709143240e-01
1.050874120886426955e+00
9.707876239335182511e-01
1.023017948033241309e+00
1.028589182603878438e+00
1.041820864709141592e+00
9.742696455401664846e-01
1.020928735069252413e+00
1.018839522105263518e+00
1.025107160997230205e+00
1.011179074570637493e+00
9.881977319667593074e-01
1.073855463490305029e+00
1.056445355457064084e+00
9.840193060387814050e-01
1.027892778282548658e+00
1.035553225817174683e+00
9.721804325761775889e-01
1.017446713462604180e+00
1.006304244321329922e+00
1.027196373961219100e+00
1.023017948033241309e+00
1.020928735069252413e+00
9.826264973961221783e-01
9.491990899722994035e-01
1.040428056066482254e+00
9.373602165096955874e-01
1.003518627036011246e+00
9.784480714681442759e-01
1.003518627036011246e+00
1.030678395567867334e+00
1.034160417174515567e+00
9.136824695844877331e-01
1.018839522105263518e+00
1.000733009750692792e+00
9.895905406094185341e-01
9.721804325761775889e-01
9.909833492520778719e-01
9.930725622160667676e-01
9.680020066481996865e-01
9.909833492520778719e-01
9.749660498614961535e-01
9.951617751800556633e-01
9.568595375069254283e-01
9.742696455401664846e-01
9.993402011080334546e-01
1.011875478891967051e+00
9.798408801108036137e-01
1.028589182603878438e+00
9.457170683656511700e-01
9.290033646537398937e-01
9.248249387257619913e-01
9.756624541828257113e-01
9.450206640443216122e-01
9.638235807202218952e-01
9.324853862603880161e-01
9.596451547922439929e-01
9.833229017174517361e-01
9.680020066481996865e-01
9.519847072576179681e-01
9.979473924653742278e-01
9.714840282548479200e-01
9.262177473684213291e-01
9.178608955124656354e-01
9.728768368975071468e-01
9.422350467590030476e-01
9.046292134072024815e-01
9.854121146814407428e-01
9.498954942936290724e-01
9.686984109695293554e-01
9.408422381163437098e-01
9.310925776177287894e-01
9.122896609418285063e-01
9.422350467590030476e-01
9.324853862603880161e-01
9.324853862603880161e-01
8.893083183379503209e-01
9.303961732963991205e-01
9.380566208310251453e-01
9.150752782271470709e-01
9.603415591135736618e-01
9.053256177285320394e-01
9.108968522991691685e-01
9.004507874792245792e-01
8.698089973407204800e-01
9.060220220498617083e-01
9.373602165096955874e-01
8.503096763434905281e-01
9.276105560110805559e-01
8.370779942382273742e-01
8.691125930193908111e-01
8.865227010526317564e-01
8.517024849861497549e-01
8.384708028808866009e-01
8.377743985595570431e-01
7.911153090304711144e-01
8.231499078116345514e-01
8.029541824930750415e-01
7.848476701385043164e-01
8.147930559556788577e-01
7.423670065373962901e-01
7.416706022160666212e-01
7.841512658171747585e-01
8.064362040997231640e-01
8.273283337396124537e-01
8.551845065927979883e-01
9.680020066481996865e-01
9.875013276454296385e-01
1.104497253628809128e+00
1.259795417285318964e+00
1.289740803102493505e+00
1.311329337063712241e+00
1.325953827811634733e+00
1.294615633351800854e+00
1.279991142603878362e+00
1.325953827811634733e+00
1.284865972853185934e+00
1.206868688864266348e+00
1.266063056177285651e+00
1.259795417285318964e+00
1.197119028365651205e+00
1.188762176509695623e+00
1.203386667257618114e+00
1.204779475900277230e+00
1.165780833905817548e+00
1.172744877119113793e+00
1.098926019058171999e+00
1.151156343157895057e+00
1.125389383268698307e+00
1.149067130193906161e+00
1.164388025263158211e+00
1.105890062271468466e+00
1.091265571523545974e+00
1.128175000554016982e+00
1.103800849307479570e+00
1.097533210415512661e+00
1.111461296842105595e+00
1.107282870914127804e+00
1.101711636343490675e+00
1.068284228919667900e+00
1.110764892520775815e+00
1.080123102382271716e+00
1.059927377063712095e+00
1.085694336952908845e+00
1.037642438781163801e+00
1.073159059168975249e+00
1.081515911024931054e+00
9.909833492520778719e-01
1.046695694958448941e+00
1.076641080775623482e+00
1.068284228919667900e+00
1.041124460387811812e+00
1.054356142493074966e+00
1.062712994349030771e+00
1.082908719667590391e+00
1.055052546814404746e+00
1.035553225817174683e+00
1.035553225817174683e+00
1.071766250526316133e+00
1.043910077673130488e+00
1.036946034459834021e+00
1.068980633240997458e+00
1.036249630138504463e+00
1.073855463490305029e+00
1.064802207313019666e+00
1.046695694958448941e+00
1.036249630138504463e+00
1.060623781385041875e+00
1.074551867811634587e+00
1.004911435678670584e+00
1.057838164099723199e+00
1.038338843102493358e+00
1.062016590027701213e+00
1.071766250526316133e+00
1.038338843102493358e+00
1.040428056066482254e+00
1.034856821495845125e+00
1.029285586925207996e+00
1.054356142493074966e+00
1.024410756675900647e+00
1.017446713462604180e+00
1.056445355457064084e+00
1.015357500498615284e+00
1.032767608531856229e+00
1.012571883213296609e+00
1.002125818393352130e+00
1.036249630138504463e+00
1.033464012853185787e+00
1.008393457285318817e+00
1.045302886315789825e+00
9.902869449307482030e-01
1.078033889418282820e+00
1.029285586925207996e+00
1.029981991246537776e+00
1.027892778282548658e+00
1.045999290637119383e+00
1.058534568421052979e+00
1.058534568421052979e+00
1.003518627036011246e+00
1.041124460387811812e+00
9.902869449307482030e-01
1.041820864709141592e+00
1.025803565318559762e+00
9.861085190027703007e-01
1.002822222714681688e+00
1.028589182603878438e+00
1.034856821495845125e+00
1.016053904819944842e+00
1.015357500498615284e+00
1.034856821495845125e+00
9.944653708587259944e-01
1.073855463490305029e+00
1.037642438781163801e+00
1.029285586925207996e+00
1.025803565318559762e+00
1.021625139390581971e+00
1.015357500498615284e+00
1.009089861606648375e+00
1.021625139390581971e+00
9.540739202216068637e-01
9.861085190027703007e-01
9.888941362880888652e-01
1.039035247423822916e+00
1.003518627036011246e+00
1.013268287534626388e+00
1.007000648642659479e+00
9.596451547922439929e-01
1.027892778282548658e+00
1.007000648642659479e+00
1.013268287534626388e+00
1.030678395567867334e+00
1.008393457285318817e+00
9.652163893628811220e-01
9.756624541828257113e-01
1.020232330747922633e+00
1.000036605429363235e+00
9.854121146814407428e-01
9.951617751800556633e-01
9.868049233240999696e-01
1.019535926426593075e+00
9.498954942936290724e-01
1.049481312243767617e+00
9.673056023268700176e-01
9.826264973961221783e-01
1.007697052963989259e+00
9.721804325761775889e-01
9.826264973961221783e-01
9.763588585041553802e-01
9.721804325761775889e-01
9.749660498614961535e-01
1.014661096177285504e+00
9.749660498614961535e-01
1.011179074570637493e+00
9.951617751800556633e-01
1.015357500498615284e+00
9.868049233240999696e-01
9.617343677562328885e-01
1.048088503601108279e+00
1.019535926426593075e+00
1.080819506703601496e+00
1.045999290637119383e+00
1.101711636343490675e+00
1.100318827700831337e+00
1.089872762880886636e+00
1.121907361662050073e+00
1.094747593130194208e+00
1.121210957340720515e+00
1.116336127091412944e+00
1.058534568421052979e+00
1.101711636343490675e+00
1.024410756675900647e+00
1.054356142493074966e+00
1.120514553019390958e+00
1.133746235124654111e+00
1.098926019058171999e+00
1.064802207313019666e+00
1.132353426481994774e+00
1.080123102382271716e+00
1.096140401772853545e+00
1.126782191911357645e+00
1.043213673351800930e+00
1.059230972742382537e+00
1.094051188808864650e+00
1.084301528310249507e+00
1.121210957340720515e+00
1.066891420277008562e+00
1.059230972742382537e+00
1.080819506703601496e+00
1.049481312243767617e+00
1.066891420277008562e+00
1.062712994349030771e+00
1.049481312243767617e+00
1.052266929529086070e+00
1.084997932631579287e+00
1.078033889418282820e+00
1.036249630138504463e+00
1.082908719667590391e+00
1.027196373961219100e+00
1.039731651745152696e+00
1.048784907922438059e+00
9.624307720775625574e-01
1.094051188808864650e+00
1.025107160997230205e+00
1.053659738171745408e+00
1.062712994349030771e+00
1.047392099279778721e+00
1.025107160997230205e+00
1.019535926426593075e+00
1.058534568421052979e+00
1.080123102382271716e+00
1.078730293739612378e+00
1.066195015955679004e+00
1.038338843102493358e+00
1.032767608531856229e+00
1.032767608531856229e+00
1.000733009750692792e+00
1.068980633240997458e+00
1.020232330747922633e+00
1.076641080775623482e+00
1.056445355457064084e+00
1.008393457285318817e+00
1.068284228919667900e+00
1.022321543711911529e+00
1.050177716565097175e+00
1.027196373961219100e+00
1.005607840000000364e+00
1.042517269030471150e+00
9.847157103601110739e-01
9.937689665373964365e-01
1.033464012853185787e+00
1.060623781385041875e+00
9.944653708587259944e-01
1.019535926426593075e+00
9.916797535734074298e-01
1.067587824598338120e+00
9.798408801108036137e-01
1.047392099279778721e+00
1.017446713462604180e+00
1.036249630138504463e+00
1.002125818393352130e+00
1.034160417174515567e+00
1.053659738171745408e+00
1.036249630138504463e+00
1.059230972742382537e+00
1.013268287534626388e+00
1.053659738171745408e+00
1.012571883213296609e+00
1.018143117783933738e+00
1.042517269030471150e+00
1.039035247423822916e+00
1.023017948033241309e+00
1.042517269030471150e+00
1.062712994349030771e+00
1.051570525207756512e+00
1.045999290637119383e+00
9.923761578947370987e-01
1.021625139390581971e+00
1.026499969639889542e+00
1.039731651745152696e+00
9.916797535734074298e-01
1.054356142493074966e+00
9.916797535734074298e-01
9.986437967867038967e-01
1.012571883213296609e+00
1.036249630138504463e+00
1.036249630138504463e+00
1.037642438781163801e+00
1.021625139390581971e+00
1.010482670249307713e+00
1.030678395567867334e+00
1.059927377063712095e+00
1.060623781385041875e+00
1.009089861606648375e+00
1.052963333850415850e+00
1.041820864709141592e+00
1.064802207313019666e+00
1.022321543711911529e+00
1.006304244321329922e+00
1.036946034459834021e+00
1.035553225817174683e+00
1.043213673351800930e+00
9.895905406094185341e-01
1.045999290637119383e+00
1.035553225817174683e+00
1.004911435678670584e+00
1.013268287534626388e+00
9.979473924653742278e-01
1.061320185706371433e+00
1.039035247423822916e+00
1.004215031357341026e+00
1.012571883213296609e+00
1.045999290637119383e+00
1.024410756675900647e+00
1.020232330747922633e+00
1.043213673351800930e+00
1.067587824598338120e+00
1.036249630138504463e+00
1.027892778282548658e+00
1.013964691855955946e+00
1.023017948033241309e+00
1.050874120886426955e+00
1.044606481994460045e+00
9.930725622160667676e-01
1.060623781385041875e+00
1.003518627036011246e+00
9.951617751800556633e-01
1.021625139390581971e+00
1.007697052963989259e+00
1.007000648642659479e+00
1.022321543711911529e+00
1.059230972742382537e+00
1.023017948033241309e+00
1.008393457285318817e+00
1.057141759778393642e+00
9.979473924653742278e-01
1.016750309141274400e+00
9.902869449307482030e-01
1.039035247423822916e+00
1.032767608531856229e+00
1.061320185706371433e+00
1.057141759778393642e+00
1.049481312243767617e+00
1.011179074570637493e+00
1.029285586925207996e+00
1.020232330747922633e+00
1.009089861606648375e+00
1.048088503601108279e+00
1.055748951135734304e+00
1.025107160997230205e+00
1.050177716565097175e+00
1.057141759778393642e+00
9.756624541828257113e-01
9.714840282548479200e-01
1.032071204210526671e+00
1.043910077673130488e+00
1.067587824598338120e+00
1.080819506703601496e+00
1.020232330747922633e+00
9.944653708587259944e-01
1.031374799889196892e+00
1.023714352354570867e+00
1.034856821495845125e+00
9.554667288642662015e-01
1.022321543711911529e+00
1.040428056066482254e+00
9.596451547922439929e-01
9.944653708587259944e-01
9.471098770083105078e-01
9.986437967867038967e-01
9.958581795013853322e-01
1.023714352354570867e+00
1.019535926426593075e+00
1.062712994349030771e+00
1.004215031357341026e+00
1.041124460387811812e+00
9.478062813296401767e-01
1.006304244321329922e+00
1.004911435678670584e+00
1.037642438781163801e+00
9.756624541828257113e-01
9.951617751800556633e-01
1.032767608531856229e+00
9.582523461495847661e-01
1.002125818393352130e+00
1.007000648642659479e+00
9.721804325761775889e-01
1.007697052963989259e+00
9.680020066481996865e-01
9.861085190027703007e-01
1.025107160997230205e+00
1.021625139390581971e+00
1.039731651745152696e+00
1.022321543711911529e+00
1.023017948033241309e+00
9.833229017174517361e-01
1.024410756675900647e+00
1.021625139390581971e+00
1.045302886315789825e+00
1.032071204210526671e+00
1.004215031357341026e+00
1.023714352354570867e+00
9.617343677562328885e-01
1.007000648642659479e+00
1.020232330747922633e+00
1.022321543711911529e+00
1.000733009750692792e+00
9.979473924653742278e-01
1.000733009750692792e+00
1.024410756675900647e+00
1.033464012853185787e+00
9.714840282548479200e-01
1.018839522105263518e+00
1.029285586925207996e+00
1.041124460387811812e+00
1.068284228919667900e+00
1.033464012853185787e+00
1.011875478891967051e+00
1.039035247423822916e+00
9.631271763988922263e-01
9.909833492520778719e-01
1.024410756675900647e+00
1.011179074570637493e+00
9.812336887534628405e-01
1.019535926426593075e+00
1.007000648642659479e+00
1.000036605429363235e+00
9.895905406094185341e-01
1.032071204210526671e+00
1.019535926426593075e+00
9.784480714681442759e-01
1.005607840000000364e+00
9.464134726869808389e-01
1.028589182603878438e+00
9.854121146814407428e-01
1.062016590027701213e+00
9.686984109695293554e-01
1.041820864709141592e+00
1.016053904819944842e+00
1.057838164099723199e+00
1.016053904819944842e+00
9.958581795013853322e-01
9.895905406094185341e-01
1.070373441883656795e+00
1.071069846204986353e+00
1.028589182603878438e+00
9.875013276454296385e-01
1.004215031357341026e+00
1.004911435678670584e+00
1.013964691855955946e+00
1.045999290637119383e+00
1.007697052963989259e+00
9.958581795013853322e-01
1.020232330747922633e+00
1.042517269030471150e+00
9.784480714681442759e-01
9.714840282548479200e-01
1.023714352354570867e+00
1.065498611634349224e+00
1.025107160997230205e+00
1.048784907922438059e+00
1.020232330747922633e+00
1.017446713462604180e+00
9.777516671468146070e-01
1.025107160997230205e+00
1.014661096177285504e+00
1.035553225817174683e+00
1.016053904819944842e+00
1.061320185706371433e+00
9.805372844321331716e-01
1.019535926426593075e+00
9.895905406094185341e-01
9.652163893628811220e-01
1.002125818393352130e+00
1.057141759778393642e+00
1.025803565318559762e+00
1.022321543711911529e+00
9.819300930747925094e-01
9.784480714681442759e-01
9.895905406094185341e-01
1.002125818393352130e+00
9.763588585041553802e-01
1.011875478891967051e+00
9.812336887534628405e-01
1.006304244321329922e+00
1.018143117783933738e+00
9.881977319667593074e-01
9.777516671468146070e-01
1.001429414072022350e+00
9.930725622160667676e-01
1.029285586925207996e+00
9.972509881440445589e-01
1.009786265927978155e+00
9.923761578947370987e-01
9.986437967867038967e-01
1.044606481994460045e+00
9.666091980055404598e-01
1.005607840000000364e+00
1.021625139390581971e+00
1.005607840000000364e+00
9.652163893628811220e-01
9.965545838227148900e-01
1.027892778282548658e+00
1.024410756675900647e+00
9.923761578947370987e-01
9.847157103601110739e-01
1.007697052963989259e+00
1.039731651745152696e+00
9.895905406094185341e-01
1.045302886315789825e+00
1.000036605429363235e+00
9.491990899722994035e-01
9.965545838227148900e-01
9.937689665373964365e-01
1.042517269030471150e+00
9.624307720775625574e-01
1.033464012853185787e+00
1.019535926426593075e+00
1.005607840000000364e+00
1.017446713462604180e+00
9.979473924653742278e-01
1.003518627036011246e+00
1.014661096177285504e+00
1.068980633240997458e+00
9.951617751800556633e-01
9.930725622160667676e-01
9.721804325761775889e-01
1.000036605429363235e+00
9.868049233240999696e-01
9.909833492520778719e-01
9.875013276454296385e-01
9.888941362880888652e-01
1.031374799889196892e+00
9.512883029362882992e-01
9.881977319667593074e-01
9.749660498614961535e-01
9.819300930747925094e-01
9.721804325761775889e-01
9.965545838227148900e-01
1.012571883213296609e+00
1.023017948033241309e+00
9.589487504709143240e-01
9.519847072576179681e-01
9.617343677562328885e-01
9.930725622160667676e-01
1.001429414072022350e+00
1.002125818393352130e+00
9.888941362880888652e-01
9.798408801108036137e-01
9.533775159002773059e-01
9.631271763988922263e-01
9.930725622160667676e-01
9.714840282548479200e-01
9.875013276454296385e-01
1.000036605429363235e+00
9.888941362880888652e-01
9.798408801108036137e-01
1.010482670249307713e+00
9.422350467590030476e-01
1.027196373961219100e+00
9.958581795013853322e-01
9.875013276454296385e-01
9.631271763988922263e-01
1.032071204210526671e+00
1.006304244321329922e+00
1.016750309141274400e+00
9.317889819390584583e-01
1.027196373961219100e+00
9.596451547922439929e-01
1.011875478891967051e+00
1.000036605429363235e+00
1.022321543711911529e+00
1.002125818393352130e+00
9.408422381163437098e-01
9.742696455401664846e-01
9.854121146814407428e-01
9.812336887534628405e-01
9.498954942936290724e-01
1.023714352354570867e+00
1.043213673351800930e+00
1.025803565318559762e+00
1.000733009750692792e+00
1.035553225817174683e+00
9.930725622160667676e-01
1.007000648642659479e+00
1.039035247423822916e+00
1.023017948033241309e+00
9.979473924653742278e-01
1.043213673351800930e+00
1.038338843102493358e+00
1.043910077673130488e+00
1.068980633240997458e+00
1.075944676454293925e+00
1.048088503601108279e+00
1.074551867811634587e+00
1.038338843102493358e+00
1.010482670249307713e+00
1.036946034459834021e+00
1.112854105484764933e+00
1.004911435678670584e+00
1.047392099279778721e+00
1.083605123988919949e+00
1.101711636343490675e+00
1.117032531412742724e+00
1.067587824598338120e+00
1.109372083878116699e+00
1.062016590027701213e+00
1.076641080775623482e+00
1.042517269030471150e+00
1.060623781385041875e+00
1.027892778282548658e+00
1.087087145595568183e+00
1.075944676454293925e+00
1.056445355457064084e+00
1.087783549916897741e+00
1.049481312243767617e+00
1.066195015955679004e+00
1.003518627036011246e+00
1.078033889418282820e+00
1.078730293739612378e+00
1.041820864709141592e+00
1.062712994349030771e+00
1.032071204210526671e+00
1.015357500498615284e+00
1.094051188808864650e+00
1.057141759778393642e+00
1.063409398670360329e+00
1.070373441883656795e+00
1.048088503601108279e+00
1.054356142493074966e+00
1.018839522105263518e+00
1.064105802991690108e+00
1.044606481994460045e+00
1.015357500498615284e+00
1.039731651745152696e+00
1.029285586925207996e+00
1.082212315346260612e+00
1.064802207313019666e+00
1.034856821495845125e+00
1.029285586925207996e+00
1.039731651745152696e+00
1.002125818393352130e+00
1.027196373961219100e+00
1.005607840000000364e+00
1.084301528310249507e+00
1.042517269030471150e+00
1.059927377063712095e+00
1.035553225817174683e+00
1.025803565318559762e+00
1.036946034459834021e+00
1.085694336952908845e+00
9.944653708587259944e-01
1.002125818393352130e+00
9.826264973961221783e-01
1.006304244321329922e+00
9.972509881440445589e-01
9.986437967867038967e-01
1.010482670249307713e+00
1.034856821495845125e+00
1.051570525207756512e+00
1.049481312243767617e+00
1.052266929529086070e+00
1.019535926426593075e+00
1.018143117783933738e+00
1.029285586925207996e+00
1.009786265927978155e+00
9.888941362880888652e-01
1.026499969639889542e+00
1.036249630138504463e+00
1.019535926426593075e+00
9.847157103601110739e-01
9.972509881440445589e-01
1.036946034459834021e+00
1.018143117783933738e+00
