9.401144359002768791e-01
9.338150896398891287e-01
9.882414413296397582e-01
1.015454617174515128e+00
9.716111672022159640e-01
9.519572068698060052e-01
9.506973376177284552e-01
9.746348534072021286e-01
9.685874809972297994e-01
9.597683962326868379e-01
9.615322131855954524e-01
9.312953511357339176e-01
9.607762916343488557e-01
9.711072195013848996e-01
9.494374683656507941e-01
9.456578606094181438e-01
9.630440562880885347e-01
9.418782528531854936e-01
9.557368146260386554e-01
9.335631157894735965e-01
9.736269580055399997e-01
9.554848407756231232e-01
9.443979913573405938e-01
9.307914034349029642e-01
9.353269327423821000e-01
9.506973376177284552e-01
9.305394295844874319e-01
9.217203448199444704e-01
9.275157433795012674e-01
9.244920571745151028e-01
9.312953511357339176e-01
9.275157433795012674e-01
9.398624620498613469e-01
9.060979660941826941e-01
9.154209985595567201e-01
8.977828290304707970e-01
8.957670382271466503e-01
9.197045540166203237e-01
8.776249209972297738e-01
8.771209732963988204e-01
8.645222807756232086e-01
8.529314836565096147e-01
8.642703069252076764e-01
8.380650264819943240e-01
8.158913276454292651e-01
8.012768443213295066e-01
7.801110408864264656e-01
6.820932130747922040e-01
6.974636179501384481e-01
9.711072195013848996e-01
1.439022659722991593e+00
1.355871289085872400e+00
1.251554115013850277e+00
1.183773149252077328e+00
1.118259948144044280e+00
1.097094144709141128e+00
1.057282276343490146e+00
1.068117151911357254e+00
1.008399349362880670e+00
1.032336865152354344e+00
1.048715165429362717e+00
1.054762537839335046e+00
1.019738172631578843e+00
1.006131584709141213e+00
1.003359872354570470e+00
1.002351976952908563e+00
1.000588159999999949e+00
9.763986703601106321e-01
9.902572321329639049e-01
9.975644737950136731e-01
9.784144611634347788e-01
9.690914286980608638e-01
9.806822258171743467e-01
9.683355071468142672e-01
9.675795855955677816e-01
9.617841870360109846e-01
9.529651022714680231e-01
9.297835080332408353e-01
9.786664350138503110e-01
9.335631157894735965e-01
9.451539129085870794e-01
9.227282402216064883e-01
8.914834827700829356e-01
9.010584890858724938e-01
8.869479534626037998e-01
8.642703069252076764e-01
8.725854439889195735e-01
8.534354313573405681e-01
8.259702816620497767e-01
7.924577595567865451e-01
8.292459417174513625e-01
8.809005810526314706e-01
1.044935557673130067e+00
1.217537645207755981e+00
1.331429825595567662e+00
1.264152807534625778e+00
1.257601487423822606e+00
1.166134979722991627e+00
1.160843528864265783e+00
1.190072495512465300e+00
1.111708628033240887e+00
1.134638248421052431e+00
1.103645464819944522e+00
1.087267164542936149e+00
1.078700053628808719e+00
1.048715165429362717e+00
1.069628995013850226e+00
1.069628995013850226e+00
1.083739530637118920e+00
1.095330327756232514e+00
1.046195426925207617e+00
1.023517780387811493e+00
1.056778328642659082e+00
1.020998041883656393e+00
1.020746068033240972e+00
1.035108577506925087e+00
1.013942774072021935e+00
1.025785545041551172e+00
1.024525675789473622e+00
1.018730277229916714e+00
1.001344081551246434e+00
1.015454617174515128e+00
1.050478982382271331e+00
1.004115793905816956e+00
1.012682904819944385e+00
9.915171013850414550e-01
9.819420950692518968e-01
9.663197163434902315e-01
9.892493367313017760e-01
9.980684214958447376e-01
1.004619741606648020e+00
1.016210538725761614e+00
9.862256505263156114e-01
1.009407244764542799e+00
9.751388011080330820e-01
1.006131584709141213e+00
9.625401085872574702e-01
9.970605260941827197e-01
9.829499904709140257e-01
9.884934151800552904e-01
9.401144359002768791e-01
9.761466965096952109e-01
9.799263042659278611e-01
9.758947226592796786e-01
9.471697037119112261e-01
9.940368398891965551e-01
9.489335206648198406e-01
9.706032718005538351e-01
9.640519516897505525e-01
9.474216775623267583e-01
9.426341744044319793e-01
9.698473502493073495e-01
9.315473249861494498e-01
9.569966838781162055e-01
9.118933646537394910e-01
9.418782528531854936e-01
9.335631157894735965e-01
9.368387758448751823e-01
8.967749336288087791e-01
8.997986198337949437e-01
8.945071689750691002e-01
8.889637442659278355e-01
9.038302014404431262e-01
8.695617577839334089e-01
8.773729471468142416e-01
8.584749083656508795e-01
8.496558236011079179e-01
8.365531833795012417e-01
8.443643727423821854e-01
8.347893664265927383e-01
7.765834069806093476e-01
8.118597460387810827e-01
8.282380463157893447e-01
9.428861482548475115e-01
1.126827059058171487e+00
1.275995578504155015e+00
1.271963996897506721e+00
1.319083106925207582e+00
1.263900833684210356e+00
1.280783081662049794e+00
1.209726455844875259e+00
1.206702769639889095e+00
1.202671188033240801e+00
1.149504705595567611e+00
1.156056025706371004e+00
1.137157986925207531e+00
1.111960601883656308e+00
1.105913229473683979e+00
1.114984288088642472e+00
1.104653360221606428e+00
1.108684941828254722e+00
1.053754642437672917e+00
1.104905334072022072e+00
1.074668472022160426e+00
1.090290850747922313e+00
1.062321753351800346e+00
1.087015190692520727e+00
1.056274380941828017e+00
1.081471765983379463e+00
1.054258590138503981e+00
1.069125047313019161e+00
1.058290171745152275e+00
1.063581622603877896e+00
1.067613204210526190e+00
1.063833596454293540e+00
1.043423714570636873e+00
1.048211217728531652e+00
1.050227008531855910e+00
1.059802014847645246e+00
1.034100682105262958e+00
1.069880968864265869e+00
1.044431609972299002e+00
1.027297388144044143e+00
1.062321753351800346e+00
1.025533571191135529e+00
1.024021728088642558e+00
1.023517780387811493e+00
1.036620420609418058e+00
1.020746068033240972e+00
1.004619741606648020e+00
1.027549361994459787e+00
1.036368446759002637e+00
1.026541466592797658e+00
1.026289492742382237e+00
1.002603950803323984e+00
1.042163845318559323e+00
1.021250015734071814e+00
1.011171061717451414e+00
1.010667114016620349e+00
1.017974355678670229e+00
1.024777649639889043e+00
1.035108577506925087e+00
9.879894674792242260e-01
9.874855197783932725e-01
9.766506442105261643e-01
9.905092059833793261e-01
1.008147375512465249e+00
9.927769706371190050e-01
9.809341996675898789e-01
1.024525675789473622e+00
1.018982251080332357e+00
1.020242120332409907e+00
1.038384237562326673e+00
9.534690499722990875e-01
9.917690752354569872e-01
9.670756378947367171e-01
9.993282907479222876e-01
1.001596055401661856e+00
9.700993240997228817e-01
9.731230103047090463e-01
9.864776243767311437e-01
1.008903297063711735e+00
9.937848660387810229e-01
1.007139480110803120e+00
1.012682904819944385e+00
1.036872394459833702e+00
1.032840812853185408e+00
1.034856603656509666e+00
1.088527033795013699e+00
1.096842170858725707e+00
1.086259269141274020e+00
1.091550719999999863e+00
1.059802014847645246e+00
1.066101361108032997e+00
1.072652681218836390e+00
1.091046772299168799e+00
1.066101361108032997e+00
1.031832917451523501e+00
1.066857282659279704e+00
1.071392811966758840e+00
1.085251373739612113e+00
1.059802014847645246e+00
1.064589518005540025e+00
1.040652002216066352e+00
1.028809231246537337e+00
1.074920445872576069e+00
1.047959243878116231e+00
1.026289492742382237e+00
1.011926983268697899e+00
1.037628316011080187e+00
1.063581622603877896e+00
1.052494773185595367e+00
1.043171740720221452e+00
1.056778328642659082e+00
1.040652002216066352e+00
1.046447400775623038e+00
1.042415819168974966e+00
1.063329648753462475e+00
1.057282276343490146e+00
1.041659897617728481e+00
1.054006616288088560e+00
1.010415140166204928e+00
1.045943453074792195e+00
1.006635532409972278e+00
1.036116472908587216e+00
1.042163845318559323e+00
1.018226329529085650e+00
1.036620420609418058e+00
1.021250015734071814e+00
1.033596734404431894e+00
9.965565783933516553e-01
1.030573048199445951e+00
1.005375663157894506e+00
9.917690752354569872e-01
1.027045414293628722e+00
1.017722381828254807e+00
1.041407923767312838e+00
1.050730956232686752e+00
1.031580943601107858e+00
1.055014511689750467e+00
1.025281597340720108e+00
9.985723691966758020e-01
1.028809231246537337e+00
1.019486198781163200e+00
1.007643427811634185e+00
1.059298067146814182e+00
1.039392132963988802e+00
1.043927662271467938e+00
1.056778328642659082e+00
1.027297388144044143e+00
1.040652002216066352e+00
1.063077674903047054e+00
1.073156628919667455e+00
1.027045414293628722e+00
1.024021728088642558e+00
1.056778328642659082e+00
1.006131584709141213e+00
1.003359872354570470e+00
1.038888185263157737e+00
1.046699374626038681e+00
1.020494094182825329e+00
1.047707270027700588e+00
1.037880289861495609e+00
1.030573048199445951e+00
1.013438826371191093e+00
1.026541466592797658e+00
1.074668472022160426e+00
9.837059120221605113e-01
9.816901212188364756e-01
1.012682904819944385e+00
1.016462512576177257e+00
1.022509884986149364e+00
1.014950669473684064e+00
1.026037518891966593e+00
9.942888137396120873e-01
1.007139480110803120e+00
9.897532844321328405e-01
1.013438826371191093e+00
9.927769706371190050e-01
1.024021728088642558e+00
1.029565152797783822e+00
1.022257911135733943e+00
9.869815720775622081e-01
1.017974355678670229e+00
9.952967091412741052e-01
1.032336865152354344e+00
1.013942774072021935e+00
9.950447352908585730e-01
1.007643427811634185e+00
1.007643427811634185e+00
1.020746068033240972e+00
1.018982251080332357e+00
1.024525675789473622e+00
1.024273701939057979e+00
1.006635532409972278e+00
1.016966460277008100e+00
9.670756378947367171e-01
1.002100003102492920e+00
1.029565152797783822e+00
9.995802645983378198e-01
9.912651275346259228e-01
9.942888137396120873e-01
1.023769754238226914e+00
1.022761858836565008e+00
9.703512979501384139e-01
1.015706591024930550e+00
1.014446721772853000e+00
1.017218434127423743e+00
1.004367767756232599e+00
1.004115793905816956e+00
9.973124999445982519e-01
1.002855924653739406e+00
1.002855924653739406e+00
9.958006568421051696e-01
1.015958564875346193e+00
9.728710364542935141e-01
1.019234224930747779e+00
9.882414413296397582e-01
1.012934878670360028e+00
1.010919087867035771e+00
1.046447400775623038e+00
1.029061205096952758e+00
1.014698695623268643e+00
1.011926983268697899e+00
9.837059120221605113e-01
1.051486877783933460e+00
1.007643427811634185e+00
1.029313178947368179e+00
1.055266485540166110e+00
1.041911871468143902e+00
1.015958564875346193e+00
1.007391453961218764e+00
1.031832917451523501e+00
9.935328921883654907e-01
1.018478303379501293e+00
1.015706591024930550e+00
1.018730277229916714e+00
1.015202643324099485e+00
9.889973628808862438e-01
1.015454617174515128e+00
9.834539381717449791e-01
1.003611846204986113e+00
9.990763168975067554e-01
1.035864499058171573e+00
1.025281597340720108e+00
1.029817126648199244e+00
1.019234224930747779e+00
1.026541466592797658e+00
1.019738172631578843e+00
9.990763168975067554e-01
1.029565152797783822e+00
1.029565152797783822e+00
1.017974355678670229e+00
1.031832917451523501e+00
1.002351976952908563e+00
1.003107898504155049e+00
1.009659218614958220e+00
1.034856603656509666e+00
1.025029623490304465e+00
9.993282907479222876e-01
1.031832917451523501e+00
9.721151149030469174e-01
1.027045414293628722e+00
1.002855924653739406e+00
9.965565783933516553e-01
1.013942774072021935e+00
1.016210538725761614e+00
1.000084212299168884e+00
9.791703827146812644e-01
1.002603950803323984e+00
1.002351976952908563e+00
9.753907749584486142e-01
1.012682904819944385e+00
1.031580943601107858e+00
9.917690752354569872e-01
1.021753963434902879e+00
9.947927614404430408e-01
9.756427488088641464e-01
1.003359872354570470e+00
9.952967091412741052e-01
9.973124999445982519e-01
9.859736766759001902e-01
9.900052582825483727e-01
1.003611846204986113e+00
9.912651275346259228e-01
9.738789318559555319e-01
1.006635532409972278e+00
9.864776243767311437e-01
9.869815720775622081e-01
9.832019643213295579e-01
9.958006568421051696e-01
9.889973628808862438e-01
9.975644737950136731e-01
1.019738172631578843e+00
1.014446721772853000e+00
9.968085522437671875e-01
9.905092059833793261e-01
9.897532844321328405e-01
1.038132263711911252e+00
9.879894674792242260e-01
1.003107898504155049e+00
1.036872394459833702e+00
1.012682904819944385e+00
1.054006616288088560e+00
1.058542145595567696e+00
1.079959922880886269e+00
1.072400707368420969e+00
1.066353334958448640e+00
1.061817805650969282e+00
1.045691479224376552e+00
1.069377021163434804e+00
1.056526354792243660e+00
1.061817805650969282e+00
1.059046093296398761e+00
1.044935557673130067e+00
1.046699374626038681e+00
1.055014511689750467e+00
1.073408602770082876e+00
1.041407923767312838e+00
1.095330327756232514e+00
1.048715165429362717e+00
1.071140838116343419e+00
1.066353334958448640e+00
1.057786224044321211e+00
1.040148054515235287e+00
1.018982251080332357e+00
1.045439505373961131e+00
1.044935557673130067e+00
1.050478982382271331e+00
1.052494773185595367e+00
1.036368446759002637e+00
1.047455296177285167e+00
1.013186852520775449e+00
1.046699374626038681e+00
1.020746068033240972e+00
1.034352655955678602e+00
1.029061205096952758e+00
1.038384237562326673e+00
1.001596055401661856e+00
1.036872394459833702e+00
1.041407923767312838e+00
1.014194747922437578e+00
1.033848708254847537e+00
1.026037518891966593e+00
1.034352655955678602e+00
1.049471086980609202e+00
1.031832917451523501e+00
1.029565152797783822e+00
1.021501989584487458e+00
1.036368446759002637e+00
