9.661341162603878097e-01
9.742481552631578889e-01
9.687261009418282054e-01
9.606120619390581261e-01
9.568931273961218675e-01
9.501314282271468015e-01
9.655706413296398782e-01
9.549773126315789229e-01
9.636548265650969336e-01
9.796575145983379418e-01
9.593724170914126326e-01
9.604993669529084954e-01
9.682753209972299047e-01
9.632040466204985218e-01
9.728958154293628757e-01
9.548646176454292922e-01
9.405523544044320783e-01
9.394254045429362154e-01
9.614009268421052079e-01
9.327764003601107801e-01
9.429189491135733237e-01
1.067446908808864281e+00
1.004788496509695150e+00
9.725577304709140947e-01
9.716561705817173822e-01
9.686134059556785747e-01
9.405523544044320783e-01
9.661341162603878097e-01
9.459617137396121311e-01
9.630913516343490022e-01
9.606120619390581261e-01
9.547519226592797725e-01
9.593724170914126326e-01
9.626405716897505904e-01
9.543011427146813608e-01
9.552027026038780733e-01
9.364953349030470386e-01
9.474267485595567750e-01
9.323256204155123683e-01
9.309732805817173551e-01
9.248877513296398511e-01
9.017852791689749958e-01
9.129420827977838826e-01
8.941220201108032173e-01
9.087723683102492123e-01
8.803732318005539348e-01
8.750765674515235126e-01
8.783447220498614705e-01
8.217718390027700659e-01
8.182782944321329577e-01
7.831174587534625031e-01
6.979200492243766707e-01
8.955870549307478612e-01
1.430888239141274054e+00
1.320559847700830902e+00
1.218345495263157829e+00
1.151968148421052662e+00
1.105988594072021991e+00
1.075110167867036060e+00
1.054374290415512450e+00
1.039611247229916824e+00
1.044344436648199315e+00
1.032173378144044307e+00
1.040850892077562317e+00
1.022143524376731172e+00
1.008507431052631631e+00
1.008845516011080301e+00
9.955475076454293193e-01
9.983648822991688654e-01
1.007943956121883700e+00
9.990410522160664275e-01
9.805590744875345433e-01
9.912650981717451293e-01
9.898000633518004854e-01
9.973506274238226332e-01
9.913777931578946490e-01
9.790940396675900104e-01
9.817987193351800368e-01
9.925047430193905118e-01
9.867572987257616779e-01
9.892365884210525540e-01
9.704165257340719997e-01
1.001294951939058153e+00
9.687261009418282054e-01
9.799955995567866118e-01
9.726704254570636143e-01
9.815733293628807754e-01
9.996045271468143589e-01
9.797702095844874615e-01
9.627532666759002211e-01
9.822494992797783375e-01
9.698530508033240682e-01
1.001182256952908523e+00
9.657960313019390286e-01
9.666975911911356301e-01
9.761639700277007226e-01
9.698530508033240682e-01
9.594851120775622633e-01
9.685007109695290550e-01
9.730085104155123954e-01
9.567804324099722368e-01
9.592597221052631129e-01
9.500187332409971708e-01
9.395380995290858461e-01
9.696276608310249179e-01
9.460744087257617618e-01
9.563296524653739361e-01
9.504695131855954715e-01
9.586962471745151815e-01
9.386365396398891336e-01
9.444966789196674872e-01
9.584708572022160311e-01
9.616263168144043583e-01
9.382984546814403526e-01
9.411158293351800097e-01
9.362699449307478883e-01
9.260147011911357140e-01
9.311986705540166165e-01
9.270289560664819462e-01
9.094485382271467744e-01
9.256766162326869329e-01
9.103500981163434869e-01
9.135055577285318140e-01
9.128293878116342519e-01
8.906284755401661091e-01
8.893888306925207266e-01
8.917554254016619719e-01
8.595246593628808052e-01
8.583977095013849423e-01
8.373237470914126623e-01
8.311255228531855277e-01
8.054310660110802766e-01
8.242511286980609420e-01
8.528756551800553698e-01
8.178275144875345459e-01
7.689178904986149199e-01
9.957728976177284697e-01
1.387049889529085700e+00
1.353241393684210481e+00
1.282468942382271493e+00
1.208991811412742257e+00
1.154785523074792097e+00
1.145769924182825417e+00
1.098663419972299105e+00
1.089197041135733901e+00
1.079392577340720250e+00
1.053585425512465257e+00
1.041527061994459880e+00
1.065981873988919526e+00
1.021016574515235309e+00
1.050993440831024861e+00
1.026989408781163293e+00
1.040963587063711948e+00
1.029468698476454280e+00
9.979141023545705647e-01
9.872080786703600896e-01
1.021129269501384940e+00
1.004225021578947219e+00
1.029356003490304650e+00
1.001407646925207784e+00
9.866446037396121582e-01
9.936316928808863747e-01
9.869826886980609393e-01
9.718815605540165325e-01
9.745862402216065590e-01
9.645563864542935351e-01
9.884477235180054722e-01
9.698530508033240682e-01
9.759385800554015722e-01
9.779670898060941475e-01
9.709800006648199311e-01
9.592597221052631129e-01
9.446093739058171179e-01
9.543011427146813608e-01
9.659087262880885483e-01
9.476521385318559254e-01
1.008507431052631631e+00
1.037019262548476428e+00
1.018875369778393214e+00
1.004788496509695150e+00
9.993791371745152086e-01
9.781924797783932979e-01
9.852922639058171450e-01
9.701911357617728493e-01
9.584708572022160311e-01
9.430316440997229543e-01
9.638802165373960840e-01
9.677118460664819732e-01
9.412285243213296404e-01
9.417919992520774608e-01
9.287193808587257404e-01
9.389746245983379147e-01
9.242115814127422890e-01
9.308605855955678354e-01
8.947981900277007794e-01
9.372841998060941204e-01
9.126039978393351015e-01
9.084342833518005422e-01
9.142944226315788958e-01
8.920935103601107530e-01
8.936712401662049166e-01
8.872476259556786315e-01
8.843175563157894548e-01
8.612150841551245994e-01
8.618912540720221616e-01
8.596373543490304359e-01
8.377745270360110741e-01
8.215464490304709155e-01
8.101642554293628784e-01
7.976551119667589784e-01
7.896537679501384188e-01
7.879633431578947356e-01
7.623815813019390042e-01
7.659878208587257431e-01
8.334921175623267731e-01
9.070819435180055290e-01
1.050655355872576191e+00
1.172816720858725681e+00
1.203018977146814272e+00
1.246970021745152257e+00
1.231981588587257592e+00
1.193890683268697961e+00
1.173718280747922282e+00
1.171577076011080187e+00
1.120526247285318577e+00
1.100691929722991569e+00
1.083336901855955547e+00
1.070151588476454307e+00
1.068123078725761621e+00
1.062939109362880830e+00
1.022594304321329473e+00
1.048401456149584465e+00
1.007943956121883700e+00
9.940824728254846754e-01
9.971252374515234829e-01
9.965617625207755514e-01
1.016396080083102449e+00
1.028229053628808787e+00
1.043555571745152344e+00
1.100353844764542899e+00
1.152306233379501332e+00
1.153545878227146826e+00
1.190735223656509634e+00
1.213612305844875339e+00
1.191749478531855866e+00
1.191974868504155127e+00
1.176197570443213269e+00
1.195919193019390425e+00
1.190171748725761702e+00
1.171689770997229818e+00
1.153545878227146826e+00
1.158617152603877987e+00
1.141262124736841965e+00
1.104748949224376720e+00
1.111172563434903005e+00
1.128978371246537327e+00
1.131006880997229791e+00
1.111285258421052635e+00
1.110834478476454334e+00
1.112637598254847537e+00
1.096296825263157748e+00
1.104636254238227089e+00
1.116131142825484757e+00
1.110721783490304704e+00
1.109820223601107880e+00
1.111510648393351675e+00
1.111285258421052635e+00
1.140247869861495733e+00
1.118497737534625891e+00
1.110383698531855812e+00
1.104410864265927827e+00
1.115116887950138524e+00
