1.015797099038145745e+00 0.000000000000000000e+00
1.015786371335662519e+00 0.000000000000000000e+00
1.015775363501269846e+00 0.000000000000000000e+00
1.015764063980466592e+00 0.000000000000000000e+00
1.015752460569474991e+00 0.000000000000000000e+00
1.015740540368814226e+00 0.000000000000000000e+00
1.015728289732819700e+00 0.000000000000000000e+00
1.015715694214690101e+00 0.000000000000000000e+00
1.015702738506586211e+00 0.000000000000000000e+00
1.015689406374259196e+00 0.000000000000000000e+00
1.015675680585610197e+00 0.000000000000000000e+00
1.015661542832512643e+00 0.000000000000000000e+00
1.015646973645144779e+00 0.000000000000000000e+00
1.015631952297976870e+00 0.000000000000000000e+00
1.015616456706445181e+00 0.000000000000000000e+00
1.015600463313221180e+00 0.000000000000000000e+00
1.015583946962822504e+00 0.000000000000000000e+00
1.015566880763147939e+00 0.000000000000000000e+00
1.015549235932312833e+00 0.000000000000000000e+00
1.015530981628925300e+00 0.000000000000000000e+00
1.015512084763670719e+00 0.000000000000000000e+00
1.015492509789755582e+00 0.000000000000000000e+00
1.015472218469376964e+00 0.000000000000000000e+00
1.015451169612954008e+00 0.000000000000000000e+00
1.015429318787329116e+00 0.000000000000000000e+00
1.015406617988532378e+00 0.000000000000000000e+00
1.015383015273975564e+00 0.000000000000000000e+00
1.015358454348066264e+00 0.000000000000000000e+00
1.015332874094198923e+00 0.000000000000000000e+00
1.015306208044827629e+00 0.000000000000000000e+00
1.015278383779826710e+00 0.000000000000000000e+00
1.015249322241533969e+00 0.000000000000000000e+00
1.015218936952662743e+00 0.000000000000000000e+00
1.015187133120596386e+00 0.000000000000000000e+00
1.015153806608287690e+00 0.000000000000000000e+00
1.015118842747950945e+00 0.000000000000000000e+00
1.015082114968741900e+00 0.000000000000000000e+00
1.015043483203422747e+00 0.000000000000000000e+00
1.015002792031262535e+00 0.000000000000000000e+00
1.014959868504697660e+00 0.000000000000000000e+00
1.014914519594986020e+00 0.000000000000000000e+00
1.014866529176456922e+00 0.000000000000000000e+00
1.014815654448954829e+00 0.000000000000000000e+00
1.014761621672278347e+00 0.000000000000000000e+00
1.014704121052931729e+00 0.000000000000000000e+00
1.014642800579657056e+00 0.000000000000000000e+00
1.014577258546354832e+00 0.000000000000000000e+00
1.014507034423931309e+00 0.000000000000000000e+00
1.014431597639010585e+00 0.000000000000000000e+00
1.014350333676726335e+00 0.000000000000000000e+00
1.014262526731604108e+00 0.000000000000000000e+00
1.014167337862153850e+00 0.000000000000000000e+00
1.014063777227217411e+00 0.000000000000000000e+00
1.013950668443703407e+00 0.000000000000000000e+00
1.013826602326141968e+00 0.000000000000000000e+00
1.013689876122610301e+00 0.000000000000000000e+00
1.013538412646706854e+00 0.000000000000000000e+00
1.013369651089102375e+00 0.000000000000000000e+00
1.013180397215820205e+00 0.000000000000000000e+00
1.012966614158286704e+00 0.000000000000000000e+00
1.012723124354912185e+00 0.000000000000000000e+00
1.012443175258544104e+00 0.000000000000000000e+00
1.012117790157378350e+00 0.000000000000000000e+00
1.011734768893448377e+00 0.000000000000000000e+00
1.011277096415686749e+00 0.000000000000000000e+00
1.010720304862078534e+00 0.000000000000000000e+00
1.010027887493512022e+00 0.000000000000000000e+00
1.009142850245751788e+00 0.000000000000000000e+00
1.007970986017288073e+00 0.000000000000000000e+00
1.006344563878772913e+00 0.000000000000000000e+00
1.003933189499213618e+00 0.000000000000000000e+00
9.999834605606894300e-01 0.000000000000000000e+00
9.923231685831145343e-01 0.000000000000000000e+00
9.710496093761000758e-01 0.000000000000000000e+00
6.066859083820652643e-01 0.000000000000000000e+00
1.074126584043036070e+00 0.000000000000000000e+00
1.043229639086990401e+00 0.000000000000000000e+00
1.033808520659376340e+00 0.000000000000000000e+00
1.029240580903550528e+00 0.000000000000000000e+00
1.026539251173336886e+00 0.000000000000000000e+00
1.024750935376814720e+00 0.000000000000000000e+00
1.023476700168634679e+00 0.000000000000000000e+00
1.022520144085262928e+00 0.000000000000000000e+00
1.021773296635909656e+00 0.000000000000000000e+00
1.021171834719620142e+00 0.000000000000000000e+00
1.020675002033710088e+00 0.000000000000000000e+00
1.020255670271312365e+00 0.000000000000000000e+00
1.019895027676923194e+00 0.000000000000000000e+00
1.019579559485268350e+00 0.000000000000000000e+00
1.019299240345031388e+00 0.000000000000000000e+00
1.019046402471122548e+00 0.000000000000000000e+00
1.018814996762053227e+00 0.000000000000000000e+00
1.018600089660621544e+00 0.000000000000000000e+00
1.018397503736884646e+00 0.000000000000000000e+00
1.018203544915611714e+00 0.000000000000000000e+00
1.018014778004113774e+00 0.000000000000000000e+00
1.017827821365758778e+00 0.000000000000000000e+00
1.017639134117369615e+00 0.000000000000000000e+00
1.017444765594468725e+00 0.000000000000000000e+00
1.017240025221834543e+00 0.000000000000000000e+00
1.017019006066943732e+00 0.000000000000000000e+00
1.016773844969401042e+00 0.000000000000000000e+00
1.016493497775987187e+00 0.000000000000000000e+00
1.016161580229260730e+00 0.000000000000000000e+00
1.015752288807604042e+00 0.000000000000000000e+00
1.015222028658302911e+00 0.000000000000000000e+00
1.014490318674231339e+00 0.000000000000000000e+00
1.013389555909153250e+00 0.000000000000000000e+00
1.011502207207530368e+00 0.000000000000000000e+00
1.007415543515412182e+00 0.000000000000000000e+00
9.913718927609022069e-01 0.000000000000000000e+00
1.074467599218866809e+00 0.000000000000000000e+00
1.031893665612509947e+00 0.000000000000000000e+00
1.025950253202795759e+00 0.000000000000000000e+00
1.023568616277211962e+00 0.000000000000000000e+00
1.022278213020508142e+00 0.000000000000000000e+00
1.021464946553660935e+00 0.000000000000000000e+00
1.020903152446409168e+00 0.000000000000000000e+00
1.020490389424367095e+00 0.000000000000000000e+00
1.020173418296211443e+00 0.000000000000000000e+00
1.019921818341978481e+00 0.000000000000000000e+00
1.019716938242308579e+00 0.000000000000000000e+00
1.019546701588075699e+00 0.000000000000000000e+00
1.019402941346537972e+00 0.000000000000000000e+00
1.019279934583559477e+00 0.000000000000000000e+00
1.019173550874835188e+00 0.000000000000000000e+00
1.019080734078088302e+00 0.000000000000000000e+00
1.018999174526592277e+00 0.000000000000000000e+00
1.018927094714251691e+00 0.000000000000000000e+00
1.018863105129555802e+00 0.000000000000000000e+00
1.018806104839390159e+00 0.000000000000000000e+00
1.018755211421322082e+00 0.000000000000000000e+00
1.018709710621065190e+00 0.000000000000000000e+00
1.018669019560592970e+00 0.000000000000000000e+00
1.018632659440530164e+00 0.000000000000000000e+00
1.018600235015072464e+00 0.000000000000000000e+00
1.018571418978182930e+00 0.000000000000000000e+00
1.018545939966351455e+00 0.000000000000000000e+00
1.018523573263355742e+00 0.000000000000000000e+00
1.018504133552104784e+00 0.000000000000000000e+00
1.018487469238889664e+00 0.000000000000000000e+00
1.018473458002461030e+00 0.000000000000000000e+00
1.018462003311323194e+00 0.000000000000000000e+00
1.018453031718731028e+00 0.000000000000000000e+00
1.018446490793654569e+00 0.000000000000000000e+00
1.018442347582603880e+00 0.000000000000000000e+00
1.018440587525240693e+00 0.000000000000000000e+00
1.018441213768706888e+00 0.000000000000000000e+00
1.018444246843370982e+00 0.000000000000000000e+00
1.018449724677616963e+00 0.000000000000000000e+00
1.018457702942412668e+00 0.000000000000000000e+00
1.018468255728556704e+00 0.000000000000000000e+00
1.018481476571474698e+00 0.000000000000000000e+00
1.018497479850881904e+00 0.000000000000000000e+00
1.018516402606337801e+00 0.000000000000000000e+00
1.018538406825443055e+00 0.000000000000000000e+00
1.018563682280164695e+00 0.000000000000000000e+00
1.018592450009740080e+00 0.000000000000000000e+00
1.018624966577345248e+00 0.000000000000000000e+00
1.018661529264329957e+00 0.000000000000000000e+00
1.018702482413146093e+00 0.000000000000000000e+00
1.018748225192029011e+00 0.000000000000000000e+00
1.018799221136491129e+00 0.000000000000000000e+00
1.018856009932469497e+00 0.000000000000000000e+00
1.018919222054611495e+00 0.000000000000000000e+00
1.018989597076732867e+00 0.000000000000000000e+00
1.019068006753631295e+00 0.000000000000000000e+00
1.019155484369520526e+00 0.000000000000000000e+00
1.019253262412008532e+00 0.000000000000000000e+00
1.019362821444545597e+00 0.000000000000000000e+00
1.019485954244679249e+00 0.000000000000000000e+00
1.019624851058666737e+00 0.000000000000000000e+00
1.019782214536338660e+00 0.000000000000000000e+00
1.019961417125837988e+00 0.000000000000000000e+00
1.020166720410982997e+00 0.000000000000000000e+00
1.020403586809651930e+00 0.000000000000000000e+00
1.020679132413393253e+00 0.000000000000000000e+00
1.021002801596994081e+00 0.000000000000000000e+00
1.021387401346829593e+00 0.000000000000000000e+00
1.021850740890995590e+00 0.000000000000000000e+00
1.022418334537398277e+00 0.000000000000000000e+00
1.023128069484723790e+00 0.000000000000000000e+00
1.024038734984402899e+00 0.000000000000000000e+00
1.025246735356335703e+00 0.000000000000000000e+00
1.026921892028081373e+00 0.000000000000000000e+00
1.029393751732162743e+00 0.000000000000000000e+00
1.033397076562179384e+00 0.000000000000000000e+00
1.040971046392233479e+00 0.000000000000000000e+00
1.060663633602613176e+00 0.000000000000000000e+00
1.236065469703158115e+00 0.000000000000000000e+00
9.416754216059349814e-01 0.000000000000000000e+00
9.843231476299578731e-01 0.000000000000000000e+00
9.959033718694720871e-01 0.000000000000000000e+00
1.001291110175407617e+00 0.000000000000000000e+00
1.004399888931723828e+00 0.000000000000000000e+00
1.006419256320371547e+00 0.000000000000000000e+00
1.007833498678793793e+00 0.000000000000000000e+00
1.008876835326459886e+00 0.000000000000000000e+00
1.009676365788478858e+00 0.000000000000000000e+00
1.010307020635114350e+00 0.000000000000000000e+00
1.010815832933754876e+00 0.000000000000000000e+00
1.011233812361689299e+00 0.000000000000000000e+00
1.011582230064491661e+00 0.000000000000000000e+00
1.011876160356730781e+00 0.000000000000000000e+00
1.012126581381383339e+00 0.000000000000000000e+00
1.012341675317389056e+00 0.000000000000000000e+00
1.012527662712880749e+00 0.000000000000000000e+00
1.012689354698574462e+00 0.000000000000000000e+00
1.012830528420089582e+00 0.000000000000000000e+00
1.012954188351725016e+00 0.000000000000000000e+00
1.013062751990942978e+00 0.000000000000000000e+00
1.013158184269519424e+00 0.000000000000000000e+00
1.013242096457818153e+00 0.000000000000000000e+00
1.013315820023072522e+00 0.000000000000000000e+00
1.013380462520093506e+00 0.000000000000000000e+00
1.013436950392604841e+00 0.000000000000000000e+00
1.013486062103416963e+00 0.000000000000000000e+00
1.013528454025093062e+00 0.000000000000000000e+00
1.013564680844903254e+00 0.000000000000000000e+00
1.013595211764926729e+00 0.000000000000000000e+00
1.013620443443437935e+00 0.000000000000000000e+00
1.013640710383653332e+00 0.000000000000000000e+00
1.013656293301551825e+00 0.000000000000000000e+00
1.013667425876295658e+00 0.000000000000000000e+00
1.013674300191424793e+00 0.000000000000000000e+00
1.013677071103207483e+00 0.000000000000000000e+00
1.013675859717812155e+00 0.000000000000000000e+00
1.013670756116673788e+00 0.000000000000000000e+00
1.013661821436244725e+00 0.000000000000000000e+00
1.013649089381781332e+00 0.000000000000000000e+00
1.013632567233104798e+00 0.000000000000000000e+00
1.013612236381994824e+00 0.000000000000000000e+00
1.013588052424938324e+00 0.000000000000000000e+00
1.013559944820453973e+00 0.000000000000000000e+00
1.013527816106383650e+00 0.000000000000000000e+00
1.013491540658666867e+00 0.000000000000000000e+00
1.013450962958487134e+00 0.000000000000000000e+00
1.013405895318542083e+00 0.000000000000000000e+00
1.013356115000693336e+00 0.000000000000000000e+00
1.013301360635352699e+00 0.000000000000000000e+00
1.013241327826385207e+00 0.000000000000000000e+00
1.013175663792382553e+00 0.000000000000000000e+00
1.013103960853712904e+00 0.000000000000000000e+00
1.013025748521847236e+00 0.000000000000000000e+00
1.012940483879135822e+00 0.000000000000000000e+00
1.012847539847973710e+00 0.000000000000000000e+00
1.012746190830566606e+00 0.000000000000000000e+00
1.012635595043530845e+00 0.000000000000000000e+00
1.012514772660069839e+00 0.000000000000000000e+00
1.012382578584372972e+00 0.000000000000000000e+00
1.012237668285938197e+00 0.000000000000000000e+00
1.012078454567828967e+00 0.000000000000000000e+00
1.011903052360442423e+00 0.000000000000000000e+00
1.011709207510975927e+00 0.000000000000000000e+00
1.011494203906933675e+00 0.000000000000000000e+00
1.011254740857698842e+00 0.000000000000000000e+00
1.010986769020938869e+00 0.000000000000000000e+00
1.010685267571029389e+00 0.000000000000000000e+00
1.010343936526422182e+00 0.000000000000000000e+00
1.009954764021198104e+00 0.000000000000000000e+00
1.009507404935555908e+00 0.000000000000000000e+00
1.008988267453820642e+00 0.000000000000000000e+00
1.008379133794300442e+00 0.000000000000000000e+00
1.007655012244172310e+00 0.000000000000000000e+00
1.006780669540991324e+00 0.000000000000000000e+00
1.005704789845651259e+00 0.000000000000000000e+00
1.004349621087994082e+00 0.000000000000000000e+00
1.002591440205972129e+00 0.000000000000000000e+00
1.000220691892901748e+00 0.000000000000000000e+00
9.968519485162247173e-01 0.000000000000000000e+00
9.916904296357541559e-01 0.000000000000000000e+00
9.827921125442593553e-01 0.000000000000000000e+00
9.638104999695187303e-01 0.000000000000000000e+00
8.952713838881050101e-01 0.000000000000000000e+00
1.413362080326522552e+00 0.000000000000000000e+00
1.091559993931610739e+00 0.000000000000000000e+00
1.057897842603997773e+00 0.000000000000000000e+00
1.045058850874432732e+00 0.000000000000000000e+00
1.038287616171811978e+00 0.000000000000000000e+00
1.034105981901445981e+00 0.000000000000000000e+00
1.031267638907050088e+00 0.000000000000000000e+00
1.029215450222328521e+00 0.000000000000000000e+00
1.027662943607916102e+00 0.000000000000000000e+00
1.026447747835172120e+00 0.000000000000000000e+00
1.025470959088125467e+00 0.000000000000000000e+00
1.024668892236318962e+00 0.000000000000000000e+00
1.023998686669539415e+00 0.000000000000000000e+00
1.023430438283569943e+00 0.000000000000000000e+00
1.022942648115410691e+00 0.000000000000000000e+00
1.022519463601782252e+00 0.000000000000000000e+00
1.022148939478293661e+00 0.000000000000000000e+00
1.021821904160614025e+00 0.000000000000000000e+00
1.021531199160399694e+00 0.000000000000000000e+00
1.021271155772128791e+00 0.000000000000000000e+00
1.021037226945363585e+00 0.000000000000000000e+00
1.020825723183509393e+00 0.000000000000000000e+00
1.020633619717893348e+00 0.000000000000000000e+00
1.020458413483166682e+00 0.000000000000000000e+00
1.020298015509057077e+00 0.000000000000000000e+00
1.020150668904112656e+00 0.000000000000000000e+00
1.020014885603084176e+00 0.000000000000000000e+00
1.019889397055520286e+00 0.000000000000000000e+00
1.019773115399638552e+00 0.000000000000000000e+00
1.019665102611365004e+00 0.000000000000000000e+00
1.019564545782698950e+00 0.000000000000000000e+00
1.019470737156445317e+00 0.000000000000000000e+00
1.019383057885204780e+00 0.000000000000000000e+00
1.019300964731091330e+00 0.000000000000000000e+00
1.019223979105873923e+00 0.000000000000000000e+00
1.019151677987699012e+00 0.000000000000000000e+00
1.019083686353135398e+00 0.000000000000000000e+00
1.019019670841100345e+00 0.000000000000000000e+00
1.018959334424762941e+00 0.000000000000000000e+00
1.018902411913437778e+00 0.000000000000000000e+00
1.018848666142178061e+00 0.000000000000000000e+00
1.018797884734736980e+00 0.000000000000000000e+00
1.018749877347634447e+00 0.000000000000000000e+00
1.018704473320624748e+00 0.000000000000000000e+00
1.018661519672936056e+00 0.000000000000000000e+00
1.018620879396051837e+00 0.000000000000000000e+00
1.018582430003115880e+00 0.000000000000000000e+00
1.018546062302761124e+00 0.000000000000000000e+00
1.018511679371639556e+00 0.000000000000000000e+00
1.018479195705489948e+00 0.000000000000000000e+00
1.018448536533459903e+00 0.000000000000000000e+00
1.018419637284809109e+00 0.000000000000000000e+00
1.018392443201290298e+00 0.000000000000000000e+00
1.018366909092568662e+00 0.000000000000000000e+00
1.018342999236246937e+00 0.000000000000000000e+00
1.018320687428600158e+00 0.000000000000000000e+00
1.018299957197231098e+00 0.000000000000000000e+00
1.018280802192890633e+00 0.000000000000000000e+00
1.018263226785018682e+00 0.000000000000000000e+00
1.018247246894721458e+00 0.000000000000000000e+00
1.018232891110628202e+00 0.000000000000000000e+00
1.018220202148363951e+00 0.000000000000000000e+00
1.018209238734687050e+00 0.000000000000000000e+00
1.018200078024674937e+00 0.000000000000000000e+00
1.018192818697715607e+00 0.000000000000000000e+00
1.018187584929790113e+00 0.000000000000000000e+00
1.018184531512231539e+00 0.000000000000000000e+00
1.018183850490713471e+00 0.000000000000000000e+00
1.018185779848147288e+00 0.000000000000000000e+00
1.018190614975714503e+00 0.000000000000000000e+00
1.018198724006599054e+00 0.000000000000000000e+00
1.018210568591427556e+00 0.000000000000000000e+00
1.018226732481384733e+00 0.000000000000000000e+00
1.018247961541984381e+00 0.000000000000000000e+00
1.018275220881761811e+00 0.000000000000000000e+00
1.018309778261312193e+00 0.000000000000000000e+00
1.018353329026004728e+00 0.000000000000000000e+00
1.018408188827182759e+00 0.000000000000000000e+00
1.018477601273412247e+00 0.000000000000000000e+00
1.018566249257174539e+00 0.000000000000000000e+00
1.018681146733597220e+00 0.000000000000000000e+00
1.018833287901371509e+00 0.000000000000000000e+00
1.019040927954343978e+00 0.000000000000000000e+00
1.019336750306742978e+00 0.000000000000000000e+00
1.019785612943864939e+00 0.000000000000000000e+00
1.020537035422716121e+00 0.000000000000000000e+00
1.022030194295244776e+00 0.000000000000000000e+00
1.026353877022024852e+00 0.000000000000000000e+00
1.164237782791675890e+00 0.000000000000000000e+00
1.007170184974393923e+00 0.000000000000000000e+00
1.012428684521768485e+00 0.000000000000000000e+00
1.014095269958159795e+00 0.000000000000000000e+00
1.014908481918856298e+00 0.000000000000000000e+00
1.015387187944145619e+00 0.000000000000000000e+00
1.015700552618019170e+00 0.000000000000000000e+00
1.015920164930826486e+00 0.000000000000000000e+00
1.016081522325328557e+00 0.000000000000000000e+00
1.016204227409867045e+00 0.000000000000000000e+00
1.016299987411313444e+00 0.000000000000000000e+00
1.016376224363413128e+00 0.000000000000000000e+00
1.016437870368606333e+00 0.000000000000000000e+00
1.016488330108642479e+00 0.000000000000000000e+00
1.016530028920313633e+00 0.000000000000000000e+00
1.016564740680317991e+00 0.000000000000000000e+00
1.016593792225342519e+00 0.000000000000000000e+00
1.016618195340676989e+00 0.000000000000000000e+00
1.016638734587010484e+00 0.000000000000000000e+00
1.016656027291170883e+00 0.000000000000000000e+00
1.016670565474941723e+00 0.000000000000000000e+00
1.016682745761001927e+00 0.000000000000000000e+00
1.016692891092465301e+00 0.000000000000000000e+00
1.016701266764231226e+00 0.000000000000000000e+00
1.016708092429303045e+00 0.000000000000000000e+00
1.016713551209565969e+00 0.000000000000000000e+00
1.016717796692045317e+00 0.000000000000000000e+00
1.016720958359611959e+00 0.000000000000000000e+00
1.016723145847811427e+00 0.000000000000000000e+00
1.016724452311108085e+00 0.000000000000000000e+00
1.016724957106027727e+00 0.000000000000000000e+00
1.016724727944910533e+00 0.000000000000000000e+00
1.016723822635358543e+00 0.000000000000000000e+00
1.016722290492364289e+00 0.000000000000000000e+00
1.016720173489445322e+00 0.000000000000000000e+00
1.016717507199738302e+00 0.000000000000000000e+00
1.016714321566464463e+00 0.000000000000000000e+00
1.016710641533408621e+00 0.000000000000000000e+00
1.016706487559326577e+00 0.000000000000000000e+00
1.016701876034979968e+00 0.000000000000000000e+00
1.016696819617400882e+00 0.000000000000000000e+00
1.016691327492726726e+00 0.000000000000000000e+00
1.016685405576316814e+00 0.000000000000000000e+00
1.016679056656678348e+00 0.000000000000000000e+00
1.016672280487904922e+00 0.000000000000000000e+00
1.016665073833727728e+00 0.000000000000000000e+00
1.016657430464836143e+00 0.000000000000000000e+00
1.016649341109780336e+00 0.000000000000000000e+00
1.016640793358431827e+00 0.000000000000000000e+00
1.016631771515612126e+00 0.000000000000000000e+00
1.016622256401036095e+00 0.000000000000000000e+00
1.016612225090069765e+00 0.000000000000000000e+00
1.016601650587919625e+00 0.000000000000000000e+00
1.016590501427617310e+00 0.000000000000000000e+00
1.016578741179453571e+00 0.000000000000000000e+00
1.016566327856155638e+00 0.000000000000000000e+00
1.016553213193907457e+00 0.000000000000000000e+00
1.016539341783989414e+00 0.000000000000000000e+00
1.016524650023007625e+00 0.000000000000000000e+00
1.016509064840853682e+00 0.000000000000000000e+00
1.016492502154016764e+00 0.000000000000000000e+00
1.016474864976669057e+00 0.000000000000000000e+00
1.016456041101672536e+00 0.000000000000000000e+00
1.016435900236399625e+00 0.000000000000000000e+00
1.016414290441152390e+00 0.000000000000000000e+00
1.016391033666934174e+00 0.000000000000000000e+00
1.016365920118264210e+00 0.000000000000000000e+00
1.016338701066498817e+00 0.000000000000000000e+00
1.016309079595788978e+00 0.000000000000000000e+00
1.016276698555708569e+00 0.000000000000000000e+00
1.016241124687509600e+00 0.000000000000000000e+00
1.016201827429638271e+00 0.000000000000000000e+00
1.016158150201417198e+00 0.000000000000000000e+00
1.016109270857474156e+00 0.000000000000000000e+00
1.016054146231717858e+00 0.000000000000000000e+00
1.015991432768827751e+00 0.000000000000000000e+00
1.015919370285351508e+00 0.000000000000000000e+00
1.015835607203971813e+00 0.000000000000000000e+00
1.015736929735150396e+00 0.000000000000000000e+00
1.015618827209612274e+00 0.000000000000000000e+00
1.015474764943274044e+00 0.000000000000000000e+00
1.015294906055851376e+00 0.000000000000000000e+00
1.015063724616802388e+00 0.000000000000000000e+00
1.014755198611475562e+00 0.000000000000000000e+00
1.014322137558989922e+00 0.000000000000000000e+00
1.013669163983305976e+00 0.000000000000000000e+00
1.012570127790947572e+00 0.000000000000000000e+00
1.010327090045357590e+00 0.000000000000000000e+00
1.003198974677265598e+00 0.000000000000000000e+00
1.168601591879580903e+00 0.000000000000000000e+00
1.028435772376093515e+00 0.000000000000000000e+00
1.022874158736918559e+00 0.000000000000000000e+00
1.020919538310309349e+00 0.000000000000000000e+00
1.019921419839056709e+00 0.000000000000000000e+00
1.019315245051825025e+00 0.000000000000000000e+00
1.018907717711687866e+00 0.000000000000000000e+00
1.018614709363335535e+00 0.000000000000000000e+00
1.018393726824362577e+00 0.000000000000000000e+00
1.018220991892506033e+00 0.000000000000000000e+00
1.018082160565337624e+00 0.000000000000000000e+00
1.017968066777006797e+00 0.000000000000000000e+00
1.017872579721978532e+00 0.000000000000000000e+00
1.017791443866716161e+00 0.000000000000000000e+00
1.017721613187752228e+00 0.000000000000000000e+00
1.017660850260691419e+00 0.000000000000000000e+00
1.017607474923392541e+00 0.000000000000000000e+00
1.017560201222192040e+00 0.000000000000000000e+00
1.017518028466138036e+00 0.000000000000000000e+00
1.017480166541457454e+00 0.000000000000000000e+00
1.017445983544986943e+00 0.000000000000000000e+00
1.017414968326586511e+00 0.000000000000000000e+00
1.017386703215076960e+00 0.000000000000000000e+00
1.017360843840068529e+00 0.000000000000000000e+00
1.017337103987798974e+00 0.000000000000000000e+00
1.017315244086812731e+00 0.000000000000000000e+00
1.017295062350084711e+00 0.000000000000000000e+00
1.017276387887824374e+00 0.000000000000000000e+00
1.017259075300660953e+00 0.000000000000000000e+00
1.017243000397903163e+00 0.000000000000000000e+00
1.017228056780188128e+00 0.000000000000000000e+00
1.017214153093084050e+00 0.000000000000000000e+00
1.017201210806606637e+00 0.000000000000000000e+00
1.017189162410882863e+00 0.000000000000000000e+00
1.017177949944171100e+00 0.000000000000000000e+00
1.017167523788794936e+00 0.000000000000000000e+00
1.017157841685121911e+00 0.000000000000000000e+00
1.017148867924788425e+00 0.000000000000000000e+00
1.017140572692888156e+00 0.000000000000000000e+00
1.017132931535462026e+00 0.000000000000000000e+00
1.017125924933830250e+00 0.000000000000000000e+00
1.017119537971468368e+00 0.000000000000000000e+00
1.017113760082496654e+00 0.000000000000000000e+00
1.017108584873650301e+00 0.000000000000000000e+00
1.017104010013968551e+00 0.000000000000000000e+00
1.017100037188523043e+00 0.000000000000000000e+00
1.017096672114397915e+00 0.000000000000000000e+00
1.017093924618927892e+00 0.000000000000000000e+00
1.017091808781983353e+00 0.000000000000000000e+00
1.017090343145942377e+00 0.000000000000000000e+00
1.017089550998991676e+00 0.000000000000000000e+00
1.017089460739659001e+00 0.000000000000000000e+00
1.017090106333100152e+00 0.000000000000000000e+00
1.017091527872782786e+00 0.000000000000000000e+00
1.017093772265015073e+00 0.000000000000000000e+00
1.017096894058468370e+00 0.000000000000000000e+00
1.017100956446743920e+00 0.000000000000000000e+00
1.017106032479523803e+00 0.000000000000000000e+00
1.017112206527468032e+00 0.000000000000000000e+00
1.017119576058482133e+00 0.000000000000000000e+00
1.017128253799295612e+00 0.000000000000000000e+00
1.017138370377850931e+00 0.000000000000000000e+00
1.017150077570778466e+00 0.000000000000000000e+00
1.017163552319017450e+00 0.000000000000000000e+00
1.017179001727500864e+00 0.000000000000000000e+00
1.017196669337669057e+00 0.000000000000000000e+00
1.017216843063196485e+00 0.000000000000000000e+00
1.017239865322937975e+00 0.000000000000000000e+00
1.017266146110948233e+00 0.000000000000000000e+00
1.017296180042986720e+00 0.000000000000000000e+00
1.017330568862128803e+00 0.000000000000000000e+00
1.017370051553818433e+00 0.000000000000000000e+00
1.017415545246828534e+00 0.000000000000000000e+00
1.017468201688470852e+00 0.000000000000000000e+00
1.017529486676693740e+00 0.000000000000000000e+00
1.017601294122082889e+00 0.000000000000000000e+00
1.017686113727797492e+00 0.000000000000000000e+00
1.017787284185721397e+00 0.000000000000000000e+00
1.017909387489642770e+00 0.000000000000000000e+00
1.018058885511631262e+00 0.000000000000000000e+00
1.018245192292956514e+00 0.000000000000000000e+00
1.018482574774856930e+00 0.000000000000000000e+00
1.018793739028871492e+00 0.000000000000000000e+00
1.019217148116795979e+00 0.000000000000000000e+00
1.019823552074041073e+00 0.000000000000000000e+00
1.020758851780167564e+00 0.000000000000000000e+00
1.022379934624566999e+00 0.000000000000000000e+00
1.025851947358929817e+00 0.000000000000000000e+00
1.038422410674110896e+00 0.000000000000000000e+00
9.433160855417939139e-01 0.000000000000000000e+00
1.002360774425034018e+00 0.000000000000000000e+00
1.008526085877933909e+00 0.000000000000000000e+00
1.010868807662495650e+00 0.000000000000000000e+00
1.012097389397133007e+00 0.000000000000000000e+00
1.012850281591791246e+00 0.000000000000000000e+00
1.013356251645217698e+00 0.000000000000000000e+00
1.013717558188402590e+00 0.000000000000000000e+00
1.013986773922036067e+00 0.000000000000000000e+00
1.014193689681806676e+00 0.000000000000000000e+00
1.014356444734528573e+00 0.000000000000000000e+00
1.014486712290186832e+00 0.000000000000000000e+00
1.014592341758534744e+00 0.000000000000000000e+00
1.014678803003249197e+00 0.000000000000000000e+00
1.014750021754177611e+00 0.000000000000000000e+00
1.014808885940220229e+00 0.000000000000000000e+00
1.014857564837785109e+00 0.000000000000000000e+00
1.014897717060828208e+00 0.000000000000000000e+00
1.014930630061759542e+00 0.000000000000000000e+00
1.014957316064216464e+00 0.000000000000000000e+00
1.014978579494801414e+00 0.000000000000000000e+00
1.014995065303488708e+00 0.000000000000000000e+00
1.015007294183059239e+00 0.000000000000000000e+00
1.015015688627500801e+00 0.000000000000000000e+00
1.015020592467674287e+00 0.000000000000000000e+00
1.015022285684995307e+00 0.000000000000000000e+00
1.015020995753495248e+00 0.000000000000000000e+00
1.015016906391914331e+00 0.000000000000000000e+00
1.015010164356075606e+00 0.000000000000000000e+00
1.015000884727491837e+00 0.000000000000000000e+00
1.014989155031451373e+00 0.000000000000000000e+00
1.014975038430082854e+00 0.000000000000000000e+00
1.014958576172244831e+00 0.000000000000000000e+00
1.014939789435129747e+00 0.000000000000000000e+00
1.014918680657283412e+00 0.000000000000000000e+00
1.014895234435792881e+00 0.000000000000000000e+00
1.014869418039303639e+00 0.000000000000000000e+00
1.014841181571475737e+00 0.000000000000000000e+00
1.014810457805224830e+00 0.000000000000000000e+00
1.014777161695561647e+00 0.000000000000000000e+00
1.014741189567282431e+00 0.000000000000000000e+00
1.014702417962435321e+00 0.000000000000000000e+00
1.014660702120767422e+00 0.000000000000000000e+00
1.014615874053586220e+00 0.000000000000000000e+00
1.014567740156910203e+00 0.000000000000000000e+00
1.014516078292621692e+00 0.000000000000000000e+00
1.014460634245506920e+00 0.000000000000000000e+00
1.014401117438272548e+00 0.000000000000000000e+00
1.014337195754116516e+00 0.000000000000000000e+00
1.014268489274885443e+00 0.000000000000000000e+00
1.014194562689130663e+00 0.000000000000000000e+00
1.014114916054122295e+00 0.000000000000000000e+00
1.014028973503086739e+00 0.000000000000000000e+00
1.013936069365027892e+00 0.000000000000000000e+00
1.013835430997368503e+00 0.000000000000000000e+00
1.013726157403682659e+00 0.000000000000000000e+00
1.013607192394260448e+00 0.000000000000000000e+00
1.013477290607919024e+00 0.000000000000000000e+00
1.013334974091684160e+00 0.000000000000000000e+00
1.013178476242392545e+00 0.000000000000000000e+00
1.013005668613108146e+00 0.000000000000000000e+00
1.012813964158538305e+00 0.000000000000000000e+00
1.012600187581917721e+00 0.000000000000000000e+00
1.012360398961017038e+00 0.000000000000000000e+00
1.012089649768274535e+00 0.000000000000000000e+00
1.011781639000872923e+00 0.000000000000000000e+00
1.011428218225688846e+00 0.000000000000000000e+00
1.011018661986859080e+00 0.000000000000000000e+00
1.010538562685891151e+00 0.000000000000000000e+00
1.009968103286499552e+00 0.000000000000000000e+00
1.009279256882003484e+00 0.000000000000000000e+00
1.008431045453900277e+00 0.000000000000000000e+00
1.007361083681019842e+00 0.000000000000000000e+00
1.005969501788363418e+00 0.000000000000000000e+00
1.004085818212866910e+00 0.000000000000000000e+00
1.001393136992992261e+00 0.000000000000000000e+00
9.972279968066478650e-01 0.000000000000000000e+00
9.899283428623212311e-01 0.000000000000000000e+00
9.738213493858387526e-01 0.000000000000000000e+00
9.087276061071601907e-01 0.000000000000000000e+00
1.223844685611576555e+00 0.000000000000000000e+00
1.069479970038136996e+00 0.000000000000000000e+00
1.046914755878751269e+00 0.000000000000000000e+00
1.037851406036439661e+00 0.000000000000000000e+00
1.032961946193606373e+00 0.000000000000000000e+00
1.029902502280895193e+00 0.000000000000000000e+00
1.027807424620995835e+00 0.000000000000000000e+00
1.026282653014471524e+00 0.000000000000000000e+00
1.025123070716568163e+00 0.000000000000000000e+00
1.024211382969540285e+00 0.000000000000000000e+00
1.023475659718226183e+00 0.000000000000000000e+00
1.022869337732417616e+00 0.000000000000000000e+00
1.022360944275507277e+00 0.000000000000000000e+00
1.021928441978075197e+00 0.000000000000000000e+00
1.021555939476397556e+00 0.000000000000000000e+00
1.021231688431287976e+00 0.000000000000000000e+00
1.020946815927331608e+00 0.000000000000000000e+00
1.020694495427192816e+00 0.000000000000000000e+00
1.020469388915380637e+00 0.000000000000000000e+00
1.020267262088104587e+00 0.000000000000000000e+00
1.020084713042410662e+00 0.000000000000000000e+00
1.019918977238342128e+00 0.000000000000000000e+00
1.019767784837224633e+00 0.000000000000000000e+00
1.019629254709208954e+00 0.000000000000000000e+00
1.019501814565167308e+00 0.000000000000000000e+00
1.019384139996806882e+00 0.000000000000000000e+00
1.019275107400347657e+00 0.000000000000000000e+00
1.019173757229228761e+00 0.000000000000000000e+00
1.019079265024616543e+00 0.000000000000000000e+00
1.018990918368035903e+00 0.000000000000000000e+00
1.018908098389696537e+00 0.000000000000000000e+00
1.018830264814833964e+00 0.000000000000000000e+00
1.018756943782095137e+00 0.000000000000000000e+00
1.018687717851743502e+00 0.000000000000000000e+00
1.018622217757070736e+00 0.000000000000000000e+00
1.018560115553446055e+00 0.000000000000000000e+00
1.018501118895480007e+00 0.000000000000000000e+00
1.018444966230467319e+00 0.000000000000000000e+00
1.018391422740422936e+00 0.000000000000000000e+00
1.018340276899071473e+00 0.000000000000000000e+00
1.018291337536578522e+00 0.000000000000000000e+00
1.018244431325488364e+00 0.000000000000000000e+00
1.018199400617590955e+00 0.000000000000000000e+00
1.018156101574314576e+00 0.000000000000000000e+00
1.018114402543475405e+00 0.000000000000000000e+00
1.018074182643401215e+00 0.000000000000000000e+00
1.018035330522013560e+00 0.000000000000000000e+00
1.017997743263737043e+00 0.000000000000000000e+00
1.017961325421366858e+00 0.000000000000000000e+00
1.017925988153463024e+00 0.000000000000000000e+00
1.017891648450601982e+00 0.000000000000000000e+00
1.017858228436021140e+00 0.000000000000000000e+00
1.017825654727928963e+00 0.000000000000000000e+00
1.017793857852086425e+00 0.000000000000000000e+00
1.017762771694233237e+00 0.000000000000000000e+00
1.017732332982569154e+00 0.000000000000000000e+00
1.017702480790807940e+00 0.000000000000000000e+00
1.017673156052299799e+00 0.000000000000000000e+00
1.017644301075314450e+00 0.000000000000000000e+00
1.017615859048768723e+00 0.000000000000000000e+00
1.017587773526351214e+00 0.000000000000000000e+00
1.017559987875031213e+00 0.000000000000000000e+00
1.017532444671137126e+00 0.000000000000000000e+00
1.017505085023291400e+00 0.000000000000000000e+00
1.017477847796073753e+00 0.000000000000000000e+00
1.017450668700812466e+00 0.000000000000000000e+00
1.017423479209484061e+00 0.000000000000000000e+00
1.017396205233142448e+00 0.000000000000000000e+00
1.017368765485660909e+00 0.000000000000000000e+00
1.017341069424042566e+00 0.000000000000000000e+00
1.017313014613674849e+00 0.000000000000000000e+00
1.017284483303663167e+00 0.000000000000000000e+00
1.017255337902513990e+00 0.000000000000000000e+00
1.017225414899347147e+00 0.000000000000000000e+00
1.017194516549201566e+00 0.000000000000000000e+00
1.017162399278535689e+00 0.000000000000000000e+00
1.017128757171906983e+00 0.000000000000000000e+00
1.017093197894292533e+00 0.000000000000000000e+00
1.017055206643437293e+00 0.000000000000000000e+00
1.017014090529178016e+00 0.000000000000000000e+00
1.016968889707565271e+00 0.000000000000000000e+00
1.016918229473454449e+00 0.000000000000000000e+00
1.016860061786936109e+00 0.000000000000000000e+00
1.016791185999946112e+00 0.000000000000000000e+00
1.016706292082409258e+00 0.000000000000000000e+00
1.016595860636675175e+00 0.000000000000000000e+00
1.016440929485425304e+00 0.000000000000000000e+00
1.016197466078925915e+00 0.000000000000000000e+00
1.015734342143256530e+00 0.000000000000000000e+00
1.014406771544305474e+00 0.000000000000000000e+00
8.880997671719571551e-01 0.000000000000000000e+00
1.019749284971647185e+00 0.000000000000000000e+00
1.018336214857629152e+00 0.000000000000000000e+00
1.017855654926581366e+00 0.000000000000000000e+00
1.017604174395646988e+00 0.000000000000000000e+00
1.017443408953533801e+00 0.000000000000000000e+00
1.017327524033318387e+00 0.000000000000000000e+00
1.017236921405957562e+00 0.000000000000000000e+00
1.017161795607547159e+00 0.000000000000000000e+00
1.017096677859995690e+00 0.000000000000000000e+00
1.017038260083215739e+00 0.000000000000000000e+00
1.016984407633927834e+00 0.000000000000000000e+00
1.016933666068820630e+00 0.000000000000000000e+00
1.016884995413563697e+00 0.000000000000000000e+00
1.016837617927667248e+00 0.000000000000000000e+00
1.016790926227471692e+00 0.000000000000000000e+00
1.016744425212186886e+00 0.000000000000000000e+00
1.016697693724941010e+00 0.000000000000000000e+00
1.016650358110771091e+00 0.000000000000000000e+00
1.016602073101397608e+00 0.000000000000000000e+00
1.016552507242697967e+00 0.000000000000000000e+00
1.016501331088342175e+00 0.000000000000000000e+00
1.016448206962315748e+00 0.000000000000000000e+00
1.016392779425147053e+00 0.000000000000000000e+00
1.016334665759612399e+00 0.000000000000000000e+00
1.016273445872427850e+00 0.000000000000000000e+00
1.016208651014386177e+00 0.000000000000000000e+00
1.016139750661907648e+00 0.000000000000000000e+00
1.016066136775506168e+00 0.000000000000000000e+00
1.015987104441397060e+00 0.000000000000000000e+00
1.015901827584311246e+00 0.000000000000000000e+00
1.015809327966887388e+00 0.000000000000000000e+00
1.015708434989911479e+00 0.000000000000000000e+00
1.015597732758693583e+00 0.000000000000000000e+00
1.015475489288625077e+00 0.000000000000000000e+00
1.015339560261461660e+00 0.000000000000000000e+00
1.015187255856362603e+00 0.000000000000000000e+00
1.015015152888683714e+00 0.000000000000000000e+00
1.014818824025043753e+00 0.000000000000000000e+00
1.014592437886634446e+00 0.000000000000000000e+00
1.014328151931205069e+00 0.000000000000000000e+00
1.014015160910605395e+00 0.000000000000000000e+00
1.013638149053298854e+00 0.000000000000000000e+00
1.013174659123765142e+00 0.000000000000000000e+00
1.012590377256289864e+00 0.000000000000000000e+00
1.011830114134399050e+00 0.000000000000000000e+00
1.010799077465437401e+00 0.000000000000000000e+00
1.009319576376974670e+00 0.000000000000000000e+00
1.007015033693398065e+00 0.000000000000000000e+00
1.002923589762626966e+00 0.000000000000000000e+00
9.936384214861460062e-01 0.000000000000000000e+00
9.519956973082293050e-01 0.000000000000000000e+00
1.105658174112825964e+00 0.000000000000000000e+00
1.043857648743429234e+00 0.000000000000000000e+00
1.032993778761035930e+00 0.000000000000000000e+00
1.028468675156452461e+00 0.000000000000000000e+00
1.025986269657200634e+00 0.000000000000000000e+00
1.024417289093782824e+00 0.000000000000000000e+00
1.023335356269365892e+00 0.000000000000000000e+00
1.022543747967620931e+00 0.000000000000000000e+00
1.021939124327704063e+00 0.000000000000000000e+00
1.021461995959493718e+00 0.000000000000000000e+00
1.021075695391197469e+00 0.000000000000000000e+00
1.020756390611870179e+00 0.000000000000000000e+00
1.020487920506110369e+00 0.000000000000000000e+00
1.020258938233131074e+00 0.000000000000000000e+00
1.020061242685276204e+00 0.000000000000000000e+00
1.019888758913865878e+00 0.000000000000000000e+00
1.019736890969276777e+00 0.000000000000000000e+00
1.019602097560442733e+00 0.000000000000000000e+00
1.019481605887029296e+00 0.000000000000000000e+00
1.019373213855975457e+00 0.000000000000000000e+00
1.019275150393695428e+00 0.000000000000000000e+00
1.019185974874154743e+00 0.000000000000000000e+00
1.019104503453552857e+00 0.000000000000000000e+00
1.019029754271740362e+00 0.000000000000000000e+00
1.018960906113674181e+00 0.000000000000000000e+00
1.018897266825337544e+00 0.000000000000000000e+00
1.018838248900328036e+00 0.000000000000000000e+00
1.018783350406978538e+00 0.000000000000000000e+00
1.018732139940934589e+00 0.000000000000000000e+00
1.018684244645619907e+00 0.000000000000000000e+00
1.018639340594804432e+00 0.000000000000000000e+00
1.018597145011149285e+00 0.000000000000000000e+00
1.018557409924400581e+00 0.000000000000000000e+00
1.018519916967766337e+00 0.000000000000000000e+00
1.018484473081052943e+00 0.000000000000000000e+00
1.018450906941405387e+00 0.000000000000000000e+00
1.018419065981835070e+00 0.000000000000000000e+00
1.018388813887611599e+00 0.000000000000000000e+00
1.018360028483468405e+00 0.000000000000000000e+00
1.018332599942247896e+00 0.000000000000000000e+00
1.018306429259328239e+00 0.000000000000000000e+00
1.018281426947930113e+00 0.000000000000000000e+00
1.018257511918862379e+00 0.000000000000000000e+00
1.018234610514982208e+00 0.000000000000000000e+00
1.018212655675995615e+00 0.000000000000000000e+00
1.018191586213517796e+00 0.000000000000000000e+00
1.018171346179769232e+00 0.000000000000000000e+00
1.018151884316094824e+00 0.000000000000000000e+00
1.018133153569763971e+00 0.000000000000000000e+00
1.018115110669391532e+00 0.000000000000000000e+00
1.018097715750835519e+00 0.000000000000000000e+00
1.018080932026710794e+00 0.000000000000000000e+00
1.018064725493691869e+00 0.000000000000000000e+00
1.018049064672656323e+00 0.000000000000000000e+00
1.018033920377448887e+00 0.000000000000000000e+00
1.018019265508650184e+00 0.000000000000000000e+00
1.018005074869250626e+00 0.000000000000000000e+00
1.017991324999560243e+00 0.000000000000000000e+00
