9.742696455401664846e-01
9.645199850415514531e-01
1.043910077673130488e+00
9.659127936842107909e-01
9.666091980055404598e-01
1.007697052963989259e+00
9.359674078670362496e-01
9.582523461495847661e-01
9.610379634349033307e-01
9.540739202216068637e-01
9.638235807202218952e-01
9.303961732963991205e-01
9.798408801108036137e-01
9.387530251523548142e-01
9.450206640443216122e-01
9.624307720775625574e-01
9.575559418282550972e-01
9.645199850415514531e-01
9.721804325761775889e-01
9.352710035457065807e-01
9.171644911911359666e-01
9.053256177285320394e-01
9.108968522991691685e-01
9.164680868698062977e-01
8.816478708033242961e-01
9.485026856509697346e-01
9.039328090858728126e-01
9.345745992243770228e-01
9.192537041551248622e-01
9.074148306925210461e-01
8.955759572299171190e-01
8.907011269806096587e-01
8.691125930193908111e-01
8.565773152354573261e-01
8.461312504155127368e-01
8.468276547368422946e-01
8.342923769529088096e-01
7.500274540720223149e-01
7.402777935734073944e-01
6.803870219390583118e-01
1.386541003767313374e+00
1.338489105595568107e+00
1.286258781495845271e+00
1.126782191911357645e+00
1.125389383268698307e+00
1.080123102382271716e+00
1.036249630138504463e+00
1.065498611634349224e+00
1.018839522105263518e+00
1.031374799889196892e+00
1.018839522105263518e+00
9.812336887534628405e-01
1.005607840000000364e+00
9.847157103601110739e-01
9.735732412188368157e-01
1.007000648642659479e+00
9.624307720775625574e-01
9.617343677562328885e-01
9.659127936842107909e-01
1.008393457285318817e+00
9.645199850415514531e-01
9.220393214404434268e-01
9.680020066481996865e-01
9.659127936842107909e-01
9.429314510803326055e-01
9.512883029362882992e-01
9.303961732963991205e-01
9.032364047645431437e-01
8.482204633795016324e-01
8.370779942382273742e-01
8.642377627700833509e-01
8.245427164542938892e-01
7.987757565650971392e-01
8.175786732409974222e-01
9.930725622160667676e-01
1.167870046869806444e+00
1.266063056177285651e+00
1.251438565429363159e+00
1.252134969750692939e+00
1.205475880221607010e+00
1.174834090083102911e+00
1.148370725872576381e+00
1.110764892520775815e+00
1.142103086980609694e+00
1.070373441883656795e+00
1.045999290637119383e+00
1.056445355457064084e+00
1.016750309141274400e+00
1.088479954238227521e+00
1.023714352354570867e+00
1.010482670249307713e+00
1.081515911024931054e+00
1.036946034459834021e+00
1.021625139390581971e+00
1.029981991246537776e+00
9.881977319667593074e-01
1.022321543711911529e+00
1.030678395567867334e+00
1.035553225817174683e+00
1.040428056066482254e+00
1.016750309141274400e+00
1.013268287534626388e+00
9.540739202216068637e-01
9.840193060387814050e-01
9.819300930747925094e-01
1.030678395567867334e+00
1.000036605429363235e+00
9.756624541828257113e-01
9.554667288642662015e-01
9.700912196121885822e-01
1.005607840000000364e+00
1.020928735069252413e+00
1.017446713462604180e+00
1.000036605429363235e+00
9.895905406094185341e-01
9.631271763988922263e-01
9.680020066481996865e-01
9.868049233240999696e-01
9.666091980055404598e-01
9.756624541828257113e-01
9.394494294736844830e-01
9.464134726869808389e-01
9.129860652631581752e-01
9.478062813296401767e-01
9.450206640443216122e-01
9.624307720775625574e-01
9.498954942936290724e-01
9.659127936842107909e-01
8.865227010526317564e-01
9.401458337950141519e-01
8.746838275900279402e-01
8.510060806648201970e-01
8.718982103047093757e-01
8.725946146260390446e-01
8.134002473130196309e-01
8.168822689196677533e-01
8.342923769529088096e-01
7.625627318559559109e-01
7.528130713573408794e-01
8.433456331301941722e-01
9.784480714681442759e-01
1.265366651855956093e+00
1.345453148808864574e+00
1.367041682770083533e+00
1.273027099390582118e+00
1.214529136398892373e+00
1.206172284542936568e+00
1.172744877119113793e+00
1.172744877119113793e+00
1.167870046869806444e+00
1.166477238227147106e+00
1.123300170304709411e+00
1.089176358559557078e+00
1.102408040664820232e+00
1.123300170304709411e+00
1.072462654847645691e+00
1.033464012853185787e+00
1.075944676454293925e+00
1.047392099279778721e+00
1.066891420277008562e+00
1.043910077673130488e+00
1.079426698060942158e+00
1.023714352354570867e+00
1.054356142493074966e+00
1.037642438781163801e+00
1.050874120886426955e+00
1.029981991246537776e+00
1.054356142493074966e+00
1.011875478891967051e+00
9.840193060387814050e-01
1.054356142493074966e+00
1.013964691855955946e+00
1.009089861606648375e+00
1.025803565318559762e+00
9.895905406094185341e-01
1.018839522105263518e+00
1.044606481994460045e+00
1.021625139390581971e+00
1.018143117783933738e+00
1.003518627036011246e+00
1.013964691855955946e+00
1.031374799889196892e+00
1.023017948033241309e+00
1.036946034459834021e+00
9.979473924653742278e-01
1.012571883213296609e+00
1.006304244321329922e+00
1.025107160997230205e+00
9.972509881440445589e-01
1.003518627036011246e+00
1.006304244321329922e+00
9.686984109695293554e-01
1.015357500498615284e+00
1.018143117783933738e+00
9.478062813296401767e-01
9.930725622160667676e-01
9.700912196121885822e-01
9.986437967867038967e-01
1.029285586925207996e+00
1.034856821495845125e+00
9.763588585041553802e-01
1.000733009750692792e+00
9.707876239335182511e-01
1.013268287534626388e+00
1.020928735069252413e+00
1.036249630138504463e+00
1.055052546814404746e+00
1.060623781385041875e+00
1.086390741274238403e+00
1.041124460387811812e+00
1.118425340055402062e+00
1.082908719667590391e+00
1.099622423379501779e+00
1.139317469695291241e+00
1.041820864709141592e+00
1.073159059168975249e+00
1.034856821495845125e+00
1.075248272132964367e+00
1.074551867811634587e+00
1.074551867811634587e+00
1.066195015955679004e+00
1.074551867811634587e+00
1.072462654847645691e+00
1.063409398670360329e+00
1.096836806094183103e+00
1.072462654847645691e+00
1.020928735069252413e+00
1.039731651745152696e+00
1.027892778282548658e+00
1.015357500498615284e+00
1.101015232022160895e+00
1.062016590027701213e+00
1.030678395567867334e+00
1.076641080775623482e+00
1.048088503601108279e+00
1.043910077673130488e+00
9.763588585041553802e-01
1.032071204210526671e+00
1.027196373961219100e+00
1.002125818393352130e+00
1.022321543711911529e+00
1.047392099279778721e+00
1.060623781385041875e+00
1.018143117783933738e+00
1.016053904819944842e+00
1.027892778282548658e+00
9.923761578947370987e-01
1.043910077673130488e+00
1.072462654847645691e+00
1.036946034459834021e+00
1.023714352354570867e+00
1.108675679556786919e+00
1.036946034459834021e+00
1.082908719667590391e+00
1.042517269030471150e+00
1.053659738171745408e+00
1.041124460387811812e+00
1.002125818393352130e+00
1.066891420277008562e+00
9.881977319667593074e-01
1.033464012853185787e+00
1.023714352354570867e+00
9.826264973961221783e-01
1.008393457285318817e+00
1.025107160997230205e+00
1.011179074570637493e+00
9.791444757894739448e-01
1.012571883213296609e+00
1.022321543711911529e+00
1.023714352354570867e+00
9.930725622160667676e-01
1.018143117783933738e+00
9.902869449307482030e-01
9.791444757894739448e-01
1.024410756675900647e+00
1.025803565318559762e+00
9.798408801108036137e-01
1.016750309141274400e+00
1.038338843102493358e+00
1.023017948033241309e+00
9.812336887534628405e-01
1.021625139390581971e+00
1.029981991246537776e+00
1.000036605429363235e+00
1.037642438781163801e+00
9.666091980055404598e-01
1.000733009750692792e+00
9.749660498614961535e-01
1.001429414072022350e+00
1.003518627036011246e+00
1.023714352354570867e+00
1.009786265927978155e+00
1.007697052963989259e+00
1.016750309141274400e+00
1.009089861606648375e+00
1.014661096177285504e+00
1.002125818393352130e+00
1.037642438781163801e+00
1.038338843102493358e+00
1.052266929529086070e+00
9.631271763988922263e-01
9.798408801108036137e-01
1.016053904819944842e+00
9.833229017174517361e-01
1.034856821495845125e+00
1.055748951135734304e+00
9.930725622160667676e-01
1.020928735069252413e+00
9.930725622160667676e-01
9.972509881440445589e-01
1.009786265927978155e+00
1.017446713462604180e+00
1.037642438781163801e+00
1.014661096177285504e+00
1.027892778282548658e+00
9.986437967867038967e-01
1.032767608531856229e+00
9.812336887534628405e-01
1.037642438781163801e+00
1.025803565318559762e+00
1.037642438781163801e+00
9.840193060387814050e-01
9.749660498614961535e-01
1.016750309141274400e+00
9.902869449307482030e-01
1.020928735069252413e+00
1.002822222714681688e+00
9.547703245429365326e-01
1.000036605429363235e+00
1.043910077673130488e+00
9.902869449307482030e-01
9.624307720775625574e-01
1.007697052963989259e+00
1.057838164099723199e+00
1.016053904819944842e+00
1.013964691855955946e+00
9.812336887534628405e-01
9.854121146814407428e-01
9.944653708587259944e-01
9.478062813296401767e-01
1.023017948033241309e+00
1.006304244321329922e+00
1.013268287534626388e+00
9.972509881440445589e-01
1.020232330747922633e+00
9.464134726869808389e-01
9.937689665373964365e-01
9.770552628254850491e-01
1.024410756675900647e+00
1.015357500498615284e+00
1.003518627036011246e+00
9.763588585041553802e-01
1.007000648642659479e+00
9.777516671468146070e-01
9.888941362880888652e-01
9.986437967867038967e-01
1.018839522105263518e+00
9.666091980055404598e-01
1.006304244321329922e+00
1.011875478891967051e+00
9.269141516897508870e-01
1.043213673351800930e+00
9.234321300831027646e-01
9.603415591135736618e-01
9.916797535734074298e-01
9.909833492520778719e-01
9.519847072576179681e-01
9.561631331855958704e-01
9.819300930747925094e-01
1.004215031357341026e+00
9.436278554016622744e-01
9.742696455401664846e-01
1.012571883213296609e+00
9.784480714681442759e-01
1.012571883213296609e+00
1.000733009750692792e+00
9.986437967867038967e-01
9.805372844321331716e-01
9.847157103601110739e-01
1.000036605429363235e+00
1.075248272132964367e+00
1.051570525207756512e+00
1.043213673351800930e+00
1.075944676454293925e+00
1.041820864709141592e+00
1.034856821495845125e+00
1.073159059168975249e+00
1.058534568421052979e+00
1.047392099279778721e+00
1.071766250526316133e+00
1.041124460387811812e+00
1.093354784487534870e+00
1.077337485096953262e+00
1.063409398670360329e+00
1.078730293739612378e+00
1.054356142493074966e+00
1.054356142493074966e+00
1.022321543711911529e+00
1.043910077673130488e+00
1.088479954238227521e+00
1.055748951135734304e+00
1.066891420277008562e+00
1.097533210415512661e+00
1.057141759778393642e+00
1.074551867811634587e+00
9.944653708587259944e-01
1.002125818393352130e+00
1.028589182603878438e+00
1.036249630138504463e+00
1.037642438781163801e+00
9.930725622160667676e-01
1.060623781385041875e+00
1.109372083878116699e+00
1.073159059168975249e+00
1.022321543711911529e+00
1.062016590027701213e+00
1.025107160997230205e+00
1.002125818393352130e+00
1.037642438781163801e+00
1.005607840000000364e+00
