9.500000000000001776e-01
1.040000000000000258e+00
1.020000000000000240e+00
8.800000000000001155e-01
1.020000000000000240e+00
9.600000000000001865e-01
1.050000000000000044e+00
1.110000000000000098e+00
1.210000000000000187e+00
1.140000000000000124e+00
1.050000000000000044e+00
9.700000000000000844e-01
8.600000000000000977e-01
1.060000000000000053e+00
1.100000000000000089e+00
1.100000000000000089e+00
9.900000000000001021e-01
1.000000000000000222e+00
8.400000000000000799e-01
9.700000000000000844e-01
9.900000000000001021e-01
1.080000000000000071e+00
9.800000000000000933e-01
8.100000000000001643e-01
1.070000000000000062e+00
1.000000000000000222e+00
1.200000000000000178e+00
1.010000000000000231e+00
8.800000000000001155e-01
1.060000000000000053e+00
9.800000000000000933e-01
1.090000000000000080e+00
