9.269141516897508870e-01
9.742696455401664846e-01
9.861085190027703007e-01
9.589487504709143240e-01
9.693948152908590243e-01
9.519847072576179681e-01
9.310925776177287894e-01
9.673056023268700176e-01
9.631271763988922263e-01
1.010482670249307713e+00
1.010482670249307713e+00
9.700912196121885822e-01
9.436278554016622744e-01
9.652163893628811220e-01
9.805372844321331716e-01
9.505918986149587413e-01
1.009786265927978155e+00
9.645199850415514531e-01
9.742696455401664846e-01
9.624307720775625574e-01
9.742696455401664846e-01
9.596451547922439929e-01
9.074148306925210461e-01
9.721804325761775889e-01
9.526811115789476370e-01
9.478062813296401767e-01
9.471098770083105078e-01
9.624307720775625574e-01
9.707876239335182511e-01
9.241285344044323224e-01
9.136824695844877331e-01
9.081112350138506040e-01
9.505918986149587413e-01
9.227357257617730957e-01
9.373602165096955874e-01
9.290033646537398937e-01
9.485026856509697346e-01
9.331817905817176850e-01
9.269141516897508870e-01
9.659127936842107909e-01
1.083605123988919949e+00
1.019535926426593075e+00
1.007697052963989259e+00
9.610379634349033307e-01
9.213429171191138689e-01
9.366638121883659185e-01
9.450206640443216122e-01
9.596451547922439929e-01
9.401458337950141519e-01
9.429314510803326055e-01
9.519847072576179681e-01
9.575559418282550972e-01
9.812336887534628405e-01
9.721804325761775889e-01
9.262177473684213291e-01
9.136824695844877331e-01
9.457170683656511700e-01
9.324853862603880161e-01
9.345745992243770228e-01
9.331817905817176850e-01
9.290033646537398937e-01
9.443242597229919433e-01
9.171644911911359666e-01
9.213429171191138689e-01
9.352710035457065807e-01
9.213429171191138689e-01
9.666091980055404598e-01
9.485026856509697346e-01
9.464134726869808389e-01
9.296997689750694516e-01
9.875013276454296385e-01
9.248249387257619913e-01
9.686984109695293554e-01
9.345745992243770228e-01
9.742696455401664846e-01
8.976651701939060146e-01
9.471098770083105078e-01
9.241285344044323224e-01
9.269141516897508870e-01
8.962723615512467878e-01
8.628449541274240131e-01
9.652163893628811220e-01
8.907011269806096587e-01
9.067184263711913772e-01
9.199501084764545311e-01
9.025400004432135859e-01
8.656305714127425777e-01
8.530952936288090926e-01
8.858262967313021985e-01
8.517024849861497549e-01
8.530952936288090926e-01
8.565773152354573261e-01
8.405600158448756076e-01
7.876332874238228809e-01
7.834548614958450896e-01
7.221712812188367803e-01
7.402777935734073944e-01
6.977971299722993681e-01
9.136824695844877331e-01
1.217314753684210826e+00
1.464538287756233181e+00
1.353810000664820379e+00
1.282776759889197038e+00
1.173441281440443573e+00
1.179708920332410260e+00
1.117032531412742724e+00
1.140710278337950356e+00
1.127478596232687202e+00
1.149067130193906161e+00
1.096836806094183103e+00
1.052266929529086070e+00
1.074551867811634587e+00
1.073855463490305029e+00
1.043213673351800930e+00
1.016053904819944842e+00
1.004911435678670584e+00
1.075944676454293925e+00
1.019535926426593075e+00
9.868049233240999696e-01
1.049481312243767617e+00
1.004215031357341026e+00
1.019535926426593075e+00
9.700912196121885822e-01
1.057838164099723199e+00
1.038338843102493358e+00
9.652163893628811220e-01
1.003518627036011246e+00
1.004215031357341026e+00
1.003518627036011246e+00
1.018143117783933738e+00
9.993402011080334546e-01
9.819300930747925094e-01
1.020232330747922633e+00
1.031374799889196892e+00
1.023017948033241309e+00
9.986437967867038967e-01
1.028589182603878438e+00
9.777516671468146070e-01
9.986437967867038967e-01
9.582523461495847661e-01
9.854121146814407428e-01
9.979473924653742278e-01
9.937689665373964365e-01
9.547703245429365326e-01
1.000036605429363235e+00
9.457170683656511700e-01
9.659127936842107909e-01
1.000036605429363235e+00
9.631271763988922263e-01
9.756624541828257113e-01
9.519847072576179681e-01
9.965545838227148900e-01
9.986437967867038967e-01
9.791444757894739448e-01
1.003518627036011246e+00
9.276105560110805559e-01
1.029285586925207996e+00
9.721804325761775889e-01
1.021625139390581971e+00
9.645199850415514531e-01
9.561631331855958704e-01
9.561631331855958704e-01
9.916797535734074298e-01
9.728768368975071468e-01
9.498954942936290724e-01
9.589487504709143240e-01
9.596451547922439929e-01
9.401458337950141519e-01
9.422350467590030476e-01
1.002125818393352130e+00
9.227357257617730957e-01
9.840193060387814050e-01
9.589487504709143240e-01
9.861085190027703007e-01
9.798408801108036137e-01
9.624307720775625574e-01
1.002125818393352130e+00
1.016750309141274400e+00
9.728768368975071468e-01
9.951617751800556633e-01
9.540739202216068637e-01
9.721804325761775889e-01
9.498954942936290724e-01
9.881977319667593074e-01
9.749660498614961535e-01
9.847157103601110739e-01
9.770552628254850491e-01
9.791444757894739448e-01
9.241285344044323224e-01
9.923761578947370987e-01
9.638235807202218952e-01
8.927903399445985544e-01
9.735732412188368157e-01
9.916797535734074298e-01
9.387530251523548142e-01
9.457170683656511700e-01
9.122896609418285063e-01
9.206465127977842000e-01
9.770552628254850491e-01
9.053256177285320394e-01
9.150752782271470709e-01
9.122896609418285063e-01
9.840193060387814050e-01
9.234321300831027646e-01
9.255213430470916602e-01
9.366638121883659185e-01
9.568595375069254283e-01
9.185572998337953043e-01
9.582523461495847661e-01
9.610379634349033307e-01
9.547703245429365326e-01
9.666091980055404598e-01
9.596451547922439929e-01
9.680020066481996865e-01
9.213429171191138689e-01
9.366638121883659185e-01
9.888941362880888652e-01
9.512883029362882992e-01
9.081112350138506040e-01
8.969687658725764567e-01
9.568595375069254283e-01
9.199501084764545311e-01
8.969687658725764567e-01
9.554667288642662015e-01
9.352710035457065807e-01
8.670233800554019155e-01
9.039328090858728126e-01
9.310925776177287894e-01
9.401458337950141519e-01
9.310925776177287894e-01
9.081112350138506040e-01
9.478062813296401767e-01
9.081112350138506040e-01
9.060220220498617083e-01
8.788622535180057316e-01
9.220393214404434268e-01
8.663269757340722466e-01
9.095040436565099418e-01
8.990579788365653524e-01
8.767730405540168359e-01
8.851298924099725296e-01
8.816478708033242961e-01
8.753802319113576091e-01
8.475240590581719635e-01
8.677197843767315844e-01
8.245427164542938892e-01
8.224535034903048825e-01
7.925081176731304522e-01
8.015613738504157038e-01
8.029541824930750415e-01
7.959901392797785746e-01
8.294175467036013494e-01
8.050433954570639372e-01
8.238463121329642203e-01
7.723123923545708314e-01
7.911153090304711144e-01
9.352710035457065807e-01
1.162298812299169315e+00
1.337792701274238549e+00
1.476377161218836997e+00
1.330132253739612525e+00
1.363559661163435299e+00
1.291830016066482401e+00
1.259795417285318964e+00
1.199208241329640101e+00
1.137228256731302345e+00
1.209654306149584801e+00
1.147674321551246823e+00
1.146977917229917265e+00
1.066891420277008562e+00
1.079426698060942158e+00
1.051570525207756512e+00
1.098926019058171999e+00
1.085694336952908845e+00
1.073855463490305029e+00
1.115639722770083386e+00
1.093354784487534870e+00
1.065498611634349224e+00
1.043910077673130488e+00
1.043213673351800930e+00
1.050177716565097175e+00
1.004215031357341026e+00
1.015357500498615284e+00
1.034856821495845125e+00
1.031374799889196892e+00
1.013268287534626388e+00
9.847157103601110739e-01
1.020928735069252413e+00
1.040428056066482254e+00
1.063409398670360329e+00
1.039035247423822916e+00
1.029285586925207996e+00
1.039035247423822916e+00
1.020232330747922633e+00
1.017446713462604180e+00
9.749660498614961535e-01
9.673056023268700176e-01
9.986437967867038967e-01
9.951617751800556633e-01
1.016750309141274400e+00
9.930725622160667676e-01
9.638235807202218952e-01
1.009089861606648375e+00
1.043910077673130488e+00
1.002822222714681688e+00
9.526811115789476370e-01
9.951617751800556633e-01
1.020928735069252413e+00
9.735732412188368157e-01
1.008393457285318817e+00
9.798408801108036137e-01
9.422350467590030476e-01
9.777516671468146070e-01
9.895905406094185341e-01
1.000036605429363235e+00
9.812336887534628405e-01
9.540739202216068637e-01
9.617343677562328885e-01
9.798408801108036137e-01
9.540739202216068637e-01
9.923761578947370987e-01
9.512883029362882992e-01
9.290033646537398937e-01
9.450206640443216122e-01
9.338781949030473539e-01
9.338781949030473539e-01
9.338781949030473539e-01
9.136824695844877331e-01
9.505918986149587413e-01
9.575559418282550972e-01
9.380566208310251453e-01
9.610379634349033307e-01
9.888941362880888652e-01
1.012571883213296609e+00
1.050177716565097175e+00
1.004215031357341026e+00
1.027892778282548658e+00
9.965545838227148900e-01
1.009786265927978155e+00
9.958581795013853322e-01
9.937689665373964365e-01
9.359674078670362496e-01
9.742696455401664846e-01
9.693948152908590243e-01
1.026499969639889542e+00
9.680020066481996865e-01
1.005607840000000364e+00
9.944653708587259944e-01
9.485026856509697346e-01
9.471098770083105078e-01
1.013268287534626388e+00
9.485026856509697346e-01
9.380566208310251453e-01
9.248249387257619913e-01
9.366638121883659185e-01
9.673056023268700176e-01
9.756624541828257113e-01
9.408422381163437098e-01
9.220393214404434268e-01
9.617343677562328885e-01
9.290033646537398937e-01
9.519847072576179681e-01
8.976651701939060146e-01
9.359674078670362496e-01
9.227357257617730957e-01
9.206465127977842000e-01
9.331817905817176850e-01
9.067184263711913772e-01
9.303961732963991205e-01
8.920939356232688855e-01
9.011471918005542481e-01
9.095040436565099418e-01
9.164680868698062977e-01
8.886119140166207631e-01
8.886119140166207631e-01
9.095040436565099418e-01
8.753802319113576091e-01
9.457170683656511700e-01
8.656305714127425777e-01
8.816478708033242961e-01
8.962723615512467878e-01
8.670233800554019155e-01
8.370779942382273742e-01
8.572737195567868840e-01
9.060220220498617083e-01
8.607557411634351174e-01
9.004507874792245792e-01
8.753802319113576091e-01
8.628449541274240131e-01
8.328995683102494718e-01
8.043469911357342683e-01
7.980793522437674703e-01
7.827584571745154207e-01
8.294175467036013494e-01
8.050433954570639372e-01
8.273283337396124537e-01
7.806692442105265251e-01
7.256533028254849027e-01
7.959901392797785746e-01
7.709195837119116046e-01
7.639555404986151377e-01
8.266319294182827848e-01
7.750980096398893959e-01
7.792764355678671873e-01
8.384708028808866009e-01
8.663269757340722466e-01
9.826264973961221783e-01
1.042517269030471150e+00
1.060623781385041875e+00
1.142799491301939252e+00
1.213832732077562593e+00
1.248652948144044705e+00
1.231939244432133318e+00
1.231242840110803538e+00
1.213136327756233035e+00
1.191547793795014076e+00
1.151156343157895057e+00
1.140013874016620798e+00
1.213136327756233035e+00
1.190851389473684518e+00
1.152549151800554394e+00
1.186672963545706727e+00
1.127478596232687202e+00
1.139317469695291241e+00
1.170655664155124898e+00
1.137924661052631903e+00
1.109372083878116699e+00
1.101015232022160895e+00
1.028589182603878438e+00
1.072462654847645691e+00
1.135139043767313227e+00
1.075248272132964367e+00
1.094051188808864650e+00
1.097533210415512661e+00
1.012571883213296609e+00
1.048784907922438059e+00
9.909833492520778719e-01
9.686984109695293554e-01
1.007697052963989259e+00
1.045302886315789825e+00
9.986437967867038967e-01
9.568595375069254283e-01
1.018839522105263518e+00
1.025803565318559762e+00
9.693948152908590243e-01
9.881977319667593074e-01
1.027196373961219100e+00
1.041820864709141592e+00
9.819300930747925094e-01
1.098926019058171999e+00
9.902869449307482030e-01
1.134442639445983669e+00
1.106586466592798024e+00
1.091265571523545974e+00
1.170655664155124898e+00
1.180405324653739818e+00
1.188762176509695623e+00
1.210350710470914359e+00
1.176226898725762027e+00
1.215921945041551488e+00
1.201993858614958777e+00
1.224975201218836851e+00
1.184583750581717831e+00
1.172744877119113793e+00
1.185280154903047389e+00
1.137924661052631903e+00
1.169959259833795340e+00
1.146977917229917265e+00
1.164388025263158211e+00
1.171352068476454678e+00
1.156031173407202628e+00
1.125389383268698307e+00
1.162995216620498873e+00
1.146281512908587485e+00
1.160906003656509977e+00
1.106586466592798024e+00
1.112157701163435153e+00
1.098229614736842441e+00
1.118425340055402062e+00
1.188065772188366065e+00
1.101015232022160895e+00
1.114943318448753828e+00
1.094747593130194208e+00
1.131657022160665216e+00
1.116336127091412944e+00
1.124692978947368749e+00
1.046695694958448941e+00
1.102408040664820232e+00
1.100318827700831337e+00
1.096140401772853545e+00
1.119121744376731620e+00
1.062016590027701213e+00
1.107282870914127804e+00
1.075248272132964367e+00
1.084997932631579287e+00
1.181101728975069598e+00
1.122603765983379853e+00
1.121210957340720515e+00
1.127478596232687202e+00
1.107282870914127804e+00
1.071766250526316133e+00
1.151156343157895057e+00
1.127478596232687202e+00
1.113550509806094491e+00
1.101711636343490675e+00
1.071069846204986353e+00
1.082908719667590391e+00
1.123996574626038969e+00
1.147674321551246823e+00
1.188065772188366065e+00
1.106586466592798024e+00
1.091961975844875532e+00
