1.006058059999999976e+00
1.016219710000000109e+00
1.038219119999999940e+00
1.014588389999999896e+00
1.005423460000000047e+00
1.002760290000000110e+00
1.001824510000000057e+00
1.001207909999999979e+00
1.001065719999999937e+00
1.000829210000000025e+00
1.000735829999999993e+00
1.000649609999999967e+00
1.000582789999999944e+00
1.000858880000000006e+00
1.000534040000000013e+00
1.000585880000000039e+00
1.000689010000000101e+00
1.000412789999999941e+00
1.000635050000000081e+00
1.000586610000000043e+00
1.000661229999999957e+00
1.000755630000000007e+00
1.000529409999999952e+00
1.000731870000000079e+00
1.000633440000000096e+00
1.000886790000000026e+00
1.000740689999999988e+00
1.000884649999999931e+00
1.001151209999999958e+00
1.000998840000000056e+00
1.001144019999999912e+00
1.001276920000000015e+00
1.001335859999999967e+00
1.001499190000000095e+00
1.001802290000000095e+00
1.002208180000000004e+00
1.002362140000000013e+00
1.002693000000000056e+00
1.003270000000000106e+00
1.004190259999999890e+00
1.004974629999999980e+00
1.006527310000000064e+00
1.008957520000000052e+00
1.012965670000000040e+00
1.020731669999999980e+00
1.037875260000000077e+00
1.084195699999999984e+00
1.206344789999999945e+00
1.182834029999999981e+00
1.072968270000000057e+00
1.034112249999999955e+00
1.019223159999999906e+00
1.012220820000000021e+00
1.008763209999999910e+00
1.006415700000000024e+00
1.005152540000000094e+00
1.004279240000000017e+00
1.003512449999999889e+00
1.003225669999999958e+00
1.002825999999999995e+00
1.002443409999999924e+00
1.002423559999999991e+00
1.002030710000000102e+00
1.002011919999999945e+00
1.002103549999999954e+00
1.002155609999999974e+00
1.001922409999999930e+00
1.001923839999999899e+00
1.002241429999999989e+00
1.002165189999999928e+00
1.002367980000000047e+00
1.002593749999999950e+00
1.002689820000000065e+00
1.002911850000000049e+00
1.003151050000000044e+00
1.003450420000000065e+00
1.004144619999999932e+00
1.004266850000000044e+00
1.005015510000000001e+00
1.006299749999999937e+00
1.007404259999999940e+00
1.009342839999999963e+00
1.011875850000000021e+00
1.015590980000000032e+00
1.021243179999999917e+00
1.030323829999999941e+00
1.045930269999999940e+00
1.071512189999999975e+00
1.103679569999999943e+00
1.115392050000000079e+00
1.089574279999999895e+00
1.058635030000000032e+00
1.038034569999999990e+00
1.025728839999999975e+00
1.018462140000000016e+00
1.013684049999999948e+00
1.010624799999999990e+00
1.008383269999999943e+00
1.006796669999999949e+00
1.005852119999999905e+00
1.004756779999999905e+00
1.004036120000000087e+00
1.003535779999999988e+00
1.003209259999999992e+00
1.002686890000000108e+00
1.002540860000000089e+00
1.002131330000000098e+00
1.002182090000000025e+00
1.001779509999999984e+00
1.001671879999999959e+00
1.001569289999999945e+00
1.001410179999999928e+00
1.001576889999999942e+00
1.001430999999999960e+00
1.001401540000000034e+00
1.001277240000000068e+00
1.001252940000000091e+00
1.001101220000000014e+00
1.000916420000000029e+00
1.000970389999999988e+00
1.001120470000000040e+00
1.001045090000000082e+00
1.001118809999999915e+00
1.000866189999999989e+00
1.000784750000000001e+00
1.000915599999999905e+00
1.001059039999999900e+00
1.000834479999999971e+00
1.001043549999999893e+00
1.001059659999999907e+00
1.000936739999999991e+00
1.000825690000000101e+00
1.001056399999999957e+00
1.001043930000000026e+00
1.000954850000000063e+00
1.001045350000000056e+00
1.001268620000000054e+00
1.001096870000000028e+00
1.001010979999999995e+00
1.001306159999999945e+00
1.001136400000000037e+00
1.001303349999999925e+00
1.001408869999999895e+00
1.001410329999999904e+00
1.001492440000000039e+00
1.001672660000000104e+00
1.001731099999999985e+00
1.001919419999999894e+00
1.002042380000000010e+00
1.002324130000000091e+00
1.002417300000000067e+00
1.002746499999999985e+00
1.003058580000000033e+00
1.003392620000000068e+00
1.003796080000000090e+00
1.004389219999999971e+00
1.005114650000000109e+00
1.006092750000000091e+00
1.007242570000000059e+00
1.008982550000000034e+00
1.011197329999999894e+00
1.014332859999999892e+00
1.019167890000000076e+00
1.026166560000000061e+00
1.037033490000000002e+00
1.054018310000000014e+00
1.075507669999999916e+00
1.090094230000000053e+00
1.082620310000000030e+00
1.061595429999999896e+00
1.042574150000000088e+00
1.029629389999999978e+00
1.021456270000000055e+00
1.015845380000000020e+00
1.012592549999999925e+00
1.009876180000000012e+00
1.008347619999999889e+00
1.007001919999999995e+00
1.006531819999999966e+00
1.006191300000000011e+00
1.006089610000000079e+00
1.006431040000000054e+00
1.005996960000000051e+00
1.004863580000000089e+00
1.003990500000000008e+00
1.003245970000000042e+00
1.002833679999999950e+00
1.002650679999999905e+00
1.002150960000000035e+00
1.002153389999999922e+00
1.001984280000000060e+00
1.001628339999999895e+00
1.001614439999999995e+00
1.001685439999999927e+00
1.001686290000000090e+00
1.001457980000000081e+00
1.001500749999999940e+00
1.001423320000000006e+00
1.001607429999999965e+00
1.001374549999999974e+00
1.001322819999999947e+00
1.001459630000000045e+00
1.001318750000000035e+00
1.001405859999999981e+00
1.001203379999999976e+00
1.001173579999999896e+00
1.001366109999999976e+00
1.001401339999999918e+00
1.001507039999999904e+00
1.001474509999999984e+00
1.001384410000000003e+00
1.001467869999999927e+00
1.001618990000000098e+00
1.001644830000000042e+00
1.001609629999999918e+00
1.001789140000000078e+00
1.001757030000000048e+00
1.001921679999999926e+00
1.002037349999999938e+00
1.002012349999999996e+00
1.002123749999999980e+00
1.002333380000000052e+00
1.002544110000000099e+00
1.002545430000000071e+00
1.002962860000000012e+00
1.003147039999999990e+00
1.003166809999999964e+00
1.003530739999999977e+00
1.003861920000000074e+00
1.004097870000000059e+00
1.004468839999999918e+00
1.004975710000000078e+00
1.005721950000000087e+00
1.006264830000000110e+00
1.007080219999999970e+00
1.008059830000000101e+00
1.009481520000000021e+00
1.010764779999999918e+00
1.012556170000000089e+00
1.014824079999999906e+00
1.017647350000000062e+00
1.021069259999999979e+00
1.024716750000000065e+00
1.028831939999999889e+00
1.033062790000000009e+00
1.036536439999999892e+00
1.038070999999999966e+00
1.037482889999999935e+00
1.034753299999999987e+00
1.030692029999999981e+00
1.026615749999999938e+00
1.022605570000000075e+00
1.019228259999999997e+00
1.016150770000000092e+00
1.013719229999999971e+00
1.011535899999999932e+00
1.010136979999999962e+00
1.008839800000000064e+00
1.007626420000000023e+00
1.006827209999999972e+00
1.005936319999999995e+00
1.005434579999999967e+00
1.004998679999999922e+00
1.004578900000000052e+00
1.003817219999999955e+00
1.003481209999999901e+00
1.003527959999999997e+00
1.003104540000000044e+00
1.003057979999999905e+00
1.002858749999999910e+00
1.002608200000000060e+00
1.002739339999999979e+00
1.002467170000000074e+00
1.002502570000000093e+00
1.002326540000000099e+00
1.002417639999999999e+00
1.002340039999999988e+00
1.002433890000000050e+00
1.002429140000000052e+00
1.002345629999999987e+00
1.002365610000000018e+00
1.002458360000000104e+00
1.002475320000000059e+00
1.002823809999999982e+00
1.002845760000000030e+00
1.002955409999999992e+00
1.002947590000000000e+00
1.003384250000000089e+00
1.003688149999999890e+00
1.004034939999999931e+00
1.004548599999999903e+00
1.004894310000000068e+00
1.005985920000000089e+00
1.006302559999999957e+00
1.007271260000000002e+00
1.008086199999999932e+00
1.008880070000000018e+00
1.009521799999999914e+00
1.009894070000000088e+00
1.010016189999999980e+00
1.009689370000000030e+00
1.008821890000000110e+00
1.008119020000000088e+00
1.007201910000000034e+00
1.006531129999999941e+00
1.005438269999999967e+00
1.004912089999999925e+00
1.004277419999999976e+00
1.003904740000000073e+00
1.003397459999999963e+00
1.003184950000000075e+00
1.002733179999999891e+00
1.002759390000000028e+00
1.002408570000000054e+00
1.002095610000000026e+00
1.002026850000000024e+00
1.001799029999999924e+00
1.001772440000000097e+00
1.001793450000000085e+00
1.001634979999999953e+00
1.001699640000000002e+00
1.001273800000000103e+00
1.001205590000000090e+00
1.001242270000000101e+00
1.001255589999999973e+00
1.001090840000000037e+00
1.001199670000000097e+00
1.001011740000000039e+00
1.001226890000000092e+00
1.001130810000000038e+00
1.001162310000000000e+00
1.000972270000000108e+00
1.001034570000000068e+00
1.001165840000000085e+00
1.001088540000000027e+00
1.001001980000000069e+00
1.001120320000000063e+00
1.001212149999999967e+00
1.001355980000000034e+00
1.001011960000000034e+00
1.000971929999999954e+00
1.001187070000000068e+00
1.001240689999999933e+00
1.001194799999999940e+00
1.001205260000000097e+00
1.001346859999999950e+00
1.001316429999999924e+00
1.001441760000000070e+00
1.001323650000000010e+00
1.001423280000000027e+00
1.001380359999999969e+00
1.001413050000000027e+00
1.001369799999999977e+00
1.001581349999999926e+00
1.001749470000000031e+00
1.001760959999999923e+00
1.001858729999999920e+00
1.002165399999999984e+00
1.002215810000000040e+00
1.002333279999999993e+00
1.002633230000000042e+00
1.002944950000000057e+00
1.003126409999999913e+00
1.003268779999999971e+00
1.003732620000000075e+00
1.003883450000000011e+00
1.004290890000000047e+00
1.004872790000000071e+00
1.005459059999999960e+00
1.006146949999999984e+00
1.006852089999999977e+00
1.007522599999999935e+00
1.008431450000000007e+00
1.008997890000000064e+00
1.009813019999999950e+00
1.010297320000000054e+00
1.010654780000000086e+00
1.010523199999999955e+00
1.010000299999999962e+00
1.010007190000000055e+00
1.009029090000000073e+00
1.008262929999999891e+00
1.007322889999999971e+00
1.006832919999999909e+00
1.006170479999999978e+00
1.005569050000000075e+00
1.004982540000000091e+00
1.004406169999999987e+00
1.004180529999999960e+00
1.003844949999999958e+00
1.003366760000000024e+00
1.003238620000000081e+00
1.002915000000000001e+00
1.002683830000000054e+00
1.002768789999999965e+00
1.002411090000000060e+00
1.002323529999999963e+00
1.002313250000000044e+00
1.002074350000000003e+00
1.001909809999999901e+00
1.002100299999999944e+00
1.001977630000000064e+00
1.001834689999999917e+00
1.001749219999999996e+00
1.001864190000000043e+00
1.001792210000000072e+00
1.001706289999999999e+00
1.001642289999999935e+00
1.001587830000000068e+00
1.001827489999999932e+00
1.001819849999999956e+00
1.002014090000000079e+00
1.001856330000000073e+00
1.001730229999999944e+00
1.001884030000000037e+00
1.001863659999999934e+00
1.001882919999999899e+00
1.001872190000000051e+00
1.002113739999999975e+00
1.002098530000000043e+00
1.001921080000000019e+00
1.002221449999999958e+00
1.002337049999999952e+00
1.002469899999999914e+00
1.002333010000000080e+00
1.002683280000000066e+00
1.002637680000000087e+00
1.002754530000000033e+00
1.003153359999999994e+00
1.003103180000000094e+00
1.003326640000000047e+00
1.003703079999999970e+00
1.003988429999999932e+00
1.004221390000000103e+00
1.004432619999999998e+00
1.004619139999999966e+00
1.005112409999999956e+00
1.005617159999999899e+00
1.006088400000000105e+00
1.006720929999999958e+00
1.007390959999999946e+00
1.007778520000000011e+00
1.008916890000000066e+00
1.009819969999999900e+00
1.010966980000000071e+00
1.012060439999999950e+00
1.013542909999999964e+00
1.014883079999999937e+00
1.016605980000000020e+00
1.018342759999999902e+00
1.019958890000000062e+00
1.021600389999999914e+00
1.023504949999999969e+00
1.024895090000000009e+00
1.025497820000000004e+00
1.025784110000000027e+00
1.025706830000000069e+00
1.024851320000000010e+00
1.023540930000000015e+00
1.021984980000000043e+00
1.020157830000000043e+00
1.018329819999999941e+00
1.016641850000000069e+00
1.015121469999999970e+00
1.013460809999999990e+00
1.012062529999999905e+00
1.010988629999999944e+00
1.009872649999999927e+00
1.009089789999999986e+00
1.008076049999999890e+00
1.007321090000000030e+00
1.006643820000000078e+00
1.006105620000000034e+00
1.005640400000000101e+00
1.005261780000000105e+00
1.004829100000000031e+00
1.004336160000000033e+00
1.003909369999999912e+00
1.003687460000000087e+00
1.003379349999999892e+00
1.003272869999999983e+00
1.003093910000000033e+00
1.002898719999999910e+00
1.002546930000000058e+00
1.002629339999999925e+00
1.002476099999999981e+00
1.002314109999999925e+00
1.002153709999999975e+00
1.001954489999999920e+00
1.002056779999999980e+00
1.001878059999999904e+00
1.001619870000000079e+00
1.001614360000000037e+00
1.001521520000000054e+00
1.001399469999999958e+00
1.001342540000000003e+00
1.001261020000000057e+00
1.001208059999999955e+00
1.001164390000000015e+00
1.001138459999999952e+00
