9.605991095000410152e-01 1.262011328773127161e-16
9.600467897278021079e-01 1.114559833315098558e-16
9.594751944558976842e-01 9.497611030973018842e-17
9.588831649441836857e-01 7.892991815694472280e-17
9.582694421540577379e-01 6.179952383167375274e-17
9.576326553546302689e-01 4.293440603042597559e-17
9.569713091190596987e-01 2.602085213965210642e-17
9.562837684376553904e-01 4.553649124439118623e-18
9.555682416198261198e-01 -1.626303258728256651e-17
9.548227605898786940e-01 -3.816391647148975608e-17
9.540451580987365787e-01 -6.158268339717665185e-17
9.532330412706012668e-01 -8.586881206085195117e-17
9.523837607748277811e-01 -1.121065046350011585e-16
9.514943747515175465e-01 -1.405126015541213746e-16
9.505616064148747490e-01 -1.689186984732415908e-16
9.495817939983345335e-01 -2.001437210408241185e-16
9.485508313725581342e-01 -2.331034670843834533e-16
9.474640972382201154e-01 -2.677979366039195952e-16
9.463163702381652831e-01 -3.066123743789006539e-16
9.451017266040633302e-01 -3.452099717193846118e-16
9.438134159901175879e-01 -3.907464629637757980e-16
9.424437098649998124e-01 -4.362829542081669842e-16
9.409837151114933684e-01 -4.861562541425001882e-16
9.394231431469594051e-01 -5.403663627667754099e-16
9.377500216735497052e-01 -6.019490461639520618e-16
9.359503317226879338e-01 -6.665674956440881260e-16
9.340075464184673937e-01 -7.372574772901430151e-16
9.319020390089821637e-01 -8.157537145780935361e-16
9.296103149115262365e-01 -9.011888457699512855e-16
9.271040037674921352e-01 -9.944302326037046669e-16
9.243485195903240470e-01 -1.101115726376278303e-15
9.213012547947518893e-01 -1.222546369694654800e-15
9.179091085624822011e-01 -1.362625290379781973e-15
9.141050469504158338e-01 -1.516148318003729401e-15
9.098032258818259388e-01 -1.701763729933247760e-15
9.048919332266339710e-01 -1.909930547050464611e-15
8.992231393649448012e-01 -2.164934898019055254e-15
8.925966304555974506e-01 -2.465042059363042881e-15
8.847352334313350886e-01 -2.834104478877108590e-15
8.752449349223979658e-01 -3.312888158246707349e-15
8.635485944160880001e-01 -3.919174013100601428e-15
8.487723815733413391e-01 -4.748805515486509421e-15
8.295477524240095768e-01 -5.914973372211917990e-15
8.036784137036497855e-01 -7.692631254219151060e-15
7.677451312410723538e-01 -1.065857471727049699e-14
7.183144185500960344e-01 -1.606006994059328008e-14
6.742334318977527552e-01 -2.615182376208835535e-14
8.968917889838644575e-01 -1.357074175256656190e-14
1.469572053014324808e+00 3.481633384372351259e-14
1.381775145528695070e+00 1.536097637977462682e-14
1.256390230617171477e+00 9.073904821965683709e-15
1.180780022368818738e+00 6.735063895479953544e-15
1.133501903151687085e+00 5.473919928444814786e-15
1.101632172989730041e+00 4.655130447783761838e-15
1.078743552423194085e+00 4.060987657261705408e-15
1.061458947920119078e+00 3.608224830031758756e-15
1.047870858442338626e+00 3.243932900076629267e-15
1.036830227212447664e+00 2.946427823946606850e-15
1.027606244000117686e+00 2.688821387764050996e-15
1.019712285325031997e+00 2.469378868052984899e-15
1.012811272512647243e+00 2.269885668315652083e-15
1.006661410732100359e+00 2.096413320717971374e-15
1.001083610118876477e+00 1.932481952238163103e-15
9.959411093966489270e-01 1.778958924614215675e-15
9.911262472362543097e-01 1.640181046536071108e-15
9.865515616021847123e-01 1.506607338885856961e-15
9.821435778718907716e-01 1.373033631235642815e-15
9.778382942978889325e-01 1.242062008799393880e-15
9.735777398305242025e-01 1.110223024625156540e-15
9.693071907066413972e-01 9.783840404509192012e-16
9.649727541545424225e-01 8.448103328007050550e-16
9.605190949678686918e-01 7.042977312465836803e-16
9.558871122277794452e-01 5.568462357885550773e-16
9.510113789001464202e-01 3.989863994746656317e-16
9.458171415216302114e-01 2.289834988289385365e-16
9.402166445868160860e-01 4.510281037539698445e-17
9.341045024800443963e-01 -1.595945597898662527e-16
9.273518153384164853e-01 -3.989863994746656317e-16
9.197987888746624874e-01 -6.696032617270475384e-16
9.112459923160438624e-01 -9.783840404509192012e-16
9.014457176563686058e-01 -1.353084311261909534e-15
8.900991028234382929e-01 -1.804112415015879378e-15
8.768776371845713458e-01 -2.359223927328457648e-15
8.615282716407246522e-01 -3.053113317719180486e-15
8.442529118956709766e-01 -3.927413949611491262e-15
8.269908580542114640e-01 -5.037636974236647802e-15
8.176256185343635519e-01 -6.231126725708691083e-15
8.419419369373036810e-01 -6.675215935558753699e-15
9.558431475993871551e-01 -3.427813588530170819e-15
1.156325003016926090e+00 5.120903701083534543e-15
1.276107033041178784e+00 1.075528555105620399e-14
1.278814143925543378e+00 1.101896351940467866e-14
1.242710316745311738e+00 9.839351555740449840e-15
1.204988414107855066e+00 8.656270145124267401e-15
1.173632603757538639e+00 7.705641680288977113e-15
1.148709938825869692e+00 6.957975862142973256e-15
1.128894375355489643e+00 6.376843497690742879e-15
1.112928637512488272e+00 5.906082914397536854e-15
1.099850833411849083e+00 5.531978954781413549e-15
1.088961082578865369e+00 5.218698737041727043e-15
1.079753458740760452e+00 4.957622853907217575e-15
1.071859128359282209e+00 4.735361408547689166e-15
1.065005453640714972e+00 4.546710230535211394e-15
1.058987766441959577e+00 4.381911500317414720e-15
1.053650027166219028e+00 4.238363132680333933e-15
1.048871491489185681e+00 4.113029361541009621e-15
1.044557411994956997e+00 4.002007059078493967e-15
1.040632464181536987e+00 3.902260459209827559e-15
1.037036031602694308e+00 3.812488519328027792e-15
1.033718776107003245e+00 3.734425962909071472e-15
1.030640108526676091e+00 3.661133896049051373e-15
1.027766298912580423e+00 3.594780723092938501e-15
1.025069047017804102e+00 3.538402210123692271e-15
1.022524388172208587e+00 3.484192101499417049e-15
1.020111846461876359e+00 3.434752482434078047e-15
1.017813772280347084e+00 3.390517033796669466e-15
1.015614818739508873e+00 3.349751032111214499e-15
1.013501523639734003e+00 3.312888158246707349e-15
1.011461972357647676e+00 3.278627369596165408e-15
1.009485523215998715e+00 3.247402347028582881e-15
1.007562581392937640e+00 3.218345728805971362e-15
1.005684410710148802e+00 3.192758557535313457e-15
1.003842975056067788e+00 3.168906109740632360e-15
1.002030802991503933e+00 3.147222066290922271e-15
1.000240870418201311e+00 3.126405384579200586e-15
9.984664971846792803e-01 3.109058149819432515e-15
9.967012542421008758e-01 3.092578276797652848e-15
9.949388785056821893e-01 3.077833127251849987e-15
9.931731929665593706e-01 3.063521658575041329e-15
9.913980298645582723e-01 3.051378594243203679e-15
9.896071548938203399e-01 3.041403934256337038e-15
9.877941904829279363e-01 3.032730316876453003e-15
9.859525361749686967e-01 3.021888295151597958e-15
9.840752840310813543e-01 3.014949401247690730e-15
9.821551267881142300e-01 3.008877869081771905e-15
9.801842562058514785e-01 3.003673698653841484e-15
9.781542486237895240e-01 2.999336889963899466e-15
9.760559341853471960e-01 2.996301123880940054e-15
9.738792454418294664e-01 2.991964315190998036e-15
9.716130400688824942e-01 2.990229591715021229e-15
9.692448911457629546e-01 2.989362229977032825e-15
9.667608367692666071e-01 2.987627506501056018e-15
9.641450785733491902e-01 2.987193825632061817e-15
9.613796158315112139e-01 2.986543304328570514e-15
9.584437980012112668e-01 2.983507538245611102e-15
9.553137735177026357e-01 2.986760144763067615e-15
9.519618059455330350e-01 2.984374899983599505e-15
9.483554197092087801e-01 2.985675942590582110e-15
9.444563258687389551e-01 2.982206495638628496e-15
9.402190629829298985e-01 2.977219165645195176e-15
9.355892682340076760e-01 2.970497112175785048e-15
9.305014693323793162e-01 2.962690856533889416e-15
9.248762595168456002e-01 2.946861504815601052e-15
9.186166919172563672e-01 2.926044823103879366e-15
9.116037230550027015e-01 2.891350353584343225e-15
9.036905955277758640e-01 2.839742330174033214e-15
8.946962999514704862e-01 2.770787072003955132e-15
8.843990142587530023e-01 2.671474153004282925e-15
8.725325175386510201e-01 2.506024901482994949e-15
8.587942471706712100e-01 2.274872998309085403e-15
8.428890669096482657e-01 1.891282269683713935e-15
8.246754136672715951e-01 1.285863776567808259e-15
8.046006114039347956e-01 3.063955339444035531e-16
7.849488917330703641e-01 -1.311884628707460365e-15
7.732730563790177758e-01 -3.831353637129275569e-15
7.904508161798882160e-01 -6.920245626540477701e-15
8.788074271535818438e-01 -7.011101768594762973e-15
1.062290105124165773e+00 1.808232383271324295e-15
1.245809291343259462e+00 1.207020594584662376e-14
1.324022418558719494e+00 1.303471219848972851e-14
1.322449037267854122e+00 9.863637684404125139e-15
1.292982853924329323e+00 7.150963848845393045e-15
1.259689273384059671e+00 5.450934842388122092e-15
1.229774564101630219e+00 4.493801164517918778e-15
1.204513652052184636e+00 3.936087566991375297e-15
1.183500754718831427e+00 3.617765809149631195e-15
1.165994269776182701e+00 3.433017758958101240e-15
1.151296163811710294e+00 3.331536435613458025e-15
1.138834514862252512e+00 3.274290560906223391e-15
1.128161002701206561e+00 3.252172836587519100e-15
1.118928609445958067e+00 3.245667623552606074e-15
1.110868650044402939e+00 3.253690719628998806e-15
1.103771834872813384e+00 3.274073720471726290e-15
1.097473742115672168e+00 3.298793530004395791e-15
1.091843962908568111e+00 3.329584871702984117e-15
1.086778052627206170e+00 3.362978298615537653e-15
1.082191556499575880e+00 3.398540129873062199e-15
1.078015550936966216e+00 3.439089291124020065e-15
1.074193290795845357e+00 3.480072133243972132e-15
1.070677666542902529e+00 3.524090741446883612e-15
1.067429258310871987e+00 3.569193551822280597e-15
1.064414833261143611e+00 3.615597404804660187e-15
1.061606174942058889e+00 3.666121226042484693e-15
1.058979163410181945e+00 3.715777685542320796e-15
1.056513046367875130e+00 3.769770953732098917e-15
1.054189857010601639e+00 3.823330541052882836e-15
1.051993945451629608e+00 3.881010096629111672e-15
1.049911598740827623e+00 3.940207535246820214e-15
1.047930730483959794e+00 4.001356537775002664e-15
1.046040625506245103e+00 4.064890785082653224e-15
1.044231728316771690e+00 4.131243958038766095e-15
1.042495466622252343e+00 4.201283418381329682e-15
1.040824103026540826e+00 4.272623921330875874e-15
1.039210609492508430e+00 4.347650711666872780e-15
1.037648560248639384e+00 4.427339571344557356e-15
1.036132039676868066e+00 4.509522096018958592e-15
1.034655562381804783e+00 4.594523546341822140e-15
1.033214003159924177e+00 4.684946007527113210e-15
1.031802534994570308e+00 4.780030538054091949e-15
1.030416573524654433e+00 4.879560297488261256e-15
1.029051726691664559e+00 4.982234243222638526e-15
1.027703748477051926e+00 5.092063923295420125e-15
1.026368495813405834e+00 5.207097773796132145e-15
1.025041887899865278e+00 5.329612619286994146e-15
1.023719867286435381e+00 5.457331635205786569e-15
1.022398362225774404e+00 5.594266369590705779e-15
1.021073249939747019e+00 5.737381056358792364e-15
1.019740320631621344e+00 5.891879865937976746e-15
1.018395242321330274e+00 6.052341787465831402e-15
1.017033526931706788e+00 6.227115177670494717e-15
1.015650498569438565e+00 6.412405328948267424e-15
1.014241265718917484e+00 6.608971182819889378e-15
1.012800700243790208e+00 6.817137999937106230e-15
1.011323427892823590e+00 7.043410993334831005e-15
1.009803837783171732e+00 7.285838599102589797e-15
1.008236122637191645e+00 7.547022902454347815e-15
1.006614368257213732e+00 7.825771281000371005e-15
1.004932721244637506e+00 8.125986862561607182e-15
1.003185680578129624e+00 8.447344386486310697e-15
1.001368585046030324e+00 8.798083789285371381e-15
9.994784106717721217e-01 9.170073554665147952e-15
9.975150599025042197e-01 9.569168374357062135e-15
9.954834330927753161e-01 9.999596636833807395e-15
9.933967473200820963e-01 1.045615417166745331e-14
9.912818447226929841e-01 1.092875789865388469e-14
9.891876619479800237e-01 1.141317942932040808e-14
9.871986623590324195e-01 1.188686735847932496e-14
9.854558479205079990e-01 1.230873042379343474e-14
9.841886829475263720e-01 1.261610173969307525e-14
9.837607477757874808e-01 1.270121161023318734e-14
9.847268731389000607e-01 1.241216331104855186e-14
9.878820833487628184e-01 1.146012538338903042e-14
9.942403176101505258e-01 9.522764521374682545e-15
1.004812764770688815e+00 6.274169551956365609e-15
1.020036746282179996e+00 1.582067810090848070e-15
1.038957029832365819e+00 -4.115956707406720483e-15
1.058868969706151297e+00 -9.779612016036498545e-15
1.076275907746513605e+00 -1.422841879039626889e-14
1.088688445131036353e+00 -1.692244434858825031e-14
1.095586074187514969e+00 -1.795048484853900561e-14
1.097931589098671390e+00 -1.784781090280462834e-14
1.097171793176674903e+00 -1.710307243052433535e-14
1.094583076121698362e+00 -1.607405614861834309e-14
1.091068997146911190e+00 -1.496502574638292060e-14
1.087194869789039675e+00 -1.388201619628715022e-14
1.083285703845493275e+00 -1.286535981914749271e-14
1.079514353895150824e+00 -1.193153648798572775e-14
1.075963422455693763e+00 -1.108781035735750820e-14
1.072664343146461530e+00 -1.032745937379342394e-14
1.069620743039862987e+00 -9.644628845562053243e-15
1.066821966317957227e+00 -9.028043070069546872e-15
1.064250721795883203e+00 -8.476509424926170766e-15
1.061887306736719605e+00 -7.975499601020619167e-15
1.059711865089800087e+00 -7.520134688576707305e-15
1.057705530168627783e+00 -7.107378921511475767e-15
1.055850942406795001e+00 -6.728667102662289068e-15
1.054132423809646557e+00 -6.384432912898141410e-15
1.052535969964550455e+00 -6.067303777446131363e-15
1.051049150867965576e+00 -5.774786031309542267e-15
1.049660971731855463e+00 -5.506229153184882819e-15
1.048361721857823614e+00 -5.257513174816708101e-15
1.047142826429170004e+00 -5.025710750339307253e-15
1.045996708528901253e+00 -4.810821879752680275e-15
1.044916664452464561e+00 -4.610244477842861954e-15
1.043896753058722426e+00 -4.423653283958106641e-15
1.042931698682347363e+00 -4.248229372449952024e-15
1.042016806542845231e+00 -4.083539062449403900e-15
1.041147889353422284e+00 -3.928498151783976766e-15
1.040321203795684601e+00 -3.782998220236422071e-15
1.039533395589994358e+00 -3.645629804982508659e-15
1.038781452002510042e+00 -3.516176065587739430e-15
1.038062660758177769e+00 -3.393444379662380328e-15
1.037374574457811116e+00 -3.276892646120188601e-15
1.036714979718429852e+00 -3.166846125612909901e-15
1.036081870365449298e+00 -3.062329036185307274e-15
1.035473424101935880e+00 -2.962474016099392315e-15
1.034887982164151898e+00 -2.868148427093153430e-15
1.034324031544946010e+00 -2.777292285038868158e-15
1.033780189428397778e+00 -2.691098212326270556e-15
1.033255189531782747e+00 -2.608807267434620769e-15
1.032747870095654497e+00 -2.529877349277676046e-15
1.032257163300747571e+00 -2.454308457855436387e-15
1.031782085922539727e+00 -2.381666912298907590e-15
1.031321731061530578e+00 -2.312169553042586756e-15
1.030875260810369731e+00 -2.245274279000231132e-15
1.030441899738550493e+00 -2.180981090171840719e-15
1.030020929092013482e+00 -2.119289986557415517e-15
1.029611681619149843e+00 -2.059984127722458425e-15
1.029213536946743002e+00 -2.002629832797975240e-15
1.028825917439671223e+00 -1.947769202870208716e-15
1.028448284486976227e+00 -1.894534876201170448e-15
1.028080135164429088e+00 -1.843360533659854639e-15
1.027720999230175014e+00 -1.793704074160018536e-15
1.027370436415587118e+00 -1.745673917918910689e-15
1.027028033978232058e+00 -1.699270064936531099e-15
1.026693404487963202e+00 -1.654492515212879766e-15
1.026366183820727640e+00 -1.610799167661713938e-15
1.026046029337740917e+00 -1.568515282934779265e-15
1.025732618230363213e+00 -1.527424020597578647e-15
1.025425646013332637e+00 -1.487742221084609184e-15
1.025124825151026986e+00 -1.449144623744125226e-15
1.024829883803194619e+00 -1.411739648793375324e-15
1.024540564678131593e+00 -1.375418876015110925e-15
1.024256623982627623e+00 -1.340182305409332031e-15
1.023977830459188443e+00 -1.305270995455298788e-15
1.023703964502076236e+00 -1.271769148325496701e-15
1.023434817344624603e+00 -1.239459923585428669e-15
1.023170190311081251e+00 -1.207475959497106288e-15
1.022909894126950103e+00 -1.175925676277778109e-15
1.022653748282420061e+00 -1.145568015448183985e-15
1.022401580444030511e+00 -1.116186136573826815e-15
1.022153225910206187e+00 -1.087454779002960947e-15
1.021908527106737630e+00 -1.059157102301089282e-15
1.021667333118665200e+00 -1.031618367119957469e-15
1.021429499255367190e+00 -1.004404892590571308e-15
1.021194886645968358e+00 -9.777335191474278986e-16
1.020963361862446073e+00 -9.524716085285156453e-16
1.020734796568067981e+00 -9.272096979096033920e-16
1.020509067189002694e+00 -9.019477872906911387e-16
1.020286054607150383e+00 -8.778784990615129402e-16
1.020065643872404504e+00 -8.540260512668318427e-16
1.019847723932725936e+00 -8.303904439066478460e-16
1.019632187380537403e+00 -8.071885174154580511e-16
1.019418930214085028e+00 -7.852876335312508616e-16
1.019207851612520255e+00 -7.634951698642922224e-16
1.018998853723559694e+00 -7.407811343507209045e-16
1.018791841462673542e+00 -7.202355031821205955e-16
1.018586722322835758e+00 -6.986056698410347821e-16
1.018383406193941410e+00 -6.781684588896830235e-16
1.018181805191067157e+00 -6.576228277210827144e-16
1.017981833490811505e+00 -6.377277178559737081e-16
1.017783407174999377e+00 -6.179952383167375274e-16
1.017586444081095554e+00 -5.984253891033741724e-16
1.017390863658702793e+00 -5.790723803245079182e-16
1.017196586831572214e+00 -5.606951535008786180e-16
1.017003535864578367e+00 -5.412879346133880887e-16
1.016811634235149642e+00 -5.234528088760015407e-16
1.016620806508668151e+00 -5.052382123782450662e-16
1.016430978217383485e+00 -4.870778259891128670e-16
1.016242075742397777e+00 -4.691884901431020438e-16
1.016054026198309534e+00 -4.516786250574611472e-16
1.015866757320108338e+00 -4.341145498631959754e-16
1.015680197351938485e+00 -4.172552060810463814e-16
1.015494274937348562e+00 -3.995285005609083839e-16
1.015308919010666333e+00 -3.835365185167471935e-16
1.015124058689135023e+00 -3.662977039742276730e-16
1.014939623165458604e+00 -3.493841500834538039e-16
1.014755541600404820e+00 -3.332295377134197878e-16
1.014571743015117988e+00 -3.165328242571430195e-16
1.014388156182790546e+00 -3.003240017784847282e-16
1.014204709519342273e+00 -2.843320197343235378e-16
1.014021330972753043e+00 -2.678521467125438704e-16
1.013837947910684267e+00 -2.523480556460011570e-16
1.013654487006024674e+00 -2.361392331673428657e-16
1.013470874119975829e+00 -2.200930410145574001e-16
1.013287034182293489e+00 -2.038300084272748336e-16
1.013102891068274225e+00 -1.889764386642234228e-16
1.012918367472074976e+00 -1.729844566200622324e-16
1.012733384775920564e+00 -1.571008947931495925e-16
1.012547862914749075e+00 -1.419220643783525304e-16
1.012361720235810392e+00 -1.256048216824456887e-16
1.012174873352716942e+00 -1.102633609417758009e-16
1.011987236993412864e+00 -9.437979911486316098e-17
1.011798723841501157e+00 -7.865886761382334669e-17
1.011609244370335059e+00 -6.304635633003208284e-17
1.011418706669242606e+00 -4.786752591523502076e-17
1.011227016261216027e+00 -3.171291354520100469e-17
1.011034075911357411e+00 -1.550409106654271341e-17
1.010839785425322157e+00 3.252606517456513302e-19
1.010644041436957519e+00 1.604619215278546562e-17
1.010446737184281574e+00 3.236343484869230736e-17
1.010247762272887373e+00 4.830120678422922254e-17
1.010047002425805696e+00 6.456423937151178905e-17
1.009844339218789688e+00 8.088148206741863078e-17
1.009639649799925376e+00 9.757819552369539906e-17
1.009432806592398091e+00 1.139496483282265160e-16
1.009223676979179363e+00 1.313510931966188622e-16
1.009012122968317993e+00 1.483188571960170066e-16
1.008798000837454412e+00 1.663166132592763802e-16
1.008581160756095274e+00 1.830675368241774237e-16
1.008361446384117510e+00 2.009026625615639716e-16
1.008138694444903560e+00 2.189546287334476204e-16
1.007912734271448008e+00 2.363018634932156914e-16
1.007683387323726532e+00 2.552754015117120190e-16
1.007450466675582801e+00 2.745199900733297227e-16
1.007213776469384037e+00 2.922466955934677202e-16
1.006973111336707971e+00 3.132260076310622310e-16
1.006728255783392312e+00 3.330126972789226869e-16
1.006478983537392402e+00 3.531246475785287942e-16
1.006225056858083500e+00 3.737244888557533784e-16
1.005966225805931868e+00 3.952459019795906414e-16
1.005702227471875210e+00 4.160083735826880513e-16
1.005432785166319176e+00 4.394813506169992223e-16
1.005157607568457179e+00 4.617617052615763384e-16
1.004876387837665419e+00 4.855599429476331608e-16
1.004588802690152161e+00 5.096834412854356344e-16
1.004294511445889881e+00 5.338611497318623833e-16
1.003993155053321873e+00 5.590688502421503614e-16
1.003684355102532511e+00 5.868244258577792749e-16
1.003367712841747084e+00 6.144715812561596380e-16
1.003042808217463611e+00 6.424439973062856524e-16
1.002709198965571646e+00 6.709043043340301438e-16
1.002366419789971541e+00 7.019666965757398458e-16
1.002013981677092547e+00 7.337338202295651257e-16
1.001651371410131608e+00 7.674525077938643136e-16
1.001278051366872868e+00 8.014964560099091528e-16
1.000893459711007960e+00 8.387930107434105054e-16
1.000497011120816016e+00 8.747343127613049774e-16
1.000088098243342216e+00 9.158797852071298706e-16
9.996660941201093165e-01 9.578926193909431674e-16
9.992303559062484242e-01 1.002290698354224574e-15
9.987802303045854035e-01 1.047610349164118659e-15
9.983150612674508428e-01 1.097212598555330487e-15
9.978342006923134333e-01 1.151151656636484333e-15
9.973370230669196257e-01 1.206717017976366435e-15
9.968229453246137961e-01 1.267486549744178959e-15
9.962914535768898627e-01 1.333297621614049078e-15
9.957421389332421491e-01 1.402578140435872811e-15
9.951747453459863779e-01 1.476087047730390012e-15
9.945892333950679953e-01 1.560058505989392330e-15
9.939858652433990471e-01 1.649017294241827969e-15
9.933653177665262568e-01 1.745186026941292212e-15
9.927288332519923486e-01 1.854853076688200986e-15
9.920784202867277690e-01 1.971730070882138364e-15
9.914171217827539850e-01 2.107363762660074968e-15
9.907493728825891299e-01 2.251779492035144159e-15
9.900814791540932802e-01 2.420427139965264374e-15
9.894222554779472656e-01 2.608156746131129466e-15
9.887838787141043362e-01 2.828791888231929619e-15
9.881830226164129982e-01 3.077019975622485859e-15
9.876423606145745548e-01 3.365092492851884387e-15
9.871925379276752510e-01 3.705260924469211403e-15
9.868747214919727506e-01 4.107933611330327750e-15
9.867438181867029812e-01 4.579724186687395004e-15
9.868723768113816242e-01 5.138359356060551164e-15
9.873549986303841175e-01 5.818316748534835270e-15
9.883126775621489113e-01 6.616289547484166533e-15
9.898957345906312932e-01 7.549353937125191649e-15
9.922827584000070145e-01 8.670202143040706133e-15
9.956712223247201621e-01 9.918986205309510140e-15
1.000253753645794053e+00 1.127532312308887619e-14
1.006174084792858192e+00 1.265941561648387115e-14
1.013461776141189041e+00 1.389079823388428281e-14
1.021958215492693389e+00 1.478911394389714751e-14
1.031266158004129574e+00 1.509079319839123912e-14
1.040766718590072193e+00 1.466356333232332609e-14
1.049728655148725931e+00 1.345928576923505204e-14
1.057481202291667755e+00 1.164443975271156617e-14
1.063572297276162537e+00 9.475710147088811652e-15
1.067839168470910316e+00 7.247620472522475765e-15
1.070376390212886664e+00 5.183028485566953947e-15
1.071442806442463480e+00 3.402443257694010015e-15
1.071362069228045888e+00 1.955304407968982972e-15
1.070450249436303958e+00 8.339141009672257354e-16
1.068977488943238630e+00 -1.479935965442713552e-17
1.067155786941017759e+00 -6.400587525268175426e-16
1.065141806706476624e+00 -1.083117970313018930e-15
1.063046072171092371e+00 -1.398512382289052169e-15
1.060943473298160633e+00 -1.614322824722291827e-15
1.058882706352718861e+00 -1.754835426276413202e-15
1.056893867103293694e+00 -1.843197903333981813e-15
1.054994187662342542e+00 -1.895131187396037475e-15
1.053192204977805746e+00 -1.918929425082094298e-15
1.051490712040195952e+00 -1.918549954321724371e-15
1.049888808913578497e+00 -1.905268477708776942e-15
1.048383307663198316e+00 -1.882012341108962872e-15
1.046969682427929094e+00 -1.853497823972594105e-15
1.045642703457870804e+00 -1.818044412932318110e-15
1.044396853652121759e+00 -1.781289959285059510e-15
1.043226596549936769e+00 -1.742421311401454176e-15
1.042126543583380638e+00 -1.701980570367744861e-15
1.041091553533080027e+00 -1.661919300094405472e-15
1.040116786783300329e+00 -1.621370138843447606e-15
1.039197729819003158e+00 -1.583097802154709299e-15
1.038330200480229504e+00 -1.543361792533115562e-15
1.037510341103442979e+00 -1.506065237799614209e-15
1.036734604356784661e+00 -1.469527624586852710e-15
1.035999734984916376e+00 -1.434507894415570917e-15
1.035302749590665261e+00 -1.400030265330531876e-15
1.034640915837734321e+00 -1.366853678852475440e-15
1.034011731953288216e+00 -1.335032345090025885e-15
1.033412907067021269e+00 -1.304512053934558935e-15
1.032842342693260917e+00 -1.274750704299831838e-15
1.032298115509655778e+00 -1.245748296185844595e-15
1.031778461485772791e+00 -1.218046930678839956e-15
1.031281761350803849e+00 -1.191321347127072272e-15
1.030806527350001556e+00 -1.165463125313292991e-15
1.030351391216475676e+00 -1.141014366323744866e-15
1.029915093273091387e+00 -1.116728237660069567e-15
1.029496472574627619e+00 -1.093363680843006946e-15
