9.876368669252078014e-01
1.010315425373961240e+00
9.910817112465374334e-01
9.948710400000000398e-01
9.939237078116344160e-01
9.923161137950139432e-01
1.006152905152354560e+00
9.960193214404432505e-01
9.967369973407202988e-01
1.004085998559556936e+00
9.989761461495845207e-01
9.999234783379501446e-01
9.997799431578947571e-01
1.005176865927977836e+00
9.955025947922437890e-01
1.005119451855955637e+00
1.005435229252077622e+00
9.915123167867037068e-01
9.960193214404432505e-01
9.971676028808864611e-01
9.956174229362881878e-01
9.888425624376732115e-01
1.002133920110803489e+00
1.001502365318559518e+00
9.986890757894737458e-01
1.000583740166204993e+00
1.000985638670360167e+00
1.001674607534626116e+00
1.002593232686980640e+00
1.006870581052631719e+00
9.994067516897507941e-01
1.002564525650969651e+00
1.009856112797784089e+00
1.048237419944598292e+00
1.029118533961218995e+00
1.015855883324099818e+00
9.997799431578947571e-01
1.010803444986149602e+00
9.999808924099723439e-01
1.007416014736842058e+00
1.000210548698061030e+00
1.000985638670360167e+00
1.002535818614958441e+00
9.982297632132964837e-01
1.002392283434903053e+00
9.992919235457063953e-01
9.971676028808864611e-01
1.002076506038781289e+00
9.949284540720222392e-01
9.973972591689751477e-01
1.003913756343490338e+00
1.010085769085872665e+00
1.012353624930747875e+00
9.968231184487534868e-01
9.974833802770083357e-01
9.989474391135734210e-01
1.012726816398892060e+00
1.005951955900276973e+00
1.007272479556786671e+00
1.004688846315789474e+00
9.995789939058172813e-01
1.001990384930747879e+00
9.978565717451524097e-01
9.983732983933518712e-01
9.946413837119114643e-01
9.991196813296399082e-01
1.001071759778393355e+00
9.984307124653740706e-01
1.004229533739612323e+00
9.924022349030471313e-01
1.011033101274238177e+00
9.943830203878116780e-01
1.001215294958448743e+00
1.007846620277008443e+00
1.006009369972299172e+00
1.001186587922437754e+00
1.016056832576177404e+00
1.011894312354570724e+00
1.013473199335180208e+00
1.014822430027700895e+00
1.025989467036011238e+00
1.062160332409972430e+00
1.113230149473684261e+00
1.203427656620498665e+00
1.170672928531856005e+00
1.091010903601108195e+00
1.053576928642659283e+00
1.020908321662049811e+00
1.014650187811634297e+00
1.014851137063711883e+00
1.011090515346260377e+00
1.018353395457063826e+00
1.008679124321329779e+00
1.007932741385041631e+00
1.005636178504155209e+00
9.982297632132964837e-01
9.912539534626039206e-01
1.002449697506925252e+00
1.005636178504155209e+00
9.961341495844875382e-01
1.008966194681440554e+00
1.011894312354570724e+00
1.001760728642659304e+00
9.965073410526316122e-01
9.984020054293629709e-01
1.004975916675900249e+00
1.002363576398892064e+00
1.004028584487534737e+00
1.004172119667590124e+00
1.006009369972299172e+00
9.991770954016621076e-01
1.001932970858725902e+00
9.968518254847645865e-01
1.006727045872576332e+00
1.005664885540166198e+00
9.949571611080333389e-01
1.002851596011080426e+00
9.943830203878116780e-01
1.003454443767313187e+00
1.009425507257617705e+00
9.955025947922437890e-01
1.001932970858725902e+00
1.001444951246537540e+00
1.006468682548476545e+00
9.945552626038781652e-01
1.003511857839335164e+00
9.913113675346261200e-01
9.957322510803324755e-01
1.001760728642659304e+00
1.003052545263158013e+00
9.991483883656510079e-01
1.000296669806094219e+00
9.938088796675901282e-01
1.000411497950138617e+00
9.964499269806095239e-01
1.007961448421052619e+00
1.003597978947368574e+00
9.993780446537396944e-01
1.002277455290858876e+00
9.944404344598338774e-01
9.955025947922437890e-01
1.005234280000000036e+00
9.972537239889197602e-01
9.944691414958449771e-01
9.970240677008310737e-01
1.002851596011080426e+00
9.998086501939058568e-01
9.959044932963989627e-01
1.003081252299169002e+00
1.013846390803324171e+00
9.917132660387811827e-01
1.004258240775623312e+00
1.000124427590027842e+00
1.000009599445983444e+00
1.007387307700831069e+00
9.952442314681441138e-01
1.000497619058171805e+00
1.004861088531856073e+00
1.003540564875346375e+00
9.958470792243767633e-01
9.877229880332411005e-01
1.007616963988919645e+00
1.001215294958448743e+00
1.004861088531856073e+00
1.003196080443213400e+00
1.008191104709141417e+00
1.000813396454293791e+00
9.926605982271469175e-01
9.975120873130194354e-01
1.000555033130194005e+00
1.003684100055401762e+00
9.928615474792243933e-01
9.917706801108033821e-01
1.006612217728531933e+00
9.943830203878116780e-01
1.001617193462603916e+00
9.976556224930748229e-01
9.971676028808864611e-01
9.888712694736843112e-01
9.993780446537396944e-01
9.947849188919668517e-01
9.940959500277009031e-01
9.992058024376732073e-01
1.006124198116343571e+00
1.001387537174515341e+00
9.930050826592797808e-01
1.004172119667590124e+00
1.006554803656509733e+00
9.986029546814404467e-01
9.996651150138504693e-01
9.954164736842106009e-01
1.000468912022160817e+00
1.006124198116343571e+00
9.956748370083102762e-01
9.901630860941829093e-01
9.952155244321330141e-01
1.011004394238227189e+00
1.009569042437673092e+00
9.971101888088643728e-01
1.003856342271468138e+00
1.015827176288088607e+00
1.003052545263158013e+00
1.003483150803324175e+00
1.007301186592797881e+00
1.014707601883656496e+00
1.012554574182825462e+00
1.016229074792243781e+00
1.008076276565097018e+00
1.023291005650969643e+00
1.036812019612188385e+00
1.064514309362881050e+00
1.082083015401662074e+00
1.052084162770083209e+00
1.069710282880886432e+00
1.092388841329639870e+00
1.093336173518005605e+00
1.139410966315789642e+00
1.149688085207756227e+00
1.111794797673130164e+00
1.079757745484764664e+00
1.050935881329639887e+00
1.029663967645429334e+00
1.028917584709141408e+00
1.016114246648199604e+00
1.015482691855955633e+00
1.006927995124653696e+00
1.010057062049861454e+00
1.008621710249307579e+00
1.006038077008310383e+00
1.025788517783933651e+00
1.008937487645429343e+00
1.001617193462603916e+00
1.000928224598337968e+00
9.971676028808864611e-01
1.010860859058171801e+00
1.004746260387811674e+00
1.002880303047091415e+00
9.970240677008310737e-01
1.010344132409972451e+00
9.870627262049862516e-01
1.003023838227146802e+00
1.001014345706371156e+00
1.008937487645429343e+00
1.007157651412742494e+00
1.002535818614958441e+00
1.002564525650969651e+00
1.007674378060941844e+00
9.940098289196676040e-01
1.005693592576177409e+00
1.012439746038781285e+00
1.007473428808864258e+00
9.983158843213296718e-01
9.922012856509695444e-01
9.911678323545707325e-01
1.004574018171745298e+00
1.004717553351800685e+00
1.001990384930747879e+00
9.952442314681441138e-01
1.006784459944598309e+00
1.006899288088642708e+00
9.973398450969529483e-01
1.005291694072022235e+00
1.013157421939058223e+00
1.002822888975069215e+00
9.977130365650970223e-01
9.916271449307479946e-01
1.003138666371191201e+00
1.006353854404432147e+00
9.978565717451524097e-01
1.015511398891966843e+00
1.007387307700831069e+00
9.941533640997231025e-01
1.006038077008310383e+00
1.014937258171745293e+00
1.011205343490304776e+00
1.012698109362880849e+00
1.015453984819944644e+00
1.018870122105263176e+00
1.022171431246537532e+00
1.036725898504155197e+00
1.055988319667590103e+00
1.043787829362880837e+00
1.044161020831025022e+00
1.025243084099723090e+00
1.011750777174515337e+00
1.013875097839335160e+00
1.009023608753462753e+00
1.007071530304709306e+00
1.011664656066482149e+00
1.001186587922437754e+00
1.003425736731301976e+00
9.961915636565097376e-01
1.006870581052631719e+00
1.004947209639889261e+00
1.003224787479224389e+00
1.001014345706371156e+00
1.008679124321329779e+00
1.001932970858725902e+00
1.002248748254847666e+00
1.004459190027700899e+00
1.008593003213296369e+00
9.871775543490305393e-01
1.015511398891966843e+00
1.002306162326869865e+00
9.986890757894737458e-01
1.000067013518005643e+00
1.009913526869806066e+00
1.005406522216066634e+00
1.000382790914127407e+00
1.008506882105263180e+00
1.008076276565097018e+00
1.003626685983379563e+00
1.007588256952908656e+00
1.005435229252077622e+00
1.001875556786703703e+00
1.008104983601108007e+00
1.004574018171745298e+00
1.005951955900276973e+00
9.936940515235457294e-01
1.008133690637119217e+00
1.003397029695290987e+00
1.002679353795013828e+00
9.999234783379501446e-01
9.967657043767313985e-01
1.008219811745152406e+00
1.014047340055401758e+00
1.012095261606648311e+00
1.016573559224376755e+00
1.014937258171745293e+00
1.004631432243767275e+00
1.008104983601108007e+00
1.010315425373961240e+00
1.017233821052631715e+00
1.017118992908587316e+00
1.017176406980609515e+00
1.014965965207756282e+00
1.025156962991689902e+00
1.028659221385041622e+00
1.037127797008310370e+00
1.037845472908587308e+00
1.048409662160664890e+00
1.057337550360110789e+00
1.068160102936288158e+00
1.059174800664820060e+00
1.064284653074792253e+00
1.062964129418282555e+00
1.054151069362881055e+00
1.050706225041551312e+00
1.046400169639889244e+00
1.035635031135734074e+00
1.039654016177285367e+00
1.017004164764542917e+00
1.015339156675900245e+00
1.017147699944598305e+00
1.009655163545706502e+00
1.019185899501385162e+00
1.020850907590027834e+00
1.014076047091412747e+00
1.021482462382271583e+00
1.015482691855955633e+00
1.012123968642659300e+00
1.014937258171745293e+00
1.015626227036011242e+00
1.014104754127423957e+00
1.015540105927977832e+00
1.019673919113573524e+00
1.016745801440443353e+00
1.018554344709141413e+00
1.015568812963989043e+00
1.019559090969529125e+00
1.012009140498615123e+00
1.018898829141274387e+00
1.019157192465373951e+00
1.026018174072022227e+00
1.014621480775623308e+00
1.030065866149584508e+00
1.041577387590027826e+00
1.040113328753462740e+00
1.044218434903047221e+00
1.043644294182825449e+00
1.046457583711911443e+00
1.047691986260387953e+00
1.050045963213296352e+00
1.040515227257617692e+00
1.036295292963989034e+00
1.036926847756232783e+00
1.036668484432132997e+00
1.027970252520775674e+00
1.038706683988919632e+00
1.022630743822714683e+00
1.022831693074792270e+00
1.016918043656509729e+00
1.006497389584487534e+00
1.015109500387811670e+00
1.015253035567867057e+00
1.009683870581717491e+00
1.010717323878116414e+00
1.005349108144044434e+00
1.005377815180055423e+00
1.011549827922437750e+00
1.004430482991689910e+00
1.011693363102493137e+00
1.005837127756232796e+00
1.012870351578947448e+00
1.011722070138504126e+00
1.002420990470914264e+00
1.001990384930747879e+00
1.012009140498615123e+00
1.004602725207756286e+00
1.017807961772853265e+00
1.001760728642659304e+00
1.006956702160664907e+00
1.017549598448753478e+00
1.007961448421052619e+00
1.015396570747922445e+00
1.024668943379501540e+00
1.015511398891966843e+00
1.024984720775623304e+00
1.015540105927977832e+00
1.017233821052631715e+00
1.023003935290858868e+00
1.018123739168975028e+00
1.022286259390581709e+00
1.016286488864265980e+00
1.028974998781163386e+00
1.020420302049861450e+00
1.017032871800554128e+00
1.022114017174515332e+00
1.018841415069252188e+00
1.011176636454293787e+00
1.019788747257617700e+00
1.010028355013850465e+00
