8.245775340429321032e-01
-3.483840726959297474e-02
8.245775340429281064e-01
3.483840726958952611e-02
-1.506797455178916084e-02
2.279851206377580750e-02
-1.506797455178907931e-02
-2.279851206377606077e-02
-3.301219017799097988e-01
-1.061543128978145040e-02
-3.301219017799091882e-01
1.061543128978068365e-02
-6.442673355376508093e-01
8.860487077171000717e-03
-6.442673355376503652e-01
-8.860487077171333783e-03
-8.099629209094286741e-01
4.128764407495552971e-03
-8.099629209094282301e-01
-4.128764407495588533e-03
