1.010869420365349658e+00 0.000000000000000000e+00
1.010858629236146555e+00 0.000000000000000000e+00
1.010847377946228365e+00 0.000000000000000000e+00
1.010835635682863387e+00 0.000000000000000000e+00
1.010823368749163675e+00 0.000000000000000000e+00
1.010810540212950137e+00 0.000000000000000000e+00
1.010797109502574953e+00 0.000000000000000000e+00
1.010783031940068799e+00 0.000000000000000000e+00
1.010768258199925107e+00 0.000000000000000000e+00
1.010752733679268323e+00 0.000000000000000000e+00
1.010736397761942129e+00 0.000000000000000000e+00
1.010719182954990858e+00 0.000000000000000000e+00
1.010701013870866749e+00 0.000000000000000000e+00
1.010681806022116103e+00 0.000000000000000000e+00
1.010661464386839681e+00 0.000000000000000000e+00
1.010639881692261710e+00 0.000000000000000000e+00
1.010616936349426842e+00 0.000000000000000000e+00
1.010592489953199058e+00 0.000000000000000000e+00
1.010566384236708304e+00 0.000000000000000000e+00
1.010538437335823492e+00 0.000000000000000000e+00
1.010508439173804840e+00 0.000000000000000000e+00
1.010476145714087615e+00 0.000000000000000000e+00
1.010441271743078406e+00 0.000000000000000000e+00
1.010403481724188923e+00 0.000000000000000000e+00
1.010362378093005997e+00 0.000000000000000000e+00
1.010317486116619534e+00 0.000000000000000000e+00
1.010268234078854688e+00 0.000000000000000000e+00
1.010213927015313207e+00 0.000000000000000000e+00
1.010153711406374999e+00 0.000000000000000000e+00
1.010086526973344112e+00 0.000000000000000000e+00
1.010011039722678028e+00 0.000000000000000000e+00
1.009925547134273849e+00 0.000000000000000000e+00
1.009827840961417200e+00 0.000000000000000000e+00
1.009715003746976425e+00 0.000000000000000000e+00
1.009583098416329650e+00 0.000000000000000000e+00
1.009426679096488533e+00 0.000000000000000000e+00
1.009237990269783447e+00 0.000000000000000000e+00
1.009005595057418159e+00 0.000000000000000000e+00
1.008711893835614992e+00 0.000000000000000000e+00
1.008328322636253604e+00 0.000000000000000000e+00
1.007805232884922741e+00 0.000000000000000000e+00
1.007048022830924872e+00 0.000000000000000000e+00
1.005851353082757527e+00 0.000000000000000000e+00
1.003670032661337697e+00 0.000000000000000000e+00
9.984195124925042686e-01 0.000000000000000000e+00
9.680017886323967202e-01 0.000000000000000000e+00
1.041837242480245562e+00 0.000000000000000000e+00
1.022397902339720055e+00 0.000000000000000000e+00
1.018000669679187009e+00 0.000000000000000000e+00
1.016051906425601281e+00 0.000000000000000000e+00
1.014948660178350837e+00 0.000000000000000000e+00
1.014236328830721012e+00 0.000000000000000000e+00
1.013736498803250230e+00 0.000000000000000000e+00
1.013364841319457810e+00 0.000000000000000000e+00
1.013076303586271321e+00 0.000000000000000000e+00
1.012844614606554172e+00 0.000000000000000000e+00
1.012653409371898849e+00 0.000000000000000000e+00
1.012491950228935567e+00 0.000000000000000000e+00
1.012352888001630369e+00 0.000000000000000000e+00
1.012231011645375656e+00 0.000000000000000000e+00
1.012122511865627850e+00 0.000000000000000000e+00
1.012024527746131941e+00 0.000000000000000000e+00
1.011934856829051377e+00 0.000000000000000000e+00
1.011851763463766485e+00 0.000000000000000000e+00
1.011773848276321663e+00 0.000000000000000000e+00
1.011699956755677254e+00 0.000000000000000000e+00
1.011629113466792296e+00 0.000000000000000000e+00
1.011560473353416256e+00 0.000000000000000000e+00
1.011493284558539818e+00 0.000000000000000000e+00
1.011426859005918777e+00 0.000000000000000000e+00
1.011360548113179325e+00 0.000000000000000000e+00
1.011293721706116866e+00 0.000000000000000000e+00
1.011225748623876486e+00 0.000000000000000000e+00
1.011155977730061384e+00 0.000000000000000000e+00
1.011083718119558439e+00 0.000000000000000000e+00
1.011008217251279540e+00 0.000000000000000000e+00
1.010928635536036735e+00 0.000000000000000000e+00
1.010844015535017126e+00 0.000000000000000000e+00
1.010753243314600258e+00 0.000000000000000000e+00
1.010654998547016570e+00 0.000000000000000000e+00
1.010547688455750270e+00 0.000000000000000000e+00
1.010429358359858920e+00 0.000000000000000000e+00
1.010297567817871611e+00 0.000000000000000000e+00
1.010149215222970520e+00 0.000000000000000000e+00
1.009980283345708774e+00 0.000000000000000000e+00
1.009785460312788707e+00 0.000000000000000000e+00
1.009557558017861956e+00 0.000000000000000000e+00
1.009286588777871252e+00 0.000000000000000000e+00
1.008958239977518101e+00 0.000000000000000000e+00
1.008551232410428655e+00 0.000000000000000000e+00
1.008032476239733244e+00 0.000000000000000000e+00
1.007347536077319194e+00 0.000000000000000000e+00
1.006400084813998896e+00 0.000000000000000000e+00
1.005001973734750198e+00 0.000000000000000000e+00
1.002729548591472675e+00 0.000000000000000000e+00
9.983872725546740767e-01 0.000000000000000000e+00
9.867790519360007950e-01 0.000000000000000000e+00
8.563182106182007924e-01 0.000000000000000000e+00
1.050133255789029496e+00 0.000000000000000000e+00
1.029155198850608466e+00 0.000000000000000000e+00
1.023139228603846762e+00 0.000000000000000000e+00
1.020287990046694571e+00 0.000000000000000000e+00
1.018625762505033228e+00 0.000000000000000000e+00
1.017538304730940313e+00 0.000000000000000000e+00
1.016772451080964368e+00 0.000000000000000000e+00
1.016204791480098235e+00 0.000000000000000000e+00
1.015767986470212270e+00 0.000000000000000000e+00
1.015422174162221580e+00 0.000000000000000000e+00
1.015142255420574013e+00 0.000000000000000000e+00
1.014911641700871670e+00 0.000000000000000000e+00
1.014718932565853660e+00 0.000000000000000000e+00
1.014556037318199433e+00 0.000000000000000000e+00
1.014417057943708844e+00 0.000000000000000000e+00
1.014297596182365480e+00 0.000000000000000000e+00
1.014194308064331196e+00 0.000000000000000000e+00
1.014104608627200754e+00 0.000000000000000000e+00
1.014026470918959255e+00 0.000000000000000000e+00
1.013958285971012119e+00 0.000000000000000000e+00
1.013898763237803147e+00 0.000000000000000000e+00
1.013846858523635541e+00 0.000000000000000000e+00
1.013801720972227205e+00 0.000000000000000000e+00
1.013762653527647606e+00 0.000000000000000000e+00
1.013729083080795679e+00 0.000000000000000000e+00
1.013700537691772929e+00 0.000000000000000000e+00
1.013676629060257683e+00 0.000000000000000000e+00
1.013657038945252609e+00 0.000000000000000000e+00
1.013641508600122476e+00 0.000000000000000000e+00
1.013629830544099164e+00 0.000000000000000000e+00
1.013621842173027199e+00 0.000000000000000000e+00
1.013617420843465178e+00 0.000000000000000000e+00
1.013616480160913547e+00 0.000000000000000000e+00
1.013618967275505822e+00 0.000000000000000000e+00
1.013624861044311931e+00 0.000000000000000000e+00
1.013634170963673364e+00 0.000000000000000000e+00
1.013646936811485544e+00 0.000000000000000000e+00
1.013663228970996144e+00 0.000000000000000000e+00
1.013683149436804376e+00 0.000000000000000000e+00
1.013706833532368456e+00 0.000000000000000000e+00
1.013734452398411534e+00 0.000000000000000000e+00
1.013766216345201032e+00 0.000000000000000000e+00
1.013802379201169446e+00 0.000000000000000000e+00
1.013843243838647989e+00 0.000000000000000000e+00
1.013889169118480593e+00 0.000000000000000000e+00
1.013940578574133999e+00 0.000000000000000000e+00
1.013997971259830599e+00 0.000000000000000000e+00
1.014061935326410868e+00 0.000000000000000000e+00
1.014133165077733212e+00 0.000000000000000000e+00
1.014212482520975511e+00 0.000000000000000000e+00
1.014300864788075351e+00 0.000000000000000000e+00
1.014399479321017594e+00 0.000000000000000000e+00
1.014509729454708076e+00 0.000000000000000000e+00
1.014633314113549956e+00 0.000000000000000000e+00
1.014772306946001290e+00 0.000000000000000000e+00
1.014929262655720033e+00 0.000000000000000000e+00
1.015107362048791373e+00 0.000000000000000000e+00
1.015310613259282624e+00 0.000000000000000000e+00
1.015544136243566875e+00 0.000000000000000000e+00
1.015814573675239751e+00 0.000000000000000000e+00
1.016130698952881328e+00 0.000000000000000000e+00
1.016504341176535764e+00 0.000000000000000000e+00
1.016951838169686928e+00 0.000000000000000000e+00
1.017496406160644185e+00 0.000000000000000000e+00
1.018172180003302341e+00 0.000000000000000000e+00
1.019031480738141759e+00 0.000000000000000000e+00
1.020158780008064925e+00 0.000000000000000000e+00
1.021699866987648253e+00 0.000000000000000000e+00
1.023929806500293527e+00 0.000000000000000000e+00
1.027437019172064314e+00 0.000000000000000000e+00
1.033747151488076055e+00 0.000000000000000000e+00
1.048423630217241165e+00 0.000000000000000000e+00
1.120546621459966197e+00 0.000000000000000000e+00
8.974070909626787884e-01 0.000000000000000000e+00
9.740460633687365588e-01 0.000000000000000000e+00
9.890838240552398686e-01 0.000000000000000000e+00
9.954937227778229980e-01 0.000000000000000000e+00
9.990422563045373572e-01 0.000000000000000000e+00
1.001293398854425920e+00 0.000000000000000000e+00
1.002846983221549415e+00 0.000000000000000000e+00
1.003982438710498304e+00 0.000000000000000000e+00
1.004847516405334540e+00 0.000000000000000000e+00
1.005527676498892076e+00 0.000000000000000000e+00
1.006075782655960094e+00 0.000000000000000000e+00
1.006526288284836701e+00 0.000000000000000000e+00
1.006902607162696528e+00 0.000000000000000000e+00
1.007221205433783906e+00 0.000000000000000000e+00
1.007493999007013086e+00 0.000000000000000000e+00
1.007729822216143045e+00 0.000000000000000000e+00
1.007935362021285641e+00 0.000000000000000000e+00
1.008115771670969885e+00 0.000000000000000000e+00
1.008275085180883268e+00 0.000000000000000000e+00
1.008416504168599070e+00 0.000000000000000000e+00
1.008542600649646293e+00 0.000000000000000000e+00
1.008655463165681221e+00 0.000000000000000000e+00
1.008756803877919550e+00 0.000000000000000000e+00
1.008848038252337043e+00 0.000000000000000000e+00
1.008930345163862707e+00 0.000000000000000000e+00
1.009004712788821312e+00 0.000000000000000000e+00
1.009071974031801266e+00 0.000000000000000000e+00
1.009132834141158730e+00 0.000000000000000000e+00
1.009187892420016608e+00 0.000000000000000000e+00
1.009237659419936373e+00 0.000000000000000000e+00
1.009282570637640930e+00 0.000000000000000000e+00
1.009322997472588579e+00 0.000000000000000000e+00
1.009359256012579698e+00 0.000000000000000000e+00
1.009391614074245824e+00 0.000000000000000000e+00
1.009420296820376706e+00 0.000000000000000000e+00
1.009445491196281353e+00 0.000000000000000000e+00
1.009467349365431810e+00 0.000000000000000000e+00
1.009485991275212546e+00 0.000000000000000000e+00
1.009501506442717744e+00 0.000000000000000000e+00
1.009513955015093112e+00 0.000000000000000000e+00
1.009523368126287179e+00 0.000000000000000000e+00
1.009529747539898326e+00 0.000000000000000000e+00
1.009533064533610469e+00 0.000000000000000000e+00
1.009533257941810813e+00 0.000000000000000000e+00
1.009530231225934660e+00 0.000000000000000000e+00
1.009523848382429367e+00 0.000000000000000000e+00
1.009513928419688567e+00 0.000000000000000000e+00
1.009500238028845143e+00 0.000000000000000000e+00
1.009482481925571884e+00 0.000000000000000000e+00
1.009460290130702598e+00 0.000000000000000000e+00
1.009433201155234716e+00 0.000000000000000000e+00
1.009400639610567030e+00 0.000000000000000000e+00
1.009361886097782435e+00 0.000000000000000000e+00
1.009316036208659062e+00 0.000000000000000000e+00
1.009261943872953093e+00 0.000000000000000000e+00
1.009198141724009457e+00 0.000000000000000000e+00
1.009122726934048808e+00 0.000000000000000000e+00
1.009033193806220474e+00 0.000000000000000000e+00
1.008926181829394642e+00 0.000000000000000000e+00
1.008797084934952348e+00 0.000000000000000000e+00
1.008639423854059469e+00 0.000000000000000000e+00
1.008443795310377977e+00 0.000000000000000000e+00
1.008196023206510805e+00 0.000000000000000000e+00
1.007873702489324952e+00 0.000000000000000000e+00
1.007439229379815115e+00 0.000000000000000000e+00
1.006824300595055233e+00 0.000000000000000000e+00
1.005890577518038675e+00 0.000000000000000000e+00
1.004309022872245105e+00 0.000000000000000000e+00
1.001058603463618191e+00 0.000000000000000000e+00
9.905905636198589770e-01 0.000000000000000000e+00
1.193925661091223889e+00 0.000000000000000000e+00
1.026880570892334976e+00 0.000000000000000000e+00
1.019083376378789207e+00 0.000000000000000000e+00
1.016321389557102828e+00 0.000000000000000000e+00
1.014908175557049708e+00 0.000000000000000000e+00
1.014049780515409394e+00 0.000000000000000000e+00
1.013473052158801790e+00 0.000000000000000000e+00
1.013058772163429433e+00 0.000000000000000000e+00
1.012746610741144693e+00 0.000000000000000000e+00
1.012502762575680615e+00 0.000000000000000000e+00
1.012306812815627843e+00 0.000000000000000000e+00
1.012145703830775290e+00 0.000000000000000000e+00
1.012010694157228885e+00 0.000000000000000000e+00
1.011895710500334555e+00 0.000000000000000000e+00
1.011796401103874476e+00 0.000000000000000000e+00
1.011709565302432612e+00 0.000000000000000000e+00
1.011632795675796004e+00 0.000000000000000000e+00
1.011564245762375247e+00 0.000000000000000000e+00
1.011502474764801152e+00 0.000000000000000000e+00
1.011446341024912821e+00 0.000000000000000000e+00
1.011394927279170242e+00 0.000000000000000000e+00
1.011347487147151503e+00 0.000000000000000000e+00
1.011303406123846171e+00 0.000000000000000000e+00
1.011262172676764992e+00 0.000000000000000000e+00
1.011223356508812232e+00 0.000000000000000000e+00
1.011186591984210903e+00 0.000000000000000000e+00
1.011151565328121116e+00 0.000000000000000000e+00
1.011118004620136457e+00 0.000000000000000000e+00
1.011085671880113113e+00 0.000000000000000000e+00
1.011054356736849513e+00 0.000000000000000000e+00
1.011023871304635779e+00 0.000000000000000000e+00
1.010994045988092171e+00 0.000000000000000000e+00
1.010964726004185410e+00 0.000000000000000000e+00
1.010935768459919837e+00 0.000000000000000000e+00
1.010907039860465373e+00 0.000000000000000000e+00
1.010878413949114263e+00 0.000000000000000000e+00
1.010849769800080900e+00 0.000000000000000000e+00
1.010820990099567496e+00 0.000000000000000000e+00
1.010791959560967346e+00 0.000000000000000000e+00
1.010762563427466176e+00 0.000000000000000000e+00
1.010732686020226589e+00 0.000000000000000000e+00
1.010702209293192100e+00 0.000000000000000000e+00
1.010671011356581328e+00 0.000000000000000000e+00
1.010638964930440808e+00 0.000000000000000000e+00
1.010605935687203250e+00 0.000000000000000000e+00
1.010571780437872214e+00 0.000000000000000000e+00
1.010536345110009337e+00 0.000000000000000000e+00
1.010499462456661890e+00 0.000000000000000000e+00
1.010460949423147792e+00 0.000000000000000000e+00
1.010420604082303830e+00 0.000000000000000000e+00
1.010378202027182315e+00 0.000000000000000000e+00
1.010333492081497919e+00 0.000000000000000000e+00
1.010286191149976531e+00 0.000000000000000000e+00
1.010235977979689004e+00 0.000000000000000000e+00
1.010182485534610430e+00 0.000000000000000000e+00
1.010125291591981833e+00 0.000000000000000000e+00
1.010063907040354758e+00 0.000000000000000000e+00
1.009997761180366327e+00 0.000000000000000000e+00
1.009926183077738182e+00 0.000000000000000000e+00
1.009848377659386509e+00 0.000000000000000000e+00
1.009763394724818797e+00 0.000000000000000000e+00
1.009670088282655920e+00 0.000000000000000000e+00
1.009567062482109367e+00 0.000000000000000000e+00
1.009452598671582990e+00 0.000000000000000000e+00
1.009324555411664104e+00 0.000000000000000000e+00
1.009180228960008252e+00 0.000000000000000000e+00
1.009016154698372247e+00 0.000000000000000000e+00
1.008827818108704477e+00 0.000000000000000000e+00
1.008609223268179811e+00 0.000000000000000000e+00
1.008352229567383462e+00 0.000000000000000000e+00
1.008045497109927080e+00 0.000000000000000000e+00
1.007672742058166149e+00 0.000000000000000000e+00
1.007209710651662649e+00 0.000000000000000000e+00
1.006618620857242297e+00 0.000000000000000000e+00
1.005837198374794683e+00 0.000000000000000000e+00
1.004754987192203908e+00 0.000000000000000000e+00
1.003155570302045607e+00 0.000000000000000000e+00
1.000549410734225875e+00 0.000000000000000000e+00
9.955443889383802647e-01 0.000000000000000000e+00
9.819868626278349666e-01 0.000000000000000000e+00
8.084785179076878769e-01 0.000000000000000000e+00
1.052785420512030168e+00 0.000000000000000000e+00
1.030162944682381676e+00 0.000000000000000000e+00
1.023522001788900626e+00 0.000000000000000000e+00
1.020346099829395392e+00 0.000000000000000000e+00
1.018483228237392346e+00 0.000000000000000000e+00
1.017257745852877315e+00 0.000000000000000000e+00
1.016389667204883773e+00 0.000000000000000000e+00
1.015742025791793512e+00 0.000000000000000000e+00
1.015239894112030861e+00 0.000000000000000000e+00
1.014838829272827869e+00 0.000000000000000000e+00
1.014510799383575579e+00 0.000000000000000000e+00
1.014237247536814657e+00 0.000000000000000000e+00
1.014005399295454080e+00 0.000000000000000000e+00
1.013806172059904975e+00 0.000000000000000000e+00
1.013632930227455375e+00 0.000000000000000000e+00
1.013480712146897389e+00 0.000000000000000000e+00
1.013345732641951713e+00 0.000000000000000000e+00
1.013225052917463564e+00 0.000000000000000000e+00
1.013116355624062548e+00 0.000000000000000000e+00
1.013017787959138216e+00 0.000000000000000000e+00
1.012927849938506819e+00 0.000000000000000000e+00
1.012845313352133791e+00 0.000000000000000000e+00
1.012769161993151146e+00 0.000000000000000000e+00
1.012698546908221475e+00 0.000000000000000000e+00
1.012632752431124938e+00 0.000000000000000000e+00
1.012571170073525817e+00 0.000000000000000000e+00
1.012513278218738932e+00 0.000000000000000000e+00
1.012458626154140395e+00 0.000000000000000000e+00
1.012406821383439626e+00 0.000000000000000000e+00
1.012357519443108478e+00 0.000000000000000000e+00
1.012310415647541761e+00 0.000000000000000000e+00
1.012265238330983141e+00 0.000000000000000000e+00
1.012221743258156392e+00 0.000000000000000000e+00
1.012179708951543633e+00 0.000000000000000000e+00
1.012138932739278241e+00 0.000000000000000000e+00
1.012099227369202215e+00 0.000000000000000000e+00
1.012060418065577005e+00 0.000000000000000000e+00
1.012022339927945991e+00 0.000000000000000000e+00
1.011984835588625620e+00 0.000000000000000000e+00
1.011947753057570898e+00 0.000000000000000000e+00
1.011910943691864517e+00 0.000000000000000000e+00
1.011874260232406675e+00 0.000000000000000000e+00
1.011837554852907495e+00 0.000000000000000000e+00
1.011800677166170281e+00 0.000000000000000000e+00
1.011763472129836305e+00 0.000000000000000000e+00
1.011725777788014868e+00 0.000000000000000000e+00
1.011687422776051060e+00 0.000000000000000000e+00
1.011648223502335631e+00 0.000000000000000000e+00
1.011607980902361037e+00 0.000000000000000000e+00
1.011566476634535805e+00 0.000000000000000000e+00
1.011523468552143923e+00 0.000000000000000000e+00
1.011478685237811037e+00 0.000000000000000000e+00
1.011431819320854908e+00 0.000000000000000000e+00
1.011382519206522446e+00 0.000000000000000000e+00
1.011330378718355627e+00 0.000000000000000000e+00
1.011274923974174067e+00 0.000000000000000000e+00
1.011215596557114571e+00 0.000000000000000000e+00
1.011151731666390718e+00 0.000000000000000000e+00
1.011082529375569639e+00 0.000000000000000000e+00
1.011007016288359539e+00 0.000000000000000000e+00
1.010923993596481774e+00 0.000000000000000000e+00
1.010831965528852461e+00 0.000000000000000000e+00
1.010729038944572444e+00 0.000000000000000000e+00
1.010612779482466861e+00 0.000000000000000000e+00
1.010480000600826767e+00 0.000000000000000000e+00
1.010326445867743894e+00 0.000000000000000000e+00
1.010146295642329717e+00 0.000000000000000000e+00
1.009931373375015262e+00 0.000000000000000000e+00
1.009669813998910870e+00 0.000000000000000000e+00
1.009343714893648158e+00 0.000000000000000000e+00
1.008924730082441990e+00 0.000000000000000000e+00
1.008365147600596368e+00 0.000000000000000000e+00
1.007577934190983182e+00 0.000000000000000000e+00
1.006385700683206430e+00 0.000000000000000000e+00
1.004362318505884755e+00 0.000000000000000000e+00
1.000161540066601074e+00 0.000000000000000000e+00
9.861201007721667189e-01 0.000000000000000000e+00
1.162324213187400312e+00 0.000000000000000000e+00
1.031420963052947171e+00 0.000000000000000000e+00
1.022421647761695418e+00 0.000000000000000000e+00
1.019136914766402224e+00 0.000000000000000000e+00
1.017433348070384769e+00 0.000000000000000000e+00
1.016389474729487929e+00 0.000000000000000000e+00
1.015683387489448197e+00 0.000000000000000000e+00
1.015173324219316386e+00 0.000000000000000000e+00
1.014787116124447719e+00 0.000000000000000000e+00
1.014484148344928505e+00 0.000000000000000000e+00
1.014239812313155742e+00 0.000000000000000000e+00
1.014038326376775156e+00 0.000000000000000000e+00
1.013869102489846075e+00 0.000000000000000000e+00
1.013724770978067236e+00 0.000000000000000000e+00
1.013600042985871807e+00 0.000000000000000000e+00
1.013491023493494847e+00 0.000000000000000000e+00
1.013394779579211535e+00 0.000000000000000000e+00
1.013309059728317196e+00 0.000000000000000000e+00
1.013232105924029236e+00 0.000000000000000000e+00
1.013162524598697489e+00 0.000000000000000000e+00
1.013099195992639423e+00 0.000000000000000000e+00
1.013041209204691429e+00 0.000000000000000000e+00
1.012987814811298737e+00 0.000000000000000000e+00
1.012938389737950695e+00 0.000000000000000000e+00
1.012892410827471945e+00 0.000000000000000000e+00
1.012849434680166416e+00 0.000000000000000000e+00
1.012809082082068990e+00 0.000000000000000000e+00
1.012771025832959415e+00 0.000000000000000000e+00
1.012734981122639155e+00 0.000000000000000000e+00
1.012700697836637964e+00 0.000000000000000000e+00
1.012667954335521259e+00 0.000000000000000000e+00
1.012636552367629728e+00 0.000000000000000000e+00
1.012606312858071567e+00 0.000000000000000000e+00
1.012577072376885434e+00 0.000000000000000000e+00
1.012548680133134482e+00 0.000000000000000000e+00
1.012520995373772603e+00 0.000000000000000000e+00
1.012493885089585488e+00 0.000000000000000000e+00
1.012467221947496610e+00 0.000000000000000000e+00
1.012440882380514218e+00 0.000000000000000000e+00
1.012414744774606801e+00 0.000000000000000000e+00
1.012388687696454515e+00 0.000000000000000000e+00
1.012362588107684092e+00 0.000000000000000000e+00
1.012336319509993476e+00 0.000000000000000000e+00
1.012309749961351812e+00 0.000000000000000000e+00
1.012282739895866479e+00 0.000000000000000000e+00
1.012255139668263526e+00 0.000000000000000000e+00
1.012226786727166594e+00 0.000000000000000000e+00
1.012197502297914831e+00 0.000000000000000000e+00
1.012167087423209821e+00 0.000000000000000000e+00
1.012135318165036990e+00 0.000000000000000000e+00
1.012101939709118215e+00 0.000000000000000000e+00
1.012066659026209958e+00 0.000000000000000000e+00
1.012029135621851594e+00 0.000000000000000000e+00
1.011988969730804877e+00 0.000000000000000000e+00
1.011945687058379617e+00 0.000000000000000000e+00
1.011898718797057395e+00 0.000000000000000000e+00
1.011847375087340906e+00 0.000000000000000000e+00
1.011790809238288791e+00 0.000000000000000000e+00
1.011727968693650892e+00 0.000000000000000000e+00
1.011657526609474500e+00 0.000000000000000000e+00
1.011577784439518402e+00 0.000000000000000000e+00
1.011486530078861801e+00 0.000000000000000000e+00
1.011380825936311512e+00 0.000000000000000000e+00
1.011256682902502035e+00 0.000000000000000000e+00
1.011108541443032527e+00 0.000000000000000000e+00
1.010928412105010610e+00 0.000000000000000000e+00
1.010704382564999726e+00 0.000000000000000000e+00
1.010417870225303050e+00 0.000000000000000000e+00
1.010038190330011743e+00 0.000000000000000000e+00
1.009510784095291713e+00 0.000000000000000000e+00
1.008728388547089017e+00 0.000000000000000000e+00
1.007447126951324989e+00 0.000000000000000000e+00
1.004967401738554367e+00 0.000000000000000000e+00
9.981361198040147320e-01 0.000000000000000000e+00
8.940787974791409853e-01 0.000000000000000000e+00
1.032183139951523776e+00 0.000000000000000000e+00
1.021746040324077232e+00 0.000000000000000000e+00
1.018611744407987629e+00 0.000000000000000000e+00
1.017103911060050825e+00 0.000000000000000000e+00
1.016218639177909111e+00 0.000000000000000000e+00
1.015637355053736535e+00 0.000000000000000000e+00
1.015227261424007876e+00 0.000000000000000000e+00
1.014923150930536311e+00 0.000000000000000000e+00
1.014689260809321869e+00 0.000000000000000000e+00
1.014504341109024654e+00 0.000000000000000000e+00
1.014354972973199320e+00 0.000000000000000000e+00
1.014232267408389454e+00 0.000000000000000000e+00
1.014130104381847364e+00 0.000000000000000000e+00
1.014044134276162357e+00 0.000000000000000000e+00
1.013971182572478202e+00 0.000000000000000000e+00
1.013908879790208495e+00 0.000000000000000000e+00
1.013855423161547309e+00 0.000000000000000000e+00
1.013809418411998786e+00 0.000000000000000000e+00
1.013769771919238671e+00 0.000000000000000000e+00
1.013735615498554621e+00 0.000000000000000000e+00
1.013706252872041302e+00 0.000000000000000000e+00
1.013681120884390996e+00 0.000000000000000000e+00
1.013659760956875155e+00 0.000000000000000000e+00
1.013641797783888521e+00 0.000000000000000000e+00
1.013626923241721434e+00 0.000000000000000000e+00
1.013614884108808845e+00 0.000000000000000000e+00
1.013605472615594305e+00 0.000000000000000000e+00
1.013598519126045483e+00 0.000000000000000000e+00
1.013593886448601822e+00 0.000000000000000000e+00
1.013591465411532999e+00 0.000000000000000000e+00
1.013591171435428651e+00 0.000000000000000000e+00
1.013592941906318767e+00 0.000000000000000000e+00
1.013596734205117533e+00 0.000000000000000000e+00
1.013602524288384821e+00 0.000000000000000000e+00
1.013610305745724638e+00 0.000000000000000000e+00
1.013620089283350900e+00 0.000000000000000000e+00
1.013631902603446600e+00 0.000000000000000000e+00
1.013645790666569457e+00 0.000000000000000000e+00
1.013661816340757804e+00 0.000000000000000000e+00
1.013680061457343129e+00 0.000000000000000000e+00
1.013700628310897578e+00 0.000000000000000000e+00
1.013723641660424724e+00 0.000000000000000000e+00
1.013749251312283217e+00 0.000000000000000000e+00
1.013777635394185861e+00 0.000000000000000000e+00
1.013809004466277974e+00 0.000000000000000000e+00
1.013843606662989227e+00 0.000000000000000000e+00
1.013881734122519251e+00 0.000000000000000000e+00
1.013923731045811349e+00 0.000000000000000000e+00
1.013970003842930456e+00 0.000000000000000000e+00
1.014021033985377018e+00 0.000000000000000000e+00
1.014077394408338328e+00 0.000000000000000000e+00
1.014139770627882742e+00 0.000000000000000000e+00
1.014208988202178086e+00 0.000000000000000000e+00
1.014286048847710564e+00 0.000000000000000000e+00
1.014372178541250058e+00 0.000000000000000000e+00
1.014468892493019858e+00 0.000000000000000000e+00
1.014578084297427019e+00 0.000000000000000000e+00
1.014702150426546545e+00 0.000000000000000000e+00
1.014844167544547426e+00 0.000000000000000000e+00
1.015008150754582061e+00 0.000000000000000000e+00
1.015199439399070425e+00 0.000000000000000000e+00
1.015425290483156884e+00 0.000000000000000000e+00
1.015695822897249689e+00 0.000000000000000000e+00
1.016025580788291416e+00 0.000000000000000000e+00
1.016436247821890682e+00 0.000000000000000000e+00
1.016961638986060734e+00 0.000000000000000000e+00
1.017657562011921257e+00 0.000000000000000000e+00
1.018623166560057358e+00 0.000000000000000000e+00
1.020053155421588587e+00 0.000000000000000000e+00
1.022389427396402262e+00 0.000000000000000000e+00
1.026895795851568094e+00 0.000000000000000000e+00
1.039229732210547263e+00 0.000000000000000000e+00
1.215335305657055720e+00 0.000000000000000000e+00
9.768026754765138930e-01 0.000000000000000000e+00
9.962288304170411335e-01 0.000000000000000000e+00
1.002023457922060157e+00 0.000000000000000000e+00
1.004810383266560914e+00 0.000000000000000000e+00
1.006450474440391485e+00 0.000000000000000000e+00
1.007532090056716401e+00 0.000000000000000000e+00
1.008299997220312605e+00 0.000000000000000000e+00
1.008874236206259045e+00 0.000000000000000000e+00
1.009320592635287284e+00 0.000000000000000000e+00
1.009678139940303643e+00 0.000000000000000000e+00
1.009971550189366241e+00 0.000000000000000000e+00
1.010217171302527417e+00 0.000000000000000000e+00
1.010426266557209241e+00 0.000000000000000000e+00
1.010606850667602030e+00 0.000000000000000000e+00
1.010764784014790196e+00 0.000000000000000000e+00
1.010904452673658804e+00 0.000000000000000000e+00
1.011029206318741158e+00 0.000000000000000000e+00
1.011141648965461881e+00 0.000000000000000000e+00
1.011243837202655982e+00 0.000000000000000000e+00
1.011337418544578259e+00 0.000000000000000000e+00
1.011423730011649758e+00 0.000000000000000000e+00
1.011503869686995127e+00 0.000000000000000000e+00
1.011578749533585286e+00 0.000000000000000000e+00
1.011649134978587217e+00 0.000000000000000000e+00
1.011715674999653425e+00 0.000000000000000000e+00
1.011778925293095988e+00 0.000000000000000000e+00
1.011839366336363844e+00 0.000000000000000000e+00
1.011897417637958929e+00 0.000000000000000000e+00
1.011953449110897019e+00 0.000000000000000000e+00
1.012007790256714168e+00 0.000000000000000000e+00
1.012060737670918753e+00 0.000000000000000000e+00
1.012112561254864040e+00 0.000000000000000000e+00
1.012163509428030572e+00 0.000000000000000000e+00
1.012213813568508591e+00 0.000000000000000000e+00
1.012263691861000625e+00 0.000000000000000000e+00
1.012313352696206925e+00 0.000000000000000000e+00
1.012362997739609360e+00 0.000000000000000000e+00
1.012412824769188591e+00 0.000000000000000000e+00
1.012463030368859318e+00 0.000000000000000000e+00
1.012513812556362636e+00 0.000000000000000000e+00
1.012565373420325932e+00 0.000000000000000000e+00
1.012617921840853974e+00 0.000000000000000000e+00
1.012671676371289964e+00 0.000000000000000000e+00
1.012726868365884325e+00 0.000000000000000000e+00
1.012783745449524320e+00 0.000000000000000000e+00
1.012842575442274518e+00 0.000000000000000000e+00
1.012903650874480865e+00 0.000000000000000000e+00
1.012967294259499607e+00 0.000000000000000000e+00
1.013033864333299894e+00 0.000000000000000000e+00
1.013103763527046786e+00 0.000000000000000000e+00
1.013177447015614518e+00 0.000000000000000000e+00
1.013255433789485016e+00 0.000000000000000000e+00
1.013338320340846144e+00 0.000000000000000000e+00
1.013426797753249620e+00 0.000000000000000000e+00
1.013521673262392175e+00 0.000000000000000000e+00
1.013623897750275171e+00 0.000000000000000000e+00
1.013734601202865848e+00 0.000000000000000000e+00
1.013855138990934712e+00 0.000000000000000000e+00
1.013987153066053137e+00 0.000000000000000000e+00
1.014132654028273572e+00 0.000000000000000000e+00
1.014294132900845247e+00 0.000000000000000000e+00
1.014474715992808918e+00 0.000000000000000000e+00
1.014678383588116573e+00 0.000000000000000000e+00
1.014910285446003702e+00 0.000000000000000000e+00
1.015177207127583525e+00 0.000000000000000000e+00
1.015488278585277016e+00 0.000000000000000000e+00
1.015856085805833420e+00 0.000000000000000000e+00
1.016298481031638223e+00 0.000000000000000000e+00
1.016841663692129805e+00 0.000000000000000000e+00
1.017525710640929226e+00 0.000000000000000000e+00
1.018415174434843973e+00 0.000000000000000000e+00
1.019621145110881644e+00 0.000000000000000000e+00
1.021352422818913697e+00 0.000000000000000000e+00
1.024053249750285000e+00 0.000000000000000000e+00
1.028865484625911986e+00 0.000000000000000000e+00
1.039883180317314748e+00 0.000000000000000000e+00
1.091132429287316352e+00 0.000000000000000000e+00
9.161147008730183838e-01 0.000000000000000000e+00
9.820380111697175618e-01 0.000000000000000000e+00
9.942202239872875991e-01 0.000000000000000000e+00
9.993538053910162589e-01 0.000000000000000000e+00
1.002187713227848276e+00 0.000000000000000000e+00
1.003987293166451966e+00 0.000000000000000000e+00
1.005233544931598999e+00 0.000000000000000000e+00
1.006149325621560342e+00 0.000000000000000000e+00
1.006852045318014310e+00 0.000000000000000000e+00
1.007409442814655831e+00 0.000000000000000000e+00
1.007863345937721311e+00 0.000000000000000000e+00
1.008240984268493845e+00 0.000000000000000000e+00
1.008560851302997552e+00 0.000000000000000000e+00
1.008835952173906536e+00 0.000000000000000000e+00
1.009075703202071406e+00 0.000000000000000000e+00
1.009287093996876106e+00 0.000000000000000000e+00
1.009475425872356391e+00 0.000000000000000000e+00
1.009644796524588495e+00 0.000000000000000000e+00
1.009798427240627072e+00 0.000000000000000000e+00
1.009938889320764588e+00 0.000000000000000000e+00
1.010068264228235702e+00 0.000000000000000000e+00
1.010188259113283582e+00 0.000000000000000000e+00
1.010300291649661286e+00 0.000000000000000000e+00
1.010405553371878762e+00 0.000000000000000000e+00
1.010505057700872289e+00 0.000000000000000000e+00
1.010599676907321109e+00 0.000000000000000000e+00
1.010690170984307690e+00 0.000000000000000000e+00
1.010777210544010485e+00 0.000000000000000000e+00
1.010861395269302632e+00 0.000000000000000000e+00
1.010943269048289350e+00 0.000000000000000000e+00
1.011023332639247263e+00 0.000000000000000000e+00
1.011102054517170723e+00 0.000000000000000000e+00
1.011179880416364751e+00 0.000000000000000000e+00
1.011257241990015654e+00 0.000000000000000000e+00
1.011334564946868797e+00 0.000000000000000000e+00
1.011412276990484083e+00 0.000000000000000000e+00
1.011490815874449556e+00 0.000000000000000000e+00
1.011570637896199054e+00 0.000000000000000000e+00
1.011652227183793773e+00 0.000000000000000000e+00
1.011736106187663298e+00 0.000000000000000000e+00
1.011822847879318310e+00 0.000000000000000000e+00
1.011913090291886919e+00 0.000000000000000000e+00
1.012007554229241046e+00 0.000000000000000000e+00
1.012107065246321103e+00 0.000000000000000000e+00
1.012212581401369826e+00 0.000000000000000000e+00
1.012325228860664339e+00 0.000000000000000000e+00
1.012446348292093345e+00 0.000000000000000000e+00
1.012577556266817114e+00 0.000000000000000000e+00
1.012720827846821603e+00 0.000000000000000000e+00
1.012878609588412804e+00 0.000000000000000000e+00
1.013053977059241939e+00 0.000000000000000000e+00
1.013250858932241538e+00 0.000000000000000000e+00
1.013474363140323575e+00 0.000000000000000000e+00
1.013731263941470173e+00 0.000000000000000000e+00
1.014030750977333417e+00 0.000000000000000000e+00
1.014385621105291513e+00 0.000000000000000000e+00
1.014814251904572195e+00 0.000000000000000000e+00
1.015344028571951496e+00 0.000000000000000000e+00
1.016017647889557063e+00 0.000000000000000000e+00
1.016905576037309356e+00 0.000000000000000000e+00
1.018133030922703020e+00 0.000000000000000000e+00
1.019946010774443579e+00 0.000000000000000000e+00
1.022903243679462726e+00 0.000000000000000000e+00
1.028604761737091478e+00 0.000000000000000000e+00
1.044234378279823128e+00 0.000000000000000000e+00
1.273541119378384323e+00 0.000000000000000000e+00
9.657376108933449776e-01 0.000000000000000000e+00
9.900212261714265161e-01 0.000000000000000000e+00
9.972933745299539243e-01 0.000000000000000000e+00
1.000796409373305051e+00 0.000000000000000000e+00
1.002859745833962091e+00 0.000000000000000000e+00
1.004221081607156840e+00 0.000000000000000000e+00
1.005187587615067324e+00 0.000000000000000000e+00
1.005909995384611566e+00 0.000000000000000000e+00
1.006470942535206303e+00 0.000000000000000000e+00
1.006919524602766458e+00 0.000000000000000000e+00
1.007286746594032056e+00 0.000000000000000000e+00
1.007593153499791727e+00 0.000000000000000000e+00
1.007852898991181023e+00 0.000000000000000000e+00
1.008076051998864298e+00 0.000000000000000000e+00
1.008269971588652503e+00 0.000000000000000000e+00
1.008440161511828137e+00 0.000000000000000000e+00
1.008590820539569721e+00 0.000000000000000000e+00
1.008725207855866390e+00 0.000000000000000000e+00
1.008845892173155345e+00 0.000000000000000000e+00
1.008954925567031369e+00 0.000000000000000000e+00
1.009053967299268884e+00 0.000000000000000000e+00
1.009144373648140913e+00 0.000000000000000000e+00
1.009227264157586568e+00 0.000000000000000000e+00
1.009303571225005580e+00 0.000000000000000000e+00
1.009374077720127882e+00 0.000000000000000000e+00
1.009439445875423891e+00 0.000000000000000000e+00
1.009500239723171822e+00 0.000000000000000000e+00
1.009556942700860604e+00 0.000000000000000000e+00
1.009609971596997946e+00 0.000000000000000000e+00
1.009659687695310559e+00 0.000000000000000000e+00
