9.139030925270461569e-01
5.101510510352052300e-17
7.381451923828542538e-01
-3.283531967046183935e-18
5.263997657894899929e-01
2.542071582167707154e-17
2.488417122670117110e-01
7.914509652057215095e-17
-7.440994997470064265e-03
-3.620642477065801612e-17
-3.308259158111773734e-01
-8.424351010275337934e-03
-3.308259158111773734e-01
8.424351010275259871e-03
-6.445364144704542886e-01
-4.170699703005659113e-17
-8.102214824021056749e-01
-3.718772975635215375e-03
-8.102214824021052308e-01
3.718772975635018917e-03
