9.835651219872835194e-01 7.856257754402323870e-16
9.833170486524200893e-01 7.925646693441396153e-16
9.830626908711116441e-01 8.001540845515381464e-16
9.828017896029148659e-01 8.079603401934337783e-16
9.825340710464915972e-01 8.153329149663352085e-16
9.822592455655682064e-01 8.235728514772250422e-16
9.819770065195343456e-01 8.320296284226119767e-16
9.816870289886487910e-01 8.407032458024960122e-16
9.813889683826001464e-01 8.495937036168771486e-16
9.810824589197699730e-01 8.587010018657553858e-16
9.807671119629594036e-01 8.686756618526220266e-16
9.804425141955150913e-01 8.771324387980089612e-16
9.801082256197065634e-01 8.879744605228640055e-16
9.797637773568074193e-01 8.983828013787248481e-16
9.794086692255763449e-01 9.087911422345856907e-16
9.790423670726499106e-01 9.200668448284349368e-16
9.786642998246803948e-01 9.317762282912783847e-16
9.782738562277870642e-01 9.430519308851276308e-16
9.778703812349366364e-01 9.560623569549536840e-16
9.774531719960951603e-01 9.686391021557855354e-16
9.770214733992600431e-01 9.825168899635999922e-16
9.765744731025862713e-01 9.959609969024202472e-16
9.761112959885597240e-01 1.009838784710234704e-15
9.756309979602593163e-01 1.025017615125031766e-15
9.751325589868622412e-01 1.041497488146811433e-15
9.746148752902785706e-01 1.056676318561608495e-15
9.740767505466535470e-01 1.074023553321376566e-15
9.735168859548234410e-01 1.091804468950138839e-15
9.729338689979087906e-01 1.109585384578901112e-15
9.723261606930998502e-01 1.128667342814645990e-15
9.716920810871688685e-01 1.148616662788379271e-15
9.710297927098124893e-01 1.169433344500100957e-15
9.703372816417138447e-01 1.191117387949811045e-15
9.696123357868117187e-01 1.214536154875497941e-15
9.688525198556120488e-01 1.237954921801184837e-15
9.680551464645634763e-01 1.263108412202848540e-15
9.672172426304688209e-01 1.289996626080489050e-15
9.663355107820648104e-01 1.318619563434106367e-15
9.654062832146912410e-01 1.347676181656717886e-15
9.644254686671230870e-01 1.378467523355306211e-15
9.633884893872504129e-01 1.410993588529871344e-15
9.622902066554773759e-01 1.446555419787395890e-15
9.611248322248171494e-01 1.484719336258885646e-15
9.598858224785417059e-01 1.523750614468363806e-15
9.585657512506509104e-01 1.565383977891807176e-15
9.571561561334795964e-01 1.607884703053238950e-15
9.556473516161921866e-01 1.657324322118577952e-15
9.540282004254050374e-01 1.707631302921905358e-15
9.522858317871512046e-01 1.761407730677186378e-15
9.504052917289922409e-01 1.819520967122409612e-15
9.483691056024355914e-01 1.883705735733551475e-15
9.461567261567185305e-01 1.950492589558658548e-15
9.437438308846843871e-01 2.025085699025661253e-15
9.411014187075152915e-01 2.102280893706629169e-15
9.381946364066211519e-01 2.189884429243457927e-15
9.349812365039857909e-01 2.283559496946205510e-15
9.314095257361140190e-01 2.387642905504813936e-15
9.274155991664300158e-01 2.500399931443306397e-15
9.229195567972556802e-01 2.625300021713636508e-15
9.178202465117170084e-01 2.762343176315804268e-15
9.119878344159111361e-01 2.914998842201763293e-15
9.052531119459878983e-01 3.081532295895536774e-15
8.973918077911302582e-01 3.260208813921147904e-15
8.881011140444790009e-01 3.461436737134457527e-15
8.769639015913121005e-01 3.662664660347767150e-15
8.633933968090778954e-01 3.884709265272798458e-15
8.465476453934174250e-01 4.072059400678293625e-15
8.252028025753429530e-01 4.179612256188855664e-15
7.976016846615090472e-01 4.075528847630247239e-15
7.614895389634839251e-01 3.353883881623895487e-15
7.157596028416500777e-01 1.105682256757953296e-15
6.728497943714595309e-01 -4.653599683485046060e-15
7.328503261144128089e-01 -9.233269660063817578e-15
1.163225868233569216e+00 2.590528906932238850e-14
1.468555517024281221e+00 1.558021494030843268e-14
1.416157321066178421e+00 -5.638922617839872490e-15
1.326537870779663342e+00 -9.823075641895931991e-15
1.259970933129770154e+00 -9.493478181460338643e-15
1.213185340591906414e+00 -8.374581539455298067e-15
1.179474829614933329e+00 -7.291246728707782036e-15
1.154327575087040314e+00 -6.375746414261021303e-15
1.134958399454625955e+00 -5.627863755680520345e-15
1.119626246640281764e+00 -5.019192656047158155e-15
1.107207435033308540e+00 -4.514388124537907291e-15
1.096951603060673630e+00 -4.096753447696490983e-15
1.088341534519920106e+00 -3.742869858597222336e-15
1.081010465566449197e+00 -3.442329016384240507e-15
1.074691728759358700e+00 -3.183855218463696250e-15
1.069187112703825715e+00 -2.961376932669670740e-15
1.064346392078349135e+00 -2.764052137277308933e-15
1.060053726892081105e+00 -2.593181874893593434e-15
1.056218405394465210e+00 -2.440092528138640208e-15
1.052768404808126501e+00 -2.303483054405466649e-15
1.049645823185130888e+00 -2.181185049349101749e-15
1.046803580393690369e+00 -2.071897470362562902e-15
1.044202996698036179e+00 -1.973018232231884898e-15
1.041811988947181300e+00 -1.881511568874108323e-15
1.039603708427394135e+00 -1.799979565503198390e-15
1.037555499205156551e+00 -1.725386456036195882e-15
1.035648092148747645e+00 -1.656864878735112002e-15
1.033864974368526202e+00 -1.593113790992964341e-15
1.032191890654021504e+00 -1.535434235416735505e-15
1.030616445199065145e+00 -1.482091488530448687e-15
1.029127780159591055e+00 -1.432218188596115483e-15
1.027716313470528497e+00 -1.386681697351724297e-15
1.026373522579633546e+00 -1.344614653059286725e-15
1.025091763821144975e+00 -1.305149693980814364e-15
1.023864119378614435e+00 -1.268720500985301415e-15
1.022684265397149295e+00 -1.235327074072747878e-15
1.021546355951625573e+00 -1.204535732374159552e-15
1.020444918358856645e+00 -1.176346475889536437e-15
1.019374755799380416e+00 -1.149891942880890129e-15
1.018330853417907411e+00 -1.125172133348220628e-15
1.017308284000475460e+00 -1.103921770767504741e-15
1.016302108948738070e+00 -1.083538769924777257e-15
1.015307269514952093e+00 -1.064890492558026581e-15
1.014318461995470377e+00 -1.049277981274235317e-15
1.013329988589863451e+00 -1.034532831728432457e-15
1.012335572562928387e+00 -1.022823448265589009e-15
1.011328121614623266e+00 -1.012848788278722368e-15
1.010299415993813676e+00 -1.005476213505820938e-15
1.009239686221683918e+00 -1.000272043077890517e-15
1.008137026404390735e+00 -9.981036387329195079e-16
1.006976557748025414e+00 -9.991878409054050123e-16
1.005739203207236532e+00 -1.003741490029844131e-15
1.004399839098769620e+00 -1.013282469147716570e-15
1.002924414203990588e+00 -1.027810778259022329e-15
1.001265288482283244e+00 -1.049494821708732418e-15
9.993533540368085832e-01 -1.080503003841817845e-15
9.970840030348966376e-01 -1.125605814217214829e-15
9.942904898542497261e-01 -1.188055859352379885e-15
9.906891397015613610e-01 -1.281080405751636165e-15
9.857542545661561739e-01 -1.423544571216231448e-15
9.783888329828771546e-01 -1.661201687425054020e-15
9.658569329491557554e-01 -2.116132918999971483e-15
9.388933845185822857e-01 -3.265170381400109082e-15
8.333924671679316942e-01 -9.709234413784954025e-15
1.376057109786555266e+00 -8.403204476808915384e-15
1.098528370475273075e+00 8.766987579290147594e-16
1.059469135844073762e+00 5.330066692511098538e-16
1.043675545733052656e+00 2.890611804418713562e-16
1.035010294003592790e+00 1.346707910799355248e-16
1.029459411328572216e+00 3.145474425931550267e-17
1.025547478181547234e+00 -4.075312042821909264e-17
1.022604659241413527e+00 -9.409586731450591079e-17
1.020282833420060209e+00 -1.346450285654637766e-16
1.018383085385047293e+00 -1.656532106985492034e-16
1.016783450786074239e+00 -1.903730202312187045e-16
1.015404944163267986e+00 -2.101054997704548852e-16
1.014194125552356329e+00 -2.261516919232403509e-16
1.013113517081318582e+00 -2.398126392965577067e-16
1.012136033434486437e+00 -2.510883418904069528e-16
1.011241592699434699e+00 -2.601956401392851901e-16
1.010414972642531328e+00 -2.677850553466837211e-16
1.009644409200473270e+00 -2.745071088160938486e-16
1.008920653665901890e+00 -2.801449601130184717e-16
1.008236322418185615e+00 -2.853491305409488930e-16
1.007585438448364457e+00 -2.894690987963938098e-16
1.006963101723745257e+00 -2.935890670518387266e-16
1.006365247996584333e+00 -2.972753544382894417e-16
1.005788469515584760e+00 -3.000942800867517533e-16
1.005229879827175266e+00 -3.029132057352140648e-16
1.004687010479854647e+00 -3.055152909491792754e-16
1.004157731147645949e+00 -3.074668548596531834e-16
1.003640187171861209e+00 -3.098520996391212932e-16
1.003132750214513980e+00 -3.120205039840923020e-16
1.002633978890888899e+00 -3.139720678945662100e-16
1.002142587074450475e+00 -3.161404722395372189e-16
1.001657418155695201e+00 -3.174415148465198242e-16
1.001177423961105539e+00 -3.191762383224966313e-16
1.000701647348227086e+00 -3.213446426674676402e-16
1.000229207721459179e+00 -3.232962065779415481e-16
9.997592888834359037e-01 -3.252477704884154561e-16
9.992911287649155483e-01 -3.267656535298951623e-16
9.988240106731949286e-01 -3.293677387438603730e-16
9.983572557732945940e-01 -3.313193026543342810e-16
9.978902165733199991e-01 -3.329456059130625376e-16
9.974222712297188265e-01 -3.357645315615248491e-16
9.969528185227183315e-01 -3.378245156892473076e-16
9.964812733793311228e-01 -3.401013402514668669e-16
9.960070628426713757e-01 -3.423781648136864262e-16
9.955296224032068597e-01 -3.455223511138943890e-16
9.950483926209499064e-01 -3.485581171968538015e-16
9.945628159782053945e-01 -3.507265215418248103e-16
9.940723339109038825e-01 -3.538707078420327732e-16
9.935763839731842628e-01 -3.567980537077436352e-16
9.930743970950832722e-01 -3.605927613114429007e-16
9.925657948971998712e-01 -3.638453678288994140e-16
9.920499870292154299e-01 -3.675316552153501290e-16
9.915263685013256945e-01 -3.719768841225406972e-16
9.909943169790811357e-01 -3.745789693365059079e-16
9.904531900129268651e-01 -3.793494588954421274e-16
9.899023221739349232e-01 -3.833610069336384938e-16
9.893410220668682475e-01 -3.880230762753261629e-16
9.887685691908271179e-01 -3.932272467032565841e-16
9.881842106163036821e-01 -3.983229969139384550e-16
9.875871574454990753e-01 -4.032019066901232249e-16
9.869765810202058010e-01 -4.078639760318108940e-16
9.863516088383885716e-01 -4.136102475459840675e-16
9.857113201367376787e-01 -4.204407212326427454e-16
9.850547410918536473e-01 -4.267290938330586711e-16
9.843808395872361006e-01 -4.332343068679716977e-16
9.836885194867820426e-01 -4.400647805546303757e-16
9.829766143478874119e-01 -4.465699935895434023e-16
9.822438804983097960e-01 -4.554604514039245386e-16
9.814889893904690243e-01 -4.632667070458201706e-16
9.807105191345560913e-01 -4.708561222532187016e-16
9.799069450973664219e-01 -4.805055215883396911e-16
9.790766294367712064e-01 -4.892875591854722770e-16
9.782178094217008901e-01 -4.973106552618650098e-16
9.773285843638518378e-01 -5.092368791592055586e-16
9.764069009593183690e-01 -5.188862784943265480e-16
9.754505368051106240e-01 -5.292946193501873906e-16
9.744570818159705716e-01 -5.423050454200134438e-16
9.734239172196960110e-01 -5.536891682311112404e-16
9.723481917526933804e-01 -5.670248549526829449e-16
9.712267946096462268e-01 -5.806858023260003008e-16
9.700563246194788825e-01 -5.939130688303234549e-16
9.688330550210412229e-01 -6.087666385933748656e-16
9.675528930921630799e-01 -6.237286285736748268e-16
9.662113337399562685e-01 -6.404253420299515951e-16
9.648034059821701813e-01 -6.571220554862283634e-16
9.633236110310986478e-01 -6.745777104632449848e-16
9.617658504228900895e-01 -6.940933495679840646e-16
9.601233423032957681e-01 -7.149100312797057497e-16
9.583885235695224214e-01 -7.351846119051846826e-16
9.565529350560124655e-01 -7.553507723134150651e-16
9.546070863128599537e-01 -7.807211031495758688e-16
9.525402957249428093e-01 -8.056577531167424708e-16
9.503405007139161809e-01 -8.316786052563945772e-16
9.479940314983004157e-01 -8.613857447824973987e-16
9.454853402887400948e-01 -8.896834214843690645e-16
9.427966757786383489e-01 -9.211252844864486931e-16
9.399076902485899998e-01 -9.531092485747710739e-16
9.367949634128502900e-01 -9.914900054807579308e-16
9.334314231657687699e-01 -1.029979182603993338e-15
9.297856385215366171e-01 -1.068576779944477296e-15
9.258209542470632325e-01 -1.110535404019666318e-15
9.214944301481505784e-01 -1.157806618740034311e-15
9.167555413810862808e-01 -1.205077833460402304e-15
9.115445913701927250e-01 -1.252565888615267399e-15
9.057907902501542985e-01 -1.306667577022294070e-15
8.994099689048636881e-01 -1.360986105863817842e-15
8.923019528598514771e-01 -1.411943607970636550e-15
8.843477578171419218e-01 -1.462792689860206708e-15
8.754070912547547989e-01 -1.520472245436435544e-15
8.653173788312006343e-01 -1.557226699083694144e-15
8.538971940780913927e-01 -1.590945386647993332e-15
8.409607439493825831e-01 -1.582705450137103499e-15
8.263587573755519777e-01 -1.533157410854515946e-15
8.100814482586029541e-01 -1.400017384073296002e-15
7.925071012434476980e-01 -1.121160585310024261e-15
7.749906751517467995e-01 -5.095621398109512099e-16
7.612204738403604010e-01 6.018535072039393854e-16
7.600970184090050097e-01 2.712253035946973963e-15
7.903012353708758209e-01 6.321670488368466775e-15
8.801126008130650824e-01 1.181835866243547637e-14
1.039331784045035345e+00 1.737044956751649760e-14
1.211204087419667674e+00 1.936982679379701633e-14
1.317551406697273331e+00 1.765017372801775774e-14
1.349070905411654753e+00 1.457028061663818530e-14
1.338798558034592689e+00 1.183733220045397269e-14
1.313245592717548593e+00 9.701237080223031857e-15
1.284929183527643959e+00 8.140961733799142426e-15
1.258467479933260691e+00 6.927739502787863753e-15
1.235142497551807494e+00 6.026442236800663917e-15
1.215002542850684097e+00 5.316398234039907063e-15
1.197702228161140692e+00 4.751854162826704905e-15
1.182815983523179737e+00 4.293019803430839428e-15
1.169945828151233824e+00 3.908778553501976657e-15
1.158751307765631511e+00 3.590565215877481105e-15
1.148951333067008695e+00 3.322767279273561510e-15
1.140317021707827339e+00 3.096277445441339634e-15
1.132662692065710575e+00 2.898735809614480726e-15
1.125837495708279068e+00 2.728299228099759429e-15
1.119718381541428220e+00 2.574776200475812001e-15
1.114204425157948819e+00 2.441961434346337708e-15
1.109212344022476815e+00 2.323783397545417725e-15
1.104672977056563532e+00 2.217097903772844088e-15
1.100528525284271142e+00 2.122013373245865350e-15
1.096730384859658791e+00 2.035060359012527894e-15
1.093237438745807255e+00 1.957865164331559978e-15
1.090014703300866028e+00 1.886741501816510887e-15
1.087032250090399499e+00 1.822014632119126273e-15
1.084264341946426402e+00 1.762925613718666084e-15
1.081688736598448886e+00 1.708173404008148110e-15
1.079286122065231002e+00 1.658625364725560557e-15
1.077039656227450681e+00 1.611896251091435316e-15
1.074934589242924732e+00 1.569395525930003542e-15
1.072957952211144095e+00 1.528900574787669952e-15
1.071098299114678465e+00 1.491712440271417150e-15
1.069345491840319351e+00 1.457722702163996586e-15
1.067690520220487826e+00 1.425359267315304278e-15
1.066125350690402929e+00 1.395164236811582980e-15
1.064642798444512373e+00 1.367029190435584140e-15
1.063236418983390941e+00 1.341116758513180584e-15
1.061900415734843728e+00 1.316505369197759633e-15
1.060629561059464043e+00 1.293466073032442664e-15
1.059419128448696679e+00 1.272053080125853951e-15
1.058264834120916209e+00 1.251507448957253642e-15
1.057162786539908694e+00 1.232425490721508764e-15
1.056109442637173101e+00 1.214373524549625115e-15
1.055101569727567856e+00 1.197514180767475521e-15
1.054136212277053231e+00 1.181305358288817230e-15
1.053210662819492160e+00 1.166343368308517269e-15
1.052322436432791886e+00 1.152357160283454262e-15
1.051469248277958179e+00 1.138967263453258282e-15
1.050648993781733598e+00 1.126769989012796357e-15
1.049859731107417593e+00 1.114626924680958707e-15
1.049099665611696430e+00 1.104110163607849314e-15
1.048367136029751956e+00 1.093539192426115646e-15
1.047660602168160926e+00 1.083781372873746106e-15
1.046978633916408663e+00 1.074945125167989245e-15
1.046319901414231257e+00 1.066434138113978035e-15
1.045683166234321559e+00 1.058411042037585303e-15
1.045067273458865298e+00 1.050875836938811047e-15
1.044471144544458108e+00 1.043828522817655268e-15
1.043893770883676186e+00 1.037485940108615067e-15
1.043334207983287243e+00 1.031685458485817618e-15
1.042791570189119055e+00 1.026264447623390096e-15
1.042265025896212949e+00 1.021439747955829601e-15
1.041753793190276722e+00 1.016831888722766208e-15
1.041257135872818873e+00 1.013145601336315492e-15
1.040774359827823181e+00 1.009296683623991952e-15
1.040304809692538468e+00 1.006044077106535438e-15
1.039847865799028437e+00 1.003387781783945953e-15
1.039402941356616594e+00 1.000948326895853568e-15
1.038969479848368849e+00 9.995930741802466870e-16
1.038546952617303454e+00 9.978583507042698799e-16
1.038134856620206437e+00 9.970994091835300268e-16
1.037732712328736095e+00 9.961236272282930728e-16
1.037340061759007614e+00 9.958525766851716967e-16
1.036956466612047212e+00 9.965573080972872746e-16
1.036581506508421624e+00 9.971536192921543020e-16
1.036214777300980217e+00 9.983462416818883569e-16
1.035855889450016942e+00 1.000135175266489439e-15
1.035504466445213989e+00 1.002574630154581824e-15
1.035160143258502696e+00 1.004959874934049934e-15
1.034822564811391787e+00 1.008158271342882172e-15
1.034491384439357731e+00 1.011681928403460061e-15
1.034166262334489383e+00 1.015693476441656428e-15
1.033846863945652617e+00 1.020951856978211124e-15
1.033532858312896430e+00 1.026372867840638647e-15
1.033223916309489177e+00 1.032661240441054572e-15
1.032919708760712041e+00 1.038895402932846223e-15
1.032619904403057953e+00 1.046701658574741855e-15
1.032324167640513712e+00 1.054833174868383138e-15
1.032032156045681992e+00 1.063832052900012825e-15
1.031743517542088373e+00 1.073752502778255190e-15
1.031457887189369593e+00 1.084540314394485959e-15
1.031174883474100357e+00 1.096629168617699334e-15
1.030894103984469234e+00 1.109585384578901112e-15
1.030615120314885891e+00 1.123463172386715569e-15
1.030337472004348998e+00 1.139184103887755383e-15
1.030060659256287314e+00 1.156314498213026353e-15
1.029784134112463612e+00 1.174800145253904204e-15
1.029507289651981461e+00 1.194857885444886036e-15
1.029229446647715429e+00 1.217680341175705904e-15
1.028949836920924676e+00 1.242129100165254029e-15
1.028667582367021716e+00 1.268854683717021713e-15
1.028381668246273417e+00 1.298670243460373085e-15
1.028090908788599434e+00 1.331738409721180970e-15
1.027793902367418299e+00 1.368709703802936672e-15
1.027488972319721139e+00 1.409584125705640189e-15
1.027174087710814421e+00 1.455933768579395503e-15
1.026846755601283023e+00 1.507704422315578340e-15
1.026503872055434918e+00 1.566901860933286882e-15
1.026141512157304536e+00 1.634230815844636707e-15
1.025754627725628643e+00 1.711805481285974550e-15
1.025336601602362174e+00 1.802173732362641542e-15
1.024878572248735908e+00 1.908208704831723875e-15
1.024368377515103123e+00 2.034572468034909417e-15
1.023788841015197404e+00 2.187607604681238368e-15
1.023114868421573176e+00 2.376584043345461791e-15
1.022308263138347328e+00 2.615216941509521317e-15
1.021307856689232185e+00 2.926111914469739713e-15
1.020009137648498321e+00 3.347324458480358186e-15
1.018217532762744959e+00 3.949056664209813147e-15
1.015524656594863684e+00 4.879085287767878850e-15
1.010903197305595080e+00 6.505388546496135501e-15
1.000818716628599114e+00 1.007187159288720155e-14
9.596101364472848783e-01 2.412882380970488949e-14
1.145899805189726894e+00 -4.845818637754788987e-14
1.058249799865920826e+00 -1.158311523860027561e-14
1.044734413848452892e+00 -6.382414257621807156e-15
1.039184729105042670e+00 -4.310070225133013980e-15
1.036122426022274334e+00 -3.196757224316273752e-15
1.034156641630469498e+00 -2.502000472187562511e-15
1.032771098128184351e+00 -2.027390971182032945e-15
1.031730041989138202e+00 -1.682452050005769907e-15
1.030910488345860410e+00 -1.420888275893641962e-15
1.030241988792028662e+00 -1.215594594533511697e-15
1.029681279097072188e+00 -1.050145343012223721e-15
1.029200315940808741e+00 -9.141321804739171895e-16
1.028780120542710286e+00 -8.002367422543149487e-16
1.028407386894143238e+00 -7.037427489031050540e-16
1.028072507046483786e+00 -6.206386523820911392e-16
1.027768367706886510e+00 -5.482681573686837182e-16
1.027489588142251886e+00 -4.851675909300273601e-16
1.027232021456094380e+00 -4.293311790470238818e-16
1.026992418830232401e+00 -3.795120892213149530e-16
1.026768197811878114e+00 -3.349513799321607208e-16
1.026557278876536028e+00 -2.948358995501970567e-16
1.026357967893305023e+00 -2.584609166633083830e-16
1.026168870123589372e+00 -2.253385402938762225e-16
1.025988826304895962e+00 -1.953061401160277497e-16
1.025816864474161871e+00 -1.674421442831502858e-16
1.025652163186730359e+00 -1.419091831211166563e-16
1.025494023105383734e+00 -1.183277858695569349e-16
1.025341844818492776e+00 -9.631848176810119488e-17
1.025195111350271970e+00 -7.588127081674943630e-17
1.025053374244940363e+00 -5.701615301550165915e-17
1.024916242401255007e+00 -3.912681716949083599e-17
1.024783373043985923e+00 -2.253852393046261815e-17
1.024654464370587714e+00 -6.600751994925702968e-18
1.024529249522082797e+00 7.927557116380056448e-18
1.024407491608934517e+00 2.202218535869161409e-17
1.024288979583643844e+00 3.535787208026331863e-17
1.024173524797680424e+00 4.777198695522234440e-17
1.024060958115194708e+00 5.986084117843571884e-17
1.023951127482630508e+00 7.102812355503641451e-17
1.023843895873939092e+00 8.203277560576428451e-17
1.023739139547106047e+00 9.233269624437657664e-17
1.023636746560242505e+00 1.024699865571160431e-16
1.023536615505378000e+00 1.118483353491156564e-16
1.023438654425961269e+00 1.209556335979938937e-16
1.023342779890351162e+00 1.300087217382478557e-16
1.023248916198651992e+00 1.384654986836347903e-16
1.023156994704359279e+00 1.468138554117731744e-16
1.023066953235647558e+00 1.547827413795416320e-16
1.022978735603915057e+00 1.628058374559343648e-16
1.022892291189522851e+00 1.703952526633328959e-16
1.022807574596638291e+00 1.779304577621071517e-16
1.022724545370776728e+00 1.850319819918872057e-16
1.022643167774128337e+00 1.922961365475400855e-16
1.022563410615082047e+00 1.993976607773201395e-16
1.022485247129596431e+00 2.063365546812273679e-16
1.022408654913239623e+00 2.131670283678860458e-16
1.022333615903884940e+00 2.198890818372961733e-16
1.022260116416246367e+00 2.267195555239548512e-16
1.022188147230706834e+00 2.331705584502436026e-16
1.022117703740305528e+00 2.401636624627751062e-16
1.022048786161339207e+00 2.467772957149366833e-16
1.021981399814910541e+00 2.535535592929710860e-16
1.021915555488976057e+00 2.603298228710054887e-16
1.021851269893161884e+00 2.671602965576641666e-16
1.021788566221959904e+00 2.739907702443228446e-16
1.021727474846108707e+00 2.812007146913514490e-16
1.021668034157257487e+00 2.883022389211315031e-16
1.021610291597791820e+00 2.957832339112814837e-16
1.021554304916458156e+00 3.032642289014314643e-16
1.021500143701825181e+00 3.110162744347028210e-16
1.021447891260653940e+00 3.190935806197198290e-16
1.021397646928204450e+00 3.274961474564824884e-16
1.021349528924307304e+00 3.360613446191179734e-16
1.021303677905377905e+00 3.452770630852447611e-16
1.021260261412411996e+00 3.549264624203657506e-16
1.021219479484190451e+00 3.652805931676023179e-16
1.021181571802180166e+00 3.762852452183301879e-16
1.021146826872175506e+00 3.878862084639250853e-16
1.021115593948074052e+00 4.003545334475083863e-16
1.021088298697515606e+00 4.138528504949529165e-16
1.021065464049163651e+00 4.285980000407557768e-16
1.021047738331959165e+00 4.449152427366626186e-16
1.021035933860236389e+00 4.628587886912977170e-16
1.021031080780834932e+00 4.828081086650309985e-16
1.021034503715658737e+00 5.052510936354809403e-16
1.021047933305985422e+00 5.308924750147631202e-16
1.021073672716750202e+00 5.601659336718717399e-16
1.021114853512507858e+00 5.945351425396622305e-16
1.021175842360404484e+00 6.352469341164929220e-16
1.021262913573534492e+00 6.843612925300862728e-16
1.021385414995625851e+00 7.449139838634016955e-16
1.021557908223787337e+00 8.217839178926239598e-16
1.021804386852081414e+00 9.224520896079030465e-16
1.022167381067133229e+00 1.060850496925677688e-15
1.022730132188730323e+00 1.263758933506339842e-15
1.023680610745215880e+00 1.589182215577863998e-15
1.025551760347997998e+00 2.199479618469954641e-15
1.030683695127615263e+00 3.758128661635115816e-15
1.093523931225852897e+00 1.288158152288338629e-14
1.003039388587065872e+00 -5.922387275836207624e-15
1.011913797535442416e+00 -2.404476486772491387e-15
1.014460196425858385e+00 -1.448914902052392252e-15
1.015648116191693928e+00 -1.003795700138468406e-15
1.016323299522600809e+00 -7.461350538472882774e-16
1.016750254306542534e+00 -5.780295070034108149e-16
1.017038356386848807e+00 -4.594719994421209051e-16
1.017241034372031505e+00 -3.715974133621707707e-16
1.017387484549138632e+00 -3.034553068214568170e-16
1.017495008760661346e+00 -2.492451981971815953e-16
1.017574510801732446e+00 -2.049555394511487392e-16
1.017633202851553564e+00 -1.680384554780173132e-16
1.017676045278475661e+00 -1.368134329104347855e-16
1.017706561363904250e+00 -1.101962695759156516e-16
1.017727322185464134e+00 -8.688592286747730631e-17
1.017740247603432291e+00 -6.661134224199837339e-17
1.017746799881426023e+00 -4.861358617873899979e-17
1.017748112115683723e+00 -3.256739402595353416e-17
1.017745075720167813e+00 -1.820171524052060041e-17
1.017738401427923600e+00 -5.191289170694547204e-18
1.017728662712862775e+00 6.572304400773175905e-18
1.017716327271603882e+00 1.736011601700394502e-17
1.017701780227957986e+00 2.711793556937348493e-17
1.017685341492573281e+00 3.622523381825172218e-17
1.017667278926223551e+00 4.451938043776583110e-17
1.017647818444469943e+00 5.227142597103718780e-17
1.017627151862071422e+00 5.942716030944151706e-17
1.017605443045938252e+00 6.625763399610019500e-17
1.017582832787547353e+00 7.249179648789184549e-17
1.017559442695501914e+00 7.829227811068929421e-17
1.017535378330879592e+00 8.376749908174109161e-17
1.017510731752041542e+00 8.899877456398365050e-17
1.017485583594964549e+00 9.385057928585628284e-17
1.017460004785335714e+00 9.862106884479250235e-17
1.017434057956564164e+00 1.029307724804223825e-16
1.017407798631297933e+00 1.071049508444915745e-16
1.017381276211547059e+00 1.109809736111272529e-16
1.017354534812981992e+00 1.146401559432658304e-16
1.017327613971660272e+00 1.182993382754044078e-16
1.017300549245781172e+00 1.216874700644216092e-16
1.017273372730651326e+00 1.248316563646295720e-16
1.017246113501593330e+00 1.280571578277739477e-16
1.017218797996794377e+00 1.308760834762362593e-16
1.017191450349936632e+00 1.337221141790107084e-16
1.017164092680712617e+00 1.364868297188487447e-16
1.017136745349960902e+00 1.390618098785018177e-16
1.017109427185032722e+00 1.415283698209063403e-16
1.017082155680110622e+00 1.439678247089987253e-16
1.017054947175474844e+00 1.461904391625940094e-16
1.017027817019120928e+00 1.484943687791257063e-16
1.017000779713667979e+00 1.505272478525360271e-16
1.016973849051104439e+00 1.525330218716342103e-16
1.016947038237621559e+00 1.546201110536688064e-16
1.016920360010542090e+00 1.564090446382698887e-16
1.016893826749165841e+00 1.583335034944316591e-16
1.016867450581217858e+00 1.600411219160963285e-16
1.016841243486496849e+00 1.617758453920731356e-16
1.016815217399262172e+00 1.634563587594256675e-16
1.016789384310892608e+00 1.649742418009053737e-16
1.016763756374372996e+00 1.666276501139457680e-16
1.016738346012231453e+00 1.680913230468011990e-16
1.016713166029665993e+00 1.693923656537838043e-16
1.016688229734751037e+00 1.708289335323270977e-16
1.016663551067841009e+00 1.722926064651825286e-16
1.016639144742562895e+00 1.734852288549165835e-16
1.016615026401151534e+00 1.747320613532749136e-16
1.016591212787346432e+00 1.759246837430089685e-16
1.016567721940634605e+00 1.771173061327430234e-16
1.016544573416359620e+00 1.782828234681649406e-16
1.016521788537120052e+00 1.793941306949625827e-16
1.016499390682034987e+00 1.802885974872631238e-16
1.016477405621907693e+00 1.815083249313093163e-16
1.016455861910158465e+00 1.824570018322341327e-16
1.016434791341763288e+00 1.832972585159103986e-16
1.016414229495458565e+00 1.843272505797716279e-16
1.016394216378383009e+00 1.851404022091357562e-16
1.016374797197434843e+00 1.859264487841877469e-16
1.016356023288300436e+00 1.867938105221761504e-16
1.016337953241970071e+00 1.874985419342917283e-16
1.016320654280362445e+00 1.883387986179679943e-16
1.016304203948608542e+00 1.890435300300835721e-16
1.016288692213223932e+00 1.897211563878870124e-16
1.016274224085243150e+00 1.902903625284419022e-16
1.016260922928970745e+00 1.908595686689967921e-16
1.016248934675672455e+00 1.914287748095516819e-16
1.016238433245461703e+00 1.920250860044187093e-16
1.016229627602528218e+00 1.924316618191007735e-16
1.016222771048794771e+00 1.928924477424071129e-16
1.016218173631492805e+00 1.932448134484649018e-16
1.016216218954555162e+00 1.934074437743377275e-16
1.016217387332682076e+00 1.937055993717712412e-16
1.016222288267889073e+00 1.939495448605804797e-16
1.016231706943227175e+00 1.940850701321411678e-16
1.016246672339655932e+00 1.939495448605804797e-16
1.016268559694979423e+00 1.938953347519562045e-16
1.016299249358143086e+00 1.935971791545226908e-16
1.016341381911735287e+00 1.930821831225920762e-16
1.016398785273447958e+00 1.923232416018522231e-16
1.016477226149469670e+00 1.913203545923031315e-16
1.016585814858927739e+00 1.897482614421991500e-16
1.016739838622446879e+00 1.872817014997946274e-16
1.016967063682633565e+00 1.836496242219681876e-16
1.017323731232431916e+00 1.774154617301765371e-16
1.017943640271835370e+00 1.659229187018301901e-16
1.019242171072533010e+00 1.383299734120741022e-16
1.023479393006924143e+00 1.673669976782477997e-17
9.418661082406347695e-01 -6.099003809734096297e-15
1.008691437032623872e+00 2.322760916579430615e-16
1.011828584239704787e+00 2.355286981753995748e-16
1.012925443506452527e+00 2.303516328017812911e-16
1.013475203038314731e+00 2.265840302523941632e-16
1.013799757693381265e+00 2.239277349298046773e-16
1.014009897148225203e+00 2.218948558563943565e-16
1.014153986294110688e+00 2.204582879778510631e-16
1.014256502346745581e+00 2.194282959139898339e-16
1.014331160884455185e+00 2.185338291216892928e-16
1.014386243686031586e+00 2.178290977095737149e-16
1.014427046466240157e+00 2.172327865147066874e-16
1.014457112781091297e+00 2.166906854284639352e-16
1.014478902749023970e+00 2.162027944508454582e-16
1.014494177189368740e+00 2.157962186361633941e-16
1.014504229109428168e+00 2.156064832559784308e-16
1.014510028912610995e+00 2.151185922783599538e-16
1.014512318647251998e+00 2.149288568981749905e-16
1.014511675004175162e+00 2.145493861378050640e-16
1.014508552515976492e+00 2.143054406489958255e-16
1.014503313852346933e+00 2.138446547256894861e-16
1.014496251491601386e+00 2.136549193455045228e-16
1.014487603499033552e+00 2.131941334221981834e-16
1.014477565196890030e+00 2.129230828790768073e-16
1.014466297918134030e+00 2.124622969557704679e-16
1.014453935656024930e+00 2.121370363040248166e-16
1.014440590172460910e+00 2.117575655436548900e-16
1.014426354961641019e+00 2.112425695117242754e-16
1.014411308352483498e+00 2.107817835884179361e-16
1.014395515955053062e+00 2.103209976651115967e-16
1.014379032601414599e+00 2.097517915245567068e-16
1.014361903892303740e+00 2.092367954926260922e-16
1.014344167432869481e+00 2.086404842977590648e-16
1.014325853820182477e+00 2.079628579399556245e-16
1.014306987430002360e+00 2.072310214735279090e-16
1.014287587038881000e+00 2.064991850071001935e-16
1.014267666309011551e+00 2.057673485406724780e-16
1.014247234156531619e+00 2.050084070199326249e-16
1.014226295018700874e+00 2.039242048474471205e-16
1.014204849031123068e+00 2.030026330008344417e-16
1.014182892122644342e+00 2.019184308283489373e-16
1.014160416032507062e+00 2.008342286558634329e-16
1.014137408251605255e+00 1.996687113204415156e-16
1.014113851887072926e+00 1.983947737677710479e-16
1.014089725446848611e+00 1.969853109435398921e-16
1.014065002538099947e+00 1.955216380106844611e-16
1.014039651470353132e+00 1.939766499148926173e-16
1.014013634750659643e+00 1.922961365475400855e-16
1.013986908453921254e+00 1.903987827456904527e-16
1.013959421446359643e+00 1.883930087265922695e-16
1.013931114433651803e+00 1.862246043816212606e-16
1.013901918797050383e+00 1.840290949823381141e-16
1.013871755170189903e+00 1.814812198769971787e-16
1.013840531695406222e+00 1.786893992828470048e-16
1.013808141880034208e+00 1.756807382541997300e-16
1.013774461948588002e+00 1.725365519539917671e-16
1.013739347553495485e+00 1.690399999477260153e-16
1.013702629661583865e+00 1.651097670724660618e-16
1.013664109370537858e+00 1.609084836540847321e-16
1.013623551321215732e+00 1.562735193667092006e-16
1.013580675246113394e+00 1.511506641017151922e-16
1.013535145013076733e+00 1.454043925875420187e-16
1.013486554257764238e+00 1.390075997698775425e-16
1.013434407302310714e+00 1.319873907030339013e-16
1.013378093455746587e+00 1.239642946266411685e-16
1.013316851857896772e+00 1.149112064863872065e-16
1.013249722545919607e+00 1.046654959563991896e-16
1.013175477008156689e+00 9.282058722199505363e-17
1.013092517443657803e+00 7.915963984867769776e-17
1.012998726942806682e+00 6.322186791314078258e-17
1.012891240232273615e+00 4.424832989464445499e-17
1.012766081087831394e+00 2.148008427244886187e-17
1.012617566239704336e+00 -6.275491343180051638e-18
1.012437279235881782e+00 -4.080733053684336786e-17
1.012212202843749020e+00 -8.498856906562767355e-17
1.011921077524360779e+00 -1.433457509996599497e-16
1.011526650472694744e+00 -2.241188128498300300e-16
1.010957151525343933e+00 -3.424594799766228390e-16
1.010054259768846219e+00 -5.330351168452623809e-16
1.008386316715699671e+00 -8.888431648006927985e-16
1.004210462342398635e+00 -1.788812283126597694e-15
9.737798991737056653e-01 -8.479288364263085657e-15
1.032385972198369695e+00 4.254611941470540434e-15
1.021334376767366825e+00 1.910919210262937636e-15
1.018507830780850387e+00 1.310840412846522872e-15
1.017206861043054689e+00 1.036618578370626663e-15
1.016454155918478541e+00 8.797345240119741718e-16
1.015960263746229497e+00 7.783616208845795073e-16
1.015608971799290661e+00 7.076987442928367558e-16
1.015344566846055008e+00 6.555486197962839925e-16
1.015136997696826304e+00 6.156228747945052917e-16
1.014968624115540230e+00 5.842081168467378007e-16
1.014828407930378429e+00 5.588919961192012722e-16
1.014709087330275539e+00 5.381024194617917247e-16
1.014605687887477847e+00 5.207280796477115161e-16
1.014514686464641935e+00 5.062268755907178943e-16
1.014433516749701170e+00 4.937314455528224557e-16
1.014360263933619333e+00 4.830791592081523747e-16
1.014293469165998385e+00 4.739718609592741374e-16
1.014232000328290528e+00 4.658945547742571294e-16
1.014174964273130586e+00 4.589827659246620386e-16
1.014121645778209624e+00 4.529112337587432138e-16
1.014071464168073033e+00 4.475986431135642420e-16
1.014023941894076630e+00 4.429636788261887106e-16
1.013978681375463209e+00 4.389250257336802066e-16
1.013935347652172414e+00 4.354555787817265924e-16
1.013893655192498189e+00 4.324198126987671800e-16
1.013853357713208725e+00 4.297364123218655565e-16
1.013814240210369144e+00 4.275680079768945476e-16
1.013776112628595349e+00 4.257519693379813277e-16
1.013738804753434586e+00 4.241798761878773463e-16
1.013702162020360120e+00 4.230685689610797042e-16
1.013666042009986112e+00 4.222012072230913007e-16
1.013630311452696109e+00 4.217133162454728237e-16
1.013594843603558893e+00 4.214151606480393100e-16
1.013559515874570938e+00 4.213609505394150347e-16
1.013524207628821561e+00 4.215777909739121356e-16
1.013488798051968010e+00 4.221469971144670255e-16
1.013453164021546726e+00 4.229872537981432914e-16
1.013417177894669452e+00 4.240985610249409334e-16
1.013380705129534487e+00 4.256977592293570525e-16
1.013343601645479541e+00 4.274053776510217220e-16
1.013305710808872995e+00 4.294924668330563180e-16
1.013266859906241324e+00 4.319861318297729782e-16
1.013226855928781811e+00 4.349134776954838402e-16
1.013185480439593888e+00 4.381660842129403535e-16
1.013142483220086376e+00 4.419878968709517566e-16
1.013097574285357183e+00 4.462704954522694991e-16
1.013050413704858155e+00 4.510680900655178562e-16
1.013000598441056166e+00 4.565975211451939289e-16
1.012947645088098980e+00 4.629401038542341298e-16
1.012890966894968825e+00 4.700687331383263214e-16
1.012829842694650928e+00 4.782273544862797423e-16
1.012763374165531305e+00 4.875514931696550804e-16
1.012690425933406413e+00 4.982579896229494367e-16
1.012609539862250108e+00 5.108618398780934258e-16
1.012518809515831952e+00 5.254714641523355980e-16
1.012415691346240099e+00 5.426560685862308433e-16
1.012296711953071915e+00 5.632559098634554275e-16
1.012156997890353294e+00 5.883009800478705800e-16
1.011989488379448021e+00 6.191465318550831811e-16
1.011783549801410276e+00 6.580964949016249279e-16
1.011522384697849608e+00 7.088642616282586730e-16
1.011177803996902158e+00 7.771418934405333148e-16
1.010698592358751258e+00 8.742050929322980992e-16
1.009980954527723407e+00 1.022578160236939381e-15
1.008777726296498090e+00 1.277175935390847960e-15
1.006320238936724509e+00 1.813937325934109265e-15
9.984072883590501268e-01 3.669901709849107892e-15
1.142017893130690132e+00 -1.577528384763485215e-15
1.025500889147316519e+00 -1.942579256239354361e-15
1.019714839577914978e+00 -9.287960148567836369e-16
1.017647953438145514e+00 -5.450155508512272049e-16
1.016581796993597075e+00 -3.436521023663568939e-16
1.015928259146350987e+00 -2.197277940512637371e-16
1.015484604335767260e+00 -1.358918610638221067e-16
1.015162244189874441e+00 -7.539337983913095931e-17
1.014916313426470706e+00 -2.969425826886694741e-17
1.014721657488764750e+00 5.948888151594010856e-18
1.014563078931829176e+00 3.462603561383560314e-17
1.014430854005636817e+00 5.809901264814677413e-17
1.014318471634203744e+00 7.764175680719799155e-17
1.014221407637325489e+00 9.423005004622620939e-17
1.014136420400172600e+00 1.084602035600984551e-16
1.014061126328324569e+00 1.208472133807453432e-16
1.013993733474742642e+00 1.315537098340396995e-16
1.013932868606197690e+00 1.410133737889757257e-16
1.013877461580968253e+00 1.494972557886747979e-16
1.013826666038458724e+00 1.569782507788247785e-16
1.013779803757564268e+00 1.637003042482349060e-16
1.013736324833246938e+00 1.698802566314022813e-16
1.013695778662062841e+00 1.754367927653904915e-16
1.013657792461857943e+00 1.804512278131359495e-16
1.013622055137722855e+00 1.851404022091357562e-16
1.013588305003512824e+00 1.893145805732049483e-16
1.013556320325078586e+00 1.931906033398406266e-16
1.013525911956503212e+00 1.969311008349156169e-16
1.013496917548062148e+00 2.002379174609964054e-16
1.013469196947910822e+00 2.033278936525800931e-16
1.013442628519950039e+00 2.062823445726030926e-16
1.013417106171706772e+00 2.090470601124411290e-16
1.013392536937433919e+00 2.114865150005335139e-16
1.013368838999044730e+00 2.138717597800016237e-16
