9.414759530193906878e-01
9.972537239889197602e-01
9.670539221052631973e-01
9.543079981163435921e-01
9.473034813296399292e-01
9.584131042659280730e-01
9.464422702493074935e-01
9.496574582825485500e-01
9.332083266481995265e-01
9.311988341274238801e-01
9.258019113573408010e-01
9.082332053185595555e-01
9.000229930193905936e-01
8.748182154016620471e-01
8.355469901385041975e-01
7.527271912465374193e-01
1.075681346371191172e+00
1.231790208199446068e+00
1.093738072022160779e+00
1.047404915900277178e+00
1.021769532742382358e+00
9.988613180055402330e-01
9.845652140720222434e-01
9.671687502493074851e-01
9.561165413850416517e-01
9.477340868698062026e-01
9.317155607756233415e-01
9.038697358448753993e-01
8.651439442659279999e-01
8.246383164542936406e-01
1.071805896509695266e+00
1.265721924764543038e+00
1.167486447534626048e+00
1.110646516232687064e+00
1.083059054626038797e+00
1.056820823711911439e+00
1.042639547922437737e+00
1.030381643545706494e+00
1.029922330969529121e+00
1.008793952465373955e+00
1.015138207423822880e+00
1.011061808310249388e+00
9.979426928531855978e-01
9.820102878670360358e-01
9.942107781717451909e-01
9.726230870914127635e-01
9.717618760110804388e-01
9.699820397783933679e-01
9.554849865927977914e-01
9.539348066481995181e-01
9.490259034903048008e-01
9.336963462603878883e-01
9.130559873684210848e-01
8.862149086980609658e-01
8.601202129639889948e-01
7.975675814958449461e-01
8.068973681994460190e-01
1.287280908808864366e+00
1.288831088753462639e+00
1.199925398227146944e+00
1.156348117562326916e+00
1.119689232576177362e+00
1.085901051191135780e+00
1.089920036232687073e+00
1.066724751135734062e+00
1.056045733739612302e+00
1.050907174293628898e+00
1.053031494958448722e+00
1.038017715124653906e+00
1.039108582493074806e+00
1.024180923767313178e+00
1.032735620498615114e+00
1.016918043656509729e+00
1.010688616842105425e+00
1.020678665373961236e+00
1.013530613407202186e+00
1.007846620277008443e+00
1.004516604099723098e+00
1.001244001994459953e+00
1.002679353795013828e+00
9.903927423822714848e-01
9.879813513573407757e-01
9.985742476454294581e-01
1.034113558227146790e+00
1.087451231135734053e+00
1.106713652299168960e+00
1.085355617506925219e+00
1.063796633462603891e+00
1.065863540055401737e+00
1.058227468476454325e+00
1.058141347368421137e+00
1.049787599889196787e+00
1.044161020831025022e+00
1.040744883545706490e+00
1.034228386371191188e+00
1.030525178725761881e+00
1.036524949252077610e+00
1.036754605540166185e+00
1.027137748476454338e+00
1.027080334404432138e+00
1.029893623933518132e+00
1.023377126759002831e+00
1.046428876675900232e+00
1.042783083102493125e+00
1.026965506260387961e+00
1.025013427811634514e+00
1.033539417506925240e+00
1.024898599667590116e+00
1.034199679335180200e+00
1.028142494736842272e+00
1.022659450858725894e+00
1.014104754127423957e+00
1.021281513130193996e+00
1.026936799224376751e+00
1.016831922548476541e+00
1.015568812963989043e+00
1.014477945595567920e+00
1.012611988254847661e+00
1.013702855623268784e+00
1.014477945595567920e+00
1.008248518781163394e+00
1.014535359667590120e+00
1.009281972077562317e+00
1.013415785263158009e+00
1.012583281218836673e+00
1.001272709030470942e+00
1.022544622714681495e+00
1.022774279002770070e+00
1.031644753130193992e+00
1.024152216731301968e+00
1.014851137063711883e+00
1.013989925983379559e+00
1.023549368975069207e+00
1.006727045872576332e+00
1.002191334182825466e+00
1.008880073573407365e+00
1.012066554570637100e+00
1.013157421939058223e+00
1.007990155457063830e+00
1.011722070138504126e+00
9.997799431578947571e-01
9.996938220498615690e-01
1.007358600664820081e+00
9.885267850415513369e-01
1.003942463379501548e+00
9.932634459833795670e-01
9.976843295290859226e-01
9.847661633240998302e-01
9.953303525761773018e-01
9.833595185595568333e-01
9.859718588365651293e-01
9.889860976177285989e-01
9.890148046537396986e-01
1.006210319224376759e+00
1.032075358670360155e+00
1.063107664598337943e+00
1.074102459390581688e+00
1.073356076454293762e+00
1.062590937950138592e+00
1.065346813407202387e+00
1.051998041662050021e+00
1.056217975955678678e+00
1.038534441772853256e+00
1.039797551357340755e+00
1.032993983822714679e+00
1.037041675900276960e+00
1.035376667811634510e+00
1.039108582493074806e+00
1.038161250304709293e+00
1.030726127977839468e+00
