1.137054198559556806e+00
1.000927991689750662e+00
1.072994807091412817e+00
1.024950263490304714e+00
1.032957687423822657e+00
1.113031926759002754e+00
9.688982959556786678e-01
1.081002231024930760e+00
1.105024502825484811e+00
9.288611762880886191e-01
9.769057198891966109e-01
9.128463284210526218e-01
1.048972535290858765e+00
1.089009654958448703e+00
1.209121013961218738e+00
1.072994807091412817e+00
9.208537523545705650e-01
1.032957687423822657e+00
1.089009654958448703e+00
1.169083894293628800e+00
1.064987383157894651e+00
9.608908720221606137e-01
1.032957687423822657e+00
1.121039350692520697e+00
9.288611762880886191e-01
1.072994807091412817e+00
1.072994807091412817e+00
9.929205677562327192e-01
1.040965111357340600e+00
9.368686002216066733e-01
1.137054198559556806e+00
9.288611762880886191e-01
9.688982959556786678e-01
1.072994807091412817e+00
1.177091318227146743e+00
9.208537523545705650e-01
9.849131438227146651e-01
1.201113590027700795e+00
9.048389044875345677e-01
1.129046774626038863e+00
1.072994807091412817e+00
8.808166326869806273e-01
1.072994807091412817e+00
1.081002231024930760e+00
8.808166326869806273e-01
9.048389044875345677e-01
1.040965111357340600e+00
1.016942839556786771e+00
9.608908720221606137e-01
1.193106166094182852e+00
1.056979959224376708e+00
1.169083894293628800e+00
1.032957687423822657e+00
1.040965111357340600e+00
1.024950263490304714e+00
1.161076470360110857e+00
1.024950263490304714e+00
9.528834480886426705e-01
1.129046774626038863e+00
1.105024502825484811e+00
1.072994807091412817e+00
9.608908720221606137e-01
1.000927991689750662e+00
8.888240566204985704e-01
1.032957687423822657e+00
8.567943608864265759e-01
8.567943608864265759e-01
1.113031926759002754e+00
9.929205677562327192e-01
1.016942839556786771e+00
9.208537523545705650e-01
9.288611762880886191e-01
1.040965111357340600e+00
9.528834480886426705e-01
8.968314805540166246e-01
1.064987383157894651e+00
1.113031926759002754e+00
1.056979959224376708e+00
1.072994807091412817e+00
8.968314805540166246e-01
1.032957687423822657e+00
1.032957687423822657e+00
9.048389044875345677e-01
1.121039350692520697e+00
1.089009654958448703e+00
1.072994807091412817e+00
1.016942839556786771e+00
9.448760241551246164e-01
1.129046774626038863e+00
1.321224949030470830e+00
9.448760241551246164e-01
9.288611762880886191e-01
9.528834480886426705e-01
1.081002231024930760e+00
1.032957687423822657e+00
9.528834480886426705e-01
9.048389044875345677e-01
1.129046774626038863e+00
1.072994807091412817e+00
1.161076470360110857e+00
1.097017078891966646e+00
1.000927991689750662e+00
9.769057198891966109e-01
8.407795130193905786e-01
1.024950263490304714e+00
1.048972535290858765e+00
9.849131438227146651e-01
9.688982959556786678e-01
1.024950263490304714e+00
1.008935415623268606e+00
1.105024502825484811e+00
9.448760241551246164e-01
9.608908720221606137e-01
1.129046774626038863e+00
1.024950263490304714e+00
1.048972535290858765e+00
8.567943608864265759e-01
1.185098742160664687e+00
8.648017848199446300e-01
1.089009654958448703e+00
9.208537523545705650e-01
1.056979959224376708e+00
1.008935415623268606e+00
1.008935415623268606e+00
8.648017848199446300e-01
1.145061622493074749e+00
9.608908720221606137e-01
1.193106166094182852e+00
1.000927991689750662e+00
9.288611762880886191e-01
8.327720890858725244e-01
1.105024502825484811e+00
1.105024502825484811e+00
1.024950263490304714e+00
9.128463284210526218e-01
9.448760241551246164e-01
1.137054198559556806e+00
1.032957687423822657e+00
9.849131438227146651e-01
1.048972535290858765e+00
8.327720890858725244e-01
8.487869369529085217e-01
8.888240566204985704e-01
1.056979959224376708e+00
1.072994807091412817e+00
1.008935415623268606e+00
7.206681540166204325e-01
9.448760241551246164e-01
1.209121013961218738e+00
1.008935415623268606e+00
1.008935415623268606e+00
1.008935415623268606e+00
1.008935415623268606e+00
9.608908720221606137e-01
1.016942839556786771e+00
9.048389044875345677e-01
1.129046774626038863e+00
9.368686002216066733e-01
1.113031926759002754e+00
9.448760241551246164e-01
9.608908720221606137e-01
1.008935415623268606e+00
9.688982959556786678e-01
9.929205677562327192e-01
1.072994807091412817e+00
1.072994807091412817e+00
9.128463284210526218e-01
7.847275454847645326e-01
1.048972535290858765e+00
1.000927991689750662e+00
9.528834480886426705e-01
9.608908720221606137e-01
1.064987383157894651e+00
1.016942839556786771e+00
9.048389044875345677e-01
8.567943608864265759e-01
9.048389044875345677e-01
1.048972535290858765e+00
9.368686002216066733e-01
9.448760241551246164e-01
1.177091318227146743e+00
9.128463284210526218e-01
9.849131438227146651e-01
9.688982959556786678e-01
1.201113590027700795e+00
9.208537523545705650e-01
9.849131438227146651e-01
9.769057198891966109e-01
1.064987383157894651e+00
1.072994807091412817e+00
1.040965111357340600e+00
9.128463284210526218e-01
9.688982959556786678e-01
1.161076470360110857e+00
9.448760241551246164e-01
1.129046774626038863e+00
9.448760241551246164e-01
1.081002231024930760e+00
9.849131438227146651e-01
8.728092087534625731e-01
1.032957687423822657e+00
9.208537523545705650e-01
1.024950263490304714e+00
1.048972535290858765e+00
9.208537523545705650e-01
9.528834480886426705e-01
9.769057198891966109e-01
1.072994807091412817e+00
8.087498172853185840e-01
1.072994807091412817e+00
1.048972535290858765e+00
9.608908720221606137e-01
9.368686002216066733e-01
1.032957687423822657e+00
1.024950263490304714e+00
9.769057198891966109e-01
9.608908720221606137e-01
1.089009654958448703e+00
9.048389044875345677e-01
8.808166326869806273e-01
7.526978497506925381e-01
1.089009654958448703e+00
8.407795130193905786e-01
1.105024502825484811e+00
1.048972535290858765e+00
1.121039350692520697e+00
9.688982959556786678e-01
9.608908720221606137e-01
8.968314805540166246e-01
9.929205677562327192e-01
1.105024502825484811e+00
1.097017078891966646e+00
8.808166326869806273e-01
1.040965111357340600e+00
1.121039350692520697e+00
1.032957687423822657e+00
1.024950263490304714e+00
9.769057198891966109e-01
1.016942839556786771e+00
1.000927991689750662e+00
9.448760241551246164e-01
1.056979959224376708e+00
1.040965111357340600e+00
1.016942839556786771e+00
1.016942839556786771e+00
8.888240566204985704e-01
1.121039350692520697e+00
1.040965111357340600e+00
1.008935415623268606e+00
1.121039350692520697e+00
1.081002231024930760e+00
9.769057198891966109e-01
8.728092087534625731e-01
9.528834480886426705e-01
9.528834480886426705e-01
1.008935415623268606e+00
9.769057198891966109e-01
9.528834480886426705e-01
9.929205677562327192e-01
8.808166326869806273e-01
1.145061622493074749e+00
9.528834480886426705e-01
1.000927991689750662e+00
9.128463284210526218e-01
1.249158133628808898e+00
9.929205677562327192e-01
1.169083894293628800e+00
1.193106166094182852e+00
1.209121013961218738e+00
1.153069046426592692e+00
1.081002231024930760e+00
1.161076470360110857e+00
1.137054198559556806e+00
1.257165557562326841e+00
1.193106166094182852e+00
1.209121013961218738e+00
1.032957687423822657e+00
1.048972535290858765e+00
9.368686002216066733e-01
1.105024502825484811e+00
1.048972535290858765e+00
1.072994807091412817e+00
1.177091318227146743e+00
1.072994807091412817e+00
1.032957687423822657e+00
1.056979959224376708e+00
1.056979959224376708e+00
9.048389044875345677e-01
9.769057198891966109e-01
9.288611762880886191e-01
9.849131438227146651e-01
9.688982959556786678e-01
1.008935415623268606e+00
1.209121013961218738e+00
9.448760241551246164e-01
9.688982959556786678e-01
8.567943608864265759e-01
1.153069046426592692e+00
1.129046774626038863e+00
9.448760241551246164e-01
1.129046774626038863e+00
9.288611762880886191e-01
1.121039350692520697e+00
1.000927991689750662e+00
1.113031926759002754e+00
1.281187829362880892e+00
1.024950263490304714e+00
1.193106166094182852e+00
1.024950263490304714e+00
1.072994807091412817e+00
1.056979959224376708e+00
1.040965111357340600e+00
8.487869369529085217e-01
1.024950263490304714e+00
9.288611762880886191e-01
1.089009654958448703e+00
1.072994807091412817e+00
9.929205677562327192e-01
1.032957687423822657e+00
1.056979959224376708e+00
8.648017848199446300e-01
1.040965111357340600e+00
9.849131438227146651e-01
1.016942839556786771e+00
1.008935415623268606e+00
1.056979959224376708e+00
1.024950263490304714e+00
9.849131438227146651e-01
9.448760241551246164e-01
1.121039350692520697e+00
1.072994807091412817e+00
7.767201215512464785e-01
1.113031926759002754e+00
9.448760241551246164e-01
1.121039350692520697e+00
8.888240566204985704e-01
1.008935415623268606e+00
1.040965111357340600e+00
1.089009654958448703e+00
8.728092087534625731e-01
8.648017848199446300e-01
8.648017848199446300e-01
9.528834480886426705e-01
9.448760241551246164e-01
1.161076470360110857e+00
1.032957687423822657e+00
1.032957687423822657e+00
8.487869369529085217e-01
1.000927991689750662e+00
9.849131438227146651e-01
1.040965111357340600e+00
1.113031926759002754e+00
9.688982959556786678e-01
1.048972535290858765e+00
1.008935415623268606e+00
1.177091318227146743e+00
8.728092087534625731e-01
1.040965111357340600e+00
9.288611762880886191e-01
1.024950263490304714e+00
9.849131438227146651e-01
1.016942839556786771e+00
1.008935415623268606e+00
9.528834480886426705e-01
1.056979959224376708e+00
1.121039350692520697e+00
8.407795130193905786e-01
1.113031926759002754e+00
1.081002231024930760e+00
1.000927991689750662e+00
1.016942839556786771e+00
1.097017078891966646e+00
1.064987383157894651e+00
9.368686002216066733e-01
7.607052736842104812e-01
1.137054198559556806e+00
1.000927991689750662e+00
9.608908720221606137e-01
1.048972535290858765e+00
9.769057198891966109e-01
9.929205677562327192e-01
9.769057198891966109e-01
1.129046774626038863e+00
1.089009654958448703e+00
9.688982959556786678e-01
1.072994807091412817e+00
1.048972535290858765e+00
9.288611762880886191e-01
1.008935415623268606e+00
8.888240566204985704e-01
9.849131438227146651e-01
1.056979959224376708e+00
9.769057198891966109e-01
9.288611762880886191e-01
1.016942839556786771e+00
1.105024502825484811e+00
9.688982959556786678e-01
1.097017078891966646e+00
9.128463284210526218e-01
9.929205677562327192e-01
1.145061622493074749e+00
9.448760241551246164e-01
1.032957687423822657e+00
1.016942839556786771e+00
9.448760241551246164e-01
9.288611762880886191e-01
9.608908720221606137e-01
1.081002231024930760e+00
1.064987383157894651e+00
1.008935415623268606e+00
9.448760241551246164e-01
1.089009654958448703e+00
1.081002231024930760e+00
1.056979959224376708e+00
1.185098742160664687e+00
1.024950263490304714e+00
9.288611762880886191e-01
9.608908720221606137e-01
1.137054198559556806e+00
9.128463284210526218e-01
1.048972535290858765e+00
8.247646651523545813e-01
1.097017078891966646e+00
9.288611762880886191e-01
9.288611762880886191e-01
8.728092087534625731e-01
8.247646651523545813e-01
9.769057198891966109e-01
9.528834480886426705e-01
1.185098742160664687e+00
9.288611762880886191e-01
8.808166326869806273e-01
9.688982959556786678e-01
1.008935415623268606e+00
7.847275454847645326e-01
1.129046774626038863e+00
1.024950263490304714e+00
8.567943608864265759e-01
1.081002231024930760e+00
1.048972535290858765e+00
9.688982959556786678e-01
1.000927991689750662e+00
1.056979959224376708e+00
9.528834480886426705e-01
9.769057198891966109e-01
1.048972535290858765e+00
1.048972535290858765e+00
1.000927991689750662e+00
9.448760241551246164e-01
1.008935415623268606e+00
9.048389044875345677e-01
1.048972535290858765e+00
9.608908720221606137e-01
9.128463284210526218e-01
1.089009654958448703e+00
7.446904258171744839e-01
8.728092087534625731e-01
1.040965111357340600e+00
1.145061622493074749e+00
1.032957687423822657e+00
1.032957687423822657e+00
9.688982959556786678e-01
9.929205677562327192e-01
1.048972535290858765e+00
1.032957687423822657e+00
1.016942839556786771e+00
8.968314805540166246e-01
9.849131438227146651e-01
8.968314805540166246e-01
9.769057198891966109e-01
1.169083894293628800e+00
1.000927991689750662e+00
8.247646651523545813e-01
1.145061622493074749e+00
9.608908720221606137e-01
9.448760241551246164e-01
1.072994807091412817e+00
1.040965111357340600e+00
1.072994807091412817e+00
1.008935415623268606e+00
1.032957687423822657e+00
1.000927991689750662e+00
1.064987383157894651e+00
9.769057198891966109e-01
8.968314805540166246e-01
9.688982959556786678e-01
1.008935415623268606e+00
1.089009654958448703e+00
1.064987383157894651e+00
1.072994807091412817e+00
1.097017078891966646e+00
9.448760241551246164e-01
1.097017078891966646e+00
8.728092087534625731e-01
9.769057198891966109e-01
1.000927991689750662e+00
9.288611762880886191e-01
1.137054198559556806e+00
1.113031926759002754e+00
1.097017078891966646e+00
8.247646651523545813e-01
1.000927991689750662e+00
8.327720890858725244e-01
1.008935415623268606e+00
9.368686002216066733e-01
1.137054198559556806e+00
1.137054198559556806e+00
1.032957687423822657e+00
7.607052736842104812e-01
1.121039350692520697e+00
1.105024502825484811e+00
1.169083894293628800e+00
9.368686002216066733e-01
9.368686002216066733e-01
1.008935415623268606e+00
1.024950263490304714e+00
1.177091318227146743e+00
9.608908720221606137e-01
1.008935415623268606e+00
1.081002231024930760e+00
1.056979959224376708e+00
1.105024502825484811e+00
9.608908720221606137e-01
9.208537523545705650e-01
1.105024502825484811e+00
9.288611762880886191e-01
1.072994807091412817e+00
9.288611762880886191e-01
1.072994807091412817e+00
9.688982959556786678e-01
1.121039350692520697e+00
9.688982959556786678e-01
9.368686002216066733e-01
1.000927991689750662e+00
1.016942839556786771e+00
1.016942839556786771e+00
8.087498172853185840e-01
9.688982959556786678e-01
9.288611762880886191e-01
9.128463284210526218e-01
1.137054198559556806e+00
9.208537523545705650e-01
1.064987383157894651e+00
9.368686002216066733e-01
9.448760241551246164e-01
1.089009654958448703e+00
9.528834480886426705e-01
1.081002231024930760e+00
9.528834480886426705e-01
1.105024502825484811e+00
1.040965111357340600e+00
9.048389044875345677e-01
1.089009654958448703e+00
9.448760241551246164e-01
8.968314805540166246e-01
1.032957687423822657e+00
9.368686002216066733e-01
1.048972535290858765e+00
1.008935415623268606e+00
1.008935415623268606e+00
1.081002231024930760e+00
9.929205677562327192e-01
9.048389044875345677e-01
1.016942839556786771e+00
1.056979959224376708e+00
8.087498172853185840e-01
9.528834480886426705e-01
1.032957687423822657e+00
9.608908720221606137e-01
9.849131438227146651e-01
1.032957687423822657e+00
1.024950263490304714e+00
1.032957687423822657e+00
9.608908720221606137e-01
1.089009654958448703e+00
1.129046774626038863e+00
7.927349694182825868e-01
9.849131438227146651e-01
9.208537523545705650e-01
9.528834480886426705e-01
1.089009654958448703e+00
9.688982959556786678e-01
9.929205677562327192e-01
9.288611762880886191e-01
9.688982959556786678e-01
1.089009654958448703e+00
9.929205677562327192e-01
1.008935415623268606e+00
1.048972535290858765e+00
1.040965111357340600e+00
1.008935415623268606e+00
1.000927991689750662e+00
8.487869369529085217e-01
1.024950263490304714e+00
1.081002231024930760e+00
9.688982959556786678e-01
9.208537523545705650e-01
9.849131438227146651e-01
1.040965111357340600e+00
9.528834480886426705e-01
1.040965111357340600e+00
1.048972535290858765e+00
9.769057198891966109e-01
1.113031926759002754e+00
1.016942839556786771e+00
1.081002231024930760e+00
9.849131438227146651e-01
1.072994807091412817e+00
1.040965111357340600e+00
1.241150709695290733e+00
1.145061622493074749e+00
1.289195253296398835e+00
1.040965111357340600e+00
8.487869369529085217e-01
8.968314805540166246e-01
9.288611762880886191e-01
9.688982959556786678e-01
8.087498172853185840e-01
8.407795130193905786e-01
1.008935415623268606e+00
8.247646651523545813e-01
8.808166326869806273e-01
8.247646651523545813e-01
1.048972535290858765e+00
1.089009654958448703e+00
9.849131438227146651e-01
9.368686002216066733e-01
1.121039350692520697e+00
9.929205677562327192e-01
9.769057198891966109e-01
9.528834480886426705e-01
1.056979959224376708e+00
1.121039350692520697e+00
1.089009654958448703e+00
1.040965111357340600e+00
9.688982959556786678e-01
8.567943608864265759e-01
8.487869369529085217e-01
1.072994807091412817e+00
8.888240566204985704e-01
8.487869369529085217e-01
8.888240566204985704e-01
1.072994807091412817e+00
9.769057198891966109e-01
9.448760241551246164e-01
1.105024502825484811e+00
1.000927991689750662e+00
9.048389044875345677e-01
1.089009654958448703e+00
1.016942839556786771e+00
1.016942839556786771e+00
1.081002231024930760e+00
1.008935415623268606e+00
1.000927991689750662e+00
8.247646651523545813e-01
1.032957687423822657e+00
1.048972535290858765e+00
8.888240566204985704e-01
1.153069046426592692e+00
1.072994807091412817e+00
8.567943608864265759e-01
1.008935415623268606e+00
9.608908720221606137e-01
8.888240566204985704e-01
9.048389044875345677e-01
1.024950263490304714e+00
9.368686002216066733e-01
9.608908720221606137e-01
9.688982959556786678e-01
1.201113590027700795e+00
9.849131438227146651e-01
1.000927991689750662e+00
1.056979959224376708e+00
1.040965111357340600e+00
9.448760241551246164e-01
1.040965111357340600e+00
1.000927991689750662e+00
9.608908720221606137e-01
1.105024502825484811e+00
9.048389044875345677e-01
1.185098742160664687e+00
1.129046774626038863e+00
9.769057198891966109e-01
1.048972535290858765e+00
1.024950263490304714e+00
9.769057198891966109e-01
1.072994807091412817e+00
1.121039350692520697e+00
1.161076470360110857e+00
1.008935415623268606e+00
1.072994807091412817e+00
8.808166326869806273e-01
1.008935415623268606e+00
1.145061622493074749e+00
1.241150709695290733e+00
9.849131438227146651e-01
1.177091318227146743e+00
1.129046774626038863e+00
1.153069046426592692e+00
1.105024502825484811e+00
1.137054198559556806e+00
1.225135861828254846e+00
1.137054198559556806e+00
1.249158133628808898e+00
1.097017078891966646e+00
8.808166326869806273e-01
1.089009654958448703e+00
1.113031926759002754e+00
1.241150709695290733e+00
1.000927991689750662e+00
1.209121013961218738e+00
1.032957687423822657e+00
1.016942839556786771e+00
9.608908720221606137e-01
1.265172981495844784e+00
1.024950263490304714e+00
1.040965111357340600e+00
1.081002231024930760e+00
1.016942839556786771e+00
1.056979959224376708e+00
1.097017078891966646e+00
9.929205677562327192e-01
9.608908720221606137e-01
1.113031926759002754e+00
1.113031926759002754e+00
1.193106166094182852e+00
1.056979959224376708e+00
9.448760241551246164e-01
8.888240566204985704e-01
8.968314805540166246e-01
9.929205677562327192e-01
9.769057198891966109e-01
1.024950263490304714e+00
1.056979959224376708e+00
8.808166326869806273e-01
1.048972535290858765e+00
1.113031926759002754e+00
8.167572412188365272e-01
8.567943608864265759e-01
1.032957687423822657e+00
1.016942839556786771e+00
1.016942839556786771e+00
1.121039350692520697e+00
9.769057198891966109e-01
9.929205677562327192e-01
1.161076470360110857e+00
8.648017848199446300e-01
9.048389044875345677e-01
9.608908720221606137e-01
9.849131438227146651e-01
1.105024502825484811e+00
8.087498172853185840e-01
7.927349694182825868e-01
1.185098742160664687e+00
8.648017848199446300e-01
1.032957687423822657e+00
8.968314805540166246e-01
1.064987383157894651e+00
8.968314805540166246e-01
9.288611762880886191e-01
1.040965111357340600e+00
8.968314805540166246e-01
1.137054198559556806e+00
9.448760241551246164e-01
9.608908720221606137e-01
9.528834480886426705e-01
1.097017078891966646e+00
9.208537523545705650e-01
1.129046774626038863e+00
8.567943608864265759e-01
9.128463284210526218e-01
9.368686002216066733e-01
9.688982959556786678e-01
9.048389044875345677e-01
1.177091318227146743e+00
1.056979959224376708e+00
8.728092087534625731e-01
9.849131438227146651e-01
9.849131438227146651e-01
1.081002231024930760e+00
1.000927991689750662e+00
8.968314805540166246e-01
8.968314805540166246e-01
1.032957687423822657e+00
9.608908720221606137e-01
9.929205677562327192e-01
1.121039350692520697e+00
8.808166326869806273e-01
9.769057198891966109e-01
1.056979959224376708e+00
1.137054198559556806e+00
1.137054198559556806e+00
1.040965111357340600e+00
1.097017078891966646e+00
9.849131438227146651e-01
1.008935415623268606e+00
1.016942839556786771e+00
1.000927991689750662e+00
1.097017078891966646e+00
9.849131438227146651e-01
9.448760241551246164e-01
9.048389044875345677e-01
9.288611762880886191e-01
1.145061622493074749e+00
8.567943608864265759e-01
1.056979959224376708e+00
9.929205677562327192e-01
1.089009654958448703e+00
9.128463284210526218e-01
9.448760241551246164e-01
9.849131438227146651e-01
1.008935415623268606e+00
1.097017078891966646e+00
1.129046774626038863e+00
9.929205677562327192e-01
1.032957687423822657e+00
1.169083894293628800e+00
9.208537523545705650e-01
8.728092087534625731e-01
9.688982959556786678e-01
9.128463284210526218e-01
1.105024502825484811e+00
1.016942839556786771e+00
9.608908720221606137e-01
1.064987383157894651e+00
8.567943608864265759e-01
1.121039350692520697e+00
1.048972535290858765e+00
9.528834480886426705e-01
1.072994807091412817e+00
9.368686002216066733e-01
1.016942839556786771e+00
8.808166326869806273e-01
1.129046774626038863e+00
1.056979959224376708e+00
1.064987383157894651e+00
1.081002231024930760e+00
1.008935415623268606e+00
9.208537523545705650e-01
9.528834480886426705e-01
1.000927991689750662e+00
1.081002231024930760e+00
1.040965111357340600e+00
1.105024502825484811e+00
1.040965111357340600e+00
8.728092087534625731e-01
1.129046774626038863e+00
9.448760241551246164e-01
1.016942839556786771e+00
9.849131438227146651e-01
8.648017848199446300e-01
9.368686002216066733e-01
1.072994807091412817e+00
9.929205677562327192e-01
9.688982959556786678e-01
9.849131438227146651e-01
9.048389044875345677e-01
1.000927991689750662e+00
9.929205677562327192e-01
1.048972535290858765e+00
9.769057198891966109e-01
1.072994807091412817e+00
9.608908720221606137e-01
8.968314805540166246e-01
1.048972535290858765e+00
9.448760241551246164e-01
9.608908720221606137e-01
1.040965111357340600e+00
8.567943608864265759e-01
1.008935415623268606e+00
1.032957687423822657e+00
9.288611762880886191e-01
1.032957687423822657e+00
1.209121013961218738e+00
1.024950263490304714e+00
1.032957687423822657e+00
9.448760241551246164e-01
8.888240566204985704e-01
1.081002231024930760e+00
1.000927991689750662e+00
9.608908720221606137e-01
1.225135861828254846e+00
1.032957687423822657e+00
1.056979959224376708e+00
9.368686002216066733e-01
1.153069046426592692e+00
9.448760241551246164e-01
1.040965111357340600e+00
9.688982959556786678e-01
8.327720890858725244e-01
9.528834480886426705e-01
9.288611762880886191e-01
8.888240566204985704e-01
1.016942839556786771e+00
1.056979959224376708e+00
9.448760241551246164e-01
8.808166326869806273e-01
9.608908720221606137e-01
8.888240566204985704e-01
1.072994807091412817e+00
1.129046774626038863e+00
1.040965111357340600e+00
1.032957687423822657e+00
1.153069046426592692e+00
1.153069046426592692e+00
1.081002231024930760e+00
1.008935415623268606e+00
1.016942839556786771e+00
1.129046774626038863e+00
9.288611762880886191e-01
1.016942839556786771e+00
1.121039350692520697e+00
1.081002231024930760e+00
9.288611762880886191e-01
8.968314805540166246e-01
9.208537523545705650e-01
9.849131438227146651e-01
1.097017078891966646e+00
1.000927991689750662e+00
9.688982959556786678e-01
1.040965111357340600e+00
9.769057198891966109e-01
9.929205677562327192e-01
1.056979959224376708e+00
1.024950263490304714e+00
1.145061622493074749e+00
1.089009654958448703e+00
9.528834480886426705e-01
1.008935415623268606e+00
9.288611762880886191e-01
1.193106166094182852e+00
1.048972535290858765e+00
9.128463284210526218e-01
1.040965111357340600e+00
1.072994807091412817e+00
9.688982959556786678e-01
9.769057198891966109e-01
1.097017078891966646e+00
8.888240566204985704e-01
1.040965111357340600e+00
1.097017078891966646e+00
1.105024502825484811e+00
1.105024502825484811e+00
9.448760241551246164e-01
1.105024502825484811e+00
1.064987383157894651e+00
1.169083894293628800e+00
9.288611762880886191e-01
1.032957687423822657e+00
1.000927991689750662e+00
1.105024502825484811e+00
1.032957687423822657e+00
1.249158133628808898e+00
9.288611762880886191e-01
1.048972535290858765e+00
1.113031926759002754e+00
8.567943608864265759e-01
8.567943608864265759e-01
1.016942839556786771e+00
1.056979959224376708e+00
1.024950263490304714e+00
1.121039350692520697e+00
9.208537523545705650e-01
9.688982959556786678e-01
9.528834480886426705e-01
9.528834480886426705e-01
8.808166326869806273e-01
9.528834480886426705e-01
9.769057198891966109e-01
1.105024502825484811e+00
1.072994807091412817e+00
9.448760241551246164e-01
1.137054198559556806e+00
9.849131438227146651e-01
1.081002231024930760e+00
9.448760241551246164e-01
1.249158133628808898e+00
9.608908720221606137e-01
8.968314805540166246e-01
8.567943608864265759e-01
1.048972535290858765e+00
1.032957687423822657e+00
9.929205677562327192e-01
1.089009654958448703e+00
1.225135861828254846e+00
8.487869369529085217e-01
8.968314805540166246e-01
9.048389044875345677e-01
9.688982959556786678e-01
1.048972535290858765e+00
1.105024502825484811e+00
1.000927991689750662e+00
1.113031926759002754e+00
9.528834480886426705e-01
9.608908720221606137e-01
1.040965111357340600e+00
1.072994807091412817e+00
1.056979959224376708e+00
1.000927991689750662e+00
1.040965111357340600e+00
1.024950263490304714e+00
9.288611762880886191e-01
1.056979959224376708e+00
9.849131438227146651e-01
9.929205677562327192e-01
9.769057198891966109e-01
1.072994807091412817e+00
1.056979959224376708e+00
1.048972535290858765e+00
1.225135861828254846e+00
8.808166326869806273e-01
1.040965111357340600e+00
9.769057198891966109e-01
9.208537523545705650e-01
9.528834480886426705e-01
1.000927991689750662e+00
9.849131438227146651e-01
1.056979959224376708e+00
1.121039350692520697e+00
1.040965111357340600e+00
1.008935415623268606e+00
1.032957687423822657e+00
1.121039350692520697e+00
9.769057198891966109e-01
1.137054198559556806e+00
8.728092087534625731e-01
9.929205677562327192e-01
9.448760241551246164e-01
1.040965111357340600e+00
1.008935415623268606e+00
9.849131438227146651e-01
1.056979959224376708e+00
9.769057198891966109e-01
8.648017848199446300e-01
8.968314805540166246e-01
9.929205677562327192e-01
1.161076470360110857e+00
8.808166326869806273e-01
8.808166326869806273e-01
1.048972535290858765e+00
9.368686002216066733e-01
1.032957687423822657e+00
9.368686002216066733e-01
1.056979959224376708e+00
1.048972535290858765e+00
1.024950263490304714e+00
9.368686002216066733e-01
9.608908720221606137e-01
1.081002231024930760e+00
1.032957687423822657e+00
8.888240566204985704e-01
9.769057198891966109e-01
1.008935415623268606e+00
1.056979959224376708e+00
9.608908720221606137e-01
1.032957687423822657e+00
1.000927991689750662e+00
1.056979959224376708e+00
1.008935415623268606e+00
9.528834480886426705e-01
1.177091318227146743e+00
1.081002231024930760e+00
1.024950263490304714e+00
8.648017848199446300e-01
1.129046774626038863e+00
9.128463284210526218e-01
1.121039350692520697e+00
1.072994807091412817e+00
9.368686002216066733e-01
1.008935415623268606e+00
9.528834480886426705e-01
1.105024502825484811e+00
1.137054198559556806e+00
1.048972535290858765e+00
9.128463284210526218e-01
9.048389044875345677e-01
9.448760241551246164e-01
9.448760241551246164e-01
1.000927991689750662e+00
1.024950263490304714e+00
1.008935415623268606e+00
1.040965111357340600e+00
1.081002231024930760e+00
9.288611762880886191e-01
1.097017078891966646e+00
9.048389044875345677e-01
8.728092087534625731e-01
9.448760241551246164e-01
9.048389044875345677e-01
8.087498172853185840e-01
9.688982959556786678e-01
1.089009654958448703e+00
1.081002231024930760e+00
1.121039350692520697e+00
1.121039350692520697e+00
1.201113590027700795e+00
1.081002231024930760e+00
1.105024502825484811e+00
1.032957687423822657e+00
1.233143285761772789e+00
1.024950263490304714e+00
9.208537523545705650e-01
9.929205677562327192e-01
9.128463284210526218e-01
1.064987383157894651e+00
1.008935415623268606e+00
9.849131438227146651e-01
1.016942839556786771e+00
1.024950263490304714e+00
9.688982959556786678e-01
1.024950263490304714e+00
9.128463284210526218e-01
1.233143285761772789e+00
1.081002231024930760e+00
1.081002231024930760e+00
1.097017078891966646e+00
1.137054198559556806e+00
1.081002231024930760e+00
9.368686002216066733e-01
1.040965111357340600e+00
1.064987383157894651e+00
9.688982959556786678e-01
1.105024502825484811e+00
9.528834480886426705e-01
1.040965111357340600e+00
1.032957687423822657e+00
8.648017848199446300e-01
9.448760241551246164e-01
1.089009654958448703e+00
1.000927991689750662e+00
1.129046774626038863e+00
9.688982959556786678e-01
1.153069046426592692e+00
1.040965111357340600e+00
1.121039350692520697e+00
1.008935415623268606e+00
9.128463284210526218e-01
9.688982959556786678e-01
1.113031926759002754e+00
8.007423933518005299e-01
1.048972535290858765e+00
9.929205677562327192e-01
9.688982959556786678e-01
1.072994807091412817e+00
8.487869369529085217e-01
9.048389044875345677e-01
1.064987383157894651e+00
1.032957687423822657e+00
1.089009654958448703e+00
1.048972535290858765e+00
9.849131438227146651e-01
1.024950263490304714e+00
1.097017078891966646e+00
9.929205677562327192e-01
9.608908720221606137e-01
8.087498172853185840e-01
1.145061622493074749e+00
1.008935415623268606e+00
9.288611762880886191e-01
1.032957687423822657e+00
1.008935415623268606e+00
1.241150709695290733e+00
1.040965111357340600e+00
8.888240566204985704e-01
1.040965111357340600e+00
9.048389044875345677e-01
1.016942839556786771e+00
1.016942839556786771e+00
1.016942839556786771e+00
9.528834480886426705e-01
9.769057198891966109e-01
1.081002231024930760e+00
9.368686002216066733e-01
1.089009654958448703e+00
1.016942839556786771e+00
1.016942839556786771e+00
9.128463284210526218e-01
1.081002231024930760e+00
1.008935415623268606e+00
1.024950263490304714e+00
9.288611762880886191e-01
1.129046774626038863e+00
1.137054198559556806e+00
9.688982959556786678e-01
1.048972535290858765e+00
1.024950263490304714e+00
1.008935415623268606e+00
1.016942839556786771e+00
9.128463284210526218e-01
9.368686002216066733e-01
1.097017078891966646e+00
1.185098742160664687e+00
1.032957687423822657e+00
1.056979959224376708e+00
1.016942839556786771e+00
1.008935415623268606e+00
1.048972535290858765e+00
8.968314805540166246e-01
8.648017848199446300e-01
8.247646651523545813e-01
1.056979959224376708e+00
9.208537523545705650e-01
1.048972535290858765e+00
1.024950263490304714e+00
9.208537523545705650e-01
1.217128437894736903e+00
1.121039350692520697e+00
9.128463284210526218e-01
9.288611762880886191e-01
1.177091318227146743e+00
1.089009654958448703e+00
1.137054198559556806e+00
1.008935415623268606e+00
1.105024502825484811e+00
1.081002231024930760e+00
1.016942839556786771e+00
9.288611762880886191e-01
1.064987383157894651e+00
9.849131438227146651e-01
9.769057198891966109e-01
9.048389044875345677e-01
1.072994807091412817e+00
9.929205677562327192e-01
1.056979959224376708e+00
1.040965111357340600e+00
9.528834480886426705e-01
1.161076470360110857e+00
8.167572412188365272e-01
1.089009654958448703e+00
1.129046774626038863e+00
1.016942839556786771e+00
9.448760241551246164e-01
9.929205677562327192e-01
1.209121013961218738e+00
1.056979959224376708e+00
1.072994807091412817e+00
9.929205677562327192e-01
1.072994807091412817e+00
1.097017078891966646e+00
9.608908720221606137e-01
9.448760241551246164e-01
1.145061622493074749e+00
1.185098742160664687e+00
8.888240566204985704e-01
1.089009654958448703e+00
1.008935415623268606e+00
9.929205677562327192e-01
1.089009654958448703e+00
8.648017848199446300e-01
1.072994807091412817e+00
9.048389044875345677e-01
1.097017078891966646e+00
1.129046774626038863e+00
8.728092087534625731e-01
1.040965111357340600e+00
1.056979959224376708e+00
1.048972535290858765e+00
1.105024502825484811e+00
1.000927991689750662e+00
9.688982959556786678e-01
9.288611762880886191e-01
9.929205677562327192e-01
1.064987383157894651e+00
9.128463284210526218e-01
1.064987383157894651e+00
1.048972535290858765e+00
1.008935415623268606e+00
1.145061622493074749e+00
9.688982959556786678e-01
1.105024502825484811e+00
1.113031926759002754e+00
1.048972535290858765e+00
1.000927991689750662e+00
9.528834480886426705e-01
1.048972535290858765e+00
1.097017078891966646e+00
1.040965111357340600e+00
8.327720890858725244e-01
8.087498172853185840e-01
8.007423933518005299e-01
1.032957687423822657e+00
1.024950263490304714e+00
9.929205677562327192e-01
1.072994807091412817e+00
8.968314805540166246e-01
9.769057198891966109e-01
9.608908720221606137e-01
1.008935415623268606e+00
9.368686002216066733e-01
1.105024502825484811e+00
1.048972535290858765e+00
1.081002231024930760e+00
7.927349694182825868e-01
9.528834480886426705e-01
9.688982959556786678e-01
9.929205677562327192e-01
1.113031926759002754e+00
8.648017848199446300e-01
1.016942839556786771e+00
9.208537523545705650e-01
9.048389044875345677e-01
9.769057198891966109e-01
1.024950263490304714e+00
1.032957687423822657e+00
9.849131438227146651e-01
8.888240566204985704e-01
1.169083894293628800e+00
9.849131438227146651e-01
9.688982959556786678e-01
1.185098742160664687e+00
9.769057198891966109e-01
1.193106166094182852e+00
1.000927991689750662e+00
1.217128437894736903e+00
9.288611762880886191e-01
1.056979959224376708e+00
1.201113590027700795e+00
1.056979959224376708e+00
8.567943608864265759e-01
9.769057198891966109e-01
1.145061622493074749e+00
9.608908720221606137e-01
1.032957687423822657e+00
9.688982959556786678e-01
9.448760241551246164e-01
1.056979959224376708e+00
9.128463284210526218e-01
9.608908720221606137e-01
9.769057198891966109e-01
1.089009654958448703e+00
1.016942839556786771e+00
1.153069046426592692e+00
1.081002231024930760e+00
9.688982959556786678e-01
1.032957687423822657e+00
1.064987383157894651e+00
9.528834480886426705e-01
8.327720890858725244e-01
9.208537523545705650e-01
1.121039350692520697e+00
1.032957687423822657e+00
9.368686002216066733e-01
1.024950263490304714e+00
1.089009654958448703e+00
1.097017078891966646e+00
1.000927991689750662e+00
1.081002231024930760e+00
1.129046774626038863e+00
9.128463284210526218e-01
8.888240566204985704e-01
8.888240566204985704e-01
1.113031926759002754e+00
9.608908720221606137e-01
1.161076470360110857e+00
1.145061622493074749e+00
1.032957687423822657e+00
1.008935415623268606e+00
9.929205677562327192e-01
8.728092087534625731e-01
1.257165557562326841e+00
9.608908720221606137e-01
1.145061622493074749e+00
8.567943608864265759e-01
9.769057198891966109e-01
9.688982959556786678e-01
1.081002231024930760e+00
1.097017078891966646e+00
1.024950263490304714e+00
9.448760241551246164e-01
1.105024502825484811e+00
9.769057198891966109e-01
9.368686002216066733e-01
1.097017078891966646e+00
9.368686002216066733e-01
1.032957687423822657e+00
1.064987383157894651e+00
9.769057198891966109e-01
9.929205677562327192e-01
1.056979959224376708e+00
8.487869369529085217e-01
9.688982959556786678e-01
1.281187829362880892e+00
1.064987383157894651e+00
1.153069046426592692e+00
1.048972535290858765e+00
8.728092087534625731e-01
1.209121013961218738e+00
8.888240566204985704e-01
1.105024502825484811e+00
9.608908720221606137e-01
1.000927991689750662e+00
8.968314805540166246e-01
