8.405278307960414308e-01
0.000000000000000000e+00
-8.114858944306772015e-01
0.000000000000000000e+00
-7.426493351601761717e-01
0.000000000000000000e+00
-5.118493932936094559e-01
0.000000000000000000e+00
-3.298218101284993153e-01
0.000000000000000000e+00
7.143126036024647352e-01
0.000000000000000000e+00
-1.672467925232225816e-01
0.000000000000000000e+00
4.222438577083180711e-01
0.000000000000000000e+00
9.065764249256484664e-02
0.000000000000000000e+00
3.108291154128772771e-01
0.000000000000000000e+00
