9.487731499999999540e-01
9.492671599999999987e-01
9.549749899999999680e-01
9.776695699999999878e-01
1.003566469999999988e+00
9.962433400000000328e-01
9.842941699999999683e-01
9.764674599999999538e-01
9.713593999999999840e-01
9.680523800000000456e-01
9.656584799999999857e-01
9.637747599999999526e-01
9.621497300000000363e-01
9.611133899999999564e-01
9.598591600000000446e-01
9.586064399999999486e-01
9.579196500000000114e-01
9.570040699999999845e-01
9.561253600000000352e-01
9.553042200000000372e-01
9.545063299999999584e-01
9.538490800000000158e-01
9.532644099999999510e-01
9.525201699999999994e-01
9.517295999999999534e-01
9.510909800000000303e-01
9.503729899999999731e-01
9.497429099999999957e-01
9.488309799999999905e-01
9.484586400000000195e-01
9.476403599999999594e-01
9.470930300000000024e-01
9.463861300000000476e-01
9.455054499999999695e-01
9.446360999999999786e-01
9.438672599999999857e-01
9.430124300000000126e-01
9.423001500000000030e-01
9.415096499999999757e-01
9.405261900000000397e-01
9.397109500000000448e-01
9.388484299999999561e-01
9.380406300000000419e-01
9.369619300000000539e-01
9.358610400000000329e-01
9.348836600000000052e-01
9.335807600000000095e-01
9.325746099999999705e-01
9.313277199999999700e-01
9.302815199999999729e-01
9.288429499999999450e-01
9.275482600000000133e-01
9.260654099999999778e-01
9.246016599999999919e-01
9.228879300000000230e-01
9.214230399999999710e-01
9.194745199999999619e-01
9.174317300000000008e-01
9.156682400000000221e-01
9.133687900000000415e-01
9.109173000000000409e-01
9.089151100000000261e-01
9.059836799999999579e-01
9.031768199999999913e-01
9.001516899999999488e-01
8.967839899999999753e-01
8.930539600000000355e-01
8.891658399999999851e-01
8.847427500000000222e-01
8.801609000000000238e-01
8.745930699999999725e-01
8.685446000000000000e-01
8.619014400000000187e-01
8.543301699999999999e-01
8.451350699999999883e-01
8.350949600000000528e-01
8.230643199999999604e-01
8.089660600000000423e-01
7.920883300000000071e-01
7.718767800000000401e-01
7.474793699999999763e-01
7.191283099999999928e-01
6.896299900000000260e-01
6.753351399999999449e-01
7.385820400000000507e-01
1.017375810000000103e+00
1.391058700000000092e+00
1.478449609999999970e+00
1.408869879999999908e+00
1.327278870000000000e+00
1.262925599999999982e+00
1.214565909999999915e+00
1.178138860000000010e+00
1.149855709999999975e+00
1.127395300000000100e+00
1.109167449999999944e+00
1.094247830000000032e+00
1.081742460000000072e+00
1.070827449999999903e+00
1.061692869999999900e+00
1.053660980000000080e+00
1.046318829999999922e+00
1.040079100000000034e+00
1.034186009999999989e+00
1.028848070000000003e+00
1.024307159999999994e+00
1.019849390000000078e+00
1.015755449999999893e+00
1.011958370000000107e+00
1.008347199999999999e+00
1.004857420000000001e+00
1.001956569999999935e+00
9.986380700000000443e-01
9.958024599999999449e-01
9.931211599999999473e-01
9.903888499999999873e-01
9.876373099999999905e-01
9.853237099999999637e-01
9.827455299999999783e-01
9.801843300000000481e-01
9.779439599999999455e-01
9.754945699999999498e-01
9.730984900000000382e-01
9.706628499999999660e-01
9.683414399999999977e-01
9.658950899999999562e-01
9.634523799999999971e-01
9.609927400000000119e-01
9.585920300000000394e-01
9.558457799999999782e-01
9.531894400000000545e-01
9.507633599999999463e-01
9.477727700000000421e-01
9.448434599999999683e-01
9.418055800000000310e-01
9.385287599999999619e-01
9.353104300000000260e-01
9.318672500000000358e-01
9.281253400000000209e-01
9.244233899999999560e-01
9.201015900000000247e-01
9.158265500000000170e-01
9.109039899999999967e-01
9.058323600000000031e-01
9.002435699999999930e-01
8.945441400000000431e-01
8.879000799999999805e-01
8.809739800000000454e-01
8.731869100000000383e-01
8.648067600000000077e-01
8.561470599999999598e-01
8.468138800000000188e-01
8.369149900000000253e-01
8.278683599999999698e-01
8.208164199999999910e-01
8.187512399999999912e-01
8.264730099999999524e-01
8.533071399999999640e-01
9.101841499999999696e-01
1.003208080000000058e+00
1.117230919999999905e+00
1.215514320000000037e+00
1.271429389999999993e+00
1.287601659999999981e+00
1.279590140000000043e+00
1.261030010000000035e+00
1.239052690000000068e+00
1.217556489999999991e+00
1.197922829999999994e+00
1.180295899999999953e+00
1.164736489999999902e+00
1.151072590000000062e+00
1.139102309999999951e+00
1.128771610000000036e+00
1.119190260000000103e+00
1.110866420000000021e+00
1.103469059999999891e+00
1.096605180000000068e+00
1.090632459999999915e+00
1.084872070000000077e+00
1.079820449999999932e+00
1.075176350000000003e+00
1.070979920000000085e+00
1.067050030000000094e+00
1.063251259999999920e+00
1.059894759999999936e+00
1.056626180000000081e+00
1.053640729999999914e+00
1.050906480000000087e+00
1.048252109999999959e+00
1.045527330000000088e+00
1.043314740000000018e+00
1.041060689999999900e+00
1.038938010000000078e+00
1.036798459999999977e+00
1.034817099999999934e+00
1.032945610000000070e+00
1.031159079999999895e+00
1.029635520000000026e+00
1.027942710000000037e+00
1.026411130000000060e+00
1.024762160000000089e+00
1.023256109999999941e+00
1.021902230000000023e+00
1.020516540000000028e+00
1.019313979999999953e+00
1.017750839999999934e+00
1.016769779999999956e+00
1.015300080000000049e+00
1.014022109999999977e+00
1.012931599999999932e+00
1.011677380000000070e+00
1.010370750000000095e+00
1.009419099999999903e+00
1.008345250000000082e+00
1.007140640000000031e+00
1.006160809999999906e+00
1.004953910000000006e+00
1.003930259999999963e+00
1.002918959999999915e+00
1.002006399999999964e+00
1.000893870000000074e+00
9.998838500000000185e-01
9.987869600000000014e-01
9.979676800000000236e-01
9.970836899999999670e-01
9.959563099999999558e-01
9.949131399999999736e-01
9.939715799999999657e-01
9.931647399999999903e-01
9.919812000000000074e-01
9.907339899999999533e-01
9.898555100000000495e-01
9.891551800000000227e-01
9.882221500000000214e-01
9.871278900000000078e-01
9.859852700000000247e-01
9.849751700000000110e-01
9.839373999999999620e-01
9.828389800000000287e-01
9.818922100000000430e-01
9.807839299999999705e-01
9.797315199999999669e-01
9.786602199999999696e-01
9.777715900000000238e-01
9.764281299999999497e-01
9.751474300000000373e-01
9.740129499999999885e-01
9.729591699999999843e-01
9.716307800000000272e-01
9.703263199999999644e-01
9.691343599999999725e-01
9.676850200000000068e-01
9.663162100000000088e-01
9.649988099999999847e-01
9.636442299999999905e-01
9.622542400000000384e-01
9.607856999999999648e-01
9.588434099999999516e-01
9.575178800000000434e-01
9.557665699999999820e-01
9.540154100000000081e-01
9.521554399999999641e-01
9.503274800000000022e-01
9.484143999999999908e-01
9.463776200000000305e-01
9.441932100000000050e-01
9.419535700000000178e-01
9.398163699999999565e-01
9.372181899999999510e-01
9.345581699999999659e-01
9.319387500000000379e-01
9.291459300000000088e-01
9.259511200000000164e-01
9.228387700000000304e-01
9.196938799999999636e-01
9.160209999999999742e-01
9.121175099999999647e-01
9.079163099999999487e-01
9.036007999999999818e-01
8.989005100000000414e-01
8.938931700000000147e-01
8.884118600000000532e-01
8.827252300000000274e-01
8.763582100000000263e-01
8.693449199999999655e-01
8.619780999999999693e-01
8.538369099999999490e-01
8.449802299999999988e-01
8.356098299999999979e-01
8.255748899999999502e-01
8.151769599999999505e-01
8.038966300000000009e-01
7.931156999999999790e-01
7.832090900000000522e-01
7.765467400000000131e-01
7.757779099999999595e-01
7.864044000000000034e-01
8.160764000000000351e-01
8.732686600000000299e-01
9.633322600000000513e-01
1.075583210000000012e+00
1.186106569999999971e+00
1.269110750000000065e+00
1.315561949999999980e+00
1.330891599999999952e+00
1.327164220000000006e+00
1.313219549999999902e+00
1.295059350000000054e+00
1.276118209999999920e+00
1.257337769999999910e+00
1.239858219999999900e+00
1.223856510000000064e+00
1.209370040000000035e+00
1.196319310000000025e+00
1.184810609999999986e+00
1.174112920000000004e+00
1.164696699999999918e+00
1.155954619999999933e+00
1.148283680000000029e+00
1.141114009999999901e+00
1.134644949999999985e+00
1.128565389999999891e+00
1.123684050000000045e+00
1.119026309999999969e+00
1.114849559999999906e+00
1.111295509999999931e+00
1.108077760000000023e+00
1.104490090000000091e+00
1.101090300000000077e+00
1.097541609999999945e+00
1.094256780000000040e+00
1.090898750000000028e+00
1.087699760000000015e+00
1.084859009999999957e+00
1.082071709999999909e+00
1.079451520000000109e+00
1.076872279999999904e+00
1.074920579999999903e+00
1.072420960000000090e+00
1.070435379999999936e+00
1.068315710000000029e+00
1.066668750000000054e+00
1.064846399999999971e+00
1.063133239999999979e+00
1.061389810000000100e+00
1.059841739999999977e+00
1.058458660000000107e+00
1.056952370000000085e+00
1.055612489999999903e+00
1.054153909999999916e+00
1.052937309999999904e+00
1.051586160000000048e+00
1.050532040000000000e+00
1.049389729999999910e+00
1.048150429999999966e+00
1.046893929999999973e+00
1.045970419999999956e+00
1.044712169999999940e+00
1.043729240000000003e+00
1.042587970000000031e+00
1.041755589999999954e+00
1.040763099999999941e+00
1.039701119999999923e+00
1.038791610000000087e+00
1.037849290000000035e+00
1.037123749999999900e+00
1.036074659999999925e+00
1.035441489999999964e+00
1.034290399999999943e+00
1.033471440000000019e+00
1.032869540000000086e+00
1.031999630000000057e+00
1.031007790000000091e+00
1.030496199999999973e+00
1.029636929999999895e+00
1.029049840000000104e+00
1.028162819999999922e+00
1.027363140000000064e+00
1.026805779999999890e+00
1.025904839999999929e+00
1.025271590000000010e+00
1.024435559999999912e+00
1.023629590000000089e+00
1.023044250000000099e+00
1.022253649999999903e+00
1.021773000000000042e+00
1.020820829999999901e+00
1.020160069999999974e+00
1.019346309999999978e+00
1.018929949999999973e+00
1.017970049999999960e+00
1.017244819999999939e+00
1.016445189999999998e+00
1.015881119999999971e+00
1.015080210000000038e+00
1.014426510000000059e+00
1.013489050000000002e+00
1.012751119999999894e+00
1.012186110000000028e+00
1.011368779999999967e+00
1.010478930000000108e+00
1.009687840000000003e+00
1.009093709999999922e+00
1.008306230000000081e+00
1.007347240000000088e+00
1.006515959999999987e+00
1.005789730000000048e+00
1.004943769999999903e+00
1.004047450000000063e+00
1.003170399999999907e+00
1.002263820000000027e+00
1.001301409999999947e+00
1.000404779999999993e+00
9.995511799999999836e-01
9.984383199999999903e-01
9.975288799999999512e-01
9.965983000000000480e-01
9.956474600000000397e-01
9.945317399999999974e-01
9.933400000000000007e-01
9.922974100000000464e-01
9.915693399999999658e-01
9.904384499999999703e-01
9.895844400000000096e-01
9.887300500000000270e-01
9.878236200000000133e-01
9.870282700000000409e-01
9.866631000000000151e-01
9.863596399999999820e-01
9.860220899999999622e-01
9.861343500000000484e-01
9.866616700000000462e-01
9.876881499999999869e-01
9.895104399999999911e-01
9.922753199999999607e-01
9.955739399999999906e-01
1.000525200000000003e+00
1.006538930000000054e+00
1.014040190000000008e+00
1.022739999999999982e+00
1.032830590000000104e+00
1.043646379999999985e+00
1.054761389999999910e+00
1.065663730000000031e+00
1.075248269999999895e+00
1.083672940000000029e+00
1.090241730000000020e+00
1.095344840000000097e+00
1.098416999999999977e+00
1.100235120000000011e+00
1.100546079999999982e+00
1.100036999999999932e+00
1.098652949999999962e+00
1.096588920000000078e+00
1.094734099999999932e+00
1.092121569999999986e+00
1.089529820000000093e+00
1.087171230000000044e+00
1.084747059999999985e+00
1.082104629999999901e+00
1.079588680000000078e+00
1.077405429999999997e+00
1.075013280000000071e+00
1.072896459999999941e+00
1.070891440000000028e+00
1.069169169999999891e+00
1.067087729999999901e+00
1.065509849999999981e+00
1.063737300000000108e+00
1.062265699999999979e+00
1.060708650000000031e+00
1.059352550000000059e+00
1.057884950000000046e+00
1.056455200000000039e+00
1.055248710000000090e+00
1.054261520000000063e+00
1.052977290000000066e+00
1.051948450000000035e+00
1.050947199999999970e+00
1.050037139999999924e+00
1.048766850000000028e+00
1.047912849999999896e+00
1.047059919999999922e+00
1.046317720000000007e+00
1.045531009999999927e+00
1.044654200000000088e+00
1.044106509999999988e+00
1.043049550000000103e+00
1.042273580000000033e+00
1.041673730000000075e+00
1.041018690000000024e+00
1.040296289999999901e+00
1.039745549999999907e+00
1.038984710000000034e+00
1.038432159999999937e+00
1.037852669999999922e+00
1.037517040000000001e+00
1.036742000000000052e+00
1.036299670000000006e+00
1.035860489999999912e+00
1.035307870000000019e+00
1.034758850000000008e+00
1.034396450000000023e+00
1.033806240000000098e+00
1.033632480000000076e+00
1.033092029999999939e+00
1.032531319999999919e+00
1.031863069999999993e+00
1.031571929999999915e+00
1.031204849999999951e+00
1.030744759999999927e+00
1.030765930000000052e+00
1.030184980000000028e+00
1.029715170000000013e+00
1.029586440000000103e+00
1.029205469999999956e+00
1.028995199999999999e+00
1.028952960000000028e+00
1.028492479999999931e+00
1.028268109999999957e+00
1.027952970000000077e+00
1.028274490000000041e+00
1.027913880000000058e+00
1.027925839999999980e+00
1.027835220000000049e+00
1.028051669999999973e+00
1.028322549999999946e+00
1.028566599999999998e+00
1.028869210000000090e+00
1.029386570000000001e+00
1.029927009999999976e+00
1.030495429999999990e+00
1.031227459999999985e+00
1.031974060000000026e+00
1.032910839999999997e+00
1.033550980000000008e+00
1.034431979999999918e+00
1.035267720000000002e+00
1.035783289999999912e+00
1.036209970000000036e+00
1.036516980000000032e+00
1.036753239999999909e+00
1.036847730000000078e+00
1.036632439999999988e+00
1.036080110000000110e+00
1.035853480000000104e+00
1.035418539999999998e+00
1.035097420000000046e+00
1.034369359999999904e+00
1.033920430000000001e+00
1.033058370000000004e+00
1.032510400000000050e+00
1.032176559999999910e+00
1.031720399999999982e+00
1.031215030000000032e+00
1.030569929999999967e+00
1.029985289999999942e+00
1.029416939999999947e+00
1.029108169999999989e+00
1.028692020000000040e+00
1.028003950000000000e+00
1.027712940000000019e+00
1.027448930000000038e+00
1.027041520000000041e+00
1.026449120000000104e+00
1.026264080000000023e+00
1.025977469999999947e+00
1.025396669999999899e+00
1.025155529999999926e+00
1.024805329999999959e+00
1.024546369999999929e+00
1.024363520000000083e+00
1.024050120000000064e+00
1.023786129999999961e+00
1.023293629999999954e+00
1.023340359999999949e+00
1.022596190000000016e+00
1.022537070000000048e+00
1.022446579999999994e+00
1.022033210000000025e+00
1.021982919999999906e+00
1.021754309999999943e+00
1.021365330000000071e+00
1.021136789999999905e+00
1.020682499999999937e+00
1.020716469999999987e+00
1.020483559999999956e+00
1.020361950000000073e+00
1.020036380000000076e+00
1.019915880000000108e+00
1.019550479999999926e+00
1.019469100000000017e+00
1.019428629999999947e+00
1.019066239999999901e+00
1.018781600000000065e+00
1.018919410000000081e+00
1.018281210000000048e+00
1.018074680000000010e+00
1.018149289999999985e+00
1.017834909999999926e+00
1.017742909999999945e+00
1.017474439999999980e+00
1.017396830000000030e+00
1.017303180000000085e+00
1.016902299999999926e+00
1.016787950000000107e+00
1.016474120000000037e+00
1.016552970000000000e+00
1.016290530000000025e+00
1.016088799999999903e+00
1.015970559999999967e+00
1.015848670000000009e+00
1.015713290000000102e+00
1.015331779999999906e+00
1.015174830000000084e+00
1.015203400000000089e+00
1.015053599999999889e+00
1.014775570000000071e+00
1.014694360000000017e+00
1.014354470000000008e+00
1.014330930000000075e+00
1.014155539999999966e+00
1.014236010000000077e+00
1.013673229999999981e+00
1.013655820000000096e+00
1.013410920000000104e+00
1.013361170000000033e+00
1.013237259999999917e+00
1.012998239999999939e+00
1.012948519999999908e+00
1.012513049999999915e+00
1.012769639999999916e+00
1.012370400000000004e+00
1.012157739999999917e+00
1.011952890000000105e+00
1.011846620000000030e+00
1.011817119999999903e+00
1.011792199999999919e+00
1.011465169999999913e+00
1.011355970000000104e+00
1.010996760000000050e+00
1.011125690000000077e+00
1.011100990000000088e+00
1.010766899999999913e+00
1.010636389999999940e+00
1.010569440000000041e+00
1.010331829999999931e+00
1.010204829999999943e+00
1.010050429999999944e+00
1.010018239999999956e+00
1.010172480000000039e+00
1.009715590000000107e+00
1.009925909999999982e+00
1.009914259999999953e+00
1.009783380000000008e+00
1.009817200000000081e+00
1.009722339999999940e+00
1.009815370000000101e+00
1.009772899999999973e+00
1.009757940000000076e+00
1.010033890000000101e+00
1.010111049999999899e+00
1.010201679999999991e+00
1.010465890000000089e+00
1.010779290000000108e+00
1.011201360000000049e+00
1.011618310000000021e+00
1.012030109999999983e+00
1.012378720000000065e+00
1.013305679999999986e+00
1.013890560000000107e+00
1.014824280000000023e+00
1.015508159999999993e+00
1.016420029999999919e+00
1.017105920000000108e+00
1.018024140000000077e+00
1.019014990000000065e+00
1.019773819999999942e+00
1.020454949999999972e+00
1.021143659999999898e+00
1.021552629999999962e+00
1.021959309999999954e+00
1.022278089999999917e+00
1.022285499999999958e+00
1.022383089999999939e+00
1.022257170000000048e+00
1.022097129999999909e+00
1.021938709999999917e+00
1.021510899999999999e+00
1.021152470000000090e+00
1.020759889999999892e+00
1.020239939999999956e+00
1.019905639999999947e+00
1.019526460000000023e+00
1.019114120000000012e+00
1.018382029999999938e+00
1.018143250000000055e+00
1.017723560000000083e+00
1.017090110000000047e+00
1.016860260000000071e+00
1.016198439999999925e+00
1.015987380000000107e+00
1.015405029999999931e+00
1.015000020000000003e+00
1.014434220000000053e+00
1.014279329999999923e+00
1.013930149999999974e+00
1.013357180000000080e+00
1.013269949999999975e+00
1.012963250000000093e+00
1.012575110000000000e+00
1.012151529999999910e+00
1.011870859999999928e+00
1.011575019999999991e+00
1.011128739999999970e+00
1.010896809999999979e+00
1.010624469999999997e+00
1.010337489999999949e+00
1.009988710000000012e+00
1.009606419999999893e+00
1.009425140000000054e+00
1.009203360000000105e+00
1.008874339999999981e+00
1.008685669999999979e+00
1.008476949999999928e+00
1.008116749999999895e+00
1.007697950000000064e+00
1.007626930000000032e+00
1.007222939999999900e+00
1.007037160000000098e+00
1.006794350000000060e+00
1.006470889999999896e+00
1.006228600000000029e+00
1.006145990000000046e+00
1.005644210000000038e+00
1.005406449999999952e+00
1.005002299999999904e+00
1.004875699999999927e+00
1.004631499999999900e+00
1.004231550000000084e+00
1.004123440000000089e+00
1.003910499999999928e+00
1.003632049999999998e+00
1.003209639999999903e+00
1.003041810000000034e+00
1.002513769999999971e+00
1.002506169999999974e+00
1.002326180000000067e+00
1.001812460000000016e+00
1.001856459999999949e+00
1.001313569999999986e+00
1.001184529999999961e+00
1.000732689999999980e+00
1.000515030000000083e+00
1.000464149999999997e+00
9.999830899999999634e-01
9.995258500000000490e-01
9.993014900000000145e-01
9.989316499999999488e-01
9.986939200000000127e-01
9.983172099999999549e-01
9.980582399999999854e-01
9.976350299999999782e-01
9.973128199999999888e-01
9.968591100000000482e-01
9.965882000000000351e-01
9.963645199999999758e-01
9.958806999999999521e-01
9.956682500000000324e-01
9.953468399999999550e-01
9.947880300000000453e-01
9.943947100000000150e-01
9.942426399999999553e-01
9.935678900000000091e-01
9.934496400000000227e-01
9.928633799999999621e-01
9.926739900000000061e-01
9.920619099999999912e-01
9.917744099999999952e-01
9.913556399999999824e-01
9.910198900000000144e-01
9.905242300000000055e-01
9.900848899999999952e-01
9.895637800000000039e-01
9.892750999999999628e-01
9.889710600000000129e-01
9.883509299999999609e-01
9.881924899999999790e-01
9.877188900000000160e-01
9.872590399999999766e-01
9.868683600000000000e-01
9.868230500000000349e-01
9.864754000000000023e-01
9.863272100000000098e-01
9.858709500000000236e-01
9.857473399999999719e-01
9.855887199999999737e-01
9.855084800000000200e-01
9.856352900000000528e-01
9.858134299999999905e-01
9.860683900000000168e-01
9.869132000000000460e-01
9.872101500000000085e-01
9.879691600000000129e-01
9.888342599999999649e-01
9.901577999999999768e-01
9.918316299999999641e-01
9.936004899999999473e-01
9.958477900000000105e-01
9.985977799999999904e-01
1.001546300000000000e+00
1.004859109999999944e+00
1.008474000000000093e+00
1.012463010000000052e+00
1.017030199999999995e+00
1.021888240000000003e+00
1.026567000000000007e+00
1.031769460000000027e+00
1.036632889999999918e+00
1.041618099999999991e+00
1.046437099999999898e+00
1.050977810000000012e+00
1.055079010000000039e+00
1.058792780000000100e+00
1.061692819999999982e+00
1.064384769999999980e+00
1.066699920000000024e+00
1.068309240000000049e+00
1.069430509999999890e+00
1.070133449999999931e+00
1.070676509999999970e+00
1.070661330000000078e+00
1.070811020000000058e+00
1.070234139999999945e+00
1.069798669999999952e+00
1.069069459999999916e+00
1.068089190000000022e+00
1.067317969999999949e+00
1.066377040000000109e+00
1.065409440000000041e+00
1.064233219999999980e+00
1.063280959999999942e+00
1.062061289999999936e+00
1.061094240000000077e+00
1.060187039999999969e+00
1.059024870000000007e+00
1.057940630000000048e+00
1.057066209999999895e+00
1.056053310000000023e+00
1.054944810000000066e+00
1.054152629999999924e+00
1.053079850000000040e+00
1.052222720000000056e+00
1.051432989999999901e+00
1.050475049999999966e+00
1.049774989999999963e+00
1.048938820000000050e+00
1.048197419999999935e+00
1.047390749999999926e+00
1.046948830000000052e+00
1.046081899999999898e+00
1.045405039999999897e+00
1.044754949999999960e+00
1.043946899999999900e+00
1.043732730000000108e+00
1.042957109999999910e+00
1.042243280000000105e+00
1.041807359999999960e+00
1.041192209999999951e+00
1.040839059999999927e+00
1.040237939999999917e+00
1.039694660000000104e+00
1.039077119999999965e+00
1.038838539999999977e+00
1.038212949999999912e+00
1.037868119999999950e+00
1.037493650000000045e+00
1.037066660000000029e+00
1.036599190000000004e+00
1.036248789999999920e+00
1.035855949999999970e+00
1.035659450000000037e+00
1.035250170000000081e+00
1.034807000000000032e+00
1.034402840000000046e+00
1.034209090000000053e+00
1.033903239999999890e+00
1.033511099999999905e+00
1.033323619999999998e+00
1.032875940000000048e+00
1.032635380000000103e+00
1.032326249999999890e+00
1.031947739999999891e+00
1.031630889999999967e+00
1.031196109999999999e+00
1.031294249999999968e+00
1.031101859999999926e+00
1.030620709999999995e+00
1.030264999999999986e+00
