1.005876760474760712e+00
1.009874391037016927e+00
1.018578820862588108e+00
1.033981659331419056e+00
1.034539134759057344e+00
1.019086798250430359e+00
1.010122826686745023e+00
1.006015383450234779e+00
1.003967751536180897e+00
1.002834445798615803e+00
1.002151460468129196e+00
1.001711915241372708e+00
1.001414322127367695e+00
1.001204706486828355e+00
1.001052391464816393e+00
1.000938961327957788e+00
1.000852846639552762e+00
1.000786496152985761e+00
1.000734819036942724e+00
1.000694286857751081e+00
1.000662395154388928e+00
1.000637329394663766e+00
1.000617751434411451e+00
1.000602659359381974e+00
1.000591293315965080e+00
1.000583070912087980e+00
1.000577542075650195e+00
1.000574356987404601e+00
1.000573242969283960e+00
1.000573987616559357e+00
1.000576426356226012e+00
1.000580433193292373e+00
1.000585913788988535e+00
1.000592800271665528e+00
1.000601047356430628e+00
1.000610629471174740e+00
1.000621538672408439e+00
1.000633783195872928e+00
1.000647386531960947e+00
1.000662386949765725e+00
1.000678837419705314e+00
1.000696805905644027e+00
1.000716376015154507e+00
1.000737648012417269e+00
1.000760740213422872e+00
1.000785790798625063e+00
1.000812960095004422e+00
1.000842433398661635e+00
1.000874424431797749e+00
1.000909179555708128e+00
1.000946982896068649e+00
1.000988162580805696e+00
1.001033098347414718e+00
1.001082230850206978e+00
1.001136073094650580e+00
1.001195224554215724e+00
1.001260388696787906e+00
1.001332394879671517e+00
1.001412225888691720e+00
1.001501052833150718e+00
1.001600279716174269e+00
1.001711600856468154e+00
1.001837075559156798e+00
1.001979226198651762e+00
1.002141168463110299e+00
1.002326786357349064e+00
1.002540970376945006e+00
1.002789946213402672e+00
1.003081735379137029e+00
1.003426811598921775e+00
1.003839053590311003e+00
1.004337156593934965e+00
1.004946771534347416e+00
1.005703830109691888e+00
1.006659862385170801e+00
1.007890777997741294e+00
1.009511903156959933e+00
1.011704813366907540e+00
1.014767504124104880e+00
1.019213239673774085e+00
1.025976653734433919e+00
1.036867480009254106e+00
1.055596739379543569e+00
1.089844982891919889e+00
1.151700259793502212e+00
1.227414259503172955e+00
1.219349987901878540e+00
1.141340025672044511e+00
1.083835994023541582e+00
1.052404589223364439e+00
1.035107850990335976e+00
1.024963851390359393e+00
1.018618497165701298e+00
1.014425120111200007e+00
1.011526001658932916e+00
1.009446326311624897e+00
1.007908487734767489e+00
1.006742322974854886e+00
1.005839209073067453e+00
1.005127346511263120e+00
1.004557825341416910e+00
1.004096445466759358e+00
1.003718740464895953e+00
1.003406853405746757e+00
1.003147519830449363e+00
1.002930732726387220e+00
1.002748839028347883e+00
1.002595915843128127e+00
1.002467332007468848e+00
1.002359434911262559e+00
1.002269323546794988e+00
1.002194681921522390e+00
1.002133655400384349e+00
1.002084758038423562e+00
1.002046802610610410e+00
1.002018847505737886e+00
1.002000156337566450e+00
1.001990167300549572e+00
1.001988470128176267e+00
1.001994789109918571e+00
1.002008971061850495e+00
1.002030977476503049e+00
1.002060880334391779e+00
1.002098861268012620e+00
1.002145213947666536e+00
1.002200349722197847e+00
1.002264806709408207e+00
1.002339262702872880e+00
1.002424552457056528e+00
1.002521690146160660e+00
1.002631898082834372e+00
1.002756643155487071e+00
1.002897682930947054e+00
1.003057124019198110e+00
1.003237496174562038e+00
1.003441846807119342e+00
1.003673862235712422e+00
1.003938024329437129e+00
1.004239814454251256e+00
1.004585981308844245e+00
1.004984895970704395e+00
1.005447027306428875e+00
1.005985585415459571e+00
1.006617402442473663e+00
1.007364152777392219e+00
1.008254064430601504e+00
1.009324349690256195e+00
1.010624700510874829e+00
1.012222373472949188e+00
1.014209657351995419e+00
1.016714894204148401e+00
1.019918676740707575e+00
1.024077099195997986e+00
1.029552907950454843e+00
1.036849422443947510e+00
1.046620214726560194e+00
1.059562181576905182e+00
1.075949692727120155e+00
1.094420649254741917e+00
1.110276166520032470e+00
1.116253236354229461e+00
1.108773952093678128e+00
1.092239251824473900e+00
1.073841858798320725e+00
1.057833618027230749e+00
1.045291580437132328e+00
1.035846022940169142e+00
1.028791180796548854e+00
1.023489343898115189e+00
1.019455214496208573e+00
1.016340446409938592e+00
1.013899317054696603e+00
1.011958439802835619e+00
1.010394433035644246e+00
1.009118431591399911e+00
1.008065560813012018e+00
1.007187802739026417e+00
1.006449133750183522e+00
1.005822177800775430e+00
1.005285875651810157e+00
1.004823841266618834e+00
1.004423188068803041e+00
1.004073680305374916e+00
1.003767112094414049e+00
1.003496847853977192e+00
1.003257478460843455e+00
1.003044561340415974e+00
1.002854422084917818e+00
1.002684001641550804e+00
1.002530737581678988e+00
1.002392471095272741e+00
1.002267373574300624e+00
1.002153888236830381e+00
1.002050683390858676e+00
1.001956614773389376e+00
1.001870695015560253e+00
1.001792068741017117e+00
1.001719992145992055e+00
1.001653816166671707e+00
1.001592972534601333e+00
1.001536962170027634e+00
1.001485345477852063e+00
1.001437734199726037e+00
1.001393784545052457e+00
1.001353191377905238e+00
1.001315683279623947e+00
1.001281018340704376e+00
1.001248980562576607e+00
1.001219376771434577e+00
1.001192033963633321e+00
1.001166797016189491e+00
1.001143526707281017e+00
1.001122098000915894e+00
1.001102398557513151e+00
1.001084327438369170e+00
1.001067793977117537e+00
1.001052716795546083e+00
1.001039022944664625e+00
1.001026647154876326e+00
1.001015531181570273e+00
1.001005623234537900e+00
1.000996877481374669e+00
1.000989253616520358e+00
1.000982716488865831e+00
1.000977235781950636e+00
1.000972785741721438e+00
1.000969344947643114e+00
1.000966896123678618e+00
1.000965425986299229e+00
1.000964925127260541e+00
1.000965387929405814e+00
1.000966812514247684e+00
1.000969200720534413e+00
1.000972558113452537e+00
1.000976894024545372e+00
1.000982221622863655e+00
1.000988558018309993e+00
1.000995924398597747e+00
1.001004346201745276e+00
1.001013853326558456e+00
1.001024480384145487e+00
1.001036266994162816e+00
1.001049258130237263e+00
1.001063504519846381e+00
1.001079063104919342e+00
1.001095997570529139e+00
1.001114378950365591e+00
1.001134286319200539e+00
1.001155807584351631e+00
1.001179040390285380e+00
1.001204093153009289e+00
1.001231086243913326e+00
1.001260153346308357e+00
1.001291443012219506e+00
1.001325120452189354e+00
1.001361369597123741e+00
1.001400395478843519e+00
1.001442426985304834e+00
1.001487720057820718e+00
1.001536561411610959e+00
1.001589272878246506e+00
1.001646216489944896e+00
1.001707800452297015e+00
1.001774486185293744e+00
1.001846796654384697e+00
1.001925326266161154e+00
1.002010752670398075e+00
1.002103850895902371e+00
1.002205510357677465e+00
1.002316755415066929e+00
1.002438770345259522e+00
1.002572929838115190e+00
1.002720836436278518e+00
1.002884366766060076e+00
1.003065728967228898e+00
1.003267534486504964e+00
1.003492888424718066e+00
1.003745504027492741e+00
1.004029848836020200e+00
1.004351332687590803e+00
1.004716551493852528e+00
1.005133605993555168e+00
1.005612522156888344e+00
1.006165810607541733e+00
1.006809217778440013e+00
1.007562743612887335e+00
1.008452032367154194e+00
1.009510288241245002e+00
1.010780930329787219e+00
1.012321284086510564e+00
1.014207702467461170e+00
1.016542582781395865e+00
1.019463672668989407e+00
1.023155485937623066e+00
1.027860630159864952e+00
1.033883056004390122e+00
1.041560680066075939e+00
1.051154019397954942e+00
1.062553738046930096e+00
1.074728885609705031e+00
1.085170341032855035e+00
1.090347298640100604e+00
1.087992080259753802e+00
1.079185454341409889e+00
1.067313407785176693e+00
1.055435353977865587e+00
1.045112446712776144e+00
1.036732491277213120e+00
1.030129862194628210e+00
1.024976417852129673e+00
1.020949362211091449e+00
1.017782450477523692e+00
1.015270700464687925e+00
1.013260775358913124e+00
1.011639237534955660e+00
1.010322475629903405e+00
1.009249026039825914e+00
1.008374049301819397e+00
1.007665523905142857e+00
1.007101750990657019e+00
1.006669800453325658e+00
1.006364408976996749e+00
1.006186283626194999e+00
1.006137242800673848e+00
1.006206860979949269e+00
1.006345026081254312e+00
1.006433696373500331e+00
1.006318481763664563e+00
1.005933219800329903e+00
1.005368411927248351e+00
1.004770883734982467e+00
1.004234056861997182e+00
1.003786510759389738e+00
1.003423097594458246e+00
1.003128576586901577e+00
1.002887714582405554e+00
1.002688132420075151e+00
1.002520457878252058e+00
1.002377755750422761e+00
1.002254904049245443e+00
1.002148089834250966e+00
1.002054438889306009e+00
1.001971753160213918e+00
1.001898326532222328e+00
1.001832815387592168e+00
1.001774146968708923e+00
1.001721453811329487e+00
1.001674026256582195e+00
1.001631277613829862e+00
1.001592718272769300e+00
1.001557936221021849e+00
1.001526582202287852e+00
1.001498358277402856e+00
1.001473008910693796e+00
1.001450313952331417e+00
1.001430083060377507e+00
1.001412151228062708e+00
1.001396375168549069e+00
1.001382630371801863e+00
1.001370808693531789e+00
1.001360816369451845e+00
1.001352572372772531e+00
1.001346007051342246e+00
1.001341060994811905e+00
1.001337684092868718e+00
1.001335834753803500e+00
1.001335479259077843e+00
1.001336591234593953e+00
1.001339151223372914e+00
1.001343146347589252e+00
1.001348570050545339e+00
1.001355421911388266e+00
1.001363707527245905e+00
1.001373438459116194e+00
1.001384632239328942e+00
1.001397312439813447e+00
1.001411508801770323e+00
1.001427257428755935e+00
1.001444601046689309e+00
1.001463589335944704e+00
1.001484279342604644e+00
1.001506735978177964e+00
1.001531032619766393e+00
1.001557251825922146e+00
1.001585486187397844e+00
1.001615839336824854e+00
1.001648427147137088e+00
1.001683379155267506e+00
1.001720840254910927e+00
1.001760972708864772e+00
1.001803958534920103e+00
1.001850002313641408e+00
1.001899334439373179e+00
1.001952214763000226e+00
1.002008936408985029e+00
1.002069829202207885e+00
1.002135261459587756e+00
1.002205637652788361e+00
1.002281387364920118e+00
1.002362938049984331e+00
1.002450661616610006e+00
1.002544787518377944e+00
1.002645293571058582e+00
1.002751832412467792e+00
1.002863811949190387e+00
1.002980736044324583e+00
1.003102719342334526e+00
1.003230831810743240e+00
1.003366980590742585e+00
1.003513448515583661e+00
1.003672467784688216e+00
1.003846049980799071e+00
1.004036033336240807e+00
1.004244218117716247e+00
1.004472502975899184e+00
1.004722993680710053e+00
1.004998086583444916e+00
1.005300537639218783e+00
1.005633526893717100e+00
1.006000725323407119e+00
1.006406368303142784e+00
1.006855338091081409e+00
1.007353256242840445e+00
1.007906585341320493e+00
1.008522737371700728e+00
1.009210182919557663e+00
1.009978550388123342e+00
1.010838696602906595e+00
1.011802718100760279e+00
1.012883854251952265e+00
1.014096206971677683e+00
1.015454165151572719e+00
1.016971374663301786e+00
1.018659041124677866e+00
1.020523307544238811e+00
1.022561447996795714e+00
1.024756730037841734e+00
1.027072130037912645e+00
1.029443759212728571e+00
1.031775913613378393e+00
1.033940852305192282e+00
1.035786966480084503e+00
1.037157696497341464e+00
1.037919526031449546e+00
1.037991688675122148e+00
1.037366497814665056e+00
1.036111370077233751e+00
1.034351603625643934e+00
1.032241616262065786e+00
1.029935851301989835e+00
1.027567756509945029e+00
1.025239585026747946e+00
1.023021239182676068e+00
1.020954563902490619e+00
1.019059789744209743e+00
1.017341971343788565e+00
1.015796382599225778e+00
1.014412581523074897e+00
1.013177247838882078e+00
1.012076041862823184e+00
1.011094747862182119e+00
1.010219925056660362e+00
1.009439235788937239e+00
1.008741571272762538e+00
1.008117056528445854e+00
1.007556987826307981e+00
1.007053736350057793e+00
1.006600638676514725e+00
1.006191886136606151e+00
1.005822419707446569e+00
1.005487833732443326e+00
1.005184289749624371e+00
1.004908440541467884e+00
1.004657363883296961e+00
1.004428505155674722e+00
1.004219627867981357e+00
1.004028771132986497e+00
1.003854213184792732e+00
1.003694440114016206e+00
1.003548119086207446e+00
1.003414075401849237e+00
1.003291272843244597e+00
1.003178796832561837e+00
1.003075839995346996e+00
1.002981689784989250e+00
1.002895717876505222e+00
1.002817371083450704e+00
1.002746163590614525e+00
1.002681670328354091e+00
1.002623521342763890e+00
1.002571397040130208e+00
1.002525024204943271e+00
1.002484172708715260e+00
1.002448652842482968e+00
1.002418313219594070e+00
1.002393039207559289e+00
1.002372751858715105e+00
1.002357407319462990e+00
1.002346996707153215e+00
1.002341546452448107e+00
1.002341119113396184e+00
1.002345814675528635e+00
1.002355772360123076e+00
1.002371172970286439e+00
1.002392241811516316e+00
1.002419252229590274e+00
1.002452529813380622e+00
1.002492457312606833e+00
1.002539480319138310e+00
1.002594113753071392e+00
1.002656949178201806e+00
1.002728662940897575e+00
1.002810025074879041e+00
1.002901908832063649e+00
1.003005300572319847e+00
1.003121309552831741e+00
1.003251176873322770e+00
1.003396282419331209e+00
1.003558148052865029e+00
1.003738434465742957e+00
1.003938927961689265e+00
1.004161511890644620e+00
1.004408115460325490e+00
1.004680630191724378e+00
1.004980781502224252e+00
1.005309940207257391e+00
1.005668857042378628e+00
1.006057304330319147e+00
1.006473615459651416e+00
1.006914128906506889e+00
1.007372573727741472e+00
1.007839480942911203e+00
1.008301767381866387e+00
1.008742700557735628e+00
1.009142482367134663e+00
1.009479638736047846e+00
1.009733231421977351e+00
1.009885624564926587e+00
1.009925234402826222e+00
1.009848528697121717e+00
1.009660664296852861e+00
1.009374555912361471e+00
1.009008676452606279e+00
1.008584248643991765e+00
1.008122549245665800e+00
1.007642844469885279e+00
1.007161163702563256e+00
1.006689852403644725e+00
1.006237698840833472e+00
1.005810397829038028e+00
1.005411153567545401e+00
1.005041287628311242e+00
1.004700778163337471e+00
1.004388700505239651e+00
1.004103566477624110e+00
1.003843573607735573e+00
1.003606780637467777e+00
1.003391226049017426e+00
1.003195004335548202e+00
1.003016311985129638e+00
1.002853472404457547e+00
1.002704946634166872e+00
1.002569334799596978e+00
1.002445371779489225e+00
1.002331919492379209e+00
1.002227957417993309e+00
1.002132572416599920e+00
1.002044948523204360e+00
1.001964357128922289e+00
1.001890147783565332e+00
1.001821739735601069e+00
1.001758614249528501e+00
1.001700307693148995e+00
1.001646405358900260e+00
1.001596535967905321e+00
1.001550366798229286e+00
1.001507599376987301e+00
1.001467965677360183e+00
1.001431224764891548e+00
1.001397159841733941e+00
1.001365575642227723e+00
1.001336296137956161e+00
1.001309162514993689e+00
1.001284031390356155e+00
1.001260773238581425e+00
1.001239271002910547e+00
1.001219418868710020e+00
1.001201121179582598e+00
1.001184291479094712e+00
1.001168851663227111e+00
1.001154731230561756e+00
1.001141866618893594e+00
1.001130200618405075e+00
1.001119681852826959e+00
1.001110264321111609e+00
1.001101906993120627e+00
1.001094573453681802e+00
1.001088231590108180e+00
1.001082853318934873e+00
1.001078414348196999e+00
1.001074893972087043e+00
1.001072274895275172e+00
1.001070543084586983e+00
1.001069687646082063e+00
1.001069700725913281e+00
1.001070577433636588e+00
1.001072315786914801e+00
1.001074916676815363e+00
1.001078383853132747e+00
1.001082723929400231e+00
1.001087946407468676e+00
1.001094063721749361e+00
1.001101091303423285e+00
1.001109047665145635e+00
1.001117954506982377e+00
1.001127836844553975e+00
1.001138723160593269e+00
1.001150645581387444e+00
1.001163640079837602e+00
1.001177746707171412e+00
1.001193009855658511e+00
1.001209478555033838e+00
1.001227206805712200e+00
1.001246253952304155e+00
1.001266685101403375e+00
1.001288571588137444e+00
1.001311991496532272e+00
1.001337030239371151e+00
1.001363781203914893e+00
1.001392346470599604e+00
1.001422837612658601e+00
1.001455376585495216e+00
1.001490096715593747e+00
1.001527143799774366e+00
1.001566677326638954e+00
1.001608871833149284e+00
1.001653918410311483e+00
1.001702026372933707e+00
1.001753425109220608e+00
1.001808366126504257e+00
1.001867125309462425e+00
1.001930005406552526e+00
1.001997338758694012e+00
1.002069490281062292e+00
1.002146860703525100e+00
1.002229890066921092e+00
1.002319061459877148e+00
1.002414904962599662e+00
1.002518001737974007e+00
1.002628988173575264e+00
1.002748559927194583e+00
1.002877475658481066e+00
1.003016560134265323e+00
1.003166706267484720e+00
1.003328875480145488e+00
1.003504095558641840e+00
1.003693454883044067e+00
1.003898091548930172e+00
1.004119175451861246e+00
1.004357880869039210e+00
1.004615346463745285e+00
1.004892618997808240e+00
1.005190576454808804e+00
1.005509825915101629e+00
1.005850571652729952e+00
1.006212449953546972e+00
1.006594329651364639e+00
1.006994082044701644e+00
1.007408331400874157e+00
1.007832208114588068e+00
1.008259140429055511e+00
1.008680735635547832e+00
1.009086813838418806e+00
1.009465660278809684e+00
1.009804548010974967e+00
1.010090545132984907e+00
1.010311559822055560e+00
1.010457503110209876e+00
1.010521386403455013e+00
1.010500146143410882e+00
1.010395021511341307e+00
1.010211400848623153e+00
1.009958171413380734e+00
1.009646713925564265e+00
1.009289742753062713e+00
1.008900191489050080e+00
1.008490293869090948e+00
1.008070937781159415e+00
1.007651301786830489e+00
1.007238735407073760e+00
1.006838820722532057e+00
1.006455549373468372e+00
1.006091558156186894e+00
1.005748380840665535e+00
1.005426688510957511e+00
1.005126502977491620e+00
1.004847376753515320e+00
1.004588538907763340e+00
1.004349009441821705e+00
1.004127686420668741e+00
1.003923410540474404e+00
1.003735011625939810e+00
1.003561341036235621e+00
1.003401293328478827e+00
1.003253819897905963e+00
1.003117936743927352e+00
1.002992728024969971e+00
1.002877346666178004e+00
1.002771012965981257e+00
1.002673011899230637e+00
1.002582689623960910e+00
1.002499449554496103e+00
1.002422748255626939e+00
1.002352091332672668e+00
1.002287029433768240e+00
1.002227154438359857e+00
1.002172095875640823e+00
1.002121517595329525e+00
1.002075114698447011e+00
1.002032610725806627e+00
1.001993755095433647e+00
1.001958320776144440e+00
1.001926102182249423e+00
1.001896913273334189e+00
1.001870585842864259e+00
1.001846967979741931e+00
1.001825922687643589e+00
1.001807326647911722e+00
1.001791069112811128e+00
1.001777050917048273e+00
1.001765183596545095e+00
1.001755388604501196e+00
1.001747596615794045e+00
1.001741746911703590e+00
1.001737786837827660e+00
1.001735671328863653e+00
1.001735362494685644e+00
1.001736829262824591e+00
1.001740047073095274e+00
1.001744997620688915e+00
1.001751668644585092e+00
1.001760053758623314e+00
1.001770152323039786e+00
1.001781969354688995e+00
1.001795515474579679e+00
1.001810806891731298e+00
1.001827865422717956e+00
1.001846718546626214e+00
1.001867399495490529e+00
1.001889947380617985e+00
1.001914407355556591e+00
1.001940830816806516e+00
1.001969275643737944e+00
1.001999806479544119e+00
1.002032495055455330e+00
1.002067420560845967e+00
1.002104670062309744e+00
1.002144338975246018e+00
1.002186531592014651e+00
1.002231361671256371e+00
1.002278953093583169e+00
1.002329440589488474e+00
1.002382970546032759e+00
1.002439701899640045e+00
1.002499807123174547e+00
1.002563473316385734e+00
1.002630903409803098e+00
1.002702317493233242e+00
1.002777954281161676e+00
1.002858072728594507e+00
1.002942953812169247e+00
1.003032902492709821e+00
1.003128249876791056e+00
1.003229355596237271e+00
1.003336610425798137e+00
1.003450439160420871e+00
1.003571303774455137e+00
1.003699706885669674e+00
1.003836195546875532e+00
1.003981365387010882e+00
1.004135865121315696e+00
1.004300401446256652e+00
1.004475744328437115e+00
1.004662732686975479e+00
1.004862280454559942e+00
1.005075382982052234e+00
1.005303123723068293e+00
1.005546681095810246e+00
1.005807335366147859e+00
1.006086475324225793e+00
1.006385604431251135e+00
1.006706345986723150e+00
1.007050446700888724e+00
1.007419777842554431e+00
1.007816332857002228e+00
1.008242219999780698e+00
1.008699648096606616e+00
1.009190903006266682e+00
1.009718311726341966e+00
1.010284190346123046e+00
1.010890771243102337e+00
1.011540104099332149e+00
1.012233924596411372e+00
1.012973484227903676e+00
1.013759334851775717e+00
1.014591062840760616e+00
1.015466970582411754e+00
1.016383708380570239e+00
1.017335868311863845e+00
1.018315563922026268e+00
1.019312035873982003e+00
1.020311342703572599e+00
1.021296214773516287e+00
1.022246163008422970e+00
1.023137934370894842e+00
1.023946384635996187e+00
1.024645789292451203e+00
1.025211535508334437e+00
1.025622043321889443e+00
1.025860676123374615e+00
1.025917349925569821e+00
1.025789564431989209e+00
1.025482664974060265e+00
1.025009285263718928e+00
1.024388076706124417e+00
1.023641954548893063e+00
1.022796151294609990e+00
1.021876355672669545e+00
1.020907147563204775e+00
1.019910845343176886e+00
1.018906791403485279e+00
1.017911033346726724e+00
1.016936319448301873e+00
1.015992314484617465e+00
1.015085948205981081e+00
1.014221824993621013e+00
1.013402642698702838e+00
1.012629586901719003e+00
1.011902681683123140e+00
1.011221088878843100e+00
1.010583355037167896e+00
1.009987609620658811e+00
1.009431720203762595e+00
1.008913411205693444e+00
1.008430352617284864e+00
1.007980224622783583e+00
1.007560763244784718e+00
1.007169791314894036e+00
1.006805238286427651e+00
1.006465151704310834e+00
1.006147702548343847e+00
1.005851186169481437e+00
1.005574020136344560e+00
1.005314739988651507e+00
1.005071993642506101e+00
1.004844534997083372e+00
1.004631217142137656e+00
1.004430985451498781e+00
1.004242870761559381e+00
1.004065982769341447e+00
1.003899503737065713e+00
1.003742682555253785e+00
1.003594829191184701e+00
1.003455309531604556e+00
1.003323540616125387e+00
1.003198986249326685e+00
1.003081152974136137e+00
1.002969586385786149e+00
1.002863867763946759e+00
1.002763611000022648e+00
1.002668459796781653e+00
1.002578085118158047e+00
1.002492182868107706e+00
1.002410471778603984e+00
1.002332691488201588e+00
1.002258600793957788e+00
1.002187976060855190e+00
1.002120609774194815e+00
1.002056309221672104e+00
1.001994895293039534e+00
1.001936201386351977e+00
1.001880072410816114e+00
1.001826363877197146e+00
1.001774941067596680e+00
1.001725678277196607e+00
1.001678458121273652e+00
1.001633170901437442e+00
1.001589714025624911e+00
1.001547991476918087e+00
1.001507913326719956e+00
1.001469395288264730e+00
1.001432358306814319e+00
1.001396728183255647e+00
1.001362435228113634e+00
1.001329413943294222e+00
1.001297602729112279e+00
1.001266943614401050e+00
1.001237382007700516e+00
1.001208866467711456e+00
1.001181348491368750e+00
