8.247746727432540004e-01
3.501440059074734101e-02
8.247746727432542224e-01
-3.501440059074797245e-02
-1.514774590677287446e-02
2.292419852054774013e-02
-1.514774590677292476e-02
-2.292419852054767421e-02
-3.300977985554822691e-01
-1.061723035770664909e-02
-3.300977985554818805e-01
1.061723035770649470e-02
-6.442786106152332826e-01
-8.851649364585630411e-03
-6.442786106152325054e-01
8.851649364585869803e-03
-8.099624367173725581e-01
4.138695319088768823e-03
-8.099624367173720030e-01
-4.138695319088698567e-03
