9.605887731669010554e-01 9.389190813724468399e-16
9.602845207033894326e-01 9.410874857174178487e-16
9.599744816550975779e-01 9.419548474554062523e-16
9.596584685348219512e-01 9.458579752763540682e-16
9.593362852033175958e-01 9.471590178833366735e-16
9.590077263509737548e-01 9.493274222283076824e-16
9.586725769412948184e-01 9.514958265732786913e-16
9.583306116128422758e-01 9.536642309182497002e-16
9.579815940359519555e-01 9.553989543942265072e-16
9.576252762201630242e-01 9.571336778702033143e-16
9.572613977678710029e-01 9.597357630841685250e-16
9.568896850692426570e-01 9.619041674291395339e-16
9.565098504328999329e-01 9.627715291671279374e-16
9.561215911462805916e-01 9.653736143810931480e-16
9.557245884589187224e-01 9.666746569880757534e-16
9.553185064811270388e-01 9.697104230710351658e-16
9.549029909897174262e-01 9.710114656780177711e-16
9.544776681314324218e-01 9.727461891539945782e-16
9.540421430136768466e-01 9.736135508919829817e-16
9.535959981709029032e-01 9.757819552369539906e-16
9.531387918936111703e-01 9.770829978439365959e-16
9.526700564053358633e-01 9.788177213199134030e-16
9.521892958711744015e-01 9.805524447958902101e-16
9.516959842193589703e-01 9.818534874028728154e-16
9.511895627549989962e-01 9.827208491408612190e-16
9.506694375424236121e-01 9.835882108788496225e-16
9.501349765294401228e-01 9.853229343548264296e-16
9.495855063832497889e-01 9.870576578308032367e-16
9.490203090036376521e-01 9.879250195687916403e-16
9.484386176742851671e-01 9.887923813067800438e-16
9.478396128075284865e-01 9.887923813067800438e-16
9.472224172314737123e-01 9.896597430447684474e-16
9.465860909609046248e-01 9.896597430447684474e-16
9.459296253847037095e-01 9.905271047827568509e-16
9.452519367922961324e-01 9.905271047827568509e-16
9.445518591496506744e-01 9.939965517347104651e-16
9.438281360212661397e-01 9.922618282587336580e-16
9.430794115179280679e-01 9.931291899967220616e-16
9.423042201303067911e-01 9.922618282587336580e-16
9.415009752850469482e-01 9.922618282587336580e-16
9.406679564320884479e-01 9.913944665207452545e-16
9.398032944385757981e-01 9.896597430447684474e-16
9.389049550246464371e-01 9.896597430447684474e-16
9.379707199281207552e-01 9.887923813067800438e-16
9.369981654267500737e-01 9.887923813067800438e-16
9.359846377758082037e-01 9.853229343548264296e-16
9.349272250324131006e-01 9.844555726168380261e-16
9.338227246321657571e-01 9.835882108788496225e-16
9.326676059535613517e-01 9.809861256648844119e-16
9.314579669448064259e-01 9.792514021889076048e-16
9.301894836879496253e-01 9.749145934989655871e-16
9.288573515259179736e-01 9.723125082850003764e-16
9.274562160651609322e-01 9.705777848090235693e-16
9.259800919717227075e-01 9.645062526431047445e-16
9.244222669772778067e-01 9.627715291671279374e-16
9.227751878714003375e-01 9.610368056911511303e-16
9.210303244332932460e-01 9.540979117872439019e-16
9.191780061911039024e-01 9.523631883112670948e-16
9.172072255088926651e-01 9.454242944073598665e-16
9.151053986790902428e-01 9.402201239794294452e-16
9.128580742876972742e-01 9.350159535514990239e-16
9.104485749050832410e-01 9.315465065995454097e-16
9.078575538333885087e-01 9.263423361716149884e-16
9.050624427807547612e-01 9.246076126956381813e-16
9.020367583148636292e-01 9.228728892196613742e-16
8.987492238815800727e-01 9.228728892196613742e-16
8.951626487631928475e-01 9.246076126956381813e-16
8.912324837041911696e-01 9.263423361716149884e-16
8.869049422885270095e-01 9.436895709313830594e-16
8.821145334950395434e-01 9.540979117872439019e-16
8.767807884433178600e-01 9.818534874028728154e-16
8.708038752791590342e-01 1.026956297778269800e-15
8.640586706186548227e-01 1.082467449009527627e-15
8.563866850431381961e-01 1.172673069760321596e-15
8.475850273489284881e-01 1.304512053934558935e-15
8.373913932756600342e-01 1.502270530195914944e-15
8.254641166101051031e-01 1.793704074160018536e-15
8.113574670697446534e-01 2.244732177913988380e-15
7.944975015420967512e-01 2.973316037824247360e-15
7.741828771483290073e-01 4.145989107584568956e-15
7.497044769436482792e-01 6.088879400678592901e-15
7.209381021681178225e-01 9.655470867286908287e-15
6.907912351677645280e-01 1.623354228819096079e-14
6.749668822734273821e-01 2.839048440783642491e-14
7.362099869897619220e-01 4.504382977721377301e-14
1.017176717858310209e+00 3.660613479006258331e-14
1.393321302739924050e+00 -3.642919299551294898e-16
1.477536233606574045e+00 2.216976602298359467e-15
1.406419865646667988e+00 9.669348655094722744e-15
1.325136409399878978e+00 1.144570549449497321e-14
1.261236641995058694e+00 1.101202462550077144e-14
1.213425575919338417e+00 1.005836039458252174e-14
1.177288763548253181e+00 9.127247568851970527e-15
1.149343764711982629e+00 8.317999067308790018e-15
1.127208740980704116e+00 7.649263167319730883e-15
1.109284423455003443e+00 7.103692634125025052e-15
1.094483263152348229e+00 6.656133977323008821e-15
1.082049683416001162e+00 6.286637876939948910e-15
1.071446511865633333e+00 5.977857098216077247e-15
1.062283272605600182e+00 5.729791641151393833e-15
1.054270223052568678e+00 5.516420653606246560e-15
1.047188291415297456e+00 5.337744135580635430e-15
1.040868989856884586e+00 5.186823193170653212e-15
1.035180710041628371e+00 5.063657826376299909e-15
1.030019186659176800e+00 4.956104970865737869e-15
1.025300738013588120e+00 4.865899350114943900e-15
1.020957392582256817e+00 4.794775687599894809e-15
1.016933319477790088e+00 4.728856195512776139e-15
1.013182175481654124e+00 4.679416576447437137e-15
1.009665106344604490e+00 4.642120021713935785e-15
1.006349221769616387e+00 4.610027637408364853e-15
1.003206417821329799e+00 4.588343593958654765e-15
1.000212457203904615e+00 4.573598444412851904e-15
9.973462430101991405e-01 4.564924827032967869e-15
9.945892390372964575e-01 4.564924827032967869e-15
9.919250020814790458e-01 4.568394273984921483e-15
9.893388004033667471e-01 4.577067891364805519e-15
9.868172988762724529e-01 4.595282487862561993e-15
9.843482959282390254e-01 4.615231807836295275e-15
9.819205007585126710e-01 4.641252659975947381e-15
9.795233417954596344e-01 4.674212406019506716e-15
9.771467992040225869e-01 4.711508960753008068e-15
9.747812556144966889e-01 4.751407600700474632e-15
9.724173602492419688e-01 4.798245134551848423e-15
9.700459023541088133e-01 4.852021562307129443e-15
9.676576903565314858e-01 4.906665351800398867e-15
9.652434335146046207e-01 4.968248035197575518e-15
9.627936230204194867e-01 5.035034889022682592e-15
9.602984095965976241e-01 5.111362721965662104e-15
9.577474745908611808e-01 5.192027363598583634e-15
9.551298914387985617e-01 5.275294090445470374e-15
9.524339741371591339e-01 5.367234434672241150e-15
9.496471090577082164e-01 5.468715758016884365e-15
9.467555660498678805e-01 5.572799166575492791e-15
9.437442843579858520e-01 5.689025639465938866e-15
9.405966284727773630e-01 5.803517388880408134e-15
9.372941087540485050e-01 5.934922692185651272e-15
9.338160617036701527e-01 6.066327995490894409e-15
9.301392855004976257e-01 6.210743724865963600e-15
9.262376284965676554e-01 6.363833071620916826e-15
9.220815330156647560e-01 6.529065482707707702e-15
9.176375461590869920e-01 6.696899979008463788e-15
9.128678273486058314e-01 6.868203922261173489e-15
9.077297162393694885e-01 7.048181482893767225e-15
9.021754877752879986e-01 7.227725362657366759e-15
8.961525385810350519e-01 7.399896667648064863e-15
8.896044682023589445e-01 7.566430121341838344e-15
8.824739317920888837e-01 7.709111127240930728e-15
8.747089275606806380e-01 7.824036557524394198e-15
8.662756992701060588e-01 7.856562622698959331e-15
8.571843935044380913e-01 7.778933747148997213e-15
8.475394301737537717e-01 7.485765479708916814e-15
8.376379573488450525e-01 6.865601837047208278e-15
8.281615609975379044e-01 5.774894451526790817e-15
8.205445487212209565e-01 3.907898310506752182e-15
8.176516677333576233e-01 8.604228440844963188e-16
8.248806536873158901e-01 -3.823330541052882836e-15
8.513485375530003285e-01 -1.010389688582691292e-14
9.089229263613407550e-01 -1.688319622994427505e-14
1.003569857547023103e+00 -2.088693801249874582e-14
1.118892418458493854e+00 -1.992199807898664687e-14
1.217044236742750973e+00 -1.645905634006794571e-14
1.271898120919535469e+00 -1.446672642790858276e-14
1.286792510762179376e+00 -1.416705294743358934e-14
1.278026454880508922e+00 -1.424338078037656885e-14
1.259017278065978518e+00 -1.407511260320681856e-14
1.237201202473602324e+00 -1.358852266819532417e-14
1.215943148025538267e+00 -1.288595966042471730e-14
1.196510162306047897e+00 -1.208928790408236864e-14
1.179218149378070235e+00 -1.127960572167019393e-14
1.163991596165412590e+00 -1.049594439139767132e-14
1.150616465533148780e+00 -9.754783786286580494e-15
1.138848498630929740e+00 -9.077374268917637323e-15
1.128456333332128914e+00 -8.452873817565986769e-15
1.119236066951837527e+00 -7.893425496563466481e-15
1.111013771864428179e+00 -7.378212624198354774e-15
1.103643305535523700e+00 -6.914174094374558877e-15
1.097002619492517095e+00 -6.488299481022252735e-15
1.090989911675598334e+00 -6.101456145879424753e-15
1.085520136398996360e+00 -5.749307280256132913e-15
1.080522022989450326e+00 -5.425781351986458390e-15
1.075935602762556176e+00 -5.128276275856435973e-15
1.071710187754242316e+00 -4.854623647521094654e-15
1.067802730062182404e+00 -4.602655062635463423e-15
1.064176493282700919e+00 -4.369334755116582869e-15
1.060799976285339730e+00 -4.153795363226464588e-15
1.057646039611019217e+00 -3.951700078275166561e-15
1.054691194147791888e+00 -3.763048900262688790e-15
1.051915019771576754e+00 -3.587841829189031273e-15
1.049299688245682871e+00 -3.423043098971234599e-15
1.046829569984574881e+00 -3.269953752216281373e-15
1.044490908505453008e+00 -3.124670661103223779e-15
1.042271549719502088e+00 -2.988061187370050220e-15
1.040160715833546856e+00 -2.859257969278772293e-15
1.038148815692677251e+00 -2.738044166394892898e-15
1.036227285016301458e+00 -2.623118736111429428e-15
1.034388451259917296e+00 -2.512963795386902177e-15
1.032625418847647580e+00 -2.408663546393796651e-15
1.030931971324636098e+00 -2.310217989132112848e-15
1.029302487619051965e+00 -2.214591357518891357e-15
1.027731870115814239e+00 -2.125686779375079993e-15
1.026215482655519429e+00 -2.038300084272748336e-15
1.024749096903612600e+00 -1.956117559598347100e-15
1.023328845803118003e+00 -1.877621322310396579e-15
1.021951183042180133e+00 -1.803245053277890975e-15
1.020612847645337329e+00 -1.728218262941894068e-15
1.019310832942899259e+00 -1.657961962164833380e-15
1.018042359292238075e+00 -1.591391948774223408e-15
1.016804850023293572e+00 -1.525906137556098940e-15
1.015595910162044646e+00 -1.463672932855430986e-15
1.014413307553309718e+00 -1.402957611196242738e-15
1.013254956060523959e+00 -1.342459129971551590e-15
1.012118900567159807e+00 -1.286080617002305360e-15
1.011003303543827947e+00 -1.231003146640041734e-15
1.009906432978171953e+00 -1.176576197581269412e-15
1.008826651492523485e+00 -1.124534493301965199e-15
1.007762406497782592e+00 -1.074010672064140692e-15
1.006712221251883754e+00 -1.025438414736790094e-15
1.005674686708046828e+00 -9.768661574094394950e-16
1.004648454052318396e+00 -9.278602192130946946e-16
1.003632227842054414e+00 -8.823237279687035084e-16
1.002624759667321008e+00 -8.378714388967978266e-16
1.001624842265969484e+00 -7.942865115628805484e-16
1.000631304030588087e+00 -7.502679033599690683e-16
9.996430038518531180e-01 -7.068998164605488910e-16
9.986588262481267408e-01 -6.646159317336142180e-16
9.976776767356251296e-01 -6.240667704826563522e-16
9.966984773972045186e-01 -5.815660453212245784e-16
9.957201626108700410e-01 -5.429684479807406206e-16
9.947416749015788318e-01 -5.024192867297827547e-16
9.937619608818306638e-01 -4.646890511272872004e-16
9.927799672479779014e-01 -4.254409324833119399e-16
9.917946368001477886e-01 -3.872770160118221838e-16
9.908049044542089900e-01 -3.491130995403324278e-16
9.898096932143164439e-01 -3.122502256758252770e-16
9.888079100742598326e-01 -2.753873518113181262e-16
9.877984418151054546e-01 -2.370065949053312693e-16
9.867801506654587662e-01 -2.007942423443154212e-16
9.857518697890537140e-01 -1.624134854383285642e-16
9.847123985622791009e-01 -1.259842924428156152e-16
9.836604976016332103e-01 -8.847089727481716182e-17
9.825948834979126856e-01 -5.225854471380131372e-17
9.815142232101286002e-01 -1.669671345627676828e-17
9.804171280676274858e-01 2.406928822917819843e-17
9.793021473235835606e-01 6.028164079019404653e-17
9.781677611968279118e-01 9.649399335120989463e-17
9.770123733317428449e-01 1.348747502571967516e-16
9.758343025975445562e-01 1.728218262941894068e-16
9.746317741385074340e-01 2.092510192897023558e-16
9.734029095753533589e-01 2.469812548921979101e-16
9.721457162448673417e-01 2.860125331016760697e-16
9.708580753495346105e-01 3.263448539181368346e-16
9.695377288712445640e-01 3.668940151690947005e-16
9.681822650824833953e-01 4.083105381580409698e-16
9.667891024644247322e-01 4.490765398434959366e-16
9.653554718133622314e-01 4.926614671774132148e-16
9.638783962843113784e-01 5.342948306008565851e-16
9.623546690825292016e-01 5.761450344587970562e-16
9.607808284692135325e-01 6.205973235307027380e-16
9.591531296956111730e-01 6.665674956440881260e-16
9.574675134188941339e-01 7.110197847159938078e-16
9.557195700819175466e-01 7.619772868228125162e-16
9.539044996556108602e-01 8.101158632811689131e-16
9.520170660452851319e-01 8.584712801740224108e-16
9.500515453483561190e-01 9.113803461913150272e-16
9.480016670184923111e-01 9.640725717741105427e-16
9.458605468375720360e-01 1.018065839963888664e-15
9.436206104197730760e-01 1.075962235974614600e-15
9.412735057699289642e-01 1.133641791550843436e-15
9.388100031905307619e-01 1.194573953644528785e-15
9.362198805804797797e-01 1.255072434869219933e-15
9.334917919004803721e-01 1.319907724783853098e-15
9.306131163092458136e-01 1.387561940346948575e-15
9.275697852293888213e-01 1.459552964599986069e-15
9.243460844326368830e-01 1.531543988853023563e-15
9.209244282296227269e-01 1.604185534409552361e-15
9.172851031624047469e-01 1.682898612131999982e-15
9.134059794872024796e-01 1.754239115081546174e-15
9.092621906386045838e-01 1.846179459308316950e-15
9.048257845246518993e-01 1.924242015727273269e-15
9.000653571672777575e-01 2.018784445168009256e-15
8.949456910046420521e-01 2.107472182877323519e-15
8.894274407568059093e-01 2.199195686669597194e-15
8.834669454139264522e-01 2.283329775254472338e-15
8.770163065872881303e-01 2.381124811212664838e-15
8.700239804188253379e-01 2.472631474570441412e-15
8.624363166531641145e-01 2.549392988382415126e-15
8.542008055840443204e-01 2.633093396098296068e-15
8.452723719562417193e-01 2.689255068633045198e-15
8.356250847983355268e-01 2.710288590779263984e-15
8.252734947226681994e-01 2.710288590779263984e-15
8.143111038701791315e-01 2.662150014320907587e-15
8.029792884001745179e-01 2.530094189712173147e-15
7.917898874719414559e-01 2.272704593964114395e-15
7.817399857420274101e-01 1.835771118452456108e-15
7.746752789472773904e-01 1.259626083993659051e-15
7.738565479329416741e-01 4.334640285597046727e-16
7.846758862618474772e-01 -5.041540102057595618e-16
8.150244755149644860e-01 -1.386044057305468868e-15
8.737402199209149956e-01 -1.823844894555115559e-15
9.646793090899224987e-01 -1.373684152539134118e-15
1.077603034011371363e+00 -5.351621923388449886e-16
1.187170912759639041e+00 -4.176346768414163080e-16
1.268640885111498751e+00 -1.716942560348044822e-15
1.313725681374988463e+00 -3.681408476674530306e-15
1.328975782380332760e+00 -5.479774620176236510e-15
1.325388914807539287e+00 -6.778974083465616474e-15
1.311953190053158469e+00 -7.494981198175043602e-15
1.294338007322591633e+00 -7.725482580045461845e-15
1.275661526322940720e+00 -7.706509042026965517e-15
1.257478525846737361e+00 -7.520243108793955855e-15
1.240480451219082347e+00 -7.252011491321042058e-15
1.224909992194359587e+00 -6.955265356711759495e-15
1.210788276960717447e+00 -6.641280407559957411e-15
1.198034527820223127e+00 -6.338354320567507472e-15
1.186527390599111831e+00 -6.034777712271566230e-15
1.176135443783363543e+00 -5.753969349597820582e-15
1.166731655207071894e+00 -5.494086088853045169e-15
1.158199585184695568e+00 -5.248297456350581314e-15
1.150435427253801546e+00 -5.028421255770521014e-15
1.143348023897487575e+00 -4.819170236480818659e-15
1.136857966677293108e+00 -4.627049611516387273e-15
1.130896348808304364e+00 -4.445120486973319629e-15
1.125403452984159891e+00 -4.279671235452031652e-15
1.120327507504137232e+00 -4.127123989783321178e-15
1.115623565937449602e+00 -3.983792462580737492e-15
1.111252526026342169e+00 -3.848809292106292190e-15
1.107180284332327513e+00 -3.724451302922204832e-15
1.103377014646771848e+00 -3.610067973724984114e-15
1.099816555244234939e+00 -3.500346713869451065e-15
1.096475889875381471e+00 -3.397781188352322346e-15
1.093334708493019169e+00 -3.302154556739100855e-15
1.090375035301127893e+00 -3.212165776422803987e-15
1.087580913415839623e+00 -3.126622225013697687e-15
1.084938137038779171e+00 -3.048125987725747166e-15
1.082434023486320118e+00 -2.972882356955253158e-15
1.080057218669488339e+00 -2.901541854005706966e-15
1.077797530683019867e+00 -2.832478175618380334e-15
1.075645787055595992e+00 -2.768835508093481224e-15
1.073593711958196195e+00 -2.708553867303287177e-15
1.071633820285740502e+00 -2.649139588251081534e-15
1.069759326039031455e+00 -2.595037899844054863e-15
1.067964062857342578e+00 -2.541911993392265146e-15
1.066242414902093483e+00 -2.492580794544174694e-15
1.064589256581835564e+00 -2.444008537216824095e-15
1.062999899848874552e+00 -2.398472045972432909e-15
1.061470047997163935e+00 -2.354670278204018530e-15
1.059995755056839295e+00 -2.312711654128829508e-15
1.058573390018870963e+00 -2.272379333312368743e-15
1.057199605238665630e+00 -2.233673315754636235e-15
1.055871308464017666e+00 -2.196593601455631983e-15
1.054585638013835647e+00 -2.161248610632604539e-15
1.053339940702244126e+00 -2.126770981547565498e-15
1.052131752160126776e+00 -2.093811235504006163e-15
1.050958779254776321e+00 -2.060959909677695379e-15
1.049818884349471793e+00 -2.030927509499846906e-15
1.048710071179780767e+00 -2.002304572146229589e-15
1.047630472153141090e+00 -1.972489012402878217e-15
1.046578336903689177e+00 -1.945383958090740606e-15
1.045552021956018596e+00 -1.918170483561354445e-15
1.044549981370170189e+00 -1.892691732507945090e-15
1.043570758256160635e+00 -1.867971922975275589e-15
1.042612977060103363e+00 -1.844119475180594492e-15
1.041675336535867080e+00 -1.819291245430676440e-15
1.040756603326463026e+00 -1.796522999808480847e-15
1.039855606088238460e+00 -1.774188435055279456e-15
1.038971230098661769e+00 -1.753046492691812119e-15
1.038102412295170085e+00 -1.731687709893847682e-15
1.037248136698380563e+00 -1.710762607964877446e-15
1.036407430178044597e+00 -1.691897490163629669e-15
1.035579358524556959e+00 -1.671189228669156535e-15
1.034763022792710263e+00 -1.651782009781666005e-15
1.033957555887787150e+00 -1.632157950459678375e-15
1.033162119367064813e+00 -1.614051774179170451e-15
1.032375900432431770e+00 -1.595837177681413976e-15
1.031598109092139781e+00 -1.578056262052651704e-15
1.030827975471761304e+00 -1.560600607075635082e-15
1.030064747256257851e+00 -1.543470212750364112e-15
1.029307687246697744e+00 -1.524605094949116335e-15
1.028556071016648366e+00 -1.508016801710088117e-15
1.027809184654623120e+00 -1.491753769122805551e-15
1.027066322580222346e+00 -1.474406534363037480e-15
1.026326785422815302e+00 -1.458902443296494766e-15
1.025589877952767681e+00 -1.441555208536726695e-15
1.024854907056401254e+00 -1.424099553559710074e-15
1.024121179747085941e+00 -1.406535478365444902e-15
1.023388001206171571e+00 -1.391139807516150739e-15
1.022654672848920976e+00 -1.371949429063157311e-15
1.021920490412258964e+00 -1.355903236910371845e-15
1.021184742063106166e+00 -1.337797060629863921e-15
1.020446706528382430e+00 -1.318823522611367594e-15
1.019705651250599976e+00 -1.299416303723877064e-15
1.018960830576442378e+00 -1.280984866791623489e-15
1.018211483990044020e+00 -1.260818706383393106e-15
1.017456834408068111e+00 -1.240327285323417073e-15
1.016696086560453738e+00 -1.219076922742701186e-15
1.015928425489208919e+00 -1.196959198423996895e-15
1.015153015208388299e+00 -1.172564649543073045e-15
1.014368997581997389e+00 -1.150121664572623104e-15
1.013575491493829306e+00 -1.125618695474450703e-15
1.012771592405163013e+00 -1.095261034644856579e-15
1.011956372424157147e+00 -1.069457022939701574e-15
1.011128881046351236e+00 -1.037473058851379193e-15
1.010288146771112894e+00 -1.007115398021785069e-15
1.009433179857002649e+00 -9.690599017675438631e-16
1.008562976553534662e+00 -9.310044055133026575e-16
1.007676525242507060e+00 -8.916478666520788465e-16
1.006772815045209324e+00 -8.458945349731905594e-16
1.005850847610590071e+00 -7.971054372113428599e-16
1.004909653004572245e+00 -7.448468924975415462e-16
1.003948310886198625e+00 -6.891189008317866183e-16
1.002965978500532485e+00 -6.255846535241360584e-16
1.001961927465351510e+00 -5.527262675331101605e-16
1.000935591910155242e+00 -4.796510411075871616e-16
9.998866312829824965e-01 -3.934569683949895591e-16
9.988150121264368630e-01 -3.030345072096984893e-16
9.977211144079627392e-01 -1.956984921336335503e-16
9.966058696586111987e-01 -7.838781707070197058e-17
9.954709403392166811e-01 5.019856058607885529e-17
9.943189526472068218e-01 1.968911145233676052e-16
9.931537985576865957e-01 3.658098129966091960e-16
9.919810274279219353e-01 5.503410227536420507e-16
9.908083531393633292e-01 7.585078398708589020e-16
9.896463095866062654e-01 1.001369126507611895e-15
9.885090952357953320e-01 1.275347015494698866e-15
9.874156559338188588e-01 1.577622581183657502e-15
9.863910627910085216e-01 1.934975617234879763e-15
9.854682458723559302e-01 2.337323043444250459e-15
9.846901389613419431e-01 2.805156280871745622e-15
9.841122655373116812e-01 3.338909010386359455e-15
9.838057337738409514e-01 3.955928466747860028e-15
9.838604807746158532e-01 4.649601016704085765e-15
9.843883726131211764e-01 5.474245189096560438e-15
9.855253763877729334e-01 6.389853923760568932e-15
9.874314306466419611e-01 7.415834439583601778e-15
9.902858659881191850e-01 8.580375993050282091e-15
9.942754441219718853e-01 9.856048269196726608e-15
9.995717862232926798e-01 1.122225142674571075e-14
1.006296093816007930e+00 1.265730142224752441e-14
1.014472851532508102e+00 1.410644604599164964e-14
1.023981235567915427e+00 1.549303220438336126e-14
1.034521414973858189e+00 1.671980696255070953e-14
1.045617208473361259e+00 1.771792348254086491e-14
1.056669329492720966e+00 1.841690862314226962e-14
1.067052875361358399e+00 1.874813238683659122e-14
1.076228958471386221e+00 1.871896734839673115e-14
1.083830774174761036e+00 1.838459939840220159e-14
1.089697448822951165e+00 1.777202517094789158e-14
1.093854929936880493e+00 1.697177554743634076e-14
1.096463682147863938e+00 1.604705951452345403e-14
1.097758043599199818e+00 1.506011027690989934e-14
1.097994983368397071e+00 1.405516328323308528e-14
1.097419455888055451e+00 1.308176657277559940e-14
1.096245754629829428e+00 1.214631693835510617e-14
1.094650738250338318e+00 1.127700363645622872e-14
1.092774351352258089e+00 1.045918993775041272e-14
1.090723826821074605e+00 9.709355715259437858e-15
1.088579210294268851e+00 9.030645155283512082e-15
1.086398883557015749e+00 8.408855209363075289e-15
1.084224464041320557e+00 7.841058531632416617e-15
1.082084870548379651e+00 7.324978297529316507e-15
1.079999559955099109e+00 6.857361900536318444e-15
1.077981034148629558e+00 6.432354648922000706e-15
1.076036745297732633e+00 6.043668170085947366e-15
1.074170524382614955e+00 5.691410884245406976e-15
1.072383641515032071e+00 5.369944940103454911e-15
1.070675586702736881e+00 5.075584050273640457e-15
1.069044640845237204e+00 4.803340884762530294e-15
1.067488290615632884e+00 4.555925949001338182e-15
1.066003527844658016e+00 4.327918232127636600e-15
1.064587063835251701e+00 4.117799851099945840e-15
1.063235481244937386e+00 3.924269763311283299e-15
1.061945340298229956e+00 3.745810085720169269e-15
1.060713251701805415e+00 3.580794515067875494e-15
1.059535925375393539e+00 3.425645184185199810e-15
1.058410201699885089e+00 3.282205236765367573e-15
1.057333070204402592e+00 3.148956789766899078e-15
1.056301679302354524e+00 3.025140901669054472e-15
1.055313339720306054e+00 2.909781790516596800e-15
1.054365523552045936e+00 2.801253153050797806e-15
1.053455860346341755e+00 2.699880249923403142e-15
1.052582131251143194e+00 2.604795719396424403e-15
1.051742261953017676e+00 2.514915359297376085e-15
1.050934314941634806e+00 2.432515994188477748e-15
1.050156481475500669e+00 2.352610294076296071e-15
1.049407073512358402e+00 2.278667705912784669e-15
1.048684515785084148e+00 2.208519825352972532e-15
1.047987338143619329e+00 2.142383492831356762e-15
1.047314168239683374e+00 2.079716607261694605e-15
1.046663724599404155e+00 2.020952849512980265e-15
1.046034810106399204e+00 1.963923815240242732e-15
1.045426305901876685e+00 1.911448430091944317e-15
1.044837165697247938e+00 1.861141449288616911e-15
1.044266410487252106e+00 1.813436553699254716e-15
1.043713123646727192e+00 1.767357961368620778e-15
1.043176446391185674e+00 1.725074076641686105e-15
1.042655573579761574e+00 1.683440713218242735e-15
1.042149749838463091e+00 1.644626275443261676e-15
1.041658265981726395e+00 1.606679199406269021e-15
1.041180455710789765e+00 1.571442628800490127e-15
1.040715692568239037e+00 1.537073419932699636e-15
1.040263387129106265e+00 1.505197876061625806e-15
1.039822984410033957e+00 1.474189693928540379e-15
1.039393961479212702e+00 1.444590974619686108e-15
1.038975825250990637e+00 1.416076457483317341e-15
1.038568110450227788e+00 1.389296663822925382e-15
1.038170377732602345e+00 1.363275811683273275e-15
1.037782211948156785e+00 1.338230741498858123e-15
1.037403220536389226e+00 1.314595134138674126e-15
1.037033032042146141e+00 1.292152149168224184e-15
1.036671294742470328e+00 1.269600743980525692e-15
1.036317675375366676e+00 1.248567221834306906e-15
1.035971857962223908e+00 1.228726322077822175e-15
1.035633542716316136e+00 1.209644363842077297e-15
1.035302445030459983e+00 1.190453985389083869e-15
1.034978294537485466e+00 1.172564649543073045e-15
1.034660834237725036e+00 1.155651095652299176e-15
1.034349819688208383e+00 1.139171222630519509e-15
1.034045018248711312e+00 1.123450291129479695e-15
1.033746208380210252e+00 1.107946200062936981e-15
1.033453178991672328e+00 1.093309470734382671e-15
1.033165728831453078e+00 1.079214842492071114e-15
1.032883665919886340e+00 1.065337054684256657e-15
1.032606807019932571e+00 1.052651889266176255e-15
1.032334977143015475e+00 1.039424622761853101e-15
1.032068009087412364e+00 1.027823659516258203e-15
1.031805743006776410e+00 1.015789015401669104e-15
1.031548026006571028e+00 1.004459102699195583e-15
1.031294711766374661e+00 9.934544506484677129e-16
1.031045660186176605e+00 9.831545300098554208e-16
1.030800737054938576e+00 9.728546093712431286e-16
1.030559813739828190e+00 9.632594201447464144e-16
1.030322766894664843e+00 9.535016005923768745e-16
1.030089478186223095e+00 9.445569326693714629e-16
1.029859834037150312e+00 9.357206849636146018e-16
1.029633725384351495e+00 9.274807484527247681e-16
1.029411047451775696e+00 9.191323917245863839e-16
1.029191699536631033e+00 9.110550855395693759e-16
1.028975584808114352e+00 9.038451410925407714e-16
1.028762610117825105e+00 8.963099359937665156e-16
1.028552685821081614e+00 8.888831511122408102e-16
1.028345725608426298e+00 8.824321481859520588e-16
1.028141646346650617e+00 8.758185149337904818e-16
1.027940367928725118e+00 8.692590917902531800e-16
1.027741813132061699e+00 8.634586101674557312e-16
1.027545907484574306e+00 8.574412881101611816e-16
1.027352579138048672e+00 8.523455378994793108e-16
1.027161758748358800e+00 8.468703169284275134e-16
1.026973379362104755e+00 8.412866757401271656e-16
1.026787376309276523e+00 8.361367154208210195e-16
1.026603687101570905e+00 8.309867551015148734e-16
1.026422251336022828e+00 8.267583666288214062e-16
1.026243010603623773e+00 8.221505073957580123e-16
1.026065908402634008e+00 8.174884380540703432e-16
1.025890890056306626e+00 8.136395203417468025e-16
1.025717902634764922e+00 8.098448127380475370e-16
1.025546894880785986e+00 8.053453737222326936e-16
1.025377817139270231e+00 8.021469773134004555e-16
1.025210621290176816e+00 7.985149000355740156e-16
1.025045260684731785e+00 7.946117722146261997e-16
1.024881690084719965e+00 7.912507454799211359e-16
1.024719865604688529e+00 7.883233996142102740e-16
1.024559744656896587e+00 7.852876335312508616e-16
1.024401285898860703e+00 7.824144977741642748e-16
1.024244449183351113e+00 7.799208327774476146e-16
1.024089195510704764e+00 7.773187475634824040e-16
1.023935486983328813e+00 7.743914016977715420e-16
1.023783286762276479e+00 7.718435265924306066e-16
1.023632559025782429e+00 7.700545930078295243e-16
1.023483268929656020e+00 7.680488189887313411e-16
1.023335382569429131e+00 7.657177843178875065e-16
1.023188866944171993e+00 7.637662204074135985e-16
1.023043689921883770e+00 7.618688666055639658e-16
1.022899820206380594e+00 7.602425633468357091e-16
1.022757227305601591e+00 7.585620499794831773e-16
1.022615881501258484e+00 7.566104860690092693e-16
1.022475753819763522e+00 7.554720737878994896e-16
1.022336816004368876e+00 7.544420817240382604e-16
1.022199040488456001e+00 7.526531481394371781e-16
1.022062400369916801e+00 7.512436853152060223e-16
1.021926869386575287e+00 7.504305336858418940e-16
1.021792421892593561e+00 7.491837011874835639e-16
1.021659032835816161e+00 7.488042304271136373e-16
1.021526677736006805e+00 7.477742383632524081e-16
1.021395332663931343e+00 7.469610867338882798e-16
1.021264974221249400e+00 7.458226744527785002e-16
1.021135579521172287e+00 7.454974138010328488e-16
1.021007126169850343e+00 7.448468924975415462e-16
1.020879592248458145e+00 7.448468924975415462e-16
1.020752956295939651e+00 7.446300520630444453e-16
1.020627197292383492e+00 7.439253206509288674e-16
1.020502294642999130e+00 7.436000599991832161e-16
1.020378228162665879e+00 7.436000599991832161e-16
1.020254978061023721e+00 7.437084802164317665e-16
1.020132524928085704e+00 7.433290094560618400e-16
1.020010849720343504e+00 7.431663791301890143e-16
1.019889933747343713e+00 7.436542701078074913e-16
1.019769758658714442e+00 7.436000599991832161e-16
1.019650306431618247e+00 7.438169004336803170e-16
1.019531559358614059e+00 7.439795307595531426e-16
1.019413500035906361e+00 7.440879509768016931e-16
1.019296111351964740e+00 7.446300520630444453e-16
1.019179376476498255e+00 7.457142542355299497e-16
1.019063278849762444e+00 7.462021452131484267e-16
1.018947802172189387e+00 7.464189856476455276e-16
1.018832930394320879e+00 7.469610867338882798e-16
1.018718647707032465e+00 7.476116080373795825e-16
1.018604938532034820e+00 7.488042304271136373e-16
1.018491787512636471e+00 7.495631719478534905e-16
1.018379179504757426e+00 7.502136932513447931e-16
1.018267099568181733e+00 7.515689459669516737e-16
1.018155532958034515e+00 7.521652571618187011e-16
1.018044465116474839e+00 7.533578795515527560e-16
1.017933881664592866e+00 7.550383929189052878e-16
1.017823768394499062e+00 7.556347041137723153e-16
1.017714111261598608e+00 7.573694275897491224e-16
1.017604896377037438e+00 7.583452095449860764e-16
1.017496110000315479e+00 7.598088824778415074e-16
1.017387738532051999e+00 7.610557149761998375e-16
1.017279768506899051e+00 7.628446485608009198e-16
1.017172186586594140e+00 7.639830608419106994e-16
1.017064979553139903e+00 7.657719944265117817e-16
1.016958134302108574e+00 7.675609280111128641e-16
1.016851637836059252e+00 7.690246009439682950e-16
1.016745477258061747e+00 7.707051143113208269e-16
1.016639639765321235e+00 7.726566782217947349e-16
1.016534112642893728e+00 7.746624522408929181e-16
1.016428883257488369e+00 7.759092847392512482e-16
1.016323939051347214e+00 7.780776890842222571e-16
1.016219267536198956e+00 7.798124125601990642e-16
1.016114856287275714e+00 7.825771281000371005e-16
1.016010692937391768e+00 7.842034313587653571e-16
1.015906765171074477e+00 7.864260458123606412e-16
1.015803060718740491e+00 7.886486602659559253e-16
1.015699567350916377e+00 7.910339050454240351e-16
1.015596272872490324e+00 7.936359902593892457e-16
1.015493165116996277e+00 7.952622935181175023e-16
1.015390231940919374e+00 7.980812191665798139e-16
1.015287461218019827e+00 8.006833043805450245e-16
1.015184840833667668e+00 8.033395997031345104e-16
1.015082358679184837e+00 8.053995838308569688e-16
1.014980002646186374e+00 8.081642993706950051e-16
1.014877760620917613e+00 8.109832250191573166e-16
1.014775620478579388e+00 8.132058394727526007e-16
1.014673570077636811e+00 8.168379167505790406e-16
1.014571597254106505e+00 8.187352705524286733e-16
1.014469689815815423e+00 8.225841882647522141e-16
1.014367835536624574e+00 8.251320633700931495e-16
1.014266022150615898e+00 8.280594092358040115e-16
1.014164237346231179e+00 8.310951753187634239e-16
1.014062468760360991e+00 8.344019919448442124e-16
1.013960703972376809e+00 8.378714388967978266e-16
1.013858930498097388e+00 8.405819443280115877e-16
1.013757135783688756e+00 8.445934923662079541e-16
1.013655307199486266e+00 8.474666281232945408e-16
1.013553432033735158e+00 8.503939739890054028e-16
1.013451497486242525e+00 8.541344714840803931e-16
1.013349490661934693e+00 8.577665487619068330e-16
1.013247398564311119e+00 8.615070462569818233e-16
1.013145208088790605e+00 8.647596527744383366e-16
1.013042906015941380e+00 8.688796210298832534e-16
1.012940479004587724e+00 8.726743286335825189e-16
1.012837913584785809e+00 8.764690362372817845e-16
1.012735196150661432e+00 8.801553236237324995e-16
1.012632312953102076e+00 8.841126615533045907e-16
1.012529250092294220e+00 8.885036803518708837e-16
1.012425993510097877e+00 8.921899677383215987e-16
1.012322528982251502e+00 8.968520370800092678e-16
1.012218842110395700e+00 9.005925345750842581e-16
1.012114918313908429e+00 9.053088140253962024e-16
1.012010742821542797e+00 9.093745721722168440e-16
1.011906300662855474e+00 9.143076920570258892e-16
1.011801576659418389e+00 9.188613411814650078e-16
1.011696555415802834e+00 9.231981498714070256e-16
1.011591221310322197e+00 9.273181181268519424e-16
1.011485558485527347e+00 9.325222885547823637e-16
1.011379550838440222e+00 9.369675174619729319e-16
1.011273182010512972e+00 9.419006373467819770e-16
1.011166435377304218e+00 9.474300684264580497e-16
1.011059294037854661e+00 9.524716085285156453e-16
1.010951740803754273e+00 9.566999970012091126e-16
1.010843758187882857e+00 9.630425797102493135e-16
1.010735328392813992e+00 9.678130692691855330e-16
1.010626433298863924e+00 9.730172396971159543e-16
1.010517054451774310e+00 9.775708888215550729e-16
1.010407173050008822e+00 9.834255805529767969e-16
1.010296769931652516e+00 9.892802722843985208e-16
1.010185825560892869e+00 9.948097033640745934e-16
1.010074320014067606e+00 1.000881235529993418e-15
1.009962232965259998e+00 1.006302246392420940e-15
1.009849543671424987e+00 1.012427988666964040e-15
1.009736230957025693e+00 1.018878991593252792e-15
1.009622273198158782e+00 1.024028951912558938e-15
1.009507648306153804e+00 1.030967845816466166e-15
1.009392333710616763e+00 1.037256218416882092e-15
1.009276306341906571e+00 1.043815641560419394e-15
1.009159542613010885e+00 1.050375064703956696e-15
1.009042018400808205e+00 1.056609227195748346e-15
1.008923709026684712e+00 1.064036012077274052e-15
1.008804589236485638e+00 1.070378594786314252e-15
1.008684633179774970e+00 1.076775387603978729e-15
1.008563814388376834e+00 1.084039542159631608e-15
1.008442105754173479e+00 1.091520537149781589e-15
1.008319479506131433e+00 1.098459431053688817e-15
1.008195907186528961e+00 1.105344114848971770e-15
1.008071359626358410e+00 1.113638261468485879e-15
1.007945806919872345e+00 1.121065046350011585e-15
1.007819218398245287e+00 1.128708671666034391e-15
1.007691562602325064e+00 1.137382289045918426e-15
1.007562807254440918e+00 1.145080124470565508e-15
1.007432919229242385e+00 1.152669539677964039e-15
1.007301864523538315e+00 1.161072106514726698e-15
1.007169608225110036e+00 1.168553101504876679e-15
1.007036114480469591e+00 1.177335139102009265e-15
1.006901346461536617e+00 1.186550857568136053e-15
1.006765266331211217e+00 1.195278685056644363e-15
1.006627835207815957e+00 1.204548613631395426e-15
1.006489013128390120e+00 1.214089592749267865e-15
1.006348759010814442e+00 1.222980050563649002e-15
1.006207030614753917e+00 1.231653667943533037e-15
1.006063784501406655e+00 1.241140436952781201e-15
1.005918975992054598e+00 1.250898256505150741e-15
1.005772559125414523e+00 1.261360807469635859e-15
1.005624486613797997e+00 1.271064416913381123e-15
1.005474709798095834e+00 1.281581177986490516e-15
1.005323178601611245e+00 1.291881098625102808e-15
1.005169841482780768e+00 1.303156801218952054e-15
1.005014645386831607e+00 1.313348301640315796e-15
1.004857535696441762e+00 1.324136113256546565e-15
1.004698456181489785e+00 1.334761294546904509e-15
1.004537348947996511e+00 1.347446459964984911e-15
1.004374154386392437e+00 1.358234271581215680e-15
1.004208811119269074e+00 1.369726814609562027e-15
1.004041255948807887e+00 1.381381987963781199e-15
1.003871423804118201e+00 1.393958733164613051e-15
1.003699247688758955e+00 1.406372848039572077e-15
1.003524658628776933e+00 1.419437484218022405e-15
1.003347585621644278e+00 1.433152641699964036e-15
1.003167955586557802e+00 1.446000437443917264e-15
1.002985693316632121e+00 1.458197711884379189e-15
1.002800721433623421e+00 1.471858659257696544e-15
1.002612960345915516e+00 1.484760665110274047e-15
1.002422328210629487e+00 1.499126343895706981e-15
1.002228740900865667e+00 1.513058341812145713e-15
1.002032111979239026e+00 1.529375584508052555e-15
1.001832352679076443e+00 1.543958103727982589e-15
1.001629371894849685e+00 1.559462194794525303e-15
1.001423076183689087e+00 1.574207344340328163e-15
1.001213369780105555e+00 1.589548805080998051e-15
1.001000154626405347e+00 1.606028678102777718e-15
1.000783330421669115e+00 1.620665407431332028e-15
1.000562794692638091e+00 1.639584735341204080e-15
1.000338442890383206e+00 1.655956188145735197e-15
1.000110168517255316e+00 1.672219220733017764e-15
9.998778632893445817e-01 1.690542237448022789e-15
9.996414173405163694e-01 1.707672631773293759e-15
9.994007194750776923e-01 1.726700379900414362e-15
9.991556574772690880e-01 1.744806556180922286e-15
9.989061184871179666e-01 1.763021152678678760e-15
9.986519894537437825e-01 1.783837834390400445e-15
9.983931576790326945e-01 1.801781380345035544e-15
9.981295114667266821e-01 1.822760692382630054e-15
9.978609408944701942e-01 1.841680020292502107e-15
9.975873387292796268e-01 1.862388281786975242e-15
9.973086015103301838e-01 1.884668636431552358e-15
9.970246308269790081e-01 1.904780586731158465e-15
9.967353348246728029e-01 1.927223571701608407e-15
9.964406299769492659e-01 1.950425498192798202e-15
9.961404431682853167e-01 1.973031113489120969e-15
9.958347141402528191e-01 1.994715156938831058e-15
9.955233983625308980e-01 2.017103931800656724e-15
9.952064704010369356e-01 2.039817967314228042e-15
9.948839278680867704e-01 2.065730399236631598e-15
9.945557960544257892e-01 2.088281804424330090e-15
9.942221333606052758e-01 2.112242672436259738e-15
9.938830376660094945e-01 2.138371944793160395e-15
9.935386537984346456e-01 2.164284376715563951e-15
9.931891822961710359e-01 2.188407875053366425e-15
9.928348896887999597e-01 2.212910844151538825e-15
9.924761205633124694e-01 2.239040116508439482e-15
9.921133117296804249e-01 2.261320471153016598e-15
9.917470088558201224e-01 2.287395533401292980e-15
9.913778860072293142e-01 2.313307965323696536e-15
9.910067686027748124e-01 2.337648304095996110e-15
9.906346603865107125e-01 2.358356565590469245e-15
9.902627751172624615e-01 2.379119037193566655e-15
9.898925737940013070e-01 2.406983033026444119e-15
9.895258083661829795e-01 2.427691294520917253e-15
9.891645730236512390e-01 2.448453766124014663e-15
9.888113643181883905e-01 2.465801000883782734e-15
9.884691515334197431e-01 2.481305091950325448e-15
9.881414588825714329e-01 2.495237089866764180e-15
9.878324612593318843e-01 2.507488574415850380e-15
9.875470953714341471e-01 2.517788495054462672e-15
9.872911881118929811e-01 2.521312152115040561e-15
9.870716039124844965e-01 2.517625864728589846e-15
9.868964124949582972e-01 2.510849601150555443e-15
9.867750777683672592e-01 2.497026023451365262e-15
9.867186674486257969e-01 2.479624578582972916e-15
9.867400810705494463e-01 2.451814792858719727e-15
9.868542911208391111e-01 2.413705086495854246e-15
9.870785876584551310e-01 2.358193935264596419e-15
9.874328105457251814e-01 2.288588155791027035e-15
9.879395447851533341e-01 2.212531373391168898e-15
9.886242429806534338e-01 2.104924307771982583e-15
9.895152243683038584e-01 1.983493664453606087e-15
9.906434824571193065e-01 1.827205921289820623e-15
9.920422143471540055e-01 1.653787783800764188e-15
9.937459671864555810e-01 1.445729386900795888e-15
9.957892864143245149e-01 1.202976520481291445e-15
9.982047550484112186e-01 9.183734502038465308e-16
1.001020345248649246e+00 5.854149630335481191e-16
1.004256076569605582e+00 2.177077962350892903e-16
1.007920101349238928e+00 -2.126662561330316947e-16
1.012004518443547108e+00 -6.845652517073474996e-16
1.016481433593981576e+00 -1.197934980379233849e-15
1.021299989818604592e+00 -1.752938072474563569e-15
1.026385205214130680e+00 -2.342744054306677981e-15
1.031639385671241138e+00 -2.953366717850514078e-15
1.036946559458739037e+00 -3.591744957009979089e-15
1.042179819911857486e+00 -4.195428726649907958e-15
1.047210782857016076e+00 -4.799166706398461102e-15
1.051919780093705681e+00 -5.353952958059293721e-15
1.056205142043071366e+00 -5.867485317057052896e-15
1.059990093675163836e+00 -6.311737157232988338e-15
1.063226348801509902e+00 -6.686383217935354395e-15
1.065894237850075088e+00 -6.991694549707272444e-15
1.067999890579936384e+00 -7.227508522222869658e-15
1.069570428714307742e+00 -7.383742055278030847e-15
1.070648242586978771e+00 -7.473839255811576265e-15
1.071285286678924642e+00 -7.515255778800522535e-15
1.071538047739369892e+00 -7.505064278379158793e-15
1.071463531321277696e+00 -7.452914153882606030e-15
1.071116355580954416e+00 -7.369539006818470739e-15
1.070546867599517782e+00 -7.248108363500094242e-15
1.069800105862171113e+00 -7.111173629115175032e-15
1.068915403935599473e+00 -6.958355332903343182e-15
1.067926441636759094e+00 -6.795237116052899040e-15
1.066861581230266642e+00 -6.632227319419703448e-15
1.065744363563448704e+00 -6.462278628882600628e-15
1.064594074444013216e+00 -6.286746297157197461e-15
1.063426321210241055e+00 -6.107202417393597926e-15
1.062253582311912581e+00 -5.941590535546437124e-15
1.061085709268103416e+00 -5.768009767731507864e-15
1.059930371681837347e+00 -5.606626274357040529e-15
1.058793443291709213e+00 -5.445296991091197469e-15
1.057679331434830727e+00 -5.289171878253284831e-15
1.056591254685636194e+00 -5.137329363996689935e-15
1.055531474505811751e+00 -4.995407299618337404e-15
1.054501486985547132e+00 -4.853702075674481975e-15
1.053502180516810771e+00 -4.718339434439666746e-15
1.052533964742495831e+00 -4.591216729715741351e-15
1.051596875516294771e+00 -4.466045588902289865e-15
1.050690659975628272e+00 -4.347650711666872780e-15
1.049814845224689597e+00 -4.231532658993675255e-15
1.048968793572898406e+00 -4.121486138486396555e-15
1.048151746786781358e+00 -4.016643788407048277e-15
1.047362861392302058e+00 -3.914566153867538034e-15
1.046601236706635740e+00 -3.818614261602570892e-15
1.045865936977451671e+00 -3.724884983791199033e-15
1.045156008757024191e+00 -3.635167254018023542e-15
1.044470494430956409e+00 -3.548647920653680288e-15
1.043808442650412616e+00 -3.465869084784412024e-15
1.043168916276565827e+00 -3.386559695867097375e-15
1.042550998331342571e+00 -3.310448703358614964e-15
1.041953796354997852e+00 -3.237319266824467690e-15
1.041376445494876624e+00 -3.166412444743915700e-15
1.040818110587740319e+00 -3.098920859506693049e-15
1.040277987447679742e+00 -3.033489258397192856e-15
1.039755303530744523e+00 -2.969846590872293746e-15
1.039249318114232157e+00 -2.908968638887232672e-15
1.038759322101664662e+00 -2.850313301355766882e-15
1.038284637542652655e+00 -2.793772158060647826e-15
1.037824616939159839e+00 -2.738911528132881301e-15
1.037378642395347050e+00 -2.686165092441461510e-15
1.036946124656568102e+00 -2.635532850986388453e-15
1.036526502073700451e+00 -2.586147442029673726e-15
1.036119239521388735e+00 -2.538388336331687256e-15
1.035723827292647670e+00 -2.492526584435550419e-15
1.035339779987307862e+00 -2.447694824603274810e-15
1.034966635407801316e+00 -2.404380947812478908e-15
1.034603953472558180e+00 -2.362530743954538437e-15
1.034251315154718576e+00 -2.322144213029453397e-15
1.033908321451782131e+00 -2.282625043842356760e-15
1.033574592390183344e+00 -2.244949018348485481e-15
1.033249766067452891e+00 -2.207869304049481229e-15
1.032933497733604433e+00 -2.171819581814338207e-15
1.032625458912558081e+00 -2.137070902186177790e-15
1.032325336563784335e+00 -2.103243794404630052e-15
1.032032832283858337e+00 -2.070609309012816368e-15
1.031747661547243400e+00 -2.038354294381372611e-15
1.031469552985337934e+00 -2.007671372900032836e-15
1.031198247702626469e+00 -1.977422132287687262e-15
1.030933498628620049e+00 -1.947986043304705817e-15
1.030675069904183783e+00 -1.919200475625215674e-15
1.030422736300790509e+00 -1.891553320226835311e-15
1.030176282671208199e+00 -1.864665106349194801e-15
1.029935503430130295e+00 -1.838427413775045594e-15
1.029700202063267289e+00 -1.812731822287139138e-15
1.029470190663445583e+00 -1.787686752102723986e-15
