9.394594604432133789e-01
9.755154738504155931e-01
9.504765756509696573e-01
9.114158944598339529e-01
9.324485689473684946e-01
9.624952467867037287e-01
9.825263653462604774e-01
8.643427658448754602e-01
8.923863318282549972e-01
8.903832199722993002e-01
8.172696372299169676e-01
7.171140444321330021e-01
1.224902899916897603e+00
1.039615053240997344e+00
1.020585490609418500e+00
9.765170297783934972e-01
9.855310331301939675e-01
9.685045823545707089e-01
9.144205622437674430e-01
9.274407893074793074e-01
8.152665253739612705e-01
9.795216975623269873e-01
1.275982252243767379e+00
1.134762866398892012e+00
1.030601049889196874e+00
1.067658619224376881e+00
1.041618165096952930e+00
9.945450364819945488e-01
9.424641282271468690e-01
1.029599493961218970e+00
1.077674178504155256e+00
1.006563707617728731e+00
9.945450364819945488e-01
9.905388127700832657e-01
9.715092501385043100e-01
9.554843552908588444e-01
9.054065588919668617e-01
8.523240947091413888e-01
8.533256506371191819e-01
7.621840611911357977e-01
1.273979140387811793e+00
1.283994699667590167e+00
1.190849998365651086e+00
1.103714632631578985e+00
1.073667954792243862e+00
1.128753530831025031e+00
1.038613497313019440e+00
1.088691293711911534e+00
1.063652395512465487e+00
1.003559039833795019e+00
1.024591714321329672e+00
9.755154738504155931e-01
1.032604161745152460e+00
1.037611941385041758e+00
9.765170297783934972e-01
9.534812434349031474e-01
1.004560595761772923e+00
9.815248094182826843e-01
1.032604161745152460e+00
1.096703741135734100e+00
1.135764422326869916e+00
1.074669510720221766e+00
1.106719300415512697e+00
1.080678846288088746e+00
1.034607273601108046e+00
1.081680402216066650e+00
1.019583934681440596e+00
1.010569931329639903e+00
9.845294772022161744e-01
1.036610385457063854e+00
1.019583934681440596e+00
9.835279212742383814e-01
9.304454570914127975e-01
1.008566819473684317e+00
1.083683514072022236e+00
1.003559039833795019e+00
9.755154738504155931e-01
1.057643059944598507e+00
9.775185857063712902e-01
1.035608829529085950e+00
1.019583934681440596e+00
1.002557483905817337e+00
1.050632168448753623e+00
1.008566819473684317e+00
1.002557483905817337e+00
9.875341449861496645e-01
1.056641504016620603e+00
1.028597938033241066e+00
1.020585490609418500e+00
1.025593270249307576e+00
1.016579266897507106e+00
1.002557483905817337e+00
9.705076942105264060e-01
1.008566819473684317e+00
1.030601049889196874e+00
1.021587046537396182e+00
1.006563707617728731e+00
9.314470130193907016e-01
9.775185857063712902e-01
1.043621276952908739e+00
1.008566819473684317e+00
1.078675734432133160e+00
9.855310331301939675e-01
1.006563707617728731e+00
9.324485689473684946e-01
9.885357009141275686e-01
9.644983586426594258e-01
9.805232534903047803e-01
9.594905790027702386e-01
1.017580822825484788e+00
1.026594826177285480e+00
1.039615053240997344e+00
1.053636836232687113e+00
1.052635280304709209e+00
1.026594826177285480e+00
1.011571487257617807e+00
1.062650839584487583e+00
1.009568375401662221e+00
1.009568375401662221e+00
1.063652395512465487e+00
