9.489056007232709034e-01
9.496403861370602550e-01
9.600173698924631127e-01
9.946150619859995823e-01
1.000381284790942127e+00
9.859379434278845444e-01
9.764721607968479544e-01
9.708338958721703937e-01
9.671722201722714463e-01
9.645766097650442239e-01
9.626006798740095460e-01
9.610089848179022010e-01
9.596678829146714218e-01
9.584965624320770372e-01
9.574434807784132362e-01
9.564742412329929611e-01
9.555649737562269541e-01
9.546985310161135718e-01
9.538622034418321460e-01
9.530462929172871522e-01
9.522431918400241502e-01
9.514467702746566280e-01
9.506519567898695788e-01
9.498544443522763947e-01
9.490504788516298529e-01
9.482367033014362789e-01
9.474100401495502144e-01
9.465675999756180126e-01
9.457066085660816857e-01
9.448243467617334357e-01
9.439180990517780367e-01
9.429851079347595366e-01
9.420225317608320603e-01
9.410274042243805814e-01
9.399965939619275845e-01
9.389267628720848746e-01
9.378143218392734903e-01
9.366553825262483590e-01
9.354457038086743115e-01
9.341806312574294502e-01
9.328550278238386673e-01
9.314631935357708947e-01
9.299987715467795679e-01
9.284546372648044832e-01
9.268227664771523377e-01
9.250940773229107128e-01
9.232582395567779932e-01
9.213034426795402299e-01
9.192161120111668193e-01
9.169805584130470422e-01
9.145785427828404535e-01
9.119887301518148082e-01
9.091859994836918313e-01
9.061405630314595117e-01
9.028168317484054350e-01
8.991719383454840342e-01
8.951537934368174465e-01
8.906984971228979475e-01
8.857268495214818405e-01
8.801395855802820467e-01
8.738107813370987742e-01
8.665786106209365514e-01
8.582322346622635045e-01
8.484930532253087687e-01
8.369879000002178326e-01
8.232115292200996581e-01
8.064781980725411747e-01
7.858768019993298548e-01
7.603110234877212825e-01
7.290061229082859251e-01
6.942807696481215762e-01
6.753406476597233477e-01
7.669786091239594317e-01
1.159794188240467649e+00
1.471023278732537465e+00
1.435909247565927638e+00
1.338749693288615150e+00
1.261980190323508833e+00
1.207038288694695982e+00
1.167203911065818778e+00
1.137402908523195366e+00
1.114393973265300319e+00
1.096124977103760445e+00
1.081265386018625207e+00
1.068925756881422329e+00
1.058493296541911377e+00
1.049533923916298850e+00
1.041732372080109048e+00
1.034854491825589307e+00
1.028722860402877526e+00
1.023200585935422291e+00
1.018180295369909505e+00
1.013576482736635809e+00
1.009320085782817733e+00
1.005354571279432729e+00
1.001633061156222970e+00
9.981161890244302226e-01
9.947704771219446629e-01
9.915670891131782572e-01
9.884808575096311056e-01
9.854895136604311379e-01
9.825730682025088925e-01
9.797133036562560848e-01
9.768933504938310808e-01
9.740973247899308296e-01
9.713100103442110500e-01
9.685165715107427742e-01
9.657022852654216782e-01
9.628522825438707855e-01
9.599512897618143192e-01
9.569833618007921316e-01
9.539315976799718211e-01
9.507778296938860230e-01
9.475022760274395273e-01
9.440831458381913066e-01
9.404961846637382994e-01
9.367141470586570762e-01
9.327061831787796242e-01
9.284371277855845150e-01
9.238666861624079685e-01
9.189485262882638450e-01
9.136293193242751576e-01
9.078478389674095039e-01
9.015343706097039833e-01
8.946109672735981233e-01
8.869936744761842684e-01
8.785990562465844089e-01
8.693598942838479671e-01
8.592603516358412463e-01
8.484126230742221608e-01
8.372226068250130382e-01
8.267464153398871307e-01
8.194443206007577807e-01
8.206739201338298928e-01
8.410548934396526732e-01
8.974281192065693968e-01
1.002414321424052179e+00
1.134991041732261063e+00
1.238895997085917466e+00
1.283606984572594811e+00
1.284029052334965337e+00
1.264276839759078230e+00
1.238850708101090436e+00
1.213922912965950784e+00
1.191539702566856818e+00
1.172076870896138434e+00
1.155322004911726763e+00
1.140902173040733825e+00
1.128440088712370448e+00
1.117603748608863024e+00
1.108116093523087153e+00
1.099750851584146094e+00
1.092324606187750735e+00
1.085688753208634116e+00
1.079722515813825945e+00
1.074327238343374402e+00
1.069421850625966064e+00
1.064939304900403005e+00
1.060823787377253025e+00
1.057028534697238564e+00
1.053514118729819371e+00
1.050247093111164265e+00
1.047198919492215552e+00
1.044345110755340089e+00
1.041664543272666998e+00
1.039138901539684579e+00
1.036752227041188190e+00
1.034490549655765923e+00
1.032341584793680767e+00
1.030294483181070753e+00
1.028339623043033502e+00
1.026468436617220092e+00
1.024673264610186596e+00
1.022947233511721787e+00
1.021284151697907649e+00
1.019678421049326822e+00
1.018124961437476550e+00
1.016619145928483681e+00
1.015156744947805834e+00
1.013733877965015351e+00
1.012346971511028260e+00
1.010992722544431066e+00
1.009668066349009630e+00
1.008370148279150280e+00
1.007096298779596832e+00
1.005844011196013188e+00
1.004610921966685888e+00
1.003394792846585837e+00
1.002193494865250667e+00
1.001004993761491546e+00
9.998273366722977284e-01
9.986586398817168808e-01
9.974970774589424494e-01
9.963408706341054799e-01
9.951882777759849530e-01
9.940375848485413224e-01
9.928870962332106975e-01
9.917351258116141599e-01
9.905799882089543207e-01
9.894199901020898080e-01
9.882534214981807397e-01
9.870785468899961890e-01
9.858935961924605307e-01
9.846967553617638202e-01
9.834861565933260552e-01
9.822598679879323003e-01
9.810158825663041204e-01
9.797521065009883179e-01
9.784663464204417238e-01
9.771562956232060504e-01
9.758195190196008451e-01
9.744534365939182541e-01
9.730553051508867846e-01
9.716221980754363718e-01
9.701509827934357011e-01
9.686382955718628729e-01
9.670805132382953584e-01
9.654737213297716059e-01
9.638136780977788476e-01
9.620957736965897178e-01
9.603149837631097530e-01
9.584658164538001346e-01
9.565422518332857837e-01
9.545376723041895106e-01
9.524447825217264851e-01
9.502555169416699865e-01
9.479609327974225508e-01
9.455510858810793895e-01
9.430148860043872094e-01
9.403399284292166538e-01
9.375122968782276800e-01
9.345163329682878439e-01
9.313343660733779394e-01
9.279463967765464449e-01
9.243297263331426983e-01
9.204585241802999418e-01
9.163033259470407810e-01
9.118304564947911084e-01
9.070013778137563376e-01
9.017719729896753744e-01
8.960918002286686335e-01
8.899033948899069957e-01
8.831417809655727202e-01
8.757345111625167711e-01
8.676028531848930525e-01
8.586653082094499734e-01
8.488457402353295489e-01
8.380905177897198799e-01
8.264032318293670354e-01
8.139137476834215068e-01
8.010143324107722451e-01
7.886255482108209813e-01
7.787042252344055226e-01
7.751574601985644630e-01
7.852361518871688872e-01
8.206733441236031545e-01
8.951362292882372174e-01
1.011723705562897813e+00
1.145747149074013205e+00
1.254335645858298154e+00
1.313965771082084233e+00
1.331357249588734915e+00
1.323898015718044441e+00
1.305241866636109416e+00
1.283049260431516680e+00
1.260938715329623427e+00
1.240388857193998495e+00
1.221863528159085499e+00
1.205380866922628025e+00
1.190782477665762507e+00
1.177855782877196056e+00
1.166387433043750921e+00
1.156185315810514869e+00
1.147087116460198786e+00
1.138964263346975647e+00
1.131725730767192406e+00
1.125322457627310868e+00
1.119743533984461692e+00
1.114970142530921304e+00
1.110842177523763796e+00
1.106959559222058465e+00
1.102945700950013874e+00
1.098788975389504374e+00
1.094692295920664860e+00
1.090807382159626693e+00
1.087186453432592348e+00
1.083826699551274197e+00
1.080705753254604717e+00
1.077797549547665490e+00
1.075077792483526196e+00
1.072525309016585382e+00
1.070122011309149634e+00
1.067852478554271567e+00
1.065703498570925500e+00
1.063663667536069113e+00
1.061723064557537510e+00
1.059872993240665195e+00
1.058105777281629800e+00
1.056414598026390594e+00
1.054793364257918808e+00
1.053236606749593962e+00
1.051739391974382487e+00
1.050297250768470469e+00
1.048906118791748554e+00
1.047562286393785458e+00
1.046262356056669729e+00
1.045003206001560603e+00
1.043781958855021452e+00
1.042595954503558575e+00
1.041442726441184297e+00
1.040319981050120024e+00
1.039225579359631446e+00
1.038157520910077070e+00
1.037113929414163138e+00
1.036093039959181228e+00
1.035093187535719217e+00
1.034112796712226334e+00
1.033150372302620745e+00
1.032204490897178140e+00
1.031273793146260997e+00
1.030356976702921257e+00
1.029452789744697228e+00
1.028560025007707157e+00
1.027677514277975490e+00
1.026804123296487736e+00
1.025938747046441613e+00
1.025080305404508563e+00
1.024227739153807715e+00
1.023380006376495288e+00
1.022536079270790932e+00
1.021694941474494911e+00
1.020855586029714379e+00
1.020017014198826288e+00
1.019178235449165415e+00
1.018338269074328561e+00
1.017496148120243804e+00
1.016650926521032394e+00
1.015801690543856051e+00
1.014947575531459867e+00
1.014087787798492846e+00
1.013221627654069312e+00
1.012348499323799000e+00
1.011467871667431018e+00
1.010579119079040300e+00
1.009681153736311732e+00
1.008771862581272272e+00
1.007847712956818187e+00
1.006904239515797883e+00
1.005937590647685509e+00
1.004945934709228661e+00
1.003929438496198534e+00
1.002889193128856160e+00
1.001826285304583841e+00
1.000741508506646671e+00
9.996355181460396810e-01
9.985091490196591479e-01
9.973637642812392956e-01
9.962016197001377638e-01
9.950262739336922513e-01
9.938430899471162316e-01
9.926598794227190492e-01
9.914877508606603218e-01
9.903422358208491261e-01
9.892447865142657282e-01
9.882247603010443360e-01
9.873220286258901357e-01
9.865903602084747925e-01
9.861017109679205417e-01
9.859514666028343921e-01
9.862644549637110680e-01
9.872010513002897891e-01
9.889617595279051043e-01
9.917870680790878968e-01
9.959471073873792379e-01
1.001713244543843695e+00
1.009303216239722856e+00
1.018796769357374510e+00
1.030034794888918359e+00
1.042540759813651352e+00
1.055522729803853199e+00
1.067997669463085053e+00
1.079014529826703317e+00
1.087880327712720918e+00
1.094283872393964963e+00
1.098279528122164228e+00
1.100174339616163621e+00
1.100392116202044024e+00
1.099366610394374444e+00
1.097479926236397896e+00
1.095038792736829469e+00
1.092274193929018367e+00
1.089351952660573941e+00
1.086386472796346592e+00
1.083453727813954659e+00
1.080602012527131395e+00
1.077860225278755912e+00
1.075243974429660909e+00
1.072759953815709100e+00
1.070409016274479930e+00
1.068188300736394147e+00
1.066092686097233067e+00
1.064115773101610651e+00
1.062250538663539690e+00
1.060489764607828400e+00
1.058826312096079247e+00
1.057253291192889799e+00
1.055764159731305440e+00
1.054352774987022068e+00
1.053013414290274508e+00
1.051740775603386524e+00
1.050529965572612356e+00
1.049376480137835799e+00
1.048276181114867089e+00
1.047225271018700221e+00
1.046220267610797894e+00
1.045257979117895308e+00
1.044335480707067498e+00
1.043450092558794839e+00
1.042599359719822871e+00
1.041781033815407431e+00
1.040993056638603420e+00
1.040233545600675047e+00
1.039500781013300346e+00
1.038793195174683603e+00
1.038109363244494876e+00
1.037447995914756227e+00
1.036807933914479563e+00
1.036188144425017832e+00
1.035587719531436468e+00
1.035005876894155463e+00
1.034441962896703426e+00
1.033895458612348994e+00
1.033365989037927424e+00
1.032853336171142722e+00
1.032357456662113648e+00
1.031878504954738762e+00
1.031416863051230370e+00
1.030973178283298486e+00
1.030548410748898025e+00
1.030143892354551616e+00
1.029761399647873610e+00
1.029403242751555148e+00
1.029072372570893901e+00
1.028772507785299828e+00
1.028508281520980727e+00
1.028285404345958831e+00
1.028110834264002404e+00
1.027992934162241578e+00
1.027941580634871954e+00
1.027968162971795829e+00
1.028085375806936375e+00
1.028306665017415522e+00
1.028645143309812937e+00
1.029111774074062513e+00
1.029712677008275845e+00
1.030445606077497800e+00
1.031296051676957815e+00
1.032234000779443939e+00
1.033212928118212304e+00
1.034172625317308025e+00
1.035046526426848246e+00
1.035772295721587799e+00
1.036302547626726023e+00
1.036612053211829254e+00
1.036699247802685075e+00
1.036582376773518055e+00
1.036292557575773765e+00
1.035866453514350471e+00
1.035340432215772877e+00
1.034746897862701687e+00
1.034112608403224609e+00
1.033458401514112612e+00
1.032799728721572663e+00
1.032147539805777781e+00
1.031509231178760144e+00
1.030889509471912158e+00
1.030291111539870963e+00
1.029715372501881498e+00
1.029162657305898509e+00
1.028632679694528429e+00
1.028124732919879492e+00
1.027637853589595363e+00
1.027170936030529447e+00
1.026722810670518626e+00
1.026292296612501653e+00
1.025878235913411984e+00
1.025479515034595446e+00
1.025095077398838317e+00
1.024723929862328298e+00
1.024365145091079343e+00
1.024017861241605987e+00
1.023681279923629672e+00
1.023354663122223007e+00
1.023037329543927010e+00
1.022728650701179243e+00
1.022428046943864466e+00
1.022134983573081968e+00
1.021848967121021801e+00
1.021569541845621432e+00
1.021296286464682623e+00
1.021028811138089631e+00
1.020766754696247114e+00
1.020509782106232111e+00
1.020257582163180521e+00
1.020009865392309978e+00
1.019766362146084848e+00
1.019526820880974460e+00
1.019291006598712634e+00
1.019058699437773052e+00
1.018829693401757552e+00
1.018603795212482455e+00
1.018380823276665570e+00
1.018160606756236097e+00
1.017942984733371636e+00
1.017727805462417257e+00
1.017514925701836104e+00
1.017304210120296704e+00
1.017095530771916723e+00
1.016888766636555141e+00
1.016683803221901439e+00
1.016480532224952382e+00
1.016278851251296356e+00
1.016078663591488240e+00
1.015879878054667840e+00
1.015682408860513863e+00
1.015486175591609141e+00
1.015291103209395640e+00
1.015097122138086450e+00
1.014904168422273267e+00
1.014712183965499337e+00
1.014521116858844163e+00
1.014330921810623343e+00
1.014141560690697386e+00
1.013953003205706693e+00
1.013765227724868989e+00
1.013578222279902796e+00
1.013391985767324144e+00
1.013206529386918797e+00
1.013021878356848315e+00
1.012838073953781004e+00
1.012655175935955221e+00
1.012473265418464052e+00
1.012292448283697910e+00
1.012112859226210082e+00
1.011934666550813322e+00
1.011758077866043104e+00
1.011583346842887643e+00
1.011410781241604884e+00
1.011240752448222979e+00
1.011073706807632977e+00
1.010910179092483707e+00
1.010750808506488685e+00
1.010596357686533997e+00
1.010447735238192424e+00
1.010306022409694249e+00
1.010172504572384167e+00
1.010048708217908597e+00
1.009936444181889659e+00
1.009837857725674359e+00
1.009755485897518845e+00
1.009692322169933432e+00
1.009651887589265495e+00
1.009638306402811381e+00
1.009656382107725570e+00
1.009711666780992667e+00
1.009810512023384010e+00
1.009960083493123717e+00
1.010168312548685998e+00
1.010443748095039673e+00
1.010795260360207948e+00
1.011231538715576361e+00
1.011760323146706053e+00
1.012387322413261126e+00
1.013114813308588325e+00
1.013939996744197991e+00
1.014853311612367470e+00
1.015837059266559095e+00
1.016864818353692357e+00
1.017902146143703668e+00
1.018908880978594222e+00
1.019842957495857183e+00
1.020665126403366818e+00
1.021343560212862878e+00
1.021857258098229693e+00
1.022197512073135250e+00
1.022367307420465554e+00
1.022379112810032131e+00
1.022251833926712150e+00
1.022007700411435627e+00
1.021669630780236204e+00
1.021259329543342975e+00
1.020796132058638506e+00
1.020296471908729519e+00
1.019773794673607625e+00
1.019238749645953401e+00
1.018699526032628588e+00
1.018162240992660061e+00
1.017631322378131475e+00
1.017109855520998529e+00
1.016599881078954049e+00
1.016102641633974679e+00
1.015618780500752161e+00
1.015148498805242383e+00
1.014691677626464283e+00
1.014247971721504049e+00
1.013816880612233406e+00
1.013397801914750040e+00
1.012990070905993800e+00
1.012592989525378462e+00
1.012205847331275166e+00
1.011827936374710468e+00
1.011458561504896325e+00
1.011097047267433435e+00
1.010742742279849615e+00
1.010395021755394085e+00
1.010053288681707295e+00
1.009716974035309134e+00
1.009385536317131349e+00
1.009058460621623743e+00
1.008735257396953688e+00
1.008415461012268421e+00
1.008098628216715031e+00
1.007784336551434290e+00
1.007472182758188284e+00
1.007161781215206720e+00
1.006852762421157399e+00
1.006544771541054040e+00
1.006237467022735421e+00
1.005930519288885883e+00
1.005623609506975269e+00
1.005316428437788012e+00
1.005008675362126347e+00
1.004700057084692455e+00
1.004390287013963157e+00
1.004079084316988224e+00
1.003766173148403995e+00
1.003451281953550378e+00
1.003134142846346277e+00
1.002814491063565239e+00
1.002492064498295088e+00
1.002166603316745563e+00
1.001837849664148017e+00
1.001505547467355095e+00
1.001169442343891047e+00
1.000829281629730838e+00
1.000484814541018119e+00
1.000135792488383357e+00
9.997819695665882689e-01
9.994231032470126674e-01
9.990589553061790529e-01
9.986892930302447846e-01
9.983138907434093712e-01
9.979325317177419885e-01
9.975450105333455442e-01
9.971511359714361200e-01
9.967507345392758733e-01
9.963436547455378767e-01
9.959297722682606269e-01
9.955089961859112657e-01
9.950812764761950424e-01
9.946466130283243556e-01
9.942050664639260349e-01
9.937567711213267652e-01
9.933019506296519863e-01
9.928409365853775315e-01
9.923741909475023437e-01
9.919023328915328452e-01
9.914261710105974901e-01
9.909467419281445810e-01
9.904653565948527971e-01
9.899836557864348796e-01
9.895036766019045249e-01
9.890279320847271682e-01
9.885595064496072171e-01
9.881021687867848069e-01
9.876605085145717666e-01
9.872400962238264688e-01
9.868476738436141593e-01
9.864913781546172933e-01
9.861810014265217639e-01
9.859282921134958633e-01
9.857472967443591250e-01
9.856547408656897158e-01
9.856704414031438599e-01
9.858177341177764008e-01
9.861238867166726152e-01
9.866204492221634093e-01
9.873434670755319997e-01
9.883334484397231501e-01
9.896349362282994555e-01
9.912954918573700924e-01
9.933638617178203178e-01
9.958870875296971237e-01
9.989063668810886920e-01
1.002451607167798908e+00
1.006534879290378992e+00
1.011143376515364567e+00
1.016232970462561891e+00
1.021723893230457758e+00
1.027500239024131901e+00
1.033414631336663447e+00
1.039298431427166935e+00
1.044976438076726799e+00
1.050283625036693147e+00
1.055080685232786308e+00
1.059265394723199138e+00
1.062778001567336261e+00
1.065600472062036896e+00
1.067750839621698367e+00
1.069274661222833434e+00
1.070235622674496012e+00
1.070706865735530089e+00
1.070763951206044062e+00
1.070479771769072830e+00
1.069921309623995231e+00
1.069147912059335681e+00
1.068210689420395099e+00
1.067152665208795037e+00
1.066009376973632738e+00
1.064809705774087067e+00
1.063576783409803994e+00
1.062328883313692574e+00
1.061080242236837501e+00
1.059841787793371015e+00
1.058621764631371809e+00
1.057426262380900983e+00
1.056259653996553638e+00
1.055124955447508173e+00
1.054024118166360546e+00
1.052958265084338541e+00
1.051927879986554792e+00
1.050932958639436698e+00
1.049973128857952132e+00
1.049047745489587680e+00
1.048155965238441789e+00
1.047296805348256088e+00
1.046469189402577715e+00
1.045671982870043371e+00
1.044904020506177034e+00
1.044164127303010225e+00
1.043451134338202246e+00
1.042763890601962729e+00
1.042101271660753392e+00
1.041462185841191435e+00
1.040845578477307631e+00
1.040250434652379541e+00
1.039675780777311154e+00
1.039120685276421874e+00
1.038584258594866139e+00
1.038065652696819496e+00
1.037564060187668336e+00
1.037078713164891086e+00
1.036608881879598654e+00
1.036153873272647186e+00
1.035713029434889298e+00
1.035285726029745668e+00
1.034871370707245219e+00
1.034469401531542987e+00
1.034079285438271212e+00
1.033700516733637498e+00
1.033332615643681729e+00
1.032975126919374764e+00
1.032627618501110511e+00
1.032289680244497188e+00
1.031960922708093920e+00
1.031640976002777821e+00
1.031329488701713704e+00
1.031026126809370336e+00
1.030730572787655674e+00
1.030442524636982826e+00
