-6.939480802671587067e-01
1.224416647894088772e-01
-7.665178851365881396e-01
-4.853245429098922606e-16
-6.939480802671555981e-01
-1.224416647894055882e-01
6.385389710331579316e-01
5.607992162459794761e-16
7.763032229925898031e-01
-1.288376307410065781e-16
4.747576065782295185e-01
1.114690867713483691e-01
4.747576065782273536e-01
-1.114690867713383493e-01
-3.422557864994585364e-01
2.932697597132444506e-16
2.194434089546224986e-01
9.497414306675672947e-16
-6.007562695671970479e-04
1.201113055108169987e-16
