9.439932313019333554e-01 8.382743454309422075e-17
9.395277950138469780e-01 7.410431250824601598e-16
1.137346622576175026e+00 1.013673842698225620e-15
9.109490027700778425e-01 -1.866939787780417135e-15
1.040893198753454207e+00 -4.515601402715337329e-15
1.022584909972303668e+00 -3.333201696658678166e-15
8.555775927977775641e-01 -2.099249282267976359e-15
1.090459541551245692e+00 -6.634868576591574536e-16
1.036427762465374824e+00 2.100599533405698641e-16
9.734651108033248734e-01 6.644668035127106311e-15
1.087333736149585839e+00 -1.037682075771810340e-14
1.014100581024935055e+00 9.584727093197682762e-16
1.064113467451511807e+00 -1.829542537243896545e-14
1.003383533933516425e+00 -7.474006539970559680e-15
9.832890706371284484e-01 1.240588078316882685e-15
1.030622695290863922e+00 -2.326925492952852456e-15
1.048037896814418168e+00 1.723737387131426316e-14
9.890941378116375748e-01 7.408855813658345030e-15
1.032855413434905278e+00 3.564235111912003792e-15
1.033301957063713861e+00 2.170641126346440316e-15
