9.652586561958976796e-01
9.651248661253173378e-01
9.649893061348975287e-01
9.648519239440422890e-01
9.647126646030492747e-01
9.645714702947706387e-01
9.644282801170946939e-01
9.642830298439820647e-01
9.641356516624858264e-01
9.639860738828145426e-01
9.638342206180758875e-01
9.636800114298510467e-01
9.635233609351692152e-01
9.633641783697832750e-01
9.632023671018520306e-01
9.630378240892065733e-01
9.628704392722722272e-01
9.627000948934132385e-01
9.625266647319153934e-01
9.623500132419606778e-01
9.621699945787306474e-01
9.619864514951008694e-01
9.617992140881619356e-01
9.616080983708984453e-01
9.614129046395893941e-01
9.612134156016930442e-01
9.610093942218254082e-01
9.608005812346404051e-01
9.605866922624942683e-01
9.603674144621596742e-01
9.601424026077939322e-01
9.599112744958501198e-01
9.596736055303438651e-01
9.594289223120597843e-01
9.591766950105482525e-01
9.589163282398448507e-01
9.586471500833501080e-01
9.583683988140748733e-01
9.580792067249251920e-01
9.577785803078244786e-01
9.574653757830030587e-01
9.571382686559476438e-01
9.567957155330517605e-01
9.564359058044173967e-01
9.560566999232611440e-01
9.556555497538945509e-01
9.552293946357353072e-01
9.547745241231220259e-01
9.542863943367305701e-01
9.537593787321982930e-01
9.531864245784353873e-01
9.525585713841517865e-01
9.518642632014345795e-01
9.510883466729861402e-01
9.502105794116683102e-01
9.492033587461489175e-01
9.480281858050974009e-01
9.466300605711873706e-01
9.449285686114172744e-01
9.428043717940417512e-01
9.400839789504484845e-01
9.365611503050408349e-01
9.323833990453623821e-01
9.321380623719338621e-01
9.900419811372960233e-01
1.077045818534974497e+00
1.023345891149278097e+00
9.973348485128911145e-01
9.848164109957427970e-01
9.776595888276884416e-01
9.730321340839472866e-01
9.697706003666103358e-01
9.673219456497186286e-01
9.653927443000012154e-01
9.638137839194745871e-01
9.624809479759501851e-01
9.613267722423531891e-01
9.603056558707195878e-01
9.593856715225745901e-01
9.585437870432371721e-01
9.577629526450777142e-01
9.570302577286652346e-01
9.563357263936782537e-01
9.556715079272173341e-01
9.550313191443132732e-01
9.544100517014963980e-01
9.538034900828309404e-01
9.532081054254326613e-01
9.526209023125687958e-01
9.520393031970814102e-01
9.514610599721505801e-01
9.508841853982505921e-01
9.503068992331284992e-01
9.497275853681322877e-01
9.491447572818709766e-01
9.485570298292198554e-01
9.479630958861844370e-01
9.473617067324165975e-01
9.467516553156426484e-01
9.461317617346233222e-01
9.455008604193042565e-01
9.448577885922380126e-01
9.442013756738187880e-01
9.435304333521884468e-01
9.428437460817301607e-01
9.421400618053448195e-01
9.414180827176995559e-01
9.406764559011472349e-01
9.399137636742531665e-01
9.391285134956960379e-01
9.383191272642333880e-01
9.374839298486954409e-01
9.366211366706305164e-01
9.357288401460671645e-01
9.348049947715256769e-01
9.338474006122665649e-01
9.328536849169963840e-01
9.318212815417303840e-01
9.307474078148020302e-01
9.296290384132858131e-01
9.284628757460322568e-01
9.272453162471685495e-01
9.259724118726013753e-01
9.246398259560748567e-01
9.232427824147454443e-01
9.217760070894904789e-01
9.202336597526481476e-01
9.186092550032317616e-01
9.168955698811153132e-01
9.150845355468191222e-01
9.131671097660795100e-01
9.111331261743180754e-01
9.089711153313526637e-01
9.066680913540928755e-01
9.042092963606993550e-01
9.015778929787372498e-01
8.987545926412102704e-01
8.957172041665463214e-01
8.924400830080818636e-01
8.888934563560854096e-01
8.850425927720443342e-01
8.808467770938731567e-01
8.762580420787006164e-01
8.712195983896225959e-01
8.656638963373641804e-01
8.595102519616326653e-01
8.526619900668928054e-01
8.450031287760728649e-01
8.363948252490217561e-01
8.266722851240554393e-01
8.156439967278847902e-01
8.030979208832849103e-01
7.888259738486033124e-01
7.726947492147584473e-01
7.548326668986147236e-01
7.361135969584211569e-01
7.194019234102971838e-01
7.126977053876168977e-01
7.362445803056849591e-01
8.317347835879977946e-01
1.039173545914965802e+00
1.288144866326323301e+00
1.423906093667984818e+00
1.433906968928603698e+00
1.390975685203550416e+00
1.338882914612428809e+00
1.291859287563433378e+00
1.252573410378718277e+00
1.220372241445553119e+00
1.193952233265121343e+00
1.172095820306084724e+00
1.153821508697568277e+00
1.138373046565559932e+00
1.125174569202011643e+00
1.113786878462669661e+00
1.103872541794870488e+00
1.095169771091083488e+00
1.087473302155691046e+00
1.080620466339447194e+00
1.074481012020718662e+00
1.068949613517969022e+00
1.063940308385134204e+00
1.059382326335785995e+00
1.055216930468984238e+00
1.051395001554507269e+00
1.047875172935379018e+00
1.044622377349809783e+00
1.041606704810809747e+00
1.038802497521268631e+00
1.036187627001794676e+00
1.033742912463521790e+00
1.031451649544913307e+00
1.029299225939518836e+00
1.027272805928857613e+00
1.025361069932920088e+00
1.023553998276345967e+00
1.021842690709360069e+00
1.020219215011855196e+00
1.018676479386326550e+00
1.017208124412780412e+00
1.015808431171345783e+00
1.014472242791816914e+00
1.013194897205340617e+00
1.011972169283163581e+00
1.010800220874480182e+00
1.009675557517933031e+00
1.008594990813069137e+00
1.007555605609661287e+00
1.006554731312516937e+00
1.005589916713654608e+00
1.004658907857552741e+00
1.003759628522553404e+00
1.002890162965536458e+00
1.002048740630210100e+00
1.001233722563733330e+00
1.000443589323528837e+00
9.996769301873273950e-01
9.989324335057548909e-01
9.982088780589652988e-01
9.975051252976444571e-01
9.968201123646940331e-01
9.961528458075441517e-01
9.955023959026889635e-01
9.948678915240339871e-01
9.942485154952158677e-01
9.936435003734515048e-01
9.930521246188515061e-01
9.924737091086542895e-01
9.919076139606287645e-01
9.913532356340519769e-01
9.908100042802990837e-01
9.902773813182429441e-01
9.897548572124317268e-01
9.892419494344391051e-01
9.887382005899038040e-01
9.882431766956613073e-01
9.877564655930044513e-01
9.872776754845788982e-01
9.868064335837021250e-01
9.863423848660322069e-01
9.858851909145256442e-01
9.854345288495278687e-01
9.849900903366267668e-01
9.845515806656220947e-01
9.841187178945941527e-01
9.836912320536238541e-01
9.832688644032228087e-01
9.828513667429883416e-01
9.824385007664050429e-01
9.820300374580823721e-01
9.816257565300441357e-01
9.812254458939871915e-01
9.808289011666876389e-01
9.804359252059792196e-01
9.800463276749437069e-01
9.796599246321496812e-01
9.792765381459549445e-01
9.788959959310497005e-01
9.785181310055611759e-01
9.781427813671766947e-01
9.777697896868596805e-01
9.773990030188409728e-01
9.770302725256764242e-01
9.766634532172365768e-01
9.762984037025919104e-01
9.759349859538225536e-01
9.755730650808537296e-01
9.752125091164778325e-01
9.748531888107830889e-01
9.744949774342582804e-01
9.741377505888920707e-01
9.737813860266248955e-01
9.734257634745547838e-01
9.730707644663285638e-01
9.727162721791868805e-01
9.723621712761583158e-01
9.720083477529201099e-01
9.716546887888777295e-01
9.713010826020225252e-01
9.709474183071570286e-01
9.705935857770894293e-01
9.702394755064134291e-01
9.698849784775049887e-01
9.695299860283767002e-01
9.691743897220415072e-01
9.688180812170462675e-01
9.684609521388363174e-01
9.681028939516296283e-01
9.677437978304660460e-01
9.673835545331165298e-01
9.670220542715203260e-01
9.666591865824363250e-01
9.662948401969739809e-01
9.659289029086802758e-01
9.655612614398458859e-01
9.651918013056908219e-01
9.648204066760807107e-01
9.644469602344152293e-01
9.640713430333214262e-01
9.636934343467672415e-01
9.633131115182030912e-01
9.629302498043155190e-01
9.625447222139642545e-01
9.621563993418520422e-01
9.617651491964523958e-01
9.613708370216998977e-01
9.609733251119144670e-01
9.605724726194073693e-01
9.601681353541791086e-01
9.597601655750854777e-01
9.593484117718080739e-01
9.589327184369228485e-01
9.585129258273136221e-01
9.580888697141232146e-01
9.576603811203842076e-01
9.572272860454038579e-01
9.567894051749149531e-01
9.563465535759305691e-01
9.558985403751578680e-01
9.554451684197435846e-01
9.549862339190234861e-01
9.545215260658477252e-01
9.540508266359358780e-01
9.535739095635934470e-01
9.530905404919816082e-01
9.526004762959832117e-01
9.521034645755426240e-01
9.515992431171731436e-01
9.510875393211293272e-01
9.505680695915199596e-01
9.500405386863942647e-01
9.495046390245720502e-01
9.489600499456876115e-01
9.484064369195965849e-01
9.478434507009366738e-01
9.472707264242301584e-01
9.466878826344816700e-01
9.460945202477316629e-01
9.454902214354869994e-01
9.448745484263432193e-01
9.442470422174488176e-01
9.436072211877025717e-01
9.429545796037580585e-01
9.422885860089600385e-01
9.416086814843102060e-01
9.409142777693880744e-01
9.402047552298408162e-01
9.394794606566025941e-01
9.387377048803373647e-01
9.379787601827547228e-01
9.372018574843530292e-01
9.364061832857780709e-01
9.355908763373209647e-01
9.347550240080567674e-01
9.338976583226989980e-01
9.330177516303593821e-01
9.321142118649881070e-01
9.311858773522377897e-01
9.302315111117683832e-01
9.292497945974734774e-01
9.282393208106360927e-01
9.271985867124833414e-01
9.261259848528236027e-01
9.250197941202420449e-01
9.238781695064712807e-01
9.226991307628020778e-01
9.214805498094661429e-01
9.202201367394984288e-01
9.189154242363103409e-01
9.175637501987069511e-01
9.161622383379587342e-01
9.147077764783981824e-01
9.131969922555169816e-01
9.116262258634467708e-01
9.099914994570238447e-01
9.082884827627838442e-01
9.065124543993429151e-01
9.046582583530653476e-01
9.027202550040993589e-01
9.006922660584703033e-01
8.985675127271377516e-01
8.963385465247706296e-01
8.939971721760846535e-01
8.915343623765371595e-01
8.889401646573826810e-01
8.862036015195974281e-01
8.833125666066186099e-01
8.802537224545065042e-01
8.770124100961905755e-01
8.735725888970917730e-01
8.699168389037784666e-01
8.660264820380944029e-01
8.618819205175687337e-01
8.574633653617149687e-01
8.527522617264812199e-01
8.477339622666040242e-01
8.424026529117234485e-01
8.367703860665205440e-01
8.308836810416783125e-01
8.248541434760198188e-01
8.189148455448345132e-01
8.135220530253672866e-01
8.095262517564416616e-01
8.084010943563223472e-01
8.123085932966357392e-01
8.231461029462994183e-01
8.393195591373396880e-01
8.527940314665851673e-01
8.545895448580224096e-01
8.438102556769823126e-01
8.258629957172137770e-01
8.063488180165996333e-01
7.895716639691769956e-01
7.800188677814636762e-01
7.843626198940205629e-01
8.130375733566287400e-01
8.792877842124628973e-01
9.907048217053537886e-01
1.132535184761657598e+00
1.264212379449720869e+00
1.349560035963522253e+00
1.383417106542613073e+00
1.381653756333640182e+00
1.361603222313434447e+00
1.334550192465442597e+00
1.306339938426682501e+00
1.279572180018352601e+00
1.255199954372594684e+00
1.233413965259842371e+00
1.214081762313329982e+00
1.196954043902156428e+00
1.181757209474832981e+00
1.168232131941460583e+00
1.156148105004068727e+00
1.145305703154159804e+00
1.135535001628726226e+00
1.126692136468451899e+00
1.118655540309285934e+00
1.111322413465732240e+00
1.104605628715116694e+00
1.098431105515420114e+00
1.092735621219605324e+00
1.087465002992242580e+00
1.082572640326091129e+00
1.078018262636961877e+00
1.073766933879995999e+00
1.069788223981091857e+00
1.066055524071853000e+00
1.062545478705103186e+00
1.059237513374994721e+00
1.056113439865735248e+00
1.053157125343257228e+00
1.050354213824727934e+00
1.047691890837850526e+00
1.045158683822785095e+00
1.042744292222500757e+00
1.040439442323775721e+00
1.038235762807828921e+00
1.036125677691824176e+00
1.034102313925978400e+00
1.032159421383864517e+00
1.030291303367984801e+00
1.028492756066390568e+00
1.026759015652920493e+00
1.025085711934571764e+00
1.023468827623382982e+00
1.021904662453974710e+00
1.020389801487175951e+00
1.018921087039438067e+00
1.017495593760620487e+00
1.016110606452144127e+00
1.014763600275792266e+00
1.013452223052550227e+00
1.012174279392320519e+00
1.010927716430478629e+00
1.009710610977015977e+00
1.008521157909385346e+00
1.007357659661769267e+00
1.006218516681961272e+00
1.005102218742851772e+00
1.004007337009048539e+00
1.002932516770777438e+00
1.001876470767187888e+00
1.000837973029742312e+00
9.998158531837333385e-01
9.988089911522658459e-01
9.978163122124479312e-01
9.968367823581325560e-01
9.958694039274696985e-01
9.949132114568275398e-01
9.939672677254139943e-01
9.930306599572165105e-01
9.921024961487571181e-01
9.911819014926654958e-01
9.902680148682621031e-01
9.893599853712701231e-01
9.884569688554971645e-01
9.875581244599028752e-01
9.866626110950109663e-01
9.857695838632231089e-01
9.848781903884342714e-01
9.839875670316351464e-01
9.830968349712573273e-01
9.822050961302936090e-01
9.813114289373605637e-01
9.804148839167602381e-01
9.795144791145445895e-01
9.786091953854519909e-01
9.776979715920603997e-01
9.767796998064860459e-01
9.758532206621254312e-01
9.749173190865940697e-01
9.739707207693999447e-01
9.730120898971156285e-01
9.720400289519536274e-01
9.710530817573779228e-01
9.700497415284147218e-01
9.690284665390178631e-01
9.679877072998960275e-01
9.669259510746945896e-01
9.658417925079358923e-01
9.647340436635326588e-01
9.636019037927550102e-01
9.624452201514684946e-01
9.612648886072844290e-01
9.600634706562327647e-01
9.588461485374645266e-01
9.576222136486255421e-01
9.564074041688235273e-01
9.552276063852390697e-01
9.541247588157437676e-01
9.531663165366498491e-01
9.524604128909165413e-01
9.521798588178558287e-01
9.525988081424145992e-01
9.541440158032665764e-01
9.574508911063731587e-01
9.633752103222298357e-01
9.728198097686341361e-01
9.861342568165113454e-01
1.002065671732844665e+00
1.017252437844196278e+00
1.027819969175414405e+00
1.032066643708286602e+00
1.031026503508265302e+00
1.026835866237631123e+00
1.021297123219846226e+00
1.015495123667039534e+00
1.009956501072112101e+00
1.004884220604017830e+00
1.000320592626466665e+00
9.962376356095546948e-01
9.925818836429495251e-01
9.892949169686277022e-01
9.863219299317074196e-01
9.836146991282475049e-01
9.811320664471202546e-01
9.788394117654148907e-01
9.767077916854972619e-01
9.747130401120184251e-01
9.728349484114491297e-01
9.710565618187183556e-01
9.693635936391775676e-01
9.677439451351932398e-01
9.661873150672573018e-01
9.646848831177936567e-01
9.632290532629841362e-01
9.618132453977676910e-01
9.604317256631855759e-01
9.590794677919717293e-01
9.577520393390624998e-01
9.564455079195250953e-01
9.551563635788870021e-01
9.538814542148570386e-01
9.526179315959096838e-01
9.513632060158734305e-01
9.501149080128515889e-01
9.488708558881137067e-01
9.476290280038069946e-01
9.463875390313959413e-01
9.451446194764532294e-01
9.438985979282499272e-01
9.426478855810713764e-01
9.413909626534302522e-01
9.401263663953304262e-01
9.388526804256001057e-01
9.375685251834624534e-01
9.362725493129133714e-01
9.349634218266195118e-01
9.336398249191539822e-01
9.323004473184084429e-01
9.309439780797273967e-01
9.295691007403114048e-01
9.281744877622475354e-01
9.267587952015259312e-01
9.253206575479534512e-01
9.238586826872283719e-01
9.223714469418486939e-01
9.208574901521708878e-01
9.193153107630103182e-01
9.177433608848223345e-01
9.161400413018894184e-01
9.145036964032025040e-01
9.128326090150216121e-01
9.111249951176009221e-01
9.093789984324457398e-01
9.075926848709462424e-01
9.057640368405687203e-01
9.038909474112722942e-01
9.019712143528421100e-01
9.000025340638471150e-01
8.979824954255304359e-01
8.959085736298321168e-01
8.937781240508656522e-01
8.915883762546659153e-01
8.893364282743567717e-01
8.870192413189521563e-01
8.846336351361414607e-01
8.821762843157071599e-01
8.796437159045285004e-01
8.770323088114786447e-01
8.743382956173226805e-01
8.715577675792504087e-01
8.686866838426282600e-01
8.657208861577241343e-01
8.626561207644550811e-01
8.594880695768147838e-01
8.562123934007288550e-01
8.528247906937854728e-01
8.493210763735592472e-01
8.456972864692792191e-01
8.419498160753141613e-01
8.380756002157384588e-01
8.340723500107687371e-01
8.299388601324615422e-01
8.256754081831292336e-01
8.212842726194131693e-01
8.167704035392383544e-01
8.121422904782853447e-01
8.074130838135611388e-01
8.026020419437324138e-01
7.977363955209600954e-01
7.928537427631946466e-01
7.880051157014292817e-01
7.832588841151582049e-01
7.787056871916377965e-01
7.744645930915016185e-01
7.706906658336777349e-01
7.675840360073528101e-01
7.654003750512917703e-01
7.644622820175541733e-01
7.651703934229530102e-01
7.680118835072009542e-01
7.735623185271843782e-01
7.824745935455494905e-01
7.954463324911462685e-01
8.131558558120990376e-01
8.361589015900838806e-01
8.647468821091759406e-01
8.987848538140046362e-01
9.375711602901365405e-01
9.797796568700954944e-01
1.023540955210515691e+00
1.066678128361787214e+00
1.107045871251941982e+00
1.142868609247132961e+00
1.172970973131337802e+00
1.196846183221423443e+00
1.214577737839043881e+00
1.226675411740729471e+00
1.233892639198349350e+00
1.237071415681586517e+00
1.237033746851163851e+00
1.234518805052611912e+00
1.230155438285691405e+00
1.224457830053493623e+00
1.217834103038077487e+00
1.210600735074926160e+00
1.202998427225275613e+00
1.195207087886320352e+00
1.187358894728723469e+00
1.179549144954094242e+00
1.171844990226717176e+00
1.164292320616126197e+00
1.156921109787806490e+00
1.149749521695034415e+00
1.142787041597604913e+00
1.136036849691058226e+00
1.129497612865040912e+00
1.123164832803555724e+00
1.117031857777421866e+00
1.111090640767300020e+00
1.105332307187285590e+00
1.099747580520687329e+00
1.094327102749712122e+00
1.089061677800243544e+00
1.083942459710391937e+00
1.078961102374351499e+00
1.074109884129005543e+00
1.069381817847431249e+00
1.064770755360147536e+00
1.060271493776154594e+00
1.055879890498208296e+00
1.051592993327975512e+00
1.047409191966269582e+00
1.043328397374250205e+00
1.039352255821258675e+00
1.035484404947657033e+00
1.031730779745329007e+00
1.028099976903204205e+00
1.024603686329840668e+00
1.021257198623198859e+00
1.018079996470871773e+00
1.015096435934840446e+00
1.012336519588125761e+00
1.009836756525291257e+00
1.007641093008693645e+00
1.005801880180368091e+00
1.004380819725460450e+00
1.003449792259072826e+00
1.003091424387848596e+00
1.003399187863225128e+00
1.004476749730470297e+00
1.006436212903373262e+00
1.009394817930318045e+00
1.013469647230997639e+00
1.018769926241204660e+00
1.025386708002702596e+00
1.033380115684756406e+00
1.042764931487425217e+00
1.053496120895166754e+00
1.065456713055012772e+00
1.078451031583449460e+00
1.092206214416824528e+00
1.106383975489749760e+00
1.120602628289610880e+00
1.134466934004587868e+00
1.147601158026774204e+00
1.159679675480693728e+00
1.170450026321760539e+00
1.179745285177961955e+00
1.187485215604241695e+00
1.193667998909475836e+00
1.198355718273547588e+00
1.201657079003496165e+00
1.203710303322139685e+00
1.204668177719195876e+00
1.204686237622900391e+00
1.203914283494967208e+00
1.202490915070070887e+00
1.200540522098531460e+00
1.198172109577000821e+00
1.195479386912920772e+00
1.192541653181631744e+00
1.189425124857406590e+00
1.186184456438588608e+00
1.182864289196081442e+00
1.179500727339757304e+00
1.176122686463579425e+00
1.172753089826175543e+00
1.169409907568314644e+00
1.166107045584053648e+00
1.162855096991707526e+00
1.159661971881807974e+00
1.156533421588834987e+00
1.153473473052590181e+00
1.150484787501912187e+00
1.147568956086162162e+00
1.144726743426859539e+00
1.141958288492309403e+00
1.139263270777966852e+00
1.136641048531337184e+00
1.134090774695982740e+00
1.131611495355310693e+00
1.129202234717478825e+00
1.126862070079497791e+00
1.124590199722458994e+00
1.122386006302179107e+00
1.120249117992492494e+00
1.118179469394165571e+00
1.116177364022700180e+00
1.114243540013003075e+00
1.112379240504453026e+00
1.110586289967120610e+00
1.108867177461171805e+00
1.107225147437526314e+00
1.105664298123603562e+00
1.104189686708487050e+00
1.102807439337949891e+00
1.101524862215836897e+00
1.100350547723210948e+00
1.099294466233248224e+00
1.098368030048036736e+00
1.097584110497171306e+00
1.096956982737987474e+00
1.096502165472663437e+00
1.096236115397422939e+00
1.096175730178710728e+00
1.096337611532926859e+00
1.096737045135442123e+00
1.097386671203684605e+00
1.098294853643970947e+00
1.099463810330269631e+00
1.100887642145231604e+00
1.102550486150789766e+00
1.104425100472564703e+00
1.106472236334980375e+00
1.108641132237580429e+00
1.110871350160113069e+00
1.113095962150176810e+00
1.115245823585971907e+00
1.117254408738789895e+00
1.119062520631365576e+00
1.120622183678913641e+00
1.121899193240391224e+00
1.122874078934029685e+00
1.123541548268267798e+00
1.123908725333462977e+00
1.123992632808576531e+00
1.123817378214752916e+00
1.123411427580002009e+00
1.122805226969001646e+00
1.122029305886779627e+00
1.121112892922609072e+00
1.120083003795454557e+00
1.118963924116920694e+00
1.117776996513240473e+00
1.116540625475309412e+00
1.115270425746967886e+00
1.113979455645437655e+00
1.112678491994966823e+00
1.111376316588921664e+00
