9.399801052631582277e-01
9.759602049861499928e-01
9.354825927977843403e-01
9.489751301939062245e-01
9.489751301939062245e-01
8.882587119113577456e-01
1.218825878116343908e+00
1.023184085872576699e+00
1.011940304709141758e+00
8.882587119113577456e-01
1.081651747922438123e+00
9.961990110803328191e-01
8.950049806094186877e-01
9.377313490304712840e-01
8.680199058171749193e-01
8.095522437673133842e-01
1.128875628808864828e+00
1.007442792243767649e+00
9.737114487534630491e-01
9.647164238227150523e-01
9.827064736842109349e-01
9.827064736842109349e-01
8.432835872576180947e-01
9.287363240997233982e-01
8.275422936288091558e-01
1.178348265927978256e+00
1.061412941828255185e+00
1.020935329639889533e+00
1.230069659279778849e+00
1.072656722991690126e+00
9.961990110803328191e-01
1.083900504155125066e+00
