1.004999999999999893e+00
9.959999999999999964e-01
1.002099999999999991e+00
1.006899999999999906e+00
9.941999999999999726e-01
1.039700000000000069e+00
9.977000000000000313e-01
1.007900000000000018e+00
1.001100000000000101e+00
1.005800000000000027e+00
1.030399999999999983e+00
9.862999999999999545e-01
1.008099999999999996e+00
9.838999999999999968e-01
1.032899999999999929e+00
1.008399999999999963e+00
1.001800000000000024e+00
1.003100000000000103e+00
9.857000000000000206e-01
9.988000000000000211e-01
9.846000000000000307e-01
1.012699999999999934e+00
9.916000000000000369e-01
1.000000000000000000e+00
9.888000000000000123e-01
9.916000000000000369e-01
1.019900000000000029e+00
9.943999999999999506e-01
9.898000000000000131e-01
9.979000000000000092e-01
