-8.099230253637443866e-01
0.000000000000000000e+00
-7.329604185427812668e-01
0.000000000000000000e+00
9.290013779148176276e-01
0.000000000000000000e+00
-5.385565923220584361e-01
0.000000000000000000e+00
-3.292537871075615352e-01
0.000000000000000000e+00
7.375047201570439359e-01
0.000000000000000000e+00
5.229473630660195216e-01
0.000000000000000000e+00
3.184567610880739696e-01
0.000000000000000000e+00
-1.039809277961364353e-01
0.000000000000000000e+00
8.396100804738895751e-02
0.000000000000000000e+00
