9.939502548476458754e-01
1.007442792243767649e+00
9.827064736842109349e-01
1.063661698060942351e+00
9.804577174515239912e-01
1.018686573407202589e+00
9.332338365650972856e-01
8.815124432132968035e-01
9.489751301939062245e-01
9.152437867036015140e-01
9.961990110803328191e-01
9.961990110803328191e-01
9.961990110803328191e-01
9.377313490304712840e-01
9.647164238227150523e-01
9.219900554016624561e-01
9.354825927977843403e-01
9.017512493074796298e-01
9.377313490304712840e-01
9.917014986149588207e-01
9.827064736842109349e-01
8.860099556786706909e-01
9.084975180055405719e-01
9.264875678670363435e-01
9.219900554016624561e-01
1.018686573407202589e+00
8.837611994459837472e-01
8.837611994459837472e-01
9.467263739612191698e-01
9.534726426592801118e-01
9.129950304709144593e-01
9.422288614958452824e-01
8.477810997229919820e-01
8.995024930747925751e-01
9.084975180055405719e-01
8.522786121883659805e-01
8.500298559556790368e-01
8.545273684210529241e-01
8.387860747922440963e-01
8.140497562326872716e-01
7.983084626038784437e-01
7.623283628808867896e-01
7.038607008310252544e-01
6.926169196675903139e-01
7.285970193905819681e-01
1.409970157894737453e+00
1.358248764542936859e+00
1.203084584487535080e+00
1.133373141274238716e+00
1.083900504155125066e+00
1.176099509695291312e+00
1.045671648199446357e+00
1.081651747922438123e+00
1.099641797783933894e+00
1.027681598337950586e+00
9.647164238227150523e-01
1.041174135734072470e+00
9.107462742382275156e-01
1.034427867036011417e+00
9.174925429362884577e-01
9.287363240997233982e-01
1.043422891966759414e+00
1.029930354570637530e+00
1.038925379501385526e+00
9.332338365650972856e-01
9.894527423822718770e-01
1.000696523545706818e+00
8.860099556786706909e-01
9.647164238227150523e-01
9.534726426592801118e-01
9.152437867036015140e-01
9.264875678670363435e-01
9.512238864265931682e-01
9.219900554016624561e-01
8.477810997229919820e-01
9.129950304709144593e-01
9.579701551246541102e-01
8.207960249307482137e-01
8.387860747922440963e-01
8.432835872576180947e-01
7.938109501385044453e-01
8.162985124653743263e-01
8.050547313019393858e-01
1.041174135734072470e+00
1.308776127423823210e+00
1.268298515235457558e+00
1.223323390581718018e+00
1.108636822714681891e+00
1.160358216066482484e+00
1.191840803324100140e+00
1.124378116343490719e+00
1.117631847645429888e+00
1.041174135734072470e+00
1.007442792243767649e+00
1.142368166204986712e+00
1.018686573407202589e+00
1.072656722991690126e+00
1.074905479224377070e+00
1.110885578947368835e+00
1.045671648199446357e+00
1.011940304709141758e+00
9.939502548476458754e-01
1.095144285318560007e+00
1.079402991689751179e+00
9.512238864265931682e-01
1.108636822714681891e+00
1.126626872576177663e+00
1.011940304709141758e+00
1.034427867036011417e+00
1.032179110803324473e+00
9.219900554016624561e-01
1.018686573407202589e+00
1.108636822714681891e+00
1.077154235457064235e+00
9.399801052631582277e-01
1.020935329639889533e+00
8.747661745152358614e-01
9.512238864265931682e-01
8.972537368421056314e-01
1.016437817174515645e+00
1.016437817174515645e+00
9.467263739612191698e-01
9.804577174515239912e-01
9.917014986149588207e-01
1.036676623268698583e+00
9.467263739612191698e-01
9.040000055401665735e-01
9.174925429362884577e-01
9.242388116343493998e-01
9.849552299168978786e-01
1.009691548476454592e+00
9.107462742382275156e-01
9.512238864265931682e-01
9.309850803324103419e-01
9.129950304709144593e-01
9.804577174515239912e-01
9.984477673130197628e-01
1.016437817174515645e+00
8.747661745152358614e-01
1.000696523545706818e+00
1.018686573407202589e+00
8.680199058171749193e-01
8.455323434903050384e-01
9.422288614958452824e-01
9.264875678670363435e-01
9.040000055401665735e-01
8.477810997229919820e-01
8.837611994459837472e-01
8.995024930747925751e-01
9.332338365650972856e-01
8.140497562326872716e-01
8.432835872576180947e-01
8.320398060941831542e-01
7.690746315789477316e-01
7.915621939058175016e-01
7.330945318559559665e-01
7.803184127423825611e-01
1.090646772853186119e+00
1.252557221606648730e+00
1.308776127423823210e+00
1.443701501385042052e+00
1.297532346260388270e+00
1.308776127423823210e+00
1.261552246537396726e+00
1.173850753462604368e+00
1.203084584487535080e+00
1.216577121883656964e+00
1.171601997229917425e+00
1.146865678670360600e+00
1.182845778393352365e+00
1.160358216066482484e+00
1.162606972299169428e+00
1.092895529085873063e+00
1.081651747922438123e+00
1.063661698060942351e+00
1.099641797783933894e+00
1.101890554016620838e+00
1.137870653739612603e+00
1.095144285318560007e+00
1.092895529085873063e+00
1.054666673130194354e+00
1.027681598337950586e+00
1.137870653739612603e+00
1.090646772853186119e+00
1.023184085872576699e+00
1.007442792243767649e+00
1.106388066481994947e+00
1.144616922437673656e+00
1.068159210526316238e+00
9.129950304709144593e-01
1.016437817174515645e+00
9.624676675900281086e-01
1.041174135734072470e+00
1.045671648199446357e+00
1.090646772853186119e+00
1.059164185595568242e+00
1.041174135734072470e+00
9.804577174515239912e-01
1.083900504155125066e+00
1.029930354570637530e+00
9.714626925207759944e-01
1.041174135734072470e+00
1.020935329639889533e+00
1.005194036011080705e+00
1.137870653739612603e+00
9.939502548476458754e-01
1.014189060941828702e+00
9.084975180055405719e-01
9.534726426592801118e-01
9.849552299168978786e-01
1.025432842105263642e+00
1.070407966759003182e+00
1.045671648199446357e+00
9.961990110803328191e-01
9.894527423822718770e-01
1.007442792243767649e+00
9.872039861495849333e-01
9.062487617728535172e-01
1.034427867036011417e+00
1.047920404432133301e+00
9.467263739612191698e-01
9.894527423822718770e-01
9.827064736842109349e-01
9.332338365650972856e-01
9.512238864265931682e-01
1.020935329639889533e+00
9.444776177285322261e-01
9.939502548476458754e-01
1.005194036011080705e+00
1.029930354570637530e+00
1.025432842105263642e+00
1.002945279778393761e+00
1.052417916897507411e+00
1.128875628808864828e+00
1.050169160664820467e+00
1.072656722991690126e+00
1.095144285318560007e+00
9.984477673130197628e-01
1.144616922437673656e+00
1.140119409972299547e+00
1.070407966759003182e+00
1.050169160664820467e+00
9.984477673130197628e-01
1.054666673130194354e+00
1.126626872576177663e+00
1.090646772853186119e+00
1.077154235457064235e+00
1.038925379501385526e+00
1.070407966759003182e+00
1.088398016620498954e+00
1.092895529085873063e+00
1.061412941828255185e+00
1.077154235457064235e+00
1.059164185595568242e+00
9.872039861495849333e-01
1.011940304709141758e+00
1.090646772853186119e+00
1.002945279778393761e+00
9.737114487534630491e-01
1.052417916897507411e+00
1.054666673130194354e+00
8.927562243767316330e-01
1.043422891966759414e+00
1.000696523545706818e+00
1.081651747922438123e+00
1.047920404432133301e+00
1.045671648199446357e+00
1.077154235457064235e+00
1.036676623268698583e+00
1.099641797783933894e+00
1.070407966759003182e+00
1.020935329639889533e+00
1.041174135734072470e+00
9.782089612188369365e-01
9.489751301939062245e-01
9.917014986149588207e-01
1.059164185595568242e+00
1.079402991689751179e+00
1.036676623268698583e+00
1.063661698060942351e+00
9.961990110803328191e-01
9.961990110803328191e-01
1.065910454293629295e+00
1.023184085872576699e+00
1.090646772853186119e+00
9.647164238227150523e-01
9.512238864265931682e-01
1.092895529085873063e+00
1.077154235457064235e+00
9.939502548476458754e-01
1.002945279778393761e+00
9.939502548476458754e-01
1.023184085872576699e+00
1.050169160664820467e+00
1.079402991689751179e+00
1.131124385041551772e+00
1.050169160664820467e+00
1.009691548476454592e+00
1.106388066481994947e+00
9.894527423822718770e-01
1.023184085872576699e+00
1.059164185595568242e+00
9.759602049861499928e-01
1.095144285318560007e+00
1.014189060941828702e+00
1.020935329639889533e+00
9.872039861495849333e-01
1.016437817174515645e+00
9.737114487534630491e-01
1.050169160664820467e+00
1.052417916897507411e+00
1.025432842105263642e+00
9.714626925207759944e-01
1.038925379501385526e+00
9.579701551246541102e-01
9.422288614958452824e-01
9.287363240997233982e-01
9.917014986149588207e-01
9.759602049861499928e-01
9.669651800554021071e-01
9.557213988919671666e-01
1.000696523545706818e+00
9.129950304709144593e-01
9.714626925207759944e-01
1.050169160664820467e+00
1.074905479224377070e+00
1.014189060941828702e+00
9.534726426592801118e-01
1.020935329639889533e+00
1.020935329639889533e+00
9.219900554016624561e-01
9.849552299168978786e-01
1.038925379501385526e+00
9.422288614958452824e-01
1.065910454293629295e+00
9.197412991689754014e-01
1.070407966759003182e+00
9.804577174515239912e-01
9.647164238227150523e-01
9.827064736842109349e-01
9.624676675900281086e-01
1.002945279778393761e+00
1.045671648199446357e+00
1.097393041551246951e+00
9.309850803324103419e-01
1.009691548476454592e+00
9.804577174515239912e-01
1.059164185595568242e+00
1.025432842105263642e+00
1.025432842105263642e+00
1.119880603878116831e+00
1.065910454293629295e+00
1.005194036011080705e+00
9.961990110803328191e-01
9.624676675900281086e-01
9.174925429362884577e-01
1.005194036011080705e+00
1.068159210526316238e+00
9.669651800554021071e-01
1.032179110803324473e+00
9.602189113573410539e-01
1.068159210526316238e+00
1.036676623268698583e+00
1.011940304709141758e+00
1.034427867036011417e+00
1.020935329639889533e+00
1.045671648199446357e+00
9.377313490304712840e-01
1.083900504155125066e+00
1.025432842105263642e+00
1.059164185595568242e+00
1.047920404432133301e+00
1.054666673130194354e+00
1.025432842105263642e+00
1.050169160664820467e+00
1.034427867036011417e+00
9.894527423822718770e-01
9.647164238227150523e-01
1.034427867036011417e+00
9.782089612188369365e-01
1.032179110803324473e+00
9.961990110803328191e-01
9.872039861495849333e-01
1.000696523545706818e+00
9.399801052631582277e-01
9.872039861495849333e-01
9.602189113573410539e-01
1.079402991689751179e+00
9.467263739612191698e-01
9.872039861495849333e-01
9.489751301939062245e-01
1.009691548476454592e+00
1.050169160664820467e+00
1.038925379501385526e+00
9.917014986149588207e-01
9.961990110803328191e-01
9.242388116343493998e-01
9.624676675900281086e-01
1.063661698060942351e+00
9.669651800554021071e-01
8.275422936288091558e-01
1.007442792243767649e+00
1.063661698060942351e+00
1.014189060941828702e+00
1.043422891966759414e+00
8.612736371191138662e-01
9.737114487534630491e-01
9.692139362880890507e-01
9.782089612188369365e-01
1.007442792243767649e+00
1.000696523545706818e+00
1.034427867036011417e+00
8.927562243767316330e-01
1.063661698060942351e+00
1.000696523545706818e+00
9.557213988919671666e-01
1.070407966759003182e+00
9.107462742382275156e-01
9.197412991689754014e-01
9.939502548476458754e-01
8.837611994459837472e-01
1.002945279778393761e+00
9.174925429362884577e-01
1.009691548476454592e+00
1.045671648199446357e+00
9.894527423822718770e-01
1.018686573407202589e+00
1.083900504155125066e+00
1.083900504155125066e+00
1.077154235457064235e+00
1.090646772853186119e+00
1.036676623268698583e+00
1.090646772853186119e+00
1.009691548476454592e+00
1.122129360110803775e+00
1.155860703601108597e+00
9.624676675900281086e-01
1.027681598337950586e+00
1.047920404432133301e+00
1.115383091412742722e+00
1.113134335180055778e+00
1.081651747922438123e+00
9.467263739612191698e-01
9.917014986149588207e-01
1.097393041551246951e+00
1.090646772853186119e+00
1.090646772853186119e+00
1.025432842105263642e+00
1.041174135734072470e+00
1.099641797783933894e+00
1.011940304709141758e+00
1.117631847645429888e+00
1.025432842105263642e+00
1.016437817174515645e+00
9.444776177285322261e-01
1.072656722991690126e+00
1.077154235457064235e+00
1.072656722991690126e+00
9.399801052631582277e-01
1.160358216066482484e+00
1.007442792243767649e+00
1.023184085872576699e+00
1.047920404432133301e+00
9.624676675900281086e-01
1.083900504155125066e+00
1.005194036011080705e+00
1.054666673130194354e+00
1.070407966759003182e+00
1.034427867036011417e+00
9.602189113573410539e-01
