9.889523135833135914e-01 -2.368834716068949043e-16
9.887440388473608399e-01 -2.406781792105941698e-16
9.885284182398145214e-01 -2.442560463797963344e-16
9.883049793076602585e-01 -2.481591742007441504e-16
9.880732050177493120e-01 -2.521707222389405168e-16
9.878325282195122847e-01 -2.563991107116339841e-16
9.875823252521738205e-01 -2.608443396188245523e-16
9.873219085374903559e-01 -2.652895685260151205e-16
9.870505179642792282e-01 -2.703853187366969913e-16
9.867673108274594984e-01 -2.752642285128817612e-16
9.864713500294419735e-01 -2.806852393753092834e-16
9.861615901820951491e-01 -2.861062502377368056e-16
9.858368611586673103e-01 -2.919609419691585295e-16
9.854958485308521476e-01 -2.982493145695744552e-16
9.851370701783542794e-01 -3.047545276044874819e-16
9.847588481654537818e-01 -3.115850012911461598e-16
9.843592747254098496e-01 -3.190659962812961404e-16
9.839361708570085741e-01 -3.267638317059432219e-16
9.834870355869191894e-01 -3.352206086513301564e-16
9.830089833421044032e-01 -3.442194866829598432e-16
9.824986660436271224e-01 -3.537604658008322823e-16
9.819521753818722942e-01 -3.641688066566931248e-16
9.813649191221716084e-01 -3.754445092505423709e-16
9.807314630056681581e-01 -3.873707331478829197e-16
9.800453265252192514e-01 -4.007064198694546243e-16
9.792987160579685879e-01 -4.154515694152574846e-16
9.784821717086638060e-01 -4.313893413507943997e-16
9.775840934326751608e-01 -4.491702569795566232e-16
9.765900953533160900e-01 -4.695532578222841065e-16
9.754821108870935786e-01 -4.916709821409883970e-16
9.742371287072900676e-01 -5.172581534116463016e-16
9.728253686834024139e-01 -5.460979311997607196e-16
9.712075851515955538e-01 -5.799250389813084579e-16
9.693309680918318350e-01 -6.196068384942779202e-16
9.671227108596681665e-01 -6.668780532146459135e-16
9.644795319192518424e-01 -7.239070874873834467e-16
9.612498333062863276e-01 -7.950307500024325376e-16
9.572016577620091615e-01 -8.852363707532265065e-16
9.519612387461335867e-01 -1.004064928857637792e-15
9.448849699632064780e-01 -1.168429978206440265e-15
9.347620817446666841e-01 -1.410423903105204854e-15
9.190130308462167719e-01 -1.801387206503477753e-15
8.909924872712589039e-01 -2.539945726400603374e-15
8.267676299033930309e-01 -4.430577474780826006e-15
5.243145202942774974e-01 -1.700081746257776520e-14
1.528966074965272703e+00 1.519090366950628126e-15
1.159406020578118257e+00 2.445649543556740216e-15
1.089813933805281909e+00 1.616018041170832223e-15
1.060279851410945273e+00 1.169760426975798598e-15
1.043867515647940447e+00 8.987098838544224892e-16
1.033364765592024170e+00 7.176481210493432487e-16
1.026022972678504619e+00 5.881943816545740193e-16
1.020566321607168980e+00 4.914835478688670238e-16
1.016321539460443901e+00 4.158062362293787650e-16
1.012899437728606022e+00 3.555245954391847185e-16
1.010059069584315239e+00 3.056512955048515145e-16
1.007642978187307303e+00 2.646684533848994469e-16
1.005543601395482822e+00 2.297571434308662041e-16
1.003684628112717192e+00 1.998331634702662817e-16
1.002010063887035063e+00 1.735954708961170744e-16
1.000477508664905590e+00 1.508272252739214813e-16
9.990538466841931697e-01 1.306610648656910988e-16
9.977123699800027889e-01 1.133138301059230279e-16
9.964307767081698186e-01 9.705079751864046139e-17
9.951897092548536161e-01 8.317300971082600464e-17
9.939716197045038726e-01 7.059626450999415320e-17
9.927598173220282263e-01 5.932056191614490709e-17
9.915375866064949362e-01 4.891222106028406452e-17
9.902872754421762069e-01 4.023860368040002905e-17
9.889892437153853244e-01 3.221550760400729624e-17
9.876205299352655009e-01 2.549345413459716875e-17
9.861530251235783862e-01 1.985560283767254569e-17
9.845508133714645504e-01 1.551879414773052795e-17
9.827660914710709683e-01 1.204934719577691377e-17
9.807325947854571568e-01 1.009778328530300578e-17
9.783544542261659593e-01 9.664102416308804011e-18
9.754862014711387364e-01 1.139882589228561111e-17
9.718943722874054947e-01 1.616931545122183061e-17
9.671772673786521723e-01 2.614397543808847141e-17
9.605777479579022948e-01 4.305752932886234058e-17
9.504750296621506944e-01 7.536675406893037271e-17
9.326561034116381821e-01 1.451893739769968583e-16
8.916658268577994928e-01 3.542235528322021131e-16
6.880367828223102888e-01 2.315545282858479684e-15
1.294592795766484894e+00 9.440295346643165745e-16
1.092625453021446535e+00 -9.572034874928222697e-17
1.051757998772593350e+00 -1.232590839304140396e-16
1.033959653840877291e+00 -1.137181048125416006e-16
1.023849783452151163e+00 -1.007076787427155474e-16
1.017228808025268938e+00 -8.639621006590688884e-17
1.012479105166016913e+00 -7.165106052010402854e-17
1.008843635572034270e+00 -5.517118749832436114e-17
1.005919247549613260e+00 -3.652291013157368488e-17
1.003469677649440062e+00 -1.397150494387519265e-17
1.001344984791895820e+00 1.378407067175372086e-17
9.994423643264945811e-01 4.847854019128986275e-17
9.976846737577232949e-01 9.228030795970424188e-17
9.960065238401627497e-01 1.508272252739214813e-16
9.943422565798427648e-01 2.297571434308662041e-16
9.926102292692164930e-01 3.416468076313702617e-16
9.906823667551818424e-01 5.081802613251437921e-16
9.883046401448126739e-01 7.805318470535025059e-16
9.848196209025161796e-01 1.294877357680625809e-15
9.776646775404383982e-01 2.592450517711277516e-15
9.354093877343371277e-01 1.160824210323173740e-14
1.021106766923304265e+00 -6.670972844004872368e-15
1.001620567882085089e+00 -2.966470861056400818e-15
9.962051932593898318e-01 -2.053572631823606085e-15
9.932868435046885436e-01 -1.647213657576039023e-15
9.912521626496062499e-01 -1.420832243961065697e-15
9.896281436334987136e-01 -1.279452280668955919e-15
9.882243936583593458e-01 -1.186210893835202537e-15
9.869484061500493066e-01 -1.121158763486072271e-15
9.857489829946929349e-01 -1.076489633979669489e-15
9.845948170077309936e-01 -1.043963568805104356e-15
9.834651190561091161e-01 -1.020544801879417460e-15
9.823450514974112480e-01 -1.006233333202608801e-15
9.812233076290383105e-01 -9.975597158227247659e-16
9.800907356529604542e-01 -9.936565880017769499e-16
9.789395066261371570e-01 -9.945239497397653535e-16
9.777625811293660929e-01 -9.979933966917189677e-16
9.765533465852941353e-01 -1.004064928857637792e-15
9.753053544925688323e-01 -1.016207993189475442e-15
9.740121163820395500e-01 -1.030085780997289899e-15
9.726669331466548662e-01 -1.044830930543092759e-15
9.712627411283799583e-01 -1.063912888778837637e-15
9.697919631843787691e-01 -1.084729570490559322e-15
9.682463555380209641e-01 -1.108148337416246218e-15
9.666168423975227686e-01 -1.135036551293886728e-15
9.648933305317302089e-01 -1.165394212123480852e-15
9.630644954304720118e-01 -1.195751872953074976e-15
9.611175294008595937e-01 -1.232181065948587925e-15
9.590378399067541748e-01 -1.272079705896054489e-15
9.568086834928867246e-01 -1.314580431057486262e-15
9.544107164840075486e-01 -1.359683241432883247e-15
9.518214379092850841e-01 -1.414327030926152670e-15
9.490144921779641862e-01 -1.469838182157410497e-15
9.459587880580324626e-01 -1.530553503816598746e-15
9.426173752296929109e-01 -1.599942442855671029e-15
9.389459982838102015e-01 -1.676270275798650542e-15
9.348912179010998580e-01 -1.761271726121514089e-15
9.303879463814292983e-01 -1.858416240776215286e-15
9.253561846278502978e-01 -1.967703819762754133e-15
9.196966637138777045e-01 -2.082195569177223402e-15
9.132849797554211113e-01 -2.217504000303414355e-15
9.059636645931696819e-01 -2.370159666189373379e-15
8.975314781165133482e-01 -2.547101460739007703e-15
8.877291400605351601e-01 -2.748329383952317326e-15
8.762210871865252493e-01 -2.977312882781255862e-15
8.625747788303534946e-01 -3.234051957225823312e-15
8.462462524164870992e-01 -3.560179970709463046e-15
8.266052665409442390e-01 -3.907124665904824465e-15
8.031178550545117201e-01 -4.261008255004093112e-15
7.761020435534605744e-01 -4.566319586776011161e-15
7.495426072004356399e-01 -4.538564011160382247e-15
7.409483667759121372e-01 -3.317318684072710053e-15
8.074836772578046773e-01 1.151328990043545022e-15
1.036374119463602916e+00 9.644535128425991768e-15
1.304160411254753349e+00 1.425196068062039141e-14
1.389145591446922179e+00 1.266989287052954334e-14
1.361347551671364897e+00 1.007474655046823993e-14
1.311743838265111428e+00 8.111039575662494296e-15
1.267130058365675049e+00 6.667749643649791583e-15
1.231279836191324639e+00 5.637323898919568168e-15
1.202985905023012281e+00 4.851494164302074555e-15
1.180490590296406017e+00 4.259953458993983336e-15
1.162346411308140759e+00 3.781169779624384577e-15
1.147481941601221855e+00 3.399964295778481218e-15
1.135122261093747031e+00 3.086629867930170437e-15
1.124705438107850064e+00 2.825120303926666768e-15
1.115819189527754274e+00 2.604187006228433102e-15
1.108156532292814411e+00 2.415942404030637394e-15
1.101485356079317413e+00 2.250709992943846518e-15
1.095627529107678244e+00 2.109546870086233841e-15
1.090444414292863318e+00 1.981177332863950116e-15
1.085826698502010412e+00 1.869721349532440260e-15
1.081687148954283195e+00 1.770191590098270953e-15
1.077955380330528401e+00 1.679552288478482783e-15
1.074574021767430221e+00 1.599321327714555454e-15
1.071495871951895218e+00 1.526029260854535355e-15
1.068681761140204634e+00 1.458375045291439878e-15
1.066098925555151844e+00 1.397659723632251630e-15
1.063719757776754093e+00 1.341281210663005399e-15
1.061520836291129699e+00 1.289239506383701186e-15
1.059482164597986609e+00 1.241534610794338991e-15
1.057586569267647381e+00 1.197732843025924612e-15
1.055819219739368764e+00 1.156533160471475444e-15
1.054167242218186695e+00 1.117068201393003082e-15
1.052619406930340729e+00 1.081940051004472739e-15
1.051165873030639464e+00 1.048112943222925000e-15
1.049797979161501971e+00 1.016454239786348271e-15
1.048508070418239235e+00 9.873976215637367519e-16
1.047289354540768214e+00 9.596420459481078384e-16
1.046135781713759982e+00 9.327538320704673284e-16
1.045041943547321051e+00 9.080340225377978273e-16
1.044002987723846809e+00 8.846152556121109316e-16
1.043014545502713109e+00 8.620638504244124393e-16
1.042072669823515874e+00 8.412471687126907542e-16
1.041173782177940765e+00 8.212978487389574726e-16
1.040314626757684380e+00 8.019990500687154937e-16
1.039492230651857030e+00 7.837844535709590192e-16
1.038703869077458375e+00 7.662203783766938474e-16
1.037947034792464862e+00 7.499573457894112809e-16
1.037219410971566003e+00 7.341279940711229161e-16
1.036518846926056892e+00 7.191660040908229549e-16
1.035843336126587522e+00 7.046376949795171955e-16
1.035190996043550804e+00 6.914104284751940414e-16
1.034560049356832323e+00 6.777494811018766855e-16
1.033948806105108087e+00 6.649558954665477332e-16
1.033355646344299217e+00 6.528128311347100836e-16
1.032779002863088325e+00 6.411034476718666357e-16
1.032217343456643288e+00 6.298277450780173896e-16
1.031669152181423632e+00 6.189857233531623452e-16
1.031132908894158540e+00 6.083605420628044018e-16
1.030607066201560507e+00 5.988195629449319628e-16
1.030090022690969942e+00 5.892785838270595237e-16
1.029580090940722670e+00 5.795207642746899838e-16
1.029075458268231325e+00 5.710639873293030492e-16
1.028574137378534203e+00 5.621735295149219129e-16
1.028073902890864089e+00 5.539335930040320792e-16
1.027572207925291581e+00 5.463441777966335481e-16
1.027066072159453336e+00 5.385379221547379162e-16
1.026551928392491320e+00 5.311653473818364861e-16
1.026025407585636096e+00 5.242264534779292577e-16
1.025481030609018296e+00 5.175044000085191302e-16
1.024911754811942188e+00 5.112160274081032045e-16
1.024308287846946497e+00 5.053613356766814805e-16
1.023658015257738807e+00 4.992898035107626557e-16
1.022943260774713536e+00 4.936519522138380327e-16
1.022138337570877686e+00 4.886646222204047123e-16
1.021204280312661528e+00 4.834604517924742910e-16
1.020078807158161682e+00 4.784731217990409706e-16
1.018655574850116263e+00 4.732689513711105493e-16
1.016736519581558085e+00 4.667637383361975227e-16
1.013905302505199169e+00 4.550543548733540748e-16
1.009111423740091107e+00 4.264314175197367084e-16
9.987181912190095101e-01 3.080365402843196242e-16
9.557931183227397209e-01 -1.090584262221981046e-15
1.140220490119268737e+00 -5.755255689123615323e-15
1.056188080677554098e+00 -2.008879594803761571e-16
1.042723752573296636e+00 1.488756613634475733e-16
1.037116066041759321e+00 2.473212186251313759e-16
1.033981708110140563e+00 2.885209011795805444e-16
1.031942986907536275e+00 3.091207424568051287e-16
1.030486471251858438e+00 3.203964450506543748e-16
1.029377104238454077e+00 3.262511367820760987e-16
1.028492025920365593e+00 3.292869028650355112e-16
1.027760742453268650e+00 3.308047859065152174e-16
1.027139894061477987e+00 3.299374241685268138e-16
1.026601331389967786e+00 3.295037432995326120e-16
1.026125972650819174e+00 3.282027006925500067e-16
1.025700416254551106e+00 3.260342963475789979e-16
1.025314967197183957e+00 3.240827324371050899e-16
1.024962433582678134e+00 3.214806472231398792e-16
1.024637364090239755e+00 3.188785620091746686e-16
1.024335548761667436e+00 3.158427959262152562e-16
1.024053682816163713e+00 3.128070298432558438e-16
1.023789134611748253e+00 3.099881041947935322e-16
1.023539781992891085e+00 3.067354976773370189e-16
1.023303894650375856e+00 3.032660507253834047e-16
1.023080048122188890e+00 3.000134442079268914e-16
1.022867059986655169e+00 2.965439972559732772e-16
1.022663941905029406e+00 2.930745503040196631e-16
1.022469863176418192e+00 2.897135235693145993e-16
1.022284122790753758e+00 2.861356564001124347e-16
1.022106127855472169e+00 2.824493690136617196e-16
1.021935376881696778e+00 2.785462411927139036e-16
1.021771446842128617e+00 2.747515335890146381e-16
1.021613983216975940e+00 2.709568259853153726e-16
1.021462692466477806e+00 2.669452779471190062e-16
1.021317336535980003e+00 2.628253096916740894e-16
1.021177729131047984e+00 2.587053414362291725e-16
1.021043733609613202e+00 2.543685327462871548e-16
1.020915262436664639e+00 2.498148836218480361e-16
1.020792278244353701e+00 2.453696547146574680e-16
1.020674796646622751e+00 2.402739045039755971e-16
1.020562891084534574e+00 2.355034149450393776e-16
1.020456700142153617e+00 2.300824040826118554e-16
1.020356437995841858e+00 2.244445527856872324e-16
1.020262408976724267e+00 2.185898610542655084e-16
1.020175027691328618e+00 2.121930682366010323e-16
1.020094846847791947e+00 2.054710147671909048e-16
1.020022596023234307e+00 1.980984399942894746e-16
1.019959236338240371e+00 1.899669237006481914e-16
1.019906038832290029e+00 1.810764658862670550e-16
1.019864699095940797e+00 1.712102261166489647e-16
1.019837509006130905e+00 1.598261033055511681e-16
1.019827621399610473e+00 1.471409378874707662e-16
1.019839471815396026e+00 1.320705276899222546e-16
1.019879477607443352e+00 1.142896120611599819e-16
1.019957253036967160e+00 9.260556861144989321e-17
1.020087846484292626e+00 6.539209408206373192e-17
1.020296165887948137e+00 3.026394369353338826e-17
1.020626575103358524e+00 -1.787463276482300861e-17
1.021166413936337225e+00 -8.748041223839239328e-17
1.022114527272213191e+00 -1.993700764388964509e-16
1.024042345667944609e+00 -4.093800372493386597e-16
1.029534629927266076e+00 -9.543000491405531390e-16
1.117531091494390560e+00 -3.295526220405751414e-15
1.001758701799827067e+00 2.182838936946253941e-15
1.010069932323718556e+00 1.103081993367940075e-15
1.012516882089363968e+00 7.969032998580336228e-16
1.013652716587744917e+00 6.518370491794731296e-16
1.014286633034668483e+00 5.666187584221124811e-16
1.014675872595864448e+00 5.102402454528662505e-16
1.014927751481002449e+00 4.699079246364054856e-16
1.015094976948115901e+00 4.397671042413084130e-16
1.015206448434638364e+00 4.158062362293787650e-16
1.015279324120307525e+00 3.965074375591367861e-16
1.015324423486395844e+00 3.802444049718542196e-16
1.015348897546712648e+00 3.664750373812883132e-16
1.015357653460339904e+00 3.546572337011963149e-16
1.015354162383777181e+00 3.442488928453354723e-16
1.015340940966667160e+00 3.349247541619601342e-16
1.015319850445133953e+00 3.262511367820760987e-16
1.015292288989500857e+00 3.187701417919261181e-16
1.015259319070848321e+00 3.117228276707703393e-16
1.015221753884887557e+00 3.050007742013602118e-16
1.015180217172817034e+00 2.988208218181928366e-16
1.015135185258651873e+00 2.929661300867711126e-16
1.015087016868299274e+00 2.873282787898464896e-16
1.015035974314215883e+00 2.817988477101704169e-16
1.014982238384739555e+00 2.765946772822399957e-16
1.014925918469022248e+00 2.713905068543095744e-16
1.014867058902965136e+00 2.662947566436277035e-16
1.014805642133645547e+00 2.613074266501943831e-16
1.014741589002750910e+00 2.563200966567610627e-16
1.014674756197413430e+00 2.511159262288306415e-16
1.014604930673463246e+00 2.459117558009002202e-16
1.014531820587398991e+00 2.407075853729697989e-16
1.014455041940251379e+00 2.351781542932937263e-16
1.014374099686353059e+00 2.295403029963691032e-16
1.014288361414086959e+00 2.233603506132017280e-16
1.014197020738115684e+00 2.170719780127858022e-16
1.014099046043323904e+00 2.101330841088785739e-16
1.013993107826046458e+00 2.026520891187285933e-16
1.013877473937012441e+00 1.943037323905902091e-16
1.013749855334917127e+00 1.851964341417119719e-16
1.013607173180165022e+00 1.746796730686025789e-16
1.013445196541649773e+00 1.626450289540134796e-16
1.013257958713855711e+00 1.486588209289504725e-16
1.013036776829941310e+00 1.318536872554251537e-16
1.012768520464927047e+00 1.111454257609520190e-16
1.012432360291911193e+00 8.490773318680281173e-17
1.011993173833530379e+00 5.043010410176377073e-17
1.011386769874208280e+00 3.050469164147226963e-18
1.010482003269213891e+00 -6.688057096116780903e-17
1.008962745440188158e+00 -1.815891608101341781e-16
1.005824198018020477e+00 -4.024411433454314314e-16
9.952554910589995751e-01 -9.691536189036045497e-16
1.113427143831403843e+00 2.133884818107189114e-14
1.028452613112900371e+00 1.764228478149600679e-15
1.021996694686116092e+00 1.019381585652059133e-15
1.019604433060455007e+00 7.712077083701271678e-16
1.018348434499000810e+00 6.475002404895311118e-16
1.017568992840636399e+00 5.737744927605168103e-16
1.017034542708588507e+00 5.247685545641720099e-16
1.016642834565113729e+00 4.898572446101387671e-16
1.016341734374354377e+00 4.638363924704866607e-16
1.016101880416063752e+00 4.435618118450076785e-16
1.015905481956372425e+00 4.276240399094707633e-16
1.015741138342251437e+00 4.147220340568932606e-16
1.015601213898530197e+00 4.040968527665353171e-16
1.015480409570793441e+00 3.952063949521541807e-16
1.015374939890833161e+00 3.877253999620042001e-16
1.015282035868302124e+00 3.814370273615882744e-16
1.015199632703035260e+00 3.761244367164093027e-16
1.015126166990490741e+00 3.717876280264672850e-16
1.015060441280178027e+00 3.678845002055194690e-16
1.015001531450693939e+00 3.648487341225600566e-16
1.014948722114320301e+00 3.623550691258433964e-16
1.014901460871157068e+00 3.601866647808723875e-16
1.014859325567472048e+00 3.585603615221441309e-16
1.014822000757720222e+00 3.574761593496586264e-16
1.014789260860100129e+00 3.568256380461673238e-16
1.014760958333707386e+00 3.563919571771731220e-16
1.014737015767246175e+00 3.567172178289187733e-16
1.014717421160768795e+00 3.572593189151615256e-16
1.014702225969170479e+00 3.581266806531499291e-16
1.014691545702755215e+00 3.594277232601325344e-16
1.014685563077093455e+00 3.611624467361093415e-16
1.014684533896543117e+00 3.635476915155774513e-16
1.014688796066815835e+00 3.665834575985368637e-16
1.014698782388413489e+00 3.698902742246176522e-16
1.014715038119209378e+00 3.739018222628140186e-16
1.014738244760478469e+00 3.786181017131259629e-16
1.014769252191878968e+00 3.841475327928020355e-16
1.014809122277389397e+00 3.907069559363393373e-16
1.014859188583184579e+00 3.981337408178650427e-16
1.014921139223018631e+00 4.069157784149976286e-16
1.014997133656407868e+00 4.171072788363613703e-16
1.015089970549927667e+00 4.291419229509504695e-16
1.015203334504346744e+00 4.433449714105105776e-16
1.015342168279798285e+00 4.603127354099087713e-16
1.015513251638663794e+00 4.806957362526362547e-16
1.015726134016137649e+00 5.056865963284271319e-16
1.015994701750888796e+00 5.366947784615125587e-16
1.016339947787928244e+00 5.760513173227363696e-16
1.016795177889830759e+00 6.274967104071735550e-16
1.017416583510516004e+00 6.974277505324885910e-16
1.018306974286699029e+00 7.973911908356520998e-16
1.019676781214936989e+00 9.511310588940966286e-16
1.022034829271610601e+00 1.217465322565160793e-15
1.027007851244580605e+00 1.788351976487403153e-15
1.044152680208237927e+00 3.863840195276404291e-15
8.700447101769835934e-01 -9.277828547529020018e-15
9.911351856114624104e-01 -1.998440951352718184e-15
1.001093778268554280e+00 -1.020870062531163111e-15
1.004780292458019142e+00 -6.440555974838260452e-16
1.006697988775303143e+00 -4.449418685068631559e-16
1.007872473978834060e+00 -3.219933421470070024e-16
1.008665591781310766e+00 -2.386724051914959866e-16
1.009237708807341649e+00 -1.785533947271747657e-16
1.009670899224934804e+00 -1.332337439172806804e-16
1.010011617990932864e+00 -9.799717331150178629e-17
1.010288228789117504e+00 -6.953686628375729489e-17
1.010519133639897982e+00 -4.649757011844032567e-17
1.010716908787879342e+00 -2.719877144819834675e-17
1.010890572119242714e+00 -1.098994896954005546e-17
1.011046910107203267e+00 2.996259055522951742e-18
1.011191305849128197e+00 1.492248295286350052e-17
1.011328295419403389e+00 2.538503391734861830e-17
1.011461980166456165e+00 3.454654227485113077e-17
1.011596376428427924e+00 4.278647878574096447e-17
1.011735766892292165e+00 5.005063334139384418e-17
1.011885121538898646e+00 5.666426659355542122e-17
1.012050683828235043e+00 6.251895832497714517e-17
1.012240886468864343e+00 6.810259951327749300e-17
1.012467917300806652e+00 7.314413961533508862e-17
1.012750624645881725e+00 7.796883928289558335e-17
1.013120398052996363e+00 8.263090862458325242e-17
1.013634390607368374e+00 8.740139818351947193e-17
1.014409675379349896e+00 9.265977872007416843e-17
1.015730984800873538e+00 9.949025240673284637e-17
1.018520783304340371e+00 1.116875268471947713e-16
1.028407216021645976e+00 1.603682043917939203e-16
9.468448499599251278e-01 3.687518619435078726e-16
9.994253907019545746e-01 8.463668264368143562e-17
1.004553570140402030e+00 8.837718013875642592e-17
1.006492176815422690e+00 9.222609785107996666e-17
1.007510028665002944e+00 9.531607404266365430e-17
1.008136161670080799e+00 9.780973903938031450e-17
1.008559237523049879e+00 9.992393327572704814e-17
1.008863380968517909e+00 1.017128668603281305e-16
1.009091792206249671e+00 1.033933802276806623e-16
1.009268946044996618e+00 1.048570531605360933e-16
1.009409753782979147e+00 1.061580957675186986e-16
1.009523824343948606e+00 1.074049282658770287e-16
1.009617632812024324e+00 1.084891304383625332e-16
1.009695704685585893e+00 1.095733326108480376e-16
1.009761300478482005e+00 1.104949044574607164e-16
1.009816830504225660e+00 1.113622661954491199e-16
1.009864116296256276e+00 1.121754178248132482e-16
1.009904561006714996e+00 1.129343593455531013e-16
1.009939263749394245e+00 1.135848806490444040e-16
1.009969098297467616e+00 1.142896120611599819e-16
1.009994768471016213e+00 1.148317131474027341e-16
1.010016847899271486e+00 1.154822344508940368e-16
1.010035809076020197e+00 1.159701254285125138e-16
1.010052044932471249e+00 1.164580164061309908e-16
1.010065885087262361e+00 1.168916972751251925e-16
1.010077608248552528e+00 1.173795882527436695e-16
1.010087451793426183e+00 1.177048489044893209e-16
1.010095619248761567e+00 1.180843196648592474e-16
1.010102286192650745e+00 1.184095803166048987e-16
1.010107604953510041e+00 1.187890510769748253e-16
1.010111708384336948e+00 1.190601016200962014e-16
1.010114712918596114e+00 1.193311521632175775e-16
1.010116721063056389e+00 1.195479925977146784e-16
1.010117823445583651e+00 1.197648330322117793e-16
