9.498584075346283573e-01 -2.946260473155049968e-16
9.251703565650933880e-01 -5.013672372346712734e-16
1.107201671911351548e+00 8.853132885118433684e-16
9.090370023268741217e-01 -7.758812186244052335e-16
1.041548680554015061e+00 -5.700866264399166619e-16
9.868043628808876866e-01 -1.475310340714766842e-16
8.772296064265927562e-01 -1.233074756436049166e-15
1.100455518448751446e+00 3.358253714087905228e-16
1.019932282437673532e+00 -8.386398307777228665e-16
9.861441010526301731e-01 -1.413291784719432754e-15
1.054868745263155327e+00 -3.265873023373458155e-15
1.037443574404432800e+00 -2.670063161495794332e-15
1.036725898504154975e+00 -1.954793263998106973e-15
1.022429794570635764e+00 -1.841397684999196670e-16
1.013100007867035135e+00 -2.930128505520253195e-16
1.005808420720217145e+00 3.612558159209760176e-16
1.000755982382267817e+00 3.523704436717273116e-16
9.866608277008276362e-01 -2.436045065217725722e-16
1.051653557229922598e+00 1.503431513302135246e-15
1.028544393240996335e+00 8.971252843414811095e-16
