1.010400682562312635e+00 0.000000000000000000e+00
1.010360302092595530e+00 0.000000000000000000e+00
1.010318878788122321e+00 0.000000000000000000e+00
1.010276371416160446e+00 0.000000000000000000e+00
1.010232736530433995e+00 0.000000000000000000e+00
1.010187928320047002e+00 0.000000000000000000e+00
1.010141898445828357e+00 0.000000000000000000e+00
1.010094595862861544e+00 0.000000000000000000e+00
1.010045966627814318e+00 0.000000000000000000e+00
1.009995953689524661e+00 0.000000000000000000e+00
1.009944496661119961e+00 0.000000000000000000e+00
1.009891531571734058e+00 0.000000000000000000e+00
1.009836990595657458e+00 0.000000000000000000e+00
1.009780801756486435e+00 0.000000000000000000e+00
1.009722888603531210e+00 0.000000000000000000e+00
1.009663169857393461e+00 0.000000000000000000e+00
1.009601559021229500e+00 0.000000000000000000e+00
1.009537963953744955e+00 0.000000000000000000e+00
1.009472286399453855e+00 0.000000000000000000e+00
1.009404421471112201e+00 0.000000000000000000e+00
1.009334257078538188e+00 0.000000000000000000e+00
1.009261673297218165e+00 0.000000000000000000e+00
1.009186541669145232e+00 0.000000000000000000e+00
1.009108724427233650e+00 0.000000000000000000e+00
1.009028073633370770e+00 0.000000000000000000e+00
1.008944430218650767e+00 0.000000000000000000e+00
1.008857622912573859e+00 0.000000000000000000e+00
1.008767467045899480e+00 0.000000000000000000e+00
1.008673763209390284e+00 0.000000000000000000e+00
1.008576295747755536e+00 0.000000000000000000e+00
1.008474831064645416e+00 0.000000000000000000e+00
1.008369115710401331e+00 0.000000000000000000e+00
1.008258874219322587e+00 0.000000000000000000e+00
1.008143806657259667e+00 0.000000000000000000e+00
1.008023585833165203e+00 0.000000000000000000e+00
1.007897854119556902e+00 0.000000000000000000e+00
1.007766219816268016e+00 0.000000000000000000e+00
1.007628252978976180e+00 0.000000000000000000e+00
1.007483480618157845e+00 0.000000000000000000e+00
1.007331381154616290e+00 0.000000000000000000e+00
1.007171377993543837e+00 0.000000000000000000e+00
1.007002832048978780e+00 0.000000000000000000e+00
1.006825033012801240e+00 0.000000000000000000e+00
1.006637189114914621e+00 0.000000000000000000e+00
1.006438415061050806e+00 0.000000000000000000e+00
1.006227717757842477e+00 0.000000000000000000e+00
1.006003979336168364e+00 0.000000000000000000e+00
1.005765936856186205e+00 0.000000000000000000e+00
1.005512157911136129e+00 0.000000000000000000e+00
1.005241011128423567e+00 0.000000000000000000e+00
1.004950630276761903e+00 0.000000000000000000e+00
1.004638870300571529e+00 0.000000000000000000e+00
1.004303253079230851e+00 0.000000000000000000e+00
1.003940899993975178e+00 0.000000000000000000e+00
1.003548447398351140e+00 0.000000000000000000e+00
1.003121939709016530e+00 0.000000000000000000e+00
1.002656692881080280e+00 0.000000000000000000e+00
1.002147118228301048e+00 0.000000000000000000e+00
1.001586492459907385e+00 0.000000000000000000e+00
1.000966653743443180e+00 0.000000000000000000e+00
1.000277594448057972e+00 0.000000000000000000e+00
9.995069071167337338e-01 0.000000000000000000e+00
9.986390179938232636e-01 0.000000000000000000e+00
9.976541065528189423e-01 0.000000000000000000e+00
9.965265499154558615e-01 0.000000000000000000e+00
9.952226291014082404e-01 0.000000000000000000e+00
9.936970532784573651e-01 0.000000000000000000e+00
9.918875245304722421e-01 0.000000000000000000e+00
9.897059205580185370e-01 0.000000000000000000e+00
9.870233557642043021e-01 0.000000000000000000e+00
9.836435131372477381e-01 0.000000000000000000e+00
9.792518848027773615e-01 0.000000000000000000e+00
9.733110290170575718e-01 0.000000000000000000e+00
9.648204302349635553e-01 0.000000000000000000e+00
9.516806943311703071e-01 0.000000000000000000e+00
9.286135813538053396e-01 0.000000000000000000e+00
8.774795649163907862e-01 0.000000000000000000e+00
6.670409202199766296e-01 0.000000000000000000e+00
1.630533299860244201e+00 0.000000000000000000e+00
1.175455057478957954e+00 0.000000000000000000e+00
1.106250263365823328e+00 0.000000000000000000e+00
1.078227660265419940e+00 0.000000000000000000e+00
1.063038117428193319e+00 0.000000000000000000e+00
1.053494302846182729e+00 0.000000000000000000e+00
1.046929945510679749e+00 0.000000000000000000e+00
1.042127746890213480e+00 0.000000000000000000e+00
1.038452530215848491e+00 0.000000000000000000e+00
1.035540133905671789e+00 0.000000000000000000e+00
1.033166483545361114e+00 0.000000000000000000e+00
1.031185792885729313e+00 0.000000000000000000e+00
1.029498726258703645e+00 0.000000000000000000e+00
1.028034805794610262e+00 0.000000000000000000e+00
1.026742095622338535e+00 0.000000000000000000e+00
1.025580812663372976e+00 0.000000000000000000e+00
1.024519133310375141e+00 0.000000000000000000e+00
1.023530232396454354e+00 0.000000000000000000e+00
1.022589959262473425e+00 0.000000000000000000e+00
1.021674710864423297e+00 0.000000000000000000e+00
1.020759066312929342e+00 0.000000000000000000e+00
1.019812579132784336e+00 0.000000000000000000e+00
1.018794641716850746e+00 0.000000000000000000e+00
1.017645110815994069e+00 0.000000000000000000e+00
1.016265088718582899e+00 0.000000000000000000e+00
1.014472286785475630e+00 0.000000000000000000e+00
1.011879529625199226e+00 0.000000000000000000e+00
1.007478251037272177e+00 0.000000000000000000e+00
9.975199008909766407e-01 0.000000000000000000e+00
9.462246697195564327e-01 0.000000000000000000e+00
1.086709523850459158e+00 0.000000000000000000e+00
1.043511048566294841e+00 0.000000000000000000e+00
1.034262493271756345e+00 0.000000000000000000e+00
1.030140258061499114e+00 0.000000000000000000e+00
1.027758623929494464e+00 0.000000000000000000e+00
1.026179178543168646e+00 0.000000000000000000e+00
1.025037637682228997e+00 0.000000000000000000e+00
1.024162789273112439e+00 0.000000000000000000e+00
1.023463394400460302e+00 0.000000000000000000e+00
1.022886271858154394e+00 0.000000000000000000e+00
1.022398256637372826e+00 0.000000000000000000e+00
1.021977541677978163e+00 0.000000000000000000e+00
1.021609162281415628e+00 0.000000000000000000e+00
1.021282480643776136e+00 0.000000000000000000e+00
1.020989707373386901e+00 0.000000000000000000e+00
1.020724992879294968e+00 0.000000000000000000e+00
1.020483847517754228e+00 0.000000000000000000e+00
1.020262759375863748e+00 0.000000000000000000e+00
1.020058935151952895e+00 0.000000000000000000e+00
1.019870120105566658e+00 0.000000000000000000e+00
1.019694470191031099e+00 0.000000000000000000e+00
1.019530459467307359e+00 0.000000000000000000e+00
1.019376811871520072e+00 0.000000000000000000e+00
1.019232450146879243e+00 0.000000000000000000e+00
1.019096457061484440e+00 0.000000000000000000e+00
1.018968045574231596e+00 0.000000000000000000e+00
1.018846535608940229e+00 0.000000000000000000e+00
1.018731335774747837e+00 0.000000000000000000e+00
1.018621928834673396e+00 0.000000000000000000e+00
1.018517860047085222e+00 0.000000000000000000e+00
1.018418727732785856e+00 0.000000000000000000e+00
1.018324175583578572e+00 0.000000000000000000e+00
1.018233886346400885e+00 0.000000000000000000e+00
1.018147576603800619e+00 0.000000000000000000e+00
1.018064992435772087e+00 0.000000000000000000e+00
1.017985905796110924e+00 0.000000000000000000e+00
1.017910111472857704e+00 0.000000000000000000e+00
1.017837424530234625e+00 0.000000000000000000e+00
1.017767678150946375e+00 0.000000000000000000e+00
1.017700721814468023e+00 0.000000000000000000e+00
1.017636419760120425e+00 0.000000000000000000e+00
1.017574649694271471e+00 0.000000000000000000e+00
1.017515301709503550e+00 0.000000000000000000e+00
1.017458277390608012e+00 0.000000000000000000e+00
1.017403489088160695e+00 0.000000000000000000e+00
1.017350859345541148e+00 0.000000000000000000e+00
1.017300320469826991e+00 0.000000000000000000e+00
1.017251814241268093e+00 0.000000000000000000e+00
1.017205291760221009e+00 0.000000000000000000e+00
1.017160713434740238e+00 0.000000000000000000e+00
1.017118049116696010e+00 0.000000000000000000e+00
1.017077278399606044e+00 0.000000000000000000e+00
1.017038391097650152e+00 0.000000000000000000e+00
1.017001387933045509e+00 0.000000000000000000e+00
1.016966281468634659e+00 0.000000000000000000e+00
1.016933097334995040e+00 0.000000000000000000e+00
1.016901875817685763e+00 0.000000000000000000e+00
1.016872673891966450e+00 0.000000000000000000e+00
1.016845567821634155e+00 0.000000000000000000e+00
1.016820656478779172e+00 0.000000000000000000e+00
1.016798065596978606e+00 0.000000000000000000e+00
1.016777953248878541e+00 0.000000000000000000e+00
1.016760516951111137e+00 0.000000000000000000e+00
1.016746002961919970e+00 0.000000000000000000e+00
1.016734718576348673e+00 0.000000000000000000e+00
1.016727048583375037e+00 0.000000000000000000e+00
1.016723477599773773e+00 0.000000000000000000e+00
1.016724620856550576e+00 0.000000000000000000e+00
1.016731267393389260e+00 0.000000000000000000e+00
1.016744441886616945e+00 0.000000000000000000e+00
1.016765495184782653e+00 0.000000000000000000e+00
1.016796240374768123e+00 0.000000000000000000e+00
1.016839163500915078e+00 0.000000000000000000e+00
1.016897761492729479e+00 0.000000000000000000e+00
1.016977106873416137e+00 0.000000000000000000e+00
1.017084839114576145e+00 0.000000000000000000e+00
1.017233012811003867e+00 0.000000000000000000e+00
1.017441811961457887e+00 0.000000000000000000e+00
1.017747773273840473e+00 0.000000000000000000e+00
1.018224524292033806e+00 0.000000000000000000e+00
1.019045807840221807e+00 0.000000000000000000e+00
1.020743172976913637e+00 0.000000000000000000e+00
1.026104074208657124e+00 0.000000000000000000e+00
8.438787955154622988e-01 0.000000000000000000e+00
1.006246262295649396e+00 0.000000000000000000e+00
1.010753860807820370e+00 0.000000000000000000e+00
1.012294820170687615e+00 0.000000000000000000e+00
1.013062754113866148e+00 0.000000000000000000e+00
1.013516309825444717e+00 0.000000000000000000e+00
1.013811258103135104e+00 0.000000000000000000e+00
1.014015072116850158e+00 0.000000000000000000e+00
1.014161719782906257e+00 0.000000000000000000e+00
1.014270159599960364e+00 0.000000000000000000e+00
1.014351802357625898e+00 0.000000000000000000e+00
1.014413923943786600e+00 0.000000000000000000e+00
1.014461379852204859e+00 0.000000000000000000e+00
1.014497531833520982e+00 0.000000000000000000e+00
1.014524779005935518e+00 0.000000000000000000e+00
1.014544877304751180e+00 0.000000000000000000e+00
1.014559139539102040e+00 0.000000000000000000e+00
1.014568565049815296e+00 0.000000000000000000e+00
1.014573926256247427e+00 0.000000000000000000e+00
1.014575827924656171e+00 0.000000000000000000e+00
1.014574748675439730e+00 0.000000000000000000e+00
1.014571070630451377e+00 0.000000000000000000e+00
1.014565100960887145e+00 0.000000000000000000e+00
1.014557087791064127e+00 0.000000000000000000e+00
1.014547232096431717e+00 0.000000000000000000e+00
1.014535696710552548e+00 0.000000000000000000e+00
1.014522613212952562e+00 0.000000000000000000e+00
1.014508087240836076e+00 0.000000000000000000e+00
1.014492202612098160e+00 0.000000000000000000e+00
1.014475024539544856e+00 0.000000000000000000e+00
1.014456602140781261e+00 0.000000000000000000e+00
1.014436970394473558e+00 0.000000000000000000e+00
1.014416151654849996e+00 0.000000000000000000e+00
1.014394156807812752e+00 0.000000000000000000e+00
1.014370986130830987e+00 0.000000000000000000e+00
1.014346629902715069e+00 0.000000000000000000e+00
1.014321068796978143e+00 0.000000000000000000e+00
1.014294274082676584e+00 0.000000000000000000e+00
1.014266207648649276e+00 0.000000000000000000e+00
1.014236821860336812e+00 0.000000000000000000e+00
1.014206059252434455e+00 0.000000000000000000e+00
1.014173852055141323e+00 0.000000000000000000e+00
1.014140121546410089e+00 0.000000000000000000e+00
1.014104777217083697e+00 0.000000000000000000e+00
1.014067715729851882e+00 0.000000000000000000e+00
1.014028819646254354e+00 0.000000000000000000e+00
1.013987955888149273e+00 0.000000000000000000e+00
1.013944973890738899e+00 0.000000000000000000e+00
1.013899703392851626e+00 0.000000000000000000e+00
1.013851951796062689e+00 0.000000000000000000e+00
1.013801501006472483e+00 0.000000000000000000e+00
1.013748103650396803e+00 0.000000000000000000e+00
1.013691478526219880e+00 0.000000000000000000e+00
1.013631305117072445e+00 0.000000000000000000e+00
1.013567216939778470e+00 0.000000000000000000e+00
1.013498793440507306e+00 0.000000000000000000e+00
1.013425550060835789e+00 0.000000000000000000e+00
1.013346925981086999e+00 0.000000000000000000e+00
1.013262268888697415e+00 0.000000000000000000e+00
1.013170815900273691e+00 0.000000000000000000e+00
1.013071669460647417e+00 0.000000000000000000e+00
1.012963766611146621e+00 0.000000000000000000e+00
1.012845839402149117e+00 0.000000000000000000e+00
1.012716363328036939e+00 0.000000000000000000e+00
1.012573489337448729e+00 0.000000000000000000e+00
1.012414952978328397e+00 0.000000000000000000e+00
1.012237951179058015e+00 0.000000000000000000e+00
1.012038972372107493e+00 0.000000000000000000e+00
1.011813557965570709e+00 0.000000000000000000e+00
1.011555960462086290e+00 0.000000000000000000e+00
1.011258641918813872e+00 0.000000000000000000e+00
1.010911518424929545e+00 0.000000000000000000e+00
1.010500786716924670e+00 0.000000000000000000e+00
1.010007035933142561e+00 0.000000000000000000e+00
1.009402078994161123e+00 0.000000000000000000e+00
1.008643361675805039e+00 0.000000000000000000e+00
1.007663473530809872e+00 0.000000000000000000e+00
1.006348898254646462e+00 0.000000000000000000e+00
1.004492468420810969e+00 0.000000000000000000e+00
1.001671697377779058e+00 0.000000000000000000e+00
9.968708449061304266e-01 0.000000000000000000e+00
9.868763440396406406e-01 0.000000000000000000e+00
9.533275960929633586e-01 0.000000000000000000e+00
1.363061240650814465e+00 0.000000000000000000e+00
1.061060933334879275e+00 0.000000000000000000e+00
1.039813445641166734e+00 0.000000000000000000e+00
1.032051225504584835e+00 0.000000000000000000e+00
1.028029233820374255e+00 0.000000000000000000e+00
1.025569391032505440e+00 0.000000000000000000e+00
1.023909943952406865e+00 0.000000000000000000e+00
1.022715217140890198e+00 0.000000000000000000e+00
1.021814259517238810e+00 0.000000000000000000e+00
1.021110844673753348e+00 0.000000000000000000e+00
1.020546665830785793e+00 0.000000000000000000e+00
1.020084333786202890e+00 0.000000000000000000e+00
1.019698770010592392e+00 0.000000000000000000e+00
1.019372526454854988e+00 0.000000000000000000e+00
1.019093089715836342e+00 0.000000000000000000e+00
1.018851252779003458e+00 0.000000000000000000e+00
1.018640091651920487e+00 0.000000000000000000e+00
1.018454300015593006e+00 0.000000000000000000e+00
1.018289743827262894e+00 0.000000000000000000e+00
1.018143155482206463e+00 0.000000000000000000e+00
1.018011919057753234e+00 0.000000000000000000e+00
1.017893916498164852e+00 0.000000000000000000e+00
1.017787415484893376e+00 0.000000000000000000e+00
1.017690986390793473e+00 0.000000000000000000e+00
1.017603439891344053e+00 0.000000000000000000e+00
1.017523779486691371e+00 0.000000000000000000e+00
1.017451164946548303e+00 0.000000000000000000e+00
1.017384883865473322e+00 0.000000000000000000e+00
1.017324329315803855e+00 0.000000000000000000e+00
1.017268982138433975e+00 0.000000000000000000e+00
1.017218396799612012e+00 0.000000000000000000e+00
1.017172190017916922e+00 0.000000000000000000e+00
1.017130031564435155e+00 0.000000000000000000e+00
1.017091636784183573e+00 0.000000000000000000e+00
1.017056760493793455e+00 0.000000000000000000e+00
1.017025191990265309e+00 0.000000000000000000e+00
1.016996750965760032e+00 0.000000000000000000e+00
1.016971284169269074e+00 0.000000000000000000e+00
1.016948662691390837e+00 0.000000000000000000e+00
1.016928779776097524e+00 0.000000000000000000e+00
1.016911549085318667e+00 0.000000000000000000e+00
1.016896903359904236e+00 0.000000000000000000e+00
1.016884793435182344e+00 0.000000000000000000e+00
1.016875187581811169e+00 0.000000000000000000e+00
1.016868071153630204e+00 0.000000000000000000e+00
1.016863446534357340e+00 0.000000000000000000e+00
1.016861333384802890e+00 0.000000000000000000e+00
1.016861769202289656e+00 0.000000000000000000e+00
1.016864810214729520e+00 0.000000000000000000e+00
1.016870532643926683e+00 0.000000000000000000e+00
1.016879034386860781e+00 0.000000000000000000e+00
1.016890437180890006e+00 0.000000000000000000e+00
1.016904889340150220e+00 0.000000000000000000e+00
1.016922569177500346e+00 0.000000000000000000e+00
1.016943689261316175e+00 0.000000000000000000e+00
1.016968501702204319e+00 0.000000000000000000e+00
1.016997304725453244e+00 0.000000000000000000e+00
1.017030450866669655e+00 0.000000000000000000e+00
1.017068357239070631e+00 0.000000000000000000e+00
1.017111518473774456e+00 0.000000000000000000e+00
1.017160523147628615e+00 0.000000000000000000e+00
1.017216074814458082e+00 0.000000000000000000e+00
1.017279019187685929e+00 0.000000000000000000e+00
1.017350379651438930e+00 0.000000000000000000e+00
1.017431404208802848e+00 0.000000000000000000e+00
1.017523628380610390e+00 0.000000000000000000e+00
1.017628960729082710e+00 0.000000000000000000e+00
1.017749801079070648e+00 0.000000000000000000e+00
1.017889206986539730e+00 0.000000000000000000e+00
1.018051133074817871e+00 0.000000000000000000e+00
1.018240783350604639e+00 0.000000000000000000e+00
1.018465144004583767e+00 0.000000000000000000e+00
1.018733814603077992e+00 0.000000000000000000e+00
1.019060352671744552e+00 0.000000000000000000e+00
1.019464544038565457e+00 0.000000000000000000e+00
1.019976438914211858e+00 0.000000000000000000e+00
1.020643994433160673e+00 0.000000000000000000e+00
1.021548741149790773e+00 0.000000000000000000e+00
1.022841386483427151e+00 0.000000000000000000e+00
1.024834923150413690e+00 0.000000000000000000e+00
1.028303515547743130e+00 0.000000000000000000e+00
1.035827160662225577e+00 0.000000000000000000e+00
1.064423007265535182e+00 0.000000000000000000e+00
8.924189953903588490e-01 0.000000000000000000e+00
9.880779014883734890e-01 0.000000000000000000e+00
1.000009881898669795e+00 0.000000000000000000e+00
1.004674021840178177e+00 0.000000000000000000e+00
1.007158639270230749e+00 0.000000000000000000e+00
1.008701039503975050e+00 0.000000000000000000e+00
1.009751083010050010e+00 0.000000000000000000e+00
1.010511628866835876e+00 0.000000000000000000e+00
1.011087597218914613e+00 0.000000000000000000e+00
1.011538708876149384e+00 0.000000000000000000e+00
1.011901458537937781e+00 0.000000000000000000e+00
1.012199405493754645e+00 0.000000000000000000e+00
1.012448438413636964e+00 0.000000000000000000e+00
1.012659662396611315e+00 0.000000000000000000e+00
1.012841073415191362e+00 0.000000000000000000e+00
1.012998575480734242e+00 0.000000000000000000e+00
1.013136623054336383e+00 0.000000000000000000e+00
1.013258640468689631e+00 0.000000000000000000e+00
1.013367303727024549e+00 0.000000000000000000e+00
1.013464734633185760e+00 0.000000000000000000e+00
1.013552637506210052e+00 0.000000000000000000e+00
1.013632397362151272e+00 0.000000000000000000e+00
1.013705151667348980e+00 0.000000000000000000e+00
1.013771843608811896e+00 0.000000000000000000e+00
1.013833262209982378e+00 0.000000000000000000e+00
1.013890072934405362e+00 0.000000000000000000e+00
1.013942841311278764e+00 0.000000000000000000e+00
1.013992051373982406e+00 0.000000000000000000e+00
1.014038120196188553e+00 0.000000000000000000e+00
1.014081409459331562e+00 0.000000000000000000e+00
1.014122234738658257e+00 0.000000000000000000e+00
1.014160873019470666e+00 0.000000000000000000e+00
1.014197568828528295e+00 0.000000000000000000e+00
1.014232539273199896e+00 0.000000000000000000e+00
1.014265978212842256e+00 0.000000000000000000e+00
1.014298059736174817e+00 0.000000000000000000e+00
1.014328941080305357e+00 0.000000000000000000e+00
1.014358765098184012e+00 0.000000000000000000e+00
1.014387662359211406e+00 0.000000000000000000e+00
1.014415752950753147e+00 0.000000000000000000e+00
1.014443148035191866e+00 0.000000000000000000e+00
1.014469951206928400e+00 0.000000000000000000e+00
1.014496259685762736e+00 0.000000000000000000e+00
1.014522165376830820e+00 0.000000000000000000e+00
1.014547755822375219e+00 0.000000000000000000e+00
1.014573115066789377e+00 0.000000000000000000e+00
1.014598324453399369e+00 0.000000000000000000e+00
1.014623463369163536e+00 0.000000000000000000e+00
1.014648609951763758e+00 0.000000000000000000e+00
1.014673841772354201e+00 0.000000000000000000e+00
1.014699236506446889e+00 0.000000000000000000e+00
1.014724872605029082e+00 0.000000000000000000e+00
1.014750829977996816e+00 0.000000000000000000e+00
1.014777190702348619e+00 0.000000000000000000e+00
1.014804039768336663e+00 0.000000000000000000e+00
1.014831465877950700e+00 0.000000000000000000e+00
1.014859562311772434e+00 0.000000000000000000e+00
1.014888427882462141e+00 0.000000000000000000e+00
1.014918167996046172e+00 0.000000000000000000e+00
1.014948895845902976e+00 0.000000000000000000e+00
1.014980733769116128e+00 0.000000000000000000e+00
1.015013814800931335e+00 0.000000000000000000e+00
1.015048284470784212e+00 0.000000000000000000e+00
1.015084302893242363e+00 0.000000000000000000e+00
1.015122047219863433e+00 0.000000000000000000e+00
1.015161714534281945e+00 0.000000000000000000e+00
1.015203525293989717e+00 0.000000000000000000e+00
1.015247727449884341e+00 0.000000000000000000e+00
1.015294601410972053e+00 0.000000000000000000e+00
1.015344466069772578e+00 0.000000000000000000e+00
1.015397686168411306e+00 0.000000000000000000e+00
1.015454681372446988e+00 0.000000000000000000e+00
1.015515937538315372e+00 0.000000000000000000e+00
1.015582020824321585e+00 0.000000000000000000e+00
1.015653595524289354e+00 0.000000000000000000e+00
1.015731446827347506e+00 0.000000000000000000e+00
1.015816510172951492e+00 0.000000000000000000e+00
1.015909909548861512e+00 0.000000000000000000e+00
1.016013008085560054e+00 0.000000000000000000e+00
1.016127475818540127e+00 0.000000000000000000e+00
1.016255381827283477e+00 0.000000000000000000e+00
1.016399321639395614e+00 0.000000000000000000e+00
1.016562596725108403e+00 0.000000000000000000e+00
1.016749472752022987e+00 0.000000000000000000e+00
1.016965560106355637e+00 0.000000000000000000e+00
1.017218390004997808e+00 0.000000000000000000e+00
1.017518314486162145e+00 0.000000000000000000e+00
1.017879964672242066e+00 0.000000000000000000e+00
1.018324717918021927e+00 0.000000000000000000e+00
1.018885094309177619e+00 0.000000000000000000e+00
1.019613106580020911e+00 0.000000000000000000e+00
1.020597442125927401e+00 0.000000000000000000e+00
1.022002708916060376e+00 0.000000000000000000e+00
1.024172801212132500e+00 0.000000000000000000e+00
1.027966336698754590e+00 0.000000000000000000e+00
1.036295506978667458e+00 0.000000000000000000e+00
1.069395910761400836e+00 0.000000000000000000e+00
9.004048555602659487e-01 0.000000000000000000e+00
9.860015336774325956e-01 0.000000000000000000e+00
9.980485657862890880e-01 0.000000000000000000e+00
1.002855242885111853e+00 0.000000000000000000e+00
1.005440790050998290e+00 0.000000000000000000e+00
1.007055945459465418e+00 0.000000000000000000e+00
1.008160790792834272e+00 0.000000000000000000e+00
1.008964259196264868e+00 0.000000000000000000e+00
1.009574928761289403e+00 0.000000000000000000e+00
1.010054817477781475e+00 0.000000000000000000e+00
1.010441924997556473e+00 0.000000000000000000e+00
1.010760834469952130e+00 0.000000000000000000e+00
1.011028154334610019e+00 0.000000000000000000e+00
1.011255510267229152e+00 0.000000000000000000e+00
1.011451284198706446e+00 0.000000000000000000e+00
1.011621672613514100e+00 0.000000000000000000e+00
1.011771355970624731e+00 0.000000000000000000e+00
1.011903936349099364e+00 0.000000000000000000e+00
1.012022231845839171e+00 0.000000000000000000e+00
1.012128479610676424e+00 0.000000000000000000e+00
1.012224478985139786e+00 0.000000000000000000e+00
1.012311694409066876e+00 0.000000000000000000e+00
1.012391330714610849e+00 0.000000000000000000e+00
1.012464389100682594e+00 0.000000000000000000e+00
1.012531709355254605e+00 0.000000000000000000e+00
1.012594002136238514e+00 0.000000000000000000e+00
1.012651873965909832e+00 0.000000000000000000e+00
1.012705846819306865e+00 0.000000000000000000e+00
1.012756373659285059e+00 0.000000000000000000e+00
1.012803850906013325e+00 0.000000000000000000e+00
1.012848628573250975e+00 0.000000000000000000e+00
1.012891018623182982e+00 0.000000000000000000e+00
1.012931301963252873e+00 0.000000000000000000e+00
1.012969734417338286e+00 0.000000000000000000e+00
1.013006551939842126e+00 0.000000000000000000e+00
1.013041975298404118e+00 0.000000000000000000e+00
1.013076214425022492e+00 0.000000000000000000e+00
1.013109472624504903e+00 0.000000000000000000e+00
1.013141950833134963e+00 0.000000000000000000e+00
1.013173852141027620e+00 0.000000000000000000e+00
1.013205386832934263e+00 0.000000000000000000e+00
1.013236778271749960e+00 0.000000000000000000e+00
1.013268270059392018e+00 0.000000000000000000e+00
1.013300135082252584e+00 0.000000000000000000e+00
1.013332687318730718e+00 0.000000000000000000e+00
1.013366297715308395e+00 0.000000000000000000e+00
1.013401416131892052e+00 0.000000000000000000e+00
1.013438602508879072e+00 0.000000000000000000e+00
1.013478572375874132e+00 0.000000000000000000e+00
1.013522265299053648e+00 0.000000000000000000e+00
1.013570951255079899e+00 0.000000000000000000e+00
1.013626402213329225e+00 0.000000000000000000e+00
1.013691181153433929e+00 0.000000000000000000e+00
1.013769154672593098e+00 0.000000000000000000e+00
1.013866461203826841e+00 0.000000000000000000e+00
1.013993489854699392e+00 0.000000000000000000e+00
1.014169360263039943e+00 0.000000000000000000e+00
1.014433576133024317e+00 0.000000000000000000e+00
1.014883134412499111e+00 0.000000000000000000e+00
1.015837102427175287e+00 0.000000000000000000e+00
1.019323548143586722e+00 0.000000000000000000e+00
9.953386624571447516e-01 0.000000000000000000e+00
1.009641594096902795e+00 0.000000000000000000e+00
1.011255188879604416e+00 0.000000000000000000e+00
1.011880668621728541e+00 0.000000000000000000e+00
1.012214778048421193e+00 0.000000000000000000e+00
1.012423746642978628e+00 0.000000000000000000e+00
1.012567479380105384e+00 0.000000000000000000e+00
1.012672850591818108e+00 0.000000000000000000e+00
1.012753714253874504e+00 0.000000000000000000e+00
1.012817939218731311e+00 0.000000000000000000e+00
1.012870327592489073e+00 0.000000000000000000e+00
1.012913977112324559e+00 0.000000000000000000e+00
1.012950976429142447e+00 0.000000000000000000e+00
1.012982785634914285e+00 0.000000000000000000e+00
1.013010456614843458e+00 0.000000000000000000e+00
1.013034766730681824e+00 0.000000000000000000e+00
1.013056303161127714e+00 0.000000000000000000e+00
1.013075517917988222e+00 0.000000000000000000e+00
1.013092764783109612e+00 0.000000000000000000e+00
1.013108324738656973e+00 0.000000000000000000e+00
1.013122423867215405e+00 0.000000000000000000e+00
1.013135246201415818e+00 0.000000000000000000e+00
1.013146943111367770e+00 0.000000000000000000e+00
1.013157640271771687e+00 0.000000000000000000e+00
1.013167442906936166e+00 0.000000000000000000e+00
1.013176439790745453e+00 0.000000000000000000e+00
1.013184706333261520e+00 0.000000000000000000e+00
1.013192306988289326e+00 0.000000000000000000e+00
1.013199297149883993e+00 0.000000000000000000e+00
1.013205724659838713e+00 0.000000000000000000e+00
1.013211631015919822e+00 0.000000000000000000e+00
1.013217052347630931e+00 0.000000000000000000e+00
1.013222020209714858e+00 0.000000000000000000e+00
1.013226562231512862e+00 0.000000000000000000e+00
1.013230702651385151e+00 0.000000000000000000e+00
1.013234462758750842e+00 0.000000000000000000e+00
1.013237861261312212e+00 0.000000000000000000e+00
1.013240914591230890e+00 0.000000000000000000e+00
1.013243637161122201e+00 0.000000000000000000e+00
1.013246041578488299e+00 0.000000000000000000e+00
1.013248138825464828e+00 0.000000000000000000e+00
1.013249938409387374e+00 0.000000000000000000e+00
1.013251448488594608e+00 0.000000000000000000e+00
1.013252675977027284e+00 0.000000000000000000e+00
1.013253626630471915e+00 0.000000000000000000e+00
1.013254305116747744e+00 0.000000000000000000e+00
1.013254715071650436e+00 0.000000000000000000e+00
1.013254859142092457e+00 0.000000000000000000e+00
1.013254739017536155e+00 0.000000000000000000e+00
1.013254355450540212e+00 0.000000000000000000e+00
1.013253708266983910e+00 0.000000000000000000e+00
1.013252796366301389e+00 0.000000000000000000e+00
1.013251617711851349e+00 0.000000000000000000e+00
1.013250169311334270e+00 0.000000000000000000e+00
1.013248447186963830e+00 0.000000000000000000e+00
1.013246446334889583e+00 0.000000000000000000e+00
1.013244160673133054e+00 0.000000000000000000e+00
1.013241582977053579e+00 0.000000000000000000e+00
1.013238704801082246e+00 0.000000000000000000e+00
1.013235516385130763e+00 0.000000000000000000e+00
1.013232006543718144e+00 0.000000000000000000e+00
1.013228162535401600e+00 0.000000000000000000e+00
1.013223969909580413e+00 0.000000000000000000e+00
1.013219412327081903e+00 0.000000000000000000e+00
1.013214471350171397e+00 0.000000000000000000e+00
1.013209126196654930e+00 0.000000000000000000e+00
1.013203353451554101e+00 0.000000000000000000e+00
1.013197126728353270e+00 0.000000000000000000e+00
1.013190416269946548e+00 0.000000000000000000e+00
1.013183188477073449e+00 0.000000000000000000e+00
1.013175405349025837e+00 0.000000000000000000e+00
1.013167023817591605e+00 0.000000000000000000e+00
1.013157994950247609e+00 0.000000000000000000e+00
1.013148262992195958e+00 0.000000000000000000e+00
1.013137764208413616e+00 0.000000000000000000e+00
1.013126425475752823e+00 0.000000000000000000e+00
1.013114162560287745e+00 0.000000000000000000e+00
1.013100877995100291e+00 0.000000000000000000e+00
1.013086458446490479e+00 0.000000000000000000e+00
1.013070771419165128e+00 0.000000000000000000e+00
1.013053661098832103e+00 0.000000000000000000e+00
1.013034943057140147e+00 0.000000000000000000e+00
1.013014397438827929e+00 0.000000000000000000e+00
1.012991760098458371e+00 0.000000000000000000e+00
1.012966710929182224e+00 0.000000000000000000e+00
1.012938858288225941e+00 0.000000000000000000e+00
1.012907717906658789e+00 0.000000000000000000e+00
1.012872683861930412e+00 0.000000000000000000e+00
1.012832987895370573e+00 0.000000000000000000e+00
1.012787641223844126e+00 0.000000000000000000e+00
1.012735349378713234e+00 0.000000000000000000e+00
1.012674384264454996e+00 0.000000000000000000e+00
1.012602386074081817e+00 0.000000000000000000e+00
1.012516045685102783e+00 0.000000000000000000e+00
1.012410573995351948e+00 0.000000000000000000e+00
1.012278770458840960e+00 0.000000000000000000e+00
1.012109286794100615e+00 0.000000000000000000e+00
1.011883138065943433e+00 0.000000000000000000e+00
1.011565979710358221e+00 0.000000000000000000e+00
1.011088635844641148e+00 0.000000000000000000e+00
1.010287944480020350e+00 0.000000000000000000e+00
1.008665033559942747e+00 0.000000000000000000e+00
1.003607342862267826e+00 0.000000000000000000e+00
1.179374075422154666e+00 0.000000000000000000e+00
1.022221334794517933e+00 0.000000000000000000e+00
1.017944897600126630e+00 0.000000000000000000e+00
1.016465959063550972e+00 0.000000000000000000e+00
1.015715271506958839e+00 0.000000000000000000e+00
1.015260674825702036e+00 0.000000000000000000e+00
1.014955454529829382e+00 0.000000000000000000e+00
1.014736067898792449e+00 0.000000000000000000e+00
1.014570522420789933e+00 0.000000000000000000e+00
1.014440956088271228e+00 0.000000000000000000e+00
1.014336611389978993e+00 0.000000000000000000e+00
1.014250622283905390e+00 0.000000000000000000e+00
1.014178400229285293e+00 0.000000000000000000e+00
1.014116761933608002e+00 0.000000000000000000e+00
1.014063429432348062e+00 0.000000000000000000e+00
1.014016729391248095e+00 0.000000000000000000e+00
1.013975404774581257e+00 0.000000000000000000e+00
1.013938492762452404e+00 0.000000000000000000e+00
1.013905243233102826e+00 0.000000000000000000e+00
1.013875062908749181e+00 0.000000000000000000e+00
1.013847476207405673e+00 0.000000000000000000e+00
1.013822097246446008e+00 0.000000000000000000e+00
1.013798609458213651e+00 0.000000000000000000e+00
1.013776750506150570e+00 0.000000000000000000e+00
1.013756300958583267e+00 0.000000000000000000e+00
1.013737075669849164e+00 0.000000000000000000e+00
1.013718917140872255e+00 0.000000000000000000e+00
1.013701690346433537e+00 0.000000000000000000e+00
1.013685278662519451e+00 0.000000000000000000e+00
1.013669580627970968e+00 0.000000000000000000e+00
1.013654507345292943e+00 0.000000000000000000e+00
1.013639980375634186e+00 0.000000000000000000e+00
1.013625930018991372e+00 0.000000000000000000e+00
1.013612293896906547e+00 0.000000000000000000e+00
1.013599015774176326e+00 0.000000000000000000e+00
1.013586044570380595e+00 0.000000000000000000e+00
1.013573333522709730e+00 0.000000000000000000e+00
1.013560839469615393e+00 0.000000000000000000e+00
1.013548522230895532e+00 0.000000000000000000e+00
1.013536344064446482e+00 0.000000000000000000e+00
1.013524269183426085e+00 0.000000000000000000e+00
1.013512263320220930e+00 0.000000000000000000e+00
1.013500293325589441e+00 0.000000000000000000e+00
1.013488326792780336e+00 0.000000000000000000e+00
1.013476331697409583e+00 0.000000000000000000e+00
1.013464276044465207e+00 0.000000000000000000e+00
1.013452127514034462e+00 0.000000000000000000e+00
1.013439853097242827e+00 0.000000000000000000e+00
1.013427418713411132e+00 0.000000000000000000e+00
1.013414788798586263e+00 0.000000000000000000e+00
1.013401925854291230e+00 0.000000000000000000e+00
1.013388789943494572e+00 0.000000000000000000e+00
1.013375338118288171e+00 0.000000000000000000e+00
1.013361523760384575e+00 0.000000000000000000e+00
1.013347295811070303e+00 0.000000000000000000e+00
1.013332597861270612e+00 0.000000000000000000e+00
1.013317367064437979e+00 0.000000000000000000e+00
1.013301532824297801e+00 0.000000000000000000e+00
1.013285015195083183e+00 0.000000000000000000e+00
1.013267722912252200e+00 0.000000000000000000e+00
1.013249550944673505e+00 0.000000000000000000e+00
1.013230377421668438e+00 0.000000000000000000e+00
1.013210059735341506e+00 0.000000000000000000e+00
1.013188429543019797e+00 0.000000000000000000e+00
1.013165286285075739e+00 0.000000000000000000e+00
1.013140388672126635e+00 0.000000000000000000e+00
1.013113443353955256e+00 0.000000000000000000e+00
1.013084089613411898e+00 0.000000000000000000e+00
1.013051878352680735e+00 0.000000000000000000e+00
1.013016242719427140e+00 0.000000000000000000e+00
1.012976456211890142e+00 0.000000000000000000e+00
1.012931571554529286e+00 0.000000000000000000e+00
1.012880329188300177e+00 0.000000000000000000e+00
1.012821016155032838e+00 0.000000000000000000e+00
1.012751240880557457e+00 0.000000000000000000e+00
1.012667558923483702e+00 0.000000000000000000e+00
1.012564820358410778e+00 0.000000000000000000e+00
1.012434963045112157e+00 0.000000000000000000e+00
1.012264612397655084e+00 0.000000000000000000e+00
1.012029838666194781e+00 0.000000000000000000e+00
1.011683178657036830e+00 0.000000000000000000e+00
1.011115263346326509e+00 0.000000000000000000e+00
1.010005029807860666e+00 0.000000000000000000e+00
1.006827199087619862e+00 0.000000000000000000e+00
9.082328848328344861e-01 0.000000000000000000e+00
1.020844240766430655e+00 0.000000000000000000e+00
1.016965928593813517e+00 0.000000000000000000e+00
1.015725902912932632e+00 0.000000000000000000e+00
1.015111908583154143e+00 0.000000000000000000e+00
1.014743169027995551e+00 0.000000000000000000e+00
1.014495596202545258e+00 0.000000000000000000e+00
1.014316684411515235e+00 0.000000000000000000e+00
1.014180396445752530e+00 0.000000000000000000e+00
1.014072349301573528e+00 0.000000000000000000e+00
1.013983947906210270e+00 0.000000000000000000e+00
1.013909738058717425e+00 0.000000000000000000e+00
1.013846090253818000e+00 0.000000000000000000e+00
1.013790494076631576e+00 0.000000000000000000e+00
1.013741156425769008e+00 0.000000000000000000e+00
1.013696761146034797e+00 0.000000000000000000e+00
1.013656319158157570e+00 0.000000000000000000e+00
1.013619071674374705e+00 0.000000000000000000e+00
1.013584425777328324e+00 0.000000000000000000e+00
1.013551910395454447e+00 0.000000000000000000e+00
1.013521145510537735e+00 0.000000000000000000e+00
1.013491820170833613e+00 0.000000000000000000e+00
1.013463676497484700e+00 0.000000000000000000e+00
1.013436497852737928e+00 0.000000000000000000e+00
1.013410099950392551e+00 0.000000000000000000e+00
1.013384324079928733e+00 0.000000000000000000e+00
1.013359031871040594e+00 0.000000000000000000e+00
1.013334101195220827e+00 0.000000000000000000e+00
1.013309422916180758e+00 0.000000000000000000e+00
1.013284898280143231e+00 0.000000000000000000e+00
1.013260436792408292e+00 0.000000000000000000e+00
1.013235954465780075e+00 0.000000000000000000e+00
1.013211372354492212e+00 0.000000000000000000e+00
1.013186615307562599e+00 0.000000000000000000e+00
1.013161610890303876e+00 0.000000000000000000e+00
1.013136288433579724e+00 0.000000000000000000e+00
1.013110578178373800e+00 0.000000000000000000e+00
1.013084410489117460e+00 0.000000000000000000e+00
1.013057715113487189e+00 0.000000000000000000e+00
1.013030420469430037e+00 0.000000000000000000e+00
1.013002452942255660e+00 0.000000000000000000e+00
1.012973736175919681e+00 0.000000000000000000e+00
1.012944190343236350e+00 0.000000000000000000e+00
1.012913731379775584e+00 0.000000000000000000e+00
1.012882270165636811e+00 0.000000000000000000e+00
1.012849711638163841e+00 0.000000000000000000e+00
1.012815953816921466e+00 0.000000000000000000e+00
1.012780886719834461e+00 0.000000000000000000e+00
1.012744391146186418e+00 0.000000000000000000e+00
1.012706337298027615e+00 0.000000000000000000e+00
1.012666583206254023e+00 0.000000000000000000e+00
1.012624972920894484e+00 0.000000000000000000e+00
1.012581334416638557e+00 0.000000000000000000e+00
1.012535477153814423e+00 0.000000000000000000e+00
1.012487189221274120e+00 0.000000000000000000e+00
1.012436233970030131e+00 0.000000000000000000e+00
1.012382346023849689e+00 0.000000000000000000e+00
1.012325226523707933e+00 0.000000000000000000e+00
1.012264537424812039e+00 0.000000000000000000e+00
1.012199894614744133e+00 0.000000000000000000e+00
1.012130859554857043e+00 0.000000000000000000e+00
1.012056929058294807e+00 0.000000000000000000e+00
1.011977522698292775e+00 0.000000000000000000e+00
1.011891967177219964e+00 0.000000000000000000e+00
1.011799476761932048e+00 0.000000000000000000e+00
1.011699128577333795e+00 0.000000000000000000e+00
1.011589831106904258e+00 0.000000000000000000e+00
1.011470283614085863e+00 0.000000000000000000e+00
1.011338923275080681e+00 0.000000000000000000e+00
1.011193855448326406e+00 0.000000000000000000e+00
1.011032760450547130e+00 0.000000000000000000e+00
1.010852767053138646e+00 0.000000000000000000e+00
1.010650277959331156e+00 0.000000000000000000e+00
1.010420724558169558e+00 0.000000000000000000e+00
1.010158215094798750e+00 0.000000000000000000e+00
1.009855017993150694e+00 0.000000000000000000e+00
1.009500782584165535e+00 0.000000000000000000e+00
1.009081327123571903e+00 0.000000000000000000e+00
1.008576685189064071e+00 0.000000000000000000e+00
1.007957820890397649e+00 0.000000000000000000e+00
1.007180819057891474e+00 0.000000000000000000e+00
1.006175953170616255e+00 0.000000000000000000e+00
1.004825454697075404e+00 0.000000000000000000e+00
1.002913525132034023e+00 0.000000000000000000e+00
9.999975309215350938e-01 0.000000000000000000e+00
9.950037152158174303e-01 0.000000000000000000e+00
9.844792857559341304e-01 0.000000000000000000e+00
9.478224663011582951e-01 0.000000000000000000e+00
1.287821211150276479e+00 0.000000000000000000e+00
1.058609051139577817e+00 0.000000000000000000e+00
1.038279657138177603e+00 0.000000000000000000e+00
1.030676680737250717e+00 0.000000000000000000e+00
1.026698215113697632e+00 0.000000000000000000e+00
1.024251048789235119e+00 0.000000000000000000e+00
1.022593598180503882e+00 0.000000000000000000e+00
1.021396577399772854e+00 0.000000000000000000e+00
1.020491432690219469e+00 0.000000000000000000e+00
1.019782937062522654e+00 0.000000000000000000e+00
1.019213226900292701e+00 0.000000000000000000e+00
1.018745113899814481e+00 0.000000000000000000e+00
1.018353607861813170e+00 0.000000000000000000e+00
1.018021294325608395e+00 0.000000000000000000e+00
1.017735666053239729e+00 0.000000000000000000e+00
1.017487508246643912e+00 0.000000000000000000e+00
1.017269882030351180e+00 0.000000000000000000e+00
1.017077462643619201e+00 0.000000000000000000e+00
1.016906095875094840e+00 0.000000000000000000e+00
1.016752493150193448e+00 0.000000000000000000e+00
1.016614017210477616e+00 0.000000000000000000e+00
1.016488528465017804e+00 0.000000000000000000e+00
1.016374272878320939e+00 0.000000000000000000e+00
1.016269798859347206e+00 0.000000000000000000e+00
1.016173894761019492e+00 0.000000000000000000e+00
1.016085541263876069e+00 0.000000000000000000e+00
1.016003874666379092e+00 0.000000000000000000e+00
1.015928158274466142e+00 0.000000000000000000e+00
1.015857759879523536e+00 0.000000000000000000e+00
1.015792133864956037e+00 0.000000000000000000e+00
