1.005435229252077622e+00
9.973111380609418486e-01
1.000583740166204993e+00
1.009626456509695291e+00
1.007904034349030420e+00
9.982584702493075834e-01
1.212011060387811812e+00
9.998660642659280562e-01
1.000009599445983444e+00
1.008104983601108007e+00
1.005751006648199608e+00
1.003540564875346375e+00
1.002047799002770079e+00
9.970527747368421734e-01
1.006669631800554132e+00
1.039194703601107994e+00
1.018066325096953051e+00
9.962776847645430367e-01
1.005837127756232796e+00
1.001157880886426543e+00
1.020477716121883649e+00
1.004028584487534737e+00
1.007444721772853269e+00
1.001645900498614905e+00
1.014363117451523522e+00
1.038103836232687094e+00
1.001875556786703703e+00
1.033424589362880841e+00
1.014190875235457145e+00
1.005550057396122021e+00
1.016516145152354555e+00
1.012066554570637100e+00
