9.491694386703601882e-01
9.510928100831025356e-01
9.783932013296399166e-01
1.000899517562326979e+00
9.765846580609418570e-01
9.791108772299169649e-01
9.631784722437674029e-01
9.704700593905817296e-01
9.543367051523545808e-01
9.601642334626039332e-01
9.585853464819945602e-01
9.555711077008310905e-01
9.528152322437674071e-01
9.564036117451524266e-01
9.540783418282549055e-01
9.558007639889196660e-01
9.574657720775623382e-01
9.507770326869806610e-01
9.433706173961219354e-01
9.447485551246538327e-01
9.459542506371191317e-01
9.358493739612189222e-01
9.450930395567868070e-01
9.568629243213296887e-01
9.364522217174515717e-01
9.399544801108034031e-01
9.373421398337951072e-01
9.437438088642660095e-01
9.343853151246538369e-01
9.288161501385041596e-01
9.320313381717452161e-01
9.347585065927977999e-01
9.232756921883656931e-01
9.232756921883656931e-01
9.287587360664820713e-01
9.112187370637119255e-01
9.184242031024931752e-01
9.169027301939058905e-01
9.066830253739612822e-01
9.154960854293628936e-01
9.027788684764543881e-01
9.024343840443214138e-01
8.969513401662050356e-01
8.734402776731302609e-01
8.708566444321330646e-01
8.714881992243768138e-01
8.683304252631579567e-01
8.371258771191135706e-01
8.310399854847645429e-01
7.972805111357341712e-01
7.703533113573407531e-01
7.237043778393351667e-01
6.854953129085873398e-01
7.124799267590028462e-01
1.160568051855955796e+00
1.476977002770083258e+00
1.377162638559556784e+00
1.255129028476454467e+00
1.186720161662049966e+00
1.142712275457063775e+00
1.115555419390581671e+00
1.091355388033241169e+00
1.066696044099723073e+00
1.050964588365651098e+00
1.042151528310249375e+00
1.036151757783933647e+00
1.029290776177285371e+00
1.019185899501385162e+00
1.012554574182825462e+00
1.011234050526315764e+00
9.898760157340720234e-01
1.008966194681440554e+00
9.944404344598338774e-01
9.943543133518005783e-01
9.843355577839335568e-01
9.879813513573407757e-01
9.740010248199446607e-01
9.675132346814404594e-01
9.721350674792244018e-01
9.573222368975069507e-01
9.595613857063712837e-01
9.619440696952908931e-01
9.535616151800554441e-01
9.527291111357341080e-01
9.414185389473684884e-01
9.471312391135734421e-01
9.486527120221607268e-01
9.294764119667590085e-01
9.252564776731302398e-01
9.212087855955679583e-01
8.948557265373962011e-01
9.029511106925208752e-01
8.950566757894737879e-01
8.811624703601108610e-01
8.611249592243768181e-01
8.614407366204986927e-01
8.487522267036011758e-01
8.311261065927978420e-01
8.104283336288089501e-01
8.373268263711911574e-01
9.047309469252078351e-01
1.073585732742382337e+00
1.218125659058171717e+00
1.274477570747922561e+00
1.284496326315789583e+00
1.248784773518005542e+00
1.209025528642659442e+00
1.182012207756232725e+00
1.160969950360110969e+00
1.143458658393351923e+00
1.123134076897506883e+00
1.109986254404432104e+00
1.103211393905817239e+00
1.081738530969529100e+00
1.079815159556786863e+00
1.072437451301939015e+00
1.064342067146814452e+00
1.068590708476454321e+00
1.065346813407202387e+00
1.053146323102493120e+00
1.047634572188365754e+00
1.051854506481994411e+00
1.049041216952908639e+00
1.042840497174515324e+00
1.036094343711911447e+00
1.027769303268698087e+00
1.030123280221606707e+00
1.023807732299168993e+00
1.025300498171745289e+00
1.017607012520775678e+00
1.009626456509695291e+00
1.011234050526315764e+00
1.018353395457063826e+00
1.017693133628808866e+00
1.006554803656509733e+00
1.005607471468143999e+00
1.009109729861495941e+00
1.001215294958448743e+00
1.009540335401662103e+00
1.009281972077562317e+00
1.000842103490304780e+00
1.002162627146814478e+00
1.002334869362880854e+00
9.974833802770083357e-01
9.940959500277009031e-01
9.922012856509695444e-01
9.970240677008310737e-01
9.948423329639889401e-01
9.893879961218836616e-01
9.922012856509695444e-01
9.874072106371191149e-01
9.823547722991690101e-01
9.818380456509695486e-01
9.826131356232687963e-01
9.806323501385042496e-01
9.773023339612189053e-01
9.703839382825485416e-01
9.759243962326870081e-01
9.728527433795014501e-01
9.752641344044321592e-01
9.787089787257617912e-01
9.646425310803324882e-01
9.653602069806094255e-01
9.564610258171745150e-01
9.558868850969529651e-01
9.618292415512466054e-01
9.536190292520776435e-01
9.475331376177286158e-01
9.403276715789473661e-01
9.387200775623268934e-01
9.364522217174515717e-01
9.357058387811635347e-01
9.327203070360111647e-01
9.206346448753462974e-01
9.134865929085873582e-01
9.185390312465374629e-01
9.012573955678671034e-01
8.927601129085872556e-01
8.901764796675900593e-01
8.884253504709141991e-01
8.728087228808865117e-01
8.599766777839336074e-01
8.333939624376731636e-01
8.344848298060941749e-01
8.207054525207756468e-01
7.988593981163435442e-01
7.804868950692521734e-01
7.701236550692520666e-01
7.902759943490305083e-01
8.533453524653740185e-01
9.805749360664820502e-01
1.168806971191135746e+00
1.286907717340720403e+00
1.331403623157894733e+00
1.317308468476454442e+00
1.303242020831024917e+00
1.259033185373961361e+00
1.236038849529085937e+00
1.218269194238227326e+00
1.181954793684210525e+00
1.171132241108033378e+00
1.166912306814404499e+00
1.140099935180055368e+00
1.129363503711911410e+00
1.122847006537396108e+00
1.109785305152354740e+00
1.111105828808864437e+00
1.111306778060941802e+00
1.108005468919667669e+00
1.104704159778393313e+00
1.094283505706371340e+00
1.086676141163434917e+00
1.072466158337950226e+00
1.073413490526315961e+00
1.066839579279778460e+00
1.074963670470914234e+00
1.060122132853185573e+00
1.058170054404432125e+00
1.062533523878116393e+00
1.074906256398892035e+00
1.047491037008310366e+00
1.049873720997229976e+00
1.047691986260387953e+00
1.048668025484764676e+00
1.051079416509695275e+00
1.049644064709141400e+00
1.049242166204986226e+00
1.050275619501385149e+00
1.047691986260387953e+00
1.039912379501385153e+00
1.042180235346260364e+00
1.033769073795013815e+00
1.030869663157894855e+00
1.028573100277008434e+00
1.035807273351800673e+00
1.040113328753462740e+00
1.033855194903047225e+00
1.032391136066482140e+00
1.032333721994459941e+00
1.029893623933518132e+00
1.029778795789473733e+00
1.021625997562326971e+00
1.019386848753462749e+00
1.025329205207756278e+00
1.014276996343490334e+00
1.019616505041551324e+00
1.014621480775623308e+00
1.013473199335180208e+00
1.020563837229917059e+00
1.015855883324099818e+00
1.017807961772853265e+00
1.013157421939058223e+00
1.013071300831025034e+00
1.011377585706371152e+00
1.015109500387811670e+00
1.008449468033240981e+00
1.005779713684210597e+00
1.005406522216066634e+00
9.959332003324100624e-01
1.008248518781163394e+00
1.000870810526315768e+00
1.000325376842105429e+00
1.000583740166204993e+00
1.000009599445983444e+00
9.969666536288088743e-01
9.940098289196676040e-01
1.007760499168975032e+00
9.881248865373961632e-01
9.871775543490305393e-01
9.903927423822714848e-01
9.948997470360111395e-01
9.872349684210527387e-01
9.940098289196676040e-01
9.897611875900277356e-01
9.804314008864266627e-01
9.890435116897507983e-01
9.893305820498615732e-01
1.011635949030470938e+00
1.013329664155124821e+00
1.033596831578947439e+00
1.052974080886426744e+00
1.053863999002770058e+00
1.075021084542936434e+00
1.087135453739612290e+00
1.103728120554016590e+00
1.095058595678670477e+00
1.097958006315789437e+00
1.091498923213296557e+00
1.095374373074792240e+00
1.095058595678670477e+00
1.087537352243767463e+00
1.076772213739612294e+00
1.071317876897506904e+00
1.076485143379501519e+00
1.071203048753462728e+00
1.065633883767313161e+00
1.054552967867036006e+00
1.057682034792243764e+00
1.070829857285318543e+00
1.059835062493074798e+00
1.050218205429362950e+00
1.056017026703601092e+00
1.055816077451523505e+00
1.050734932077562300e+00
1.049873720997229976e+00
1.049730185817174588e+00
1.052227697950138596e+00
1.034142265263158000e+00
1.053232444210526308e+00
1.043156274570637088e+00
1.045194474127423945e+00
1.047491037008310366e+00
1.033453296398892052e+00
1.043960071578947435e+00
1.042984032354570711e+00
1.046428876675900232e+00
1.033797780831025026e+00
1.034056144155124812e+00
1.028974998781163386e+00
1.022917814182825458e+00
1.035950808531856060e+00
1.039051168421052607e+00
1.024582822271468130e+00
1.026994213296398950e+00
1.023692904155124817e+00
1.038189957340720282e+00
1.025845931855955628e+00
1.026219123324099813e+00
1.026391365540166190e+00
1.032017944598337955e+00
1.027683182160664899e+00
1.040170742825484718e+00
1.023779025263158005e+00
1.027683182160664899e+00
1.023836439335180204e+00
1.028056373628808862e+00
1.023836439335180204e+00
1.025271791135734079e+00
1.035060890415512524e+00
1.031472510914127394e+00
1.030898370193905844e+00
1.033482003434903040e+00
1.037099089972299160e+00
1.042208942382271575e+00
1.029003705817174597e+00
1.035347960775623299e+00
1.039768844321329766e+00
1.027396111800554124e+00
1.037185211080332570e+00
1.030496471689750670e+00
1.038850219168975020e+00
1.029290776177285371e+00
1.035864687423822872e+00
1.030381643545706494e+00
1.033051397894736878e+00
1.019444262825484726e+00
1.025874638891966839e+00
1.019846161329639900e+00
1.033108811966759077e+00
1.023721611191135805e+00
1.026965506260387961e+00
1.022286259390581709e+00
1.027109041440443349e+00
1.027510939944598300e+00
1.022745571966759082e+00
1.028802756565097010e+00
1.028630514349030634e+00
1.020449009085872660e+00
1.021712118670360159e+00
1.017463477340720290e+00
1.012554574182825462e+00
1.018583051745152401e+00
1.022114017174515332e+00
1.029118533961218995e+00
1.014937258171745293e+00
1.015683641108033219e+00
1.022228845318559509e+00
1.016028125540166194e+00
1.007703085096953055e+00
1.017894082880886453e+00
1.016975457728531929e+00
1.005090744819944648e+00
1.012382331966759086e+00
1.014449238559556932e+00
1.016056832576177404e+00
1.006411268476454346e+00
1.010918273130194001e+00
1.009913526869806066e+00
1.012611988254847661e+00
1.012152675678670510e+00
1.008420760997229992e+00
1.017664426592797877e+00
1.020965735734072011e+00
1.009167143933518140e+00
1.011635949030470938e+00
1.019329434681440549e+00
1.018410809529086025e+00
1.007588256952908656e+00
1.010200597229917063e+00
1.010832152022160813e+00
1.017032871800554128e+00
1.009023608753462753e+00
1.015855883324099818e+00
1.015769762216066630e+00
1.015827176288088607e+00
1.014506652631578909e+00
1.019042364321329774e+00
1.006640924764542921e+00
1.015453984819944644e+00
1.012899058614958436e+00
1.013042593795013824e+00
1.014793722991689906e+00
1.019903575401662099e+00
1.013100007867036023e+00
1.000727275346260381e+00
1.009138436897506930e+00
1.008793952465373955e+00
1.008736538393351756e+00
9.937227585595568291e-01
1.009769991689750679e+00
1.018898829141274387e+00
1.016229074792243781e+00
1.023032642326869857e+00
1.016487438116343567e+00
1.008994901717451542e+00
1.013645441551246584e+00
1.013157421939058223e+00
1.015511398891966843e+00
1.029721381717451534e+00
1.021080563878116410e+00
1.021224099058171797e+00
1.018295981385041626e+00
1.022831693074792270e+00
1.029549139501385158e+00
1.025558861495844853e+00
1.029778795789473733e+00
1.019846161329639900e+00
1.031415096842105417e+00
1.013731562659279772e+00
1.011808191246537536e+00
1.022142724210526321e+00
1.007760499168975032e+00
1.021884360886426757e+00
1.016028125540166194e+00
1.013013886759002835e+00
1.018898829141274387e+00
1.003684100055401762e+00
1.011004394238227189e+00
1.008162397673130206e+00
1.006038077008310383e+00
1.017090285872576327e+00
1.004085998559556936e+00
1.018008911024930851e+00
1.015052086315789470e+00
1.004229533739612323e+00
1.019673919113573524e+00
1.010631202770083226e+00
1.013415785263158009e+00
1.005751006648199608e+00
1.001846849750692492e+00
1.012037847534626112e+00
1.011205343490304776e+00
1.001961677894736891e+00
1.001330123102493141e+00
1.009769991689750679e+00
1.012210089750692488e+00
1.000124427590027842e+00
1.011865605318559513e+00
1.007789206204986243e+00
1.006210319224376759e+00
9.951868173961219144e-01
9.973111380609418486e-01
9.920577504709141570e-01
9.981723491412742844e-01
1.002392283434903053e+00
9.981436421052631847e-01
1.016257781828254991e+00
1.002765474903047238e+00
9.960480284764543502e-01
9.919716293628809689e-01
9.988039039335180336e-01
1.000784689418282580e+00
9.854551321883656678e-01
9.927754263711912053e-01
1.001444951246537540e+00
1.006526096620498745e+00
1.007100237340720295e+00
9.888999765096952999e-01
9.936079304155125413e-01
1.000067013518005643e+00
9.946987977839335526e-01
9.764985369529086690e-01
9.927180122991690059e-01
9.972824310249307489e-01
9.903066212742382968e-01
9.913974886426593081e-01
9.856560814404432547e-01
9.883545428254848497e-01
9.910530042105263338e-01
9.800295023822714890e-01
9.915697308587257952e-01
9.820677019390582352e-01
9.915123167867037068e-01
9.839049522437673945e-01
9.874646247091413143e-01
9.879813513573407757e-01
9.826418426592797850e-01
9.877516950692520892e-01
9.803165727423823750e-01
9.922874067590028435e-01
9.820677019390582352e-01
9.929763756232687921e-01
9.958183721883656636e-01
9.999234783379501446e-01
9.868330699168975650e-01
1.002535818614958441e+00
1.014018633019390547e+00
1.037788058836565108e+00
1.039022461385041618e+00
1.030037159113573519e+00
1.049873720997229976e+00
1.050132084321329762e+00
1.063882754570637079e+00
1.062878008310249367e+00
1.069911232132964019e+00
1.083862851634349145e+00
1.074533064930748072e+00
1.071490119113573503e+00
1.079413261052631690e+00
1.070083474349030617e+00
1.061557484653739669e+00
1.060696273573407344e+00
1.057222722216066613e+00
1.059519285096953034e+00
1.054840038227146781e+00
1.057595913684210576e+00
1.052514768310249371e+00
1.045998271135734070e+00
1.056993065927977815e+00
1.052371233130193984e+00
1.060265668033240960e+00
1.052371233130193984e+00
1.041089367977839464e+00
1.059662820277008421e+00
1.038362199556786658e+00
1.041175489085872652e+00
1.047806814404432130e+00
1.053921413074792257e+00
1.045137060055401745e+00
1.039252117673130194e+00
1.040601348365651102e+00
1.032534671246537528e+00
1.034687698947368562e+00
1.041462559445983427e+00
1.031816995346260368e+00
1.039280824709141404e+00
1.031903116454293778e+00
1.044849989695290970e+00
1.050849760221606699e+00
1.026420072576177400e+00
1.035347960775623299e+00
1.031443803878116405e+00
1.024812478559556927e+00
1.045165767091412734e+00
1.025932052963989038e+00
1.033970023047091402e+00
1.022314966426592919e+00
1.026276537396122013e+00
1.034716405983379550e+00
1.032477257174515328e+00
