1.007014116232687106e+00
1.013214836011080422e+00
1.035950808531856060e+00
1.033223640110803476e+00
1.015827176288088607e+00
1.004947209639889261e+00
9.979139858171746091e-01
9.974259662049862474e-01
1.003282201551246589e+00
9.981149350692520850e-01
1.001875556786703703e+00
1.010114476121883653e+00
1.000239255734072019e+00
1.000296669806094219e+00
1.004143412631578913e+00
9.923448208310249319e-01
9.973111380609418486e-01
1.007042823268698095e+00
9.993206305817174950e-01
1.006956702160664907e+00
9.954451807202217006e-01
9.974833802770083357e-01
9.973111380609418486e-01
9.918855082548476698e-01
1.008363346925207793e+00
1.002220041218836677e+00
1.001157880886426543e+00
9.981149350692520850e-01
1.001014345706371156e+00
1.004487897063711888e+00
1.006325147368421158e+00
9.939524148476455156e-01
1.001760728642659304e+00
1.001244001994459953e+00
1.004401775955678700e+00
1.003425736731301976e+00
9.984881265373961590e-01
1.010344132409972451e+00
9.915123167867037068e-01
9.992632165096952956e-01
9.981436421052631847e-01
1.003224787479224389e+00
1.006382561440443357e+00
1.003511857839335164e+00
1.002306162326869865e+00
1.000870810526315768e+00
1.006956702160664907e+00
1.004803674459833873e+00
1.012353624930747875e+00
1.013128714903047234e+00
1.023377126759002831e+00
1.031616046094182781e+00
1.054667796011080405e+00
1.124512014626038781e+00
1.235780486204986151e+00
1.150951194792243726e+00
1.075623932299168972e+00
1.035721152243767262e+00
1.025357912243767267e+00
1.019444262825484726e+00
1.008506882105263180e+00
1.008765245429362967e+00
1.006181612188365770e+00
1.000440204986149606e+00
9.984594195013850593e-01
1.001703314570637104e+00
9.978852787811635094e-01
1.005234280000000036e+00
1.002593232686980640e+00
1.008047569529086029e+00
9.992632165096952956e-01
9.985455406094183584e-01
1.006755752908587320e+00
9.973685521329640480e-01
9.951294033240998260e-01
1.003454443767313187e+00
1.007157651412742494e+00
9.993780446537396944e-01
9.984881265373961590e-01
1.011147929418282576e+00
1.009396800221606716e+00
9.993206305817174950e-01
1.000411497950138617e+00
1.007358600664820081e+00
9.973398450969529483e-01
9.958183721883656636e-01
1.005808420720221585e+00
1.009655163545706502e+00
1.017492184376731279e+00
1.007961448421052619e+00
1.003569271911357363e+00
1.002822888975069215e+00
1.017061578836565117e+00
1.002507111578947452e+00
1.020822200554016623e+00
1.020420302049861450e+00
1.015798469252077618e+00
1.026104295180055415e+00
1.042122821274238387e+00
1.059691527313019410e+00
1.105077351246537498e+00
1.111364192132964002e+00
1.104330968310249350e+00
1.083231296842105396e+00
1.048122591800554115e+00
1.039567895069252179e+00
1.043730415290858859e+00
1.019472969861495937e+00
1.021023149806094210e+00
1.005234280000000036e+00
1.010057062049861454e+00
9.992919235457063953e-01
1.001961677894736891e+00
9.987751968975069339e-01
1.002564525650969651e+00
1.007817913240997232e+00
1.007760499168975032e+00
1.001473658282548529e+00
9.982010561772853841e-01
1.013989925983379559e+00
9.948710400000000398e-01
1.001531072354570728e+00
9.938088796675901282e-01
1.005722299612188397e+00
1.002105213074792278e+00
9.961054425484765495e-01
1.005751006648199608e+00
1.003167373407202190e+00
1.005865834792243785e+00
9.988613180055402330e-01
9.969953606648199740e-01
9.960767355124654499e-01
1.004258240775623312e+00
9.856847884764543544e-01
9.950145751800554272e-01
1.001846849750692492e+00
9.994067516897507941e-01
9.977130365650970223e-01
9.988613180055402330e-01
1.002507111578947452e+00
9.978565717451524097e-01
1.008679124321329779e+00
1.009712577617728479e+00
1.000181841662049820e+00
1.008994901717451542e+00
1.003224787479224389e+00
9.949571611080333389e-01
1.009253265041551328e+00
9.999521853739612443e-01
9.924309419390582310e-01
9.977130365650970223e-01
1.001272709030470942e+00
9.980001069252077972e-01
1.004516604099723098e+00
1.004057291523545725e+00
9.941820711357340912e-01
1.007358600664820081e+00
9.987177828254848455e-01
9.936366374515236410e-01
1.000698568310249392e+00
9.922299926869806441e-01
1.005349108144044434e+00
1.001186587922437754e+00
1.007157651412742494e+00
1.000095720554016632e+00
9.943830203878116780e-01
1.005951955900276973e+00
1.005664885540166198e+00
9.953303525761773018e-01
1.003368322659279777e+00
1.004401775955678700e+00
1.006870581052631719e+00
1.000497619058171805e+00
9.988039039335180336e-01
1.005837127756232796e+00
1.004085998559556936e+00
9.996651150138504693e-01
1.009138436897506930e+00
1.008679124321329779e+00
1.000210548698061030e+00
1.017894082880886453e+00
1.003483150803324175e+00
1.017032871800554128e+00
1.014420531523545721e+00
1.016630973296398954e+00
1.020994442770083221e+00
1.020018403545706498e+00
1.032735620498615114e+00
1.055672542271468117e+00
1.066466387811634497e+00
1.081307925429362937e+00
1.091556337285318534e+00
1.075853588587257770e+00
1.056734702603878251e+00
1.037242625152354547e+00
1.029979745041551320e+00
1.026908092188365762e+00
1.020736079445983435e+00
1.011147929418282576e+00
1.018611758781163390e+00
1.006468682548476545e+00
1.007100237340720295e+00
1.001244001994459953e+00
9.988039039335180336e-01
1.011434999778393351e+00
1.007990155457063830e+00
1.000899517562326979e+00
1.008363346925207793e+00
1.006841874016620508e+00
1.001703314570637104e+00
1.001846849750692492e+00
1.004373068919667711e+00
1.001330123102493141e+00
1.005894541828254996e+00
1.002650646759002839e+00
9.991196813296399082e-01
9.957609581163435752e-01
9.918855082548476698e-01
9.996364079778393696e-01
9.993206305817174950e-01
1.004631432243767275e+00
1.000181841662049820e+00
1.005751006648199608e+00
1.002708060831025039e+00
9.943543133518005783e-01
1.005492643324099822e+00
9.933495670914127551e-01
9.946700907479224529e-01
1.005693592576177409e+00
9.985742476454294581e-01
1.001244001994459953e+00
1.003310908587257577e+00
1.003942463379501548e+00
1.008679124321329779e+00
1.001071759778393355e+00
9.941246570637120028e-01
9.992919235457063953e-01
1.000755982382271592e+00
1.000153134626038831e+00
1.006813166980609520e+00
1.008650417285318568e+00
1.007904034349030420e+00
1.010085769085872665e+00
1.007301186592797881e+00
1.000870810526315768e+00
1.008104983601108007e+00
9.968518254847645865e-01
1.012497160110803485e+00
9.948423329639889401e-01
1.004143412631578913e+00
9.964499269806095239e-01
1.006554803656509733e+00
1.005377815180055423e+00
9.998373572299169565e-01
9.992919235457063953e-01
1.010545081662049816e+00
9.936653444875346297e-01
1.011607241994459949e+00
9.948136259279778404e-01
1.005148158891966848e+00
9.935792233795014416e-01
1.003138666371191201e+00
9.911965393905817212e-01
1.008908780609418354e+00
9.999234783379501446e-01
1.011090515346260377e+00
1.001588486426592928e+00
9.992345094736843070e-01
9.981436421052631847e-01
1.013903804875346371e+00
1.017205114016620504e+00
1.008679124321329779e+00
1.015741055180055419e+00
1.015425277783933655e+00
1.020649958337950247e+00
1.023549368975069207e+00
1.035347960775623299e+00
1.030984491301939032e+00
1.024525408199445931e+00
1.037788058836565108e+00
1.050591396897506913e+00
1.030324229473684294e+00
1.036324000000000023e+00
1.026391365540166190e+00
1.031070612409972442e+00
1.027855424376731275e+00
1.030955784265928044e+00
1.022544622714681495e+00
1.017492184376731279e+00
1.026448779612188389e+00
1.011119222382271587e+00
1.007760499168975032e+00
1.008765245429362967e+00
1.007186358448753483e+00
1.004660139279778486e+00
1.013961218947368570e+00
1.014822430027700895e+00
1.015080793351800681e+00
1.002679353795013828e+00
1.008593003213296369e+00
1.004028584487534737e+00
1.009339386149584517e+00
1.000526326094182794e+00
1.003971170415512537e+00
9.932921530193906667e-01
1.007358600664820081e+00
1.003626685983379563e+00
1.002679353795013828e+00
1.007128944376731283e+00
9.951581103601108147e-01
9.982584702493075834e-01
1.001531072354570728e+00
1.012956472686980636e+00
9.983158843213296718e-01
9.897324805540166359e-01
1.008133690637119217e+00
1.001559779390581717e+00
1.000641154238227193e+00
1.002162627146814478e+00
1.001732021606648315e+00
1.003425736731301976e+00
1.012382331966759086e+00
1.001961677894736891e+00
9.998373572299169565e-01
1.009626456509695291e+00
1.006353854404432147e+00
1.010946980166204989e+00
1.004803674459833873e+00
1.005636178504155209e+00
9.994354587257617828e-01
1.005808420720221585e+00
1.005320401108033224e+00
9.996364079778393696e-01
1.005377815180055423e+00
1.006899288088642708e+00
1.010832152022160813e+00
1.010659909806094214e+00
1.000842103490304780e+00
1.011779484210526325e+00
1.008880073573407365e+00
1.009339386149584517e+00
1.011722070138504126e+00
1.004918502603878272e+00
9.894167031578947613e-01
1.012870351578947448e+00
1.011061808310249388e+00
1.016171660720221581e+00
1.007645671024930856e+00
1.012583281218836673e+00
9.973972591689751477e-01
1.006985409196675896e+00
1.011894312354570724e+00
1.000124427590027842e+00
1.008621710249307579e+00
1.001444951246537540e+00
1.000526326094182794e+00
9.947562118559557520e-01
1.004459190027700899e+00
1.004918502603878272e+00
1.000440204986149606e+00
1.004373068919667711e+00
1.002133920110803489e+00
1.000870810526315768e+00
9.959044932963989627e-01
1.000497619058171805e+00
9.963350988365651251e-01
9.982010561772853841e-01
9.965647551246538116e-01
1.002650646759002839e+00
1.004286947811634301e+00
1.005751006648199608e+00
9.941246570637120028e-01
9.968231184487534868e-01
1.008277225817174605e+00
9.930912037673130799e-01
1.007932741385041631e+00
1.000411497950138617e+00
9.977130365650970223e-01
1.003397029695290987e+00
1.000038306481994432e+00
9.986603687534626461e-01
1.005521350360110810e+00
9.953016455401663132e-01
1.001932970858725902e+00
1.003511857839335164e+00
1.003971170415512537e+00
9.968518254847645865e-01
9.968805325207756862e-01
1.009942233905817277e+00
1.007186358448753483e+00
9.994928727977839822e-01
9.937801726315790285e-01
9.988326109695291333e-01
9.974546732409972361e-01
9.963925129085873245e-01
9.920003363988920686e-01
1.001789435678670515e+00
1.001674607534626116e+00
9.925170630470914190e-01
1.002736767867036027e+00
9.991770954016621076e-01
1.003253494515235600e+00
1.003885049307479349e+00
1.004717553351800685e+00
1.004200826703601113e+00
1.003770221163434950e+00
1.013358371191135809e+00
1.010573788698061026e+00
9.992058024376732073e-01
1.011406292742382362e+00
1.005837127756232796e+00
9.981436421052631847e-01
1.003827635235457150e+00
1.005751006648199608e+00
1.012095261606648311e+00
1.007473428808864258e+00
1.002564525650969651e+00
1.005090744819944648e+00
9.995215798337950819e-01
1.005090744819944648e+00
1.003109959335180212e+00
1.005148158891966848e+00
1.008162397673130206e+00
1.009224558005540118e+00
1.009999647977839476e+00
1.005320401108033224e+00
1.018209860277008438e+00
1.008334639889196804e+00
1.010832152022160813e+00
1.013444492299168997e+00
1.011291464598337964e+00
1.007329893628808870e+00
1.017980203988919641e+00
1.005607471468143999e+00
1.016602266260387966e+00
1.008822659501385166e+00
9.985455406094183584e-01
1.010114476121883653e+00
1.008133690637119217e+00
1.005262987036011246e+00
1.000698568310249392e+00
1.002535818614958441e+00
1.013329664155124821e+00
9.962489777285319370e-01
1.006583510692520722e+00
1.006554803656509733e+00
1.005578764432133010e+00
1.013013886759002835e+00
9.966221691966760110e-01
1.005349108144044434e+00
9.997799431578947571e-01
1.015023379279778482e+00
9.961054425484765495e-01
1.004344361883656500e+00
9.971676028808864611e-01
9.979139858171746091e-01
9.922012856509695444e-01
1.013473199335180208e+00
9.996651150138504693e-01
1.002535818614958441e+00
1.004774967423822662e+00
1.000124427590027842e+00
1.003655393019390552e+00
1.004057291523545725e+00
9.977704506371192217e-01
1.000842103490304780e+00
9.940385359556787037e-01
1.008650417285318568e+00
1.001645900498614905e+00
1.008305932853185594e+00
1.004373068919667711e+00
1.002449697506925252e+00
1.011176636454293787e+00
9.949571611080333389e-01
9.977417436011081220e-01
9.989474391135734210e-01
1.004114705595567925e+00
1.009339386149584517e+00
1.008363346925207793e+00
1.007846620277008443e+00
1.009798698725761890e+00
9.909381760664820460e-01
1.002248748254847666e+00
1.003942463379501548e+00
9.998086501939058568e-01
1.003397029695290987e+00
9.997799431578947571e-01
1.001760728642659304e+00
9.915697308587257952e-01
1.007530842880886457e+00
1.004430482991689910e+00
1.003253494515235600e+00
1.003425736731301976e+00
9.972537239889197602e-01
9.968518254847645865e-01
1.004746260387811674e+00
1.000325376842105429e+00
9.985455406094183584e-01
1.008191104709141417e+00
1.007731792132964044e+00
1.007703085096953055e+00
1.003655393019390552e+00
9.986029546814404467e-01
1.005980662936288184e+00
1.007789206204986243e+00
1.006181612188365770e+00
1.014937258171745293e+00
1.001703314570637104e+00
1.008506882105263180e+00
1.009769991689750679e+00
1.025673689639889252e+00
1.024726357451523517e+00
1.029405604321329770e+00
1.009138436897506930e+00
1.015827176288088607e+00
1.016745801440443353e+00
1.024956013739612315e+00
1.031041905373961232e+00
1.027166455512465326e+00
1.038103836232687094e+00
1.020994442770083221e+00
1.020649958337950247e+00
1.015855883324099818e+00
1.021367634238227184e+00
1.019157192465373951e+00
1.022975228254847657e+00
1.022314966426592919e+00
1.012152675678670510e+00
1.012267503822714687e+00
1.011119222382271587e+00
1.021798239778393347e+00
1.015109500387811670e+00
1.008966194681440554e+00
1.010229304265928052e+00
1.001330123102493141e+00
1.013731562659279772e+00
1.014018633019390547e+00
9.980575209972299966e-01
9.977130365650970223e-01
1.007473428808864258e+00
1.011578534958448738e+00
1.005550057396122021e+00
1.003138666371191201e+00
1.002363576398892064e+00
1.002478404542936241e+00
1.007559549916897668e+00
1.008478175069252192e+00
9.945839696398892649e-01
1.003397029695290987e+00
1.000698568310249392e+00
1.004861088531856073e+00
1.002449697506925252e+00
1.001186587922437754e+00
9.991483883656510079e-01
1.002708060831025039e+00
1.001559779390581717e+00
1.006497389584487534e+00
1.004717553351800685e+00
1.009396800221606716e+00
1.001358830138504130e+00
9.975982084210527345e-01
1.002133920110803489e+00
1.001416244210526330e+00
1.005636178504155209e+00
9.970240677008310737e-01
9.944978485318559658e-01
1.003081252299169002e+00
1.004889795567867061e+00
1.009425507257617705e+00
1.009511628365651115e+00
