8.236068957339592878e-01
2.949155828982163996e-02
8.236068957339597318e-01
-2.949155828982540778e-02
-1.506338017526840864e-02
2.236780289061173627e-02
-1.506338017526857170e-02
-2.236780289061253077e-02
-3.302316208653869878e-01
1.055930400498986295e-02
-3.302316208653874874e-01
-1.055930400499021857e-02
-8.100042433553727994e-01
-4.155387546304257877e-03
-8.100042433553729104e-01
4.155387546304557117e-03
-6.441409388060769237e-01
9.030119060854307350e-03
-6.441409388060772567e-01
-9.030119060854565824e-03
