9.604110037853248460e-01 1.106753577673202926e-15
9.599256769065013239e-01 1.113258790708115953e-15
9.594255660540552677e-01 1.118029280267052172e-15
9.589098985063454483e-01 1.124751333736462300e-15
9.583778435630603276e-01 1.132123908509363730e-15
9.578285068528733515e-01 1.137761759806288353e-15
9.572609239481451038e-01 1.144917494144692682e-15
9.566740531856058327e-01 1.152290068917594112e-15
9.560667675747044347e-01 1.161831048035466551e-15
9.554378456546714915e-01 1.169420463242865083e-15
9.547859611365663302e-01 1.178527761491743320e-15
9.541096711367089700e-01 1.187635059740621557e-15
9.534074027717587274e-01 1.195441315382517189e-15
9.526774378417829370e-01 1.205849656238378032e-15
9.519178952740691146e-01 1.216691677963233076e-15
9.511267109347378845e-01 1.226883178384596818e-15
9.503016143343012700e-01 1.238158880978446064e-15
9.494401016531710535e-01 1.251819828351763420e-15
9.485394043885321258e-01 1.264179733118098170e-15
9.475964527681650651e-01 1.276322797449935820e-15
9.466078328807704390e-01 1.291067946995738680e-15
9.455697362242859727e-01 1.306246777410535742e-15
9.444779000577988581e-01 1.322292969563321208e-15
9.433275365377423727e-01 1.340941246930071884e-15
9.421132480963916311e-01 1.360023205165816762e-15
9.408289258410320599e-01 1.379538844270555842e-15
9.394676268614892134e-01 1.403391292065236939e-15
9.380214251568110839e-01 1.425509016383941230e-15
9.364812293231300488e-01 1.452397230261581740e-15
9.348365580340946002e-01 1.480152805877210653e-15
9.330752614773727416e-01 1.509643104968816374e-15
9.311831729725581486e-01 1.542602851012375709e-15
9.291436695267486501e-01 1.580333086614871263e-15
9.269371123969893933e-01 1.622833811776303037e-15
9.245401277839613297e-01 1.667936622151700021e-15
9.219246719811955426e-01 1.718243602955027427e-15
9.190568021537579568e-01 1.777224201138238868e-15
9.158950394553095897e-01 1.845745778439322748e-15
9.123881589966406080e-01 1.924242015727273269e-15
9.084721606658703319e-01 2.016182359954044045e-15
9.040660481487176048e-01 2.118964725905669866e-15
8.990658400831809116e-01 2.249068986603930398e-15
8.933359034253045561e-01 2.398688886406930010e-15
8.866961390346923544e-01 2.593411596585326606e-15
8.789025904824243618e-01 2.838441287567050608e-15
8.696173794140300561e-01 3.150257832373881683e-15
8.583609673858167977e-01 3.576132445726187825e-15
8.444348894207770462e-01 4.163336342344337027e-15
8.267964443242268313e-01 4.996437291682198634e-15
8.038671354692001891e-01 6.283602110856989498e-15
7.733331456204126653e-01 8.403867879369641969e-15
7.326511532052768505e-01 1.219814180219991329e-14
6.862423812352608232e-01 1.916349023911578797e-14
7.089125970456453540e-01 2.816843980291139360e-14
1.161016935299793662e+00 1.585970937911795886e-14
1.480273153601687319e+00 2.070175628143822166e-14
1.365121517294856535e+00 1.422820194996177179e-14
1.257749540832998614e+00 8.426419284557340461e-15
1.189129328259786789e+00 5.434888650235336627e-15
1.144012178976052230e+00 3.858025010572418978e-15
1.112562310828577594e+00 2.966377143920340131e-15
1.089470584930021024e+00 2.432949675057471950e-15
1.071779076524600249e+00 2.099015405931936584e-15
1.057745554967766788e+00 1.881307609696847294e-15
1.046287784765133955e+00 1.736458199452783902e-15
1.036701527972527570e+00 1.641048408274059511e-15
1.028509838526277420e+00 1.576863639662917649e-15
1.021378348142552905e+00 1.535230276239474279e-15
1.015065423846161607e+00 1.510076785837810576e-15
1.009391633218563955e+00 1.501403168457926540e-15
1.004220356199230224e+00 1.498801083243961330e-15
9.994450733120217034e-01 1.505739977147868558e-15
9.949807834202344381e-01 1.520485126693671418e-15
9.907580472516567260e-01 1.537832361453439489e-15
9.867187394343041040e-01 1.561251128379126385e-15
9.828129321817035136e-01 1.589006703994755298e-15
9.789965368077804264e-01 1.621966450038314633e-15
9.752294530710309273e-01 1.660130366509804389e-15
9.714740529853733708e-01 1.700029006457270953e-15
9.676938733069224696e-01 1.745131816832667937e-15
9.638524198532717469e-01 1.798908244587948957e-15
9.599120032117858248e-01 1.850949948867253170e-15
9.558325327747669853e-01 1.908195823574487804e-15
9.515701964431673154e-01 1.979319486089536895e-15
9.470759480516737217e-01 2.050443148604585986e-15
9.422937148582157807e-01 2.131975151975495919e-15
9.371582257756354561e-01 2.216976602298359467e-15
9.315923536238085445e-01 2.310651670001107050e-15
9.255038775070094648e-01 2.414735078559715475e-15
9.187816446640486578e-01 2.529226827974184744e-15
9.112913452566626660e-01 2.657596365196468469e-15
9.028717614693330118e-01 2.782496455466798579e-15
8.933340629665870170e-01 2.924743780496896761e-15
8.824712065031303787e-01 3.063521658575041329e-15
8.700964294971076374e-01 3.209238430557093125e-15
8.561623831213256430e-01 3.306382945211794322e-15
8.411036182730140531e-01 3.382710778154773834e-15
8.268018008980132505e-01 3.341077414731330464e-15
8.192395082601768852e-01 3.243932900076629267e-15
8.349308696091543025e-01 3.438221929386031661e-15
9.087518850398788040e-01 5.186823193170653212e-15
1.064791696094167239e+00 8.323203237736720439e-15
1.223010835079283209e+00 6.491335247105212147e-15
1.284704684076614756e+00 4.961309141293668290e-16
1.274842519670265073e+00 -3.431283035482124433e-15
1.242887591046919482e+00 -4.839878497975291793e-15
1.210047309886238764e+00 -4.985595269957343589e-15
1.181760366600402179e+00 -4.697631172945193612e-15
1.158460734870852882e+00 -4.293440603042597559e-15
1.139387580101837827e+00 -3.884045862712071084e-15
1.123665315564134959e+00 -3.511513996246051761e-15
1.110557242617120632e+00 -3.178663929293001900e-15
1.099492119271483936e+00 -2.897042414989892123e-15
1.090037188128909484e+00 -2.647621705209601828e-15
1.081865324477721435e+00 -2.431648632450489345e-15
1.074727658498270344e+00 -2.242130092700023170e-15
1.068432950316497321e+00 -2.076030319875243890e-15
1.062832569496742208e+00 -1.929879867024197893e-15
1.057809654253297316e+00 -1.798908244587948957e-15
1.053271272779398027e+00 -1.683982814304485487e-15
1.049142715808291104e+00 -1.581200448352859667e-15
1.045363301987199289e+00 -1.486658018912123680e-15
1.041883263005380034e+00 -1.404258653803225343e-15
1.038661405773430468e+00 -1.328364501729240033e-15
1.035663339179362152e+00 -1.259409243559161951e-15
1.032860115189775607e+00 -1.197392879292991097e-15
1.030227177129227734e+00 -1.138845961978773857e-15
1.027743537955316144e+00 -1.087671619437458048e-15
1.025391132393396187e+00 -1.039099362110107450e-15
1.023154301700416990e+00 -9.948639134726988686e-16
1.021019380482645733e+00 -9.536642309182497002e-16
1.018974362680590939e+00 -9.172350379227367512e-16
1.017008629433623357e+00 -8.825405684032006093e-16
1.015112725650943348e+00 -8.504481840976296780e-16
1.013278175164587402e+00 -8.213915658750181592e-16
1.011497326618269854e+00 -7.927686285214008421e-16
1.009763223961027245e+00 -7.684824998577255428e-16
1.008069496715086277e+00 -7.472321372770096559e-16
1.006410266179696089e+00 -7.242470512203169619e-16
1.004780064494011693e+00 -7.047314121155778821e-16
1.003173764068801654e+00 -6.860831347488272058e-16
1.001586515350141759e+00 -6.704706234650359420e-16
1.000013691228851309e+00 -6.548581121812446781e-16
9.984508366798757750e-01 -6.405466435044360196e-16
9.968936224228766019e-01 -6.288372600415925717e-16
9.953378015514103838e-01 -6.184289191857317292e-16
9.937791681923446863e-01 -6.067195357228882813e-16
9.922135173361344984e-01 -5.984795992119984476e-16
9.906366050267705337e-01 -5.919743861770854210e-16
9.890441081204101037e-01 -5.859028540111665961e-16
9.874315828152826491e-01 -5.785302792382651660e-16
9.857944211224191067e-01 -5.759281940242999553e-16
9.841278043857569768e-01 -5.720250662033521394e-16
9.824266528685258182e-01 -5.715913853343579376e-16
9.806855702962220533e-01 -5.724587470723463412e-16
9.788987820788456196e-01 -5.737597896793289465e-16
9.770600657180702475e-01 -5.763618748932941571e-16
9.751626716275324513e-01 -5.798313218452477713e-16
9.731992322418197006e-01 -5.859028540111665961e-16
9.711616568428156349e-01 -5.924080670460796227e-16
9.690410089657077730e-01 -6.028164079019404653e-16
9.668273625283689832e-01 -6.158268339717665185e-16
9.645096319140926688e-01 -6.286204196070954708e-16
9.620753700727645574e-01 -6.451002926288751382e-16
9.595105272163715338e-01 -6.661338147750939243e-16
9.567991607762580397e-01 -6.882515390937982147e-16
9.539230848390457540e-01 -7.179586786199010362e-16
9.508614441293393726e-01 -7.489668607529864630e-16
9.475901935657303765e-01 -7.851792133140023111e-16
9.440814592503737890e-01 -8.294146619514108920e-16
9.403027502083212141e-01 -8.790711214512469951e-16
9.362159820481763539e-01 -9.337149109445164186e-16
9.317762639125531932e-01 -1.007657499108027821e-15
9.269303890500032450e-01 -1.090707385520417461e-15
9.216149587021134071e-01 -1.187418219306124456e-15
9.157540632322669349e-01 -1.312318309576454567e-15
9.092564545075246807e-01 -1.458468762427500565e-15
9.020121953041725371e-01 -1.632157950459678375e-15
8.938889248109822550e-01 -1.868947704930512543e-15
8.847282732762083990e-01 -2.143684535438339367e-15
8.743439208620206182e-01 -2.515999561469861590e-15
8.625251112790094377e-01 -2.998903209094905264e-15
8.490550285573985612e-01 -3.625138383922532626e-15
8.337671727223311402e-01 -4.479489695841110120e-15
8.166970998035965046e-01 -5.653897489077408522e-15
7.984728897856165908e-01 -7.258299863921457984e-15
7.812977166570740373e-01 -9.501297318359469557e-15
7.713184324401786141e-01 -1.227186754992892759e-14
7.835331517403625323e-01 -1.498714347070162489e-14
8.469057296590001283e-01 -1.523173948081435469e-14
9.879120860454398967e-01 -9.731581859795390699e-15
1.167633914755264790e+00 -2.510361710172936967e-15
1.290052496003614158e+00 -7.294512216482473832e-16
1.327938618542777727e+00 -2.306748542180159234e-15
1.317619980303761817e+00 -3.537968529254698069e-15
1.290783805795051364e+00 -3.811404317155542287e-15
1.261651580382647797e+00 -3.710139834245396173e-15
1.234989110767117593e+00 -3.393552799879628878e-15
1.211883061290003782e+00 -3.053113317719180486e-15
1.192192460825904243e+00 -2.737176804656904494e-15
1.175445019076921449e+00 -2.465475740232037083e-15
1.161139758576229974e+00 -2.236925922272092748e-15
1.148836802904272147e+00 -2.047624222956123674e-15
1.138173918399902229e+00 -1.886728620559274816e-15
1.128859871583056895e+00 -1.750552827695095459e-15
1.120662198593278314e+00 -1.636061078280626191e-15
1.113395233559098640e+00 -1.541518648839890204e-15
1.106910025890887050e+00 -1.461287688075962876e-15
1.101086320369185190e+00 -1.395801876857838408e-15
1.095826328299143837e+00 -1.340290725626580581e-15
1.091049932483951990e+00 -1.291718468299229983e-15
1.086691000919816963e+00 -1.252470349655254722e-15
1.082694545246613238e+00 -1.218426401439209883e-15
1.079014519663151983e+00 -1.192405549299557777e-15
1.075612105587445244e+00 -1.171155186718841890e-15
1.072454365935275433e+00 -1.152290068917594112e-15
1.069513182053270839e+00 -1.138845961978773857e-15
1.066764408080587589e+00 -1.128871301991907217e-15
1.064187193632561534e+00 -1.122366088956994190e-15
1.061763437647404995e+00 -1.117378758963560870e-15
1.059477345113833291e+00 -1.116728237660069567e-15
1.057315065019534650e+00 -1.118462961136046374e-15
1.055264392825449260e+00 -1.121065046350011585e-15
1.053314524514546324e+00 -1.127136578515930410e-15
1.051455852103475141e+00 -1.134725993723328941e-15
1.049679792672479905e+00 -1.144917494144692682e-15
1.047978644632765910e+00 -1.155976356304044828e-15
1.046345466235544253e+00 -1.169854144111859284e-15
1.044773972325341305e+00 -1.185249814961153447e-15
1.043258446120128413e+00 -1.202597049720921518e-15
1.041793663413512094e+00 -1.222546369694654800e-15
1.040374827077963804e+00 -1.242712530102885182e-15
1.038997510131860702e+00 -1.266998658766560482e-15
1.037657605938987038e+00 -1.291935308733727084e-15
1.036351284353952629e+00 -1.318823522611367594e-15
1.035074952823692884e+00 -1.346579098226996507e-15
1.033825221613840828e+00 -1.378020961229076136e-15
1.032598872457160200e+00 -1.412281749879618076e-15
1.031392830025567253e+00 -1.446976219399154218e-15
1.030204135712488034e+00 -1.484923295436146873e-15
1.029029923282428038e+00 -1.525580876904353289e-15
1.027867396003078193e+00 -1.569274224455519118e-15
1.026713804925034168e+00 -1.614919135917158854e-15
1.025566428018090726e+00 -1.662840871941018150e-15
1.024422549914001612e+00 -1.715533097523813666e-15
1.023279442046764354e+00 -1.769960046582585989e-15
1.022134343026852354e+00 -1.829699586286537283e-15
1.020984439140409705e+00 -1.891715950552708136e-15
1.019826844935135313e+00 -1.958069123508821008e-15
1.018658583951003394e+00 -2.030276988196355603e-15
1.017476569789816043e+00 -2.106171140270340914e-15
1.016277587912713276e+00 -2.187161042555008095e-15
1.015058278838202543e+00 -2.274114056788345550e-15
1.013815123827817466e+00 -2.368331225577335886e-15
1.012544434755720424e+00 -2.464608378494048679e-15
1.011242350757368014e+00 -2.574329638349581728e-15
1.009904845583546651e+00 -2.690772951674524904e-15
1.008527751565705399e+00 -2.811986754558404300e-15
1.007106809055372310e+00 -2.948054127205335107e-15
1.005637754637986214e+00 -3.094638260925375306e-15
1.004116468114296223e+00 -3.249028650287311137e-15
1.002539208387480896e+00 -3.419139971150286783e-15
1.000902983845336935e+00 -3.599225952000129070e-15
9.992061264558371736e-01 -3.800779135865184344e-15
9.974491750289361525e-01 -4.014692224496574369e-15
9.956362286863539302e-01 -4.249205154405188978e-15
9.937770165629433716e-01 -4.497595872121618044e-15
9.918900583600636089e-01 -4.765393808725537639e-15
9.900074807318377523e-01 -5.046635852268277489e-15
9.881823240337210823e-01 -5.342189364487825998e-15
9.864995215729548406e-01 -5.644681770611281735e-15
9.850920866638210871e-01 -5.933404809144171566e-15
9.841641207254133716e-01 -6.190902825109478869e-15
9.840212560547428877e-01 -6.372615109218049412e-15
9.851051521097491381e-01 -6.425198914583596377e-15
9.880179458699142048e-01 -6.256605476762100437e-15
9.935004046579516412e-01 -5.768063977840132139e-15
1.002296210643028429e+00 -4.849961578179406985e-15
1.014827272401402913e+00 -3.480831074764711985e-15
1.030707801638050869e+00 -1.688211202777178954e-15
1.048393740275892938e+00 2.431865472884986445e-16
1.065450784432699027e+00 2.042311632310944702e-15
1.079523206494227505e+00 3.460231233487487401e-15
1.089305501966896461e+00 4.447614151970036289e-15
1.094772317380919180e+00 5.060188379424346294e-15
1.096724896144452455e+00 5.374498589227894030e-15
1.096207238033229725e+00 5.501458663625946599e-15
1.094144576392161117e+00 5.503301807319171957e-15
1.091222424895224918e+00 5.432503405455868517e-15
1.087898092684748574e+00 5.318120076258647799e-15
1.084455564788004756e+00 5.170451740366122095e-15
1.081060845253256852e+00 5.009664558186521788e-15
1.077804506790720263e+00 4.847684753617187425e-15
1.074730839115975334e+00 4.682560762747645100e-15
1.071856656310474776e+00 4.525459867954495508e-15
1.069183020272173934e+00 4.371177898809808227e-15
1.066702386560297811e+00 4.224593765089768027e-15
1.064402883392849608e+00 4.085273785925380707e-15
1.062270826980273197e+00 3.953543221968391919e-15
1.060292164034615459e+00 3.830377855174038615e-15
1.058453267442837964e+00 3.713717701414598338e-15
1.056741345636104779e+00 3.604646962862556592e-15
1.055144624254637176e+00 3.499696192565959763e-15
1.053652396317504847e+00 3.403635880083744070e-15
1.052254999015207471e+00 3.311695535856973294e-15
1.050943752001617826e+00 3.225935144013369893e-15
1.049710877884404647e+00 3.145162082163199813e-15
1.048549416972534676e+00 3.067641626830486246e-15
1.047453143087549110e+00 2.995325341925703100e-15
1.046416484071081454e+00 2.926153243321127917e-15
1.045434448722268206e+00 2.861643214058240403e-15
1.044502560782668787e+00 2.800060530661063751e-15
1.043616799949553808e+00 2.741188352695100861e-15
1.042773549553573709e+00 2.685785621681091584e-15
1.041969550367908282e+00 2.632984975881047518e-15
1.041201859951421005e+00 2.582244314208725910e-15
1.040467816923829281e+00 2.534973099488357917e-15
1.039765009599376233e+00 2.488894507157723979e-15
1.039091248450461968e+00 2.445201159606558150e-15
1.038444541924327780e+00 2.403350955748617679e-15
1.037823075188466726e+00 2.363777576452896767e-15
1.037225191430794613e+00 2.324854718460667158e-15
1.036649375387113103e+00 2.288100264813408558e-15
1.036094238810378876e+00 2.252972114424878214e-15
1.035558507633604464e+00 2.219361847077827576e-15
1.035041010611031487e+00 2.187269462772256645e-15
1.034540669250881839e+00 2.155936019987425567e-15
1.034056488877894697e+00 2.126228880461322746e-15
1.033587550685423295e+00 2.097172262238711227e-15
1.033133004655494513e+00 2.069741947274827965e-15
1.032692063241322344e+00 2.043178994048933106e-15
1.032263995720616112e+00 2.017374982343778100e-15
1.031848123139992301e+00 1.992221491942114397e-15
1.031443813781092400e+00 1.968043783495687649e-15
1.031050479087907368e+00 1.944950277221746404e-15
1.030667570002488320e+00 1.922398872034047912e-15
1.030294573662855484e+00 1.901148509453332025e-15
1.029931010422655113e+00 1.879898146872616138e-15
1.029576431157096739e+00 1.859406725812640104e-15
1.029230414824002349e+00 1.839891086707901025e-15
1.028892566252559204e+00 1.820483867820410495e-15
1.028562514135612505e+00 1.801835590453659819e-15
1.028239909204183622e+00 1.783837834390400445e-15
1.027924422565364759e+00 1.766056918761638173e-15
1.027615744186910929e+00 1.749577045739858505e-15
1.027313581513737750e+00 1.732446651414587535e-15
1.027017658203191353e+00 1.716942560348044822e-15
1.026727712967412165e+00 1.701004788412507907e-15
1.026443498512392694e+00 1.685825957997710844e-15
1.026164780564453594e+00 1.670972388234659434e-15
1.025891336975852219e+00 1.656552499340602225e-15
1.025622956902117799e+00 1.642349450881042117e-15
1.025359440044475878e+00 1.628688503507724761e-15
1.025100595951411453e+00 1.614810715699910304e-15
1.024846243374027965e+00 1.602233970499078453e-15
1.024596209670395996e+00 1.589440384863749500e-15
1.024350330254568231e+00 1.576429958793923447e-15
1.024108448086357148e+00 1.564720575331079999e-15
1.023870413198357143e+00 1.552360670564745249e-15
1.023636082257032065e+00 1.540976547753647452e-15
1.023405318154984922e+00 1.529375584508052555e-15
1.023177989631805618e+00 1.518316722348700409e-15
1.022953970921131939e+00 1.507691541058342466e-15
1.022733141421773073e+00 1.496415838464493220e-15
1.022515385390946330e+00 1.486332758260378029e-15
1.022300591657848479e+00 1.475815997187268636e-15
1.022088653355944343e+00 1.465732916983153444e-15
1.021879467672493380e+00 1.455866677213535354e-15
1.021672935613966438e+00 1.446000437443917264e-15
1.021468961786122787e+00 1.436351038108796274e-15
1.021267454187612111e+00 1.427243739859918037e-15
1.021068324016075612e+00 1.417702760742045598e-15
1.020871485485790098e+00 1.408812302927664462e-15
1.020676855655990423e+00 1.400030265330531876e-15
1.020484354269065141e+00 1.390597706429907987e-15
1.020293903597889962e+00 1.382574610353515254e-15
1.020105428301619543e+00 1.374443094059873971e-15
1.019918855289313253e+00 1.365769476679989936e-15
1.019734113590810010e+00 1.357421119951851551e-15
1.019551134234325529e+00 1.349181183440961718e-15
1.019369850130267041e+00 1.341374927799066086e-15
1.019190195960814282e+00 1.333351831722673353e-15
1.019012108074832890e+00 1.325870836732523372e-15
1.018835524387728064e+00 1.317739320438882089e-15
1.018660384285865250e+00 1.310475165883229209e-15
1.018486628535215432e+00 1.303265221436200605e-15
1.018314199193901537e+00 1.295187915251183597e-15
1.018143039528344840e+00 1.288303231455900644e-15
1.017973093932725837e+00 1.281039076900247764e-15
1.017804307851498447e+00 1.273341241475600683e-15
1.017636627704701757e+00 1.266077086919947803e-15
1.017470000815836384e+00 1.259192403124664850e-15
1.017304375342080291e+00 1.252361929438006172e-15
1.017139700206631803e+00 1.245314615316850393e-15
1.016975925032977512e+00 1.238484141630191715e-15
1.016813000080893259e+00 1.231816298269405863e-15
1.016650876183992080e+00 1.225040034691371460e-15
1.016489504688643963e+00 1.218914292416828360e-15
1.016328837394095297e+00 1.211758558078424031e-15
1.016168826493621724e+00 1.205415975369383830e-15
1.016009424516557180e+00 1.198531291574100877e-15
1.015850584271040136e+00 1.192297129082309226e-15
1.015692258787324054e+00 1.185846126156020475e-15
1.015534401261504627e+00 1.179503543446980274e-15
1.015376964999510134e+00 1.172944120303442972e-15
1.015219903361213927e+00 1.166438907268529945e-15
1.015063169704516488e+00 1.160204744776738295e-15
1.014906717329254304e+00 1.153591111524576718e-15
1.014750499420787655e+00 1.147356949032785067e-15
1.014594468993116116e+00 1.140960156215120591e-15
1.014438578831374782e+00 1.134671783614704665e-15
1.014282781433554659e+00 1.128274990797040189e-15
1.014127028951290921e+00 1.121498727219005787e-15
1.013971273129561368e+00 1.115427195053086962e-15
1.013815465245123670e+00 1.109247242669919586e-15
1.013659556043525312e+00 1.102687819526382285e-15
1.013503495674506372e+00 1.096507867143214909e-15
1.013347233625610411e+00 1.089840023782429057e-15
1.013190718653809830e+00 1.083985332051007333e-15
1.013033898714946757e+00 1.077371698798845756e-15
1.012876720890774296e+00 1.070161754351817152e-15
1.012719131313376986e+00 1.064307062620395428e-15
1.012561075086736428e+00 1.058018690019979502e-15
1.012402496205191182e+00 1.050808745572950897e-15
1.012243337468531346e+00 1.044737213407032073e-15
1.012083540393446279e+00 1.038232000372119046e-15
1.011923045121032150e+00 1.031022055925090442e-15
1.011761790320040655e+00 1.024516842890177415e-15
1.011599713085537866e+00 1.017415318660397361e-15
1.011436748832610144e+00 1.010801685408235784e-15
1.011272831184737431e+00 1.003429110635334354e-15
1.011107891856424690e+00 9.971949481435427032e-16
1.010941860529649849e+00 9.895513228275198969e-16
1.010774664723664173e+00 9.826666390322369438e-16
1.010606229657636579e+00 9.752398541507112384e-16
1.010436478105602109e+00 9.672709681829427808e-16
1.010265330243136583e+00 9.600068136272899011e-16
1.010092703485129695e+00 9.524173984198913701e-16
1.009918512313987327e+00 9.447737731038685638e-16
1.009742668097538765e+00 9.374554084395914089e-16
1.009565078895872992e+00 9.291612618200772999e-16
1.009385649256264950e+00 9.203250141143204388e-16
1.009204279995291387e+00 9.127898090155461830e-16
1.009020867967161506e+00 9.037367208752922210e-16
1.008835305817217920e+00 8.956594146902752129e-16
1.008647481719477268e+00 8.859558052465299482e-16
1.008457279096997228e+00 8.768485069976517110e-16
1.008264576323756767e+00 8.679580491832705746e-16
1.008069246406644082e+00 8.587965408257680622e-16
1.007871156646030109e+00 8.491471414906470727e-16
1.007670168273301803e+00 8.393351118296532576e-16
1.007466136063597695e+00 8.291436114082895159e-16
1.007258907921867674e+00 8.184642200093072972e-16
1.007048324440242615e+00 8.081100892620707299e-16
1.006834218424560445e+00 7.968343866682214838e-16
1.006616414387749625e+00 7.850707930967537607e-16
1.006394728007629968e+00 7.739577208287773402e-16
1.006168965546539118e+00 7.622483373659338923e-16
1.005938923230058402e+00 7.490210708616107382e-16
1.005704386581970589e+00 7.358480144659118594e-16
1.005465129712474592e+00 7.230002187219586318e-16
1.005220914556578027e+00 7.089055904796470742e-16
1.004971490059540340e+00 6.946483319114626909e-16
1.004716591306226148e+00 6.801742329087812067e-16
1.004455938591295894e+00 6.646701418422384933e-16
1.004189236427321053e+00 6.482986890377073763e-16
1.003916172488202418e+00 6.319272362331762594e-16
1.003636416485745642e+00 6.150678924510266654e-16
1.003349618977939173e+00 5.968532959532701909e-16
1.003055410108505852e+00 5.788555398900108173e-16
1.002753398278713126e+00 5.582556986127862331e-16
1.002443168754388880e+00 5.380353280959315754e-16
1.002124282213756379e+00 5.164054947548457619e-16
1.001796273245295632e+00 4.938540895671472697e-16
1.001458648809646190e+00 4.705437428587089244e-16
1.001110886685963486e+00 4.463660344122821755e-16
1.000752433931644925e+00 4.187730891225260876e-16
1.000382705395572724e+00 3.928064470914982564e-16
1.000001082339888159e+00 3.627198368050255084e-16
9.996069112449297300e-01 3.331753276047955126e-16
9.991995028978922777e-01 3.007034725388546548e-16
9.987781319000121893e-01 2.670389950831797421e-16
9.983420367723950806e-01 2.308266425221638940e-16
9.978904209006249637e-01 1.911990531178187069e-16
9.974224546379587553e-01 1.523304052342133730e-16
9.969372789928642176e-01 1.075528555105620399e-16
9.964340114679285376e-01 6.104058231093389963e-17
9.959117548060175684e-01 1.366094737331735587e-17
9.953696096527646642e-01 -3.816391647148975608e-17
9.948066924849441328e-01 -9.573505183047004152e-17
9.942221606135738243e-01 -1.561793229465369137e-16
9.936152466920834536e-01 -2.226409161198983355e-16
9.929853060034734558e-01 -2.882351475552713538e-16
9.923318809488034242e-01 -3.624487862619041323e-16
9.916547887268547523e-01 -4.434386885465713135e-16
9.909542403389660636e-01 -5.298496016936660169e-16
9.902310019901431337e-01 -6.213562650514425911e-16
9.894866139821677509e-01 -7.197476122045021185e-16
9.887236877022316239e-01 -8.233431297854920672e-16
9.879463088208068067e-01 -9.409248553915450231e-16
9.871605849796896148e-01 -1.060078674147701960e-15
9.863753898423265332e-01 -1.189911884302841116e-15
9.856033731602428238e-01 -1.329773964553471188e-15
9.848623289316843499e-01 -1.476574938708008489e-15
9.841770401746108288e-01 -1.623484333079794339e-15
9.835817459918562156e-01 -1.770502147668828741e-15
9.831233951337452481e-01 -1.920826778883943931e-15
9.828658384060070530e-01 -2.060959909677695379e-15
9.828950244315146634e-01 -2.186889992011886719e-15
9.833250118417231622e-01 -2.281595051778495531e-15
9.843040435354212248e-01 -2.331468351712828735e-15
9.860188175762658602e-01 -2.322144213029453397e-15
9.886931909265799234e-01 -2.215675559691376861e-15
9.925748717206634986e-01 -2.029463836566991475e-15
9.979011301570365200e-01 -1.746107598787904891e-15
1.004835184161032569e+00 -1.414124893572843433e-15
1.013374264322793428e+00 -1.102904659960879385e-15
1.023253151227547120e+00 -9.026525187028067165e-16
1.033896346303309954e+00 -9.316549268167939601e-16
1.044479455363377163e+00 -1.244826724339231916e-15
1.054113200705052211e+00 -1.766327969304759549e-15
1.062077304903823016e+00 -2.377926414803832600e-15
1.067985013654322746e+00 -2.934067919180272099e-15
1.071807202571105622e+00 -3.337553757670752574e-15
1.073779689228668621e+00 -3.532926989152640473e-15
1.074269979061245550e+00 -3.537372218059831042e-15
1.073666465404560233e+00 -3.399515911828299153e-15
1.072313241015822260e+00 -3.166304024526667149e-15
1.070484759441227229e+00 -2.872214185239974071e-15
1.068385041542075253e+00 -2.554217688049975621e-15
1.066158090063574093e+00 -2.228902826195700015e-15
1.063901287133067530e+00 -1.921802560839180884e-15
1.061677814588778412e+00 -1.636711599584117494e-15
1.059526714504006817e+00 -1.369618394392313476e-15
1.057470468490021798e+00 -1.125835535908947804e-15
1.055520463709138435e+00 -9.078566891307371378e-16
1.053680824916455094e+00 -7.112908352591151839e-16
1.051951048774745656e+00 -5.370595461406946214e-16
1.050327787937946011e+00 -3.820186354752674873e-16
1.048806043722851022e+00 -2.416144541383946631e-16
1.047379952913182866e+00 -1.156301616955790479e-16
1.046043298679752764e+00 -5.421010862427522170e-18
1.044789835382704535e+00 9.573505183047004152e-17
1.043613488687030078e+00 1.850733108432756069e-16
1.042508472782098350e+00 2.648163806295844580e-16
1.041469353015517019e+00 3.363195139050034754e-16
1.040491073053408266e+00 4.025100565352435211e-16
1.039568959424336914e+00 4.605148727632180083e-16
1.038698712059221263e+00 5.137491994322562761e-16
1.037876386562393893e+00 5.617251455647398473e-16
1.037098372000995639e+00 6.057437537676513273e-16
1.036361366682926999e+00 6.448834521943780373e-16
1.035662353505185429e+00 6.809331744295210598e-16
1.034998575857234870e+00 7.138387103644561194e-16
1.034367514664781718e+00 7.434916397819346656e-16
1.033766866894567205e+00 7.721145771355519827e-16
1.033194525667322061e+00 7.964549159078515572e-16
1.032648562014450544e+00 8.193315817472957008e-16
1.032127208244224770e+00 8.409072049797572390e-16
1.031628842841531668e+00 8.599891632155021171e-16
1.031151976802186621e+00 8.782037597132585915e-16
1.030695241292092224e+00 8.940873215401712315e-16
1.030257376518724177e+00 9.090493115204711927e-16
1.029837221704634098e+00 9.235234105231526769e-16
1.029433706057849784e+00 9.366964669188515558e-16
1.029045840640921972e+00 9.486226908161921045e-16
1.028672711048008725e+00 9.594105024324228737e-16
1.028313470807256547e+00 9.694393725279137897e-16
1.027967335433440210e+00 9.791971920802833296e-16
1.027633577063186809e+00 9.879250195687916403e-16
