9.553153975900275929e-01
9.647817764265927964e-01
9.483283084487533765e-01
9.515964630470913344e-01
9.913777931578946490e-01
1.031271818254847483e+00
9.804463795013850236e-01
9.734592903601106961e-01
9.955475076454293193e-01
9.743608502493074086e-01
9.688387959279778361e-01
9.641056065096952343e-01
9.515964630470913344e-01
9.595978070637118940e-01
9.728958154293628757e-01
9.539630577562325797e-01
9.733465953739611765e-01
9.550900076177284426e-01
9.615136218282548386e-01
9.861938237950137465e-01
9.651198613850414665e-01
9.549773126315789229e-01
9.410031343490303790e-01
9.533995828254847593e-01
9.675991510803323425e-01
9.620770967590026590e-01
9.664722012188364797e-01
9.468632736288088436e-01
9.416793042659279411e-01
9.469759686149583633e-01
9.538503627700830600e-01
9.505822081717451022e-01
9.236481064819943576e-01
9.567804324099722368e-01
9.652325563711910972e-01
9.394254045429362154e-01
9.260147011911357140e-01
9.398761844875345162e-01
9.512583780886425533e-01
9.497933432686980204e-01
9.482156134626038568e-01
9.397634895013849965e-01
9.221830716620498247e-01
9.446093739058171179e-01
9.492298683379500890e-01
9.361572499445982576e-01
9.348049101108032444e-01
9.460744087257617618e-01
9.416793042659279411e-01
9.386365396398891336e-01
9.321002304432132179e-01
9.520472429916897461e-01
9.251131413019390015e-01
9.326637053739611494e-01
9.382984546814403526e-01
9.200418669252077297e-01
9.399888794736841469e-01
9.242115814127422890e-01
9.238734964542936190e-01
9.251131413019390015e-01
9.211688167867035926e-01
9.026868390581717083e-01
9.194783919944597983e-01
9.098993181717450751e-01
9.062930786149584472e-01
8.918681203878116026e-01
9.114770479778392387e-01
9.230846315512465372e-01
8.849937262326869059e-01
9.154213724930747587e-01
9.037010939335179405e-01
8.960378348753461619e-01
8.711322429362879927e-01
8.914173404432131909e-01
8.775558571468143887e-01
8.736115326315788687e-01
8.710195479501384730e-01
8.769923822160664573e-01
8.426204114404431955e-01
8.303366579501384459e-01
8.470155159002769052e-01
8.419442415235456334e-01
8.236876537673130105e-01
7.903299378670359809e-01
7.955139072299168834e-01
7.814270339612188199e-01
7.637339211357340174e-01
7.262064907479224285e-01
6.872140255401661957e-01
6.789872915512464857e-01
7.024278486703601221e-01
8.328159476454293220e-01
1.160758357340720082e+00
1.459061985678670181e+00
1.482277152825484778e+00
1.418829875623268677e+00
1.332167431274238201e+00
1.235925913102493112e+00
1.212936135927977777e+00
1.204934791911357328e+00
1.147911128919667512e+00
1.128865676260387696e+00
1.108580578753462609e+00
1.109369443656509580e+00
1.087055836398891806e+00
1.064291449196675732e+00
1.073307048088642635e+00
1.057755140000000038e+00
1.075786337783933400e+00
1.046823726343490302e+00
1.047950676204986165e+00
1.029581393462603911e+00
1.043555571745152344e+00
1.012000975623268628e+00
1.024510119085872528e+00
1.030708343324099774e+00
1.008169346094182739e+00
1.017184944986149420e+00
1.013578705429362792e+00
9.907016232409971979e-01
1.002534596786703647e+00
9.956602026315788390e-01
1.001069561966758892e+00
1.010085160858725795e+00
9.854049588919666647e-01
1.005239276454293673e+00
9.842780090304708018e-01
9.808971594459833243e-01
9.770655299168974350e-01
9.643309964819943847e-01
9.813479393905816250e-01
9.783051747645429286e-01
9.682753209972299047e-01
9.852922639058171450e-01
9.664722012188364797e-01
9.602739769806093451e-01
9.750370201662049707e-01
9.695149658448752872e-01
9.591470271191134822e-01
9.467505786426592129e-01
9.416793042659279411e-01
9.461871037119112815e-01
9.448347638781162683e-01
9.633167416066481525e-01
9.441585939612188172e-01
9.466378836565096933e-01
9.417919992520774608e-01
9.340160452077561626e-01
9.610628418836564268e-01
9.229719365650969065e-01
9.286066858725761097e-01
9.358191649861494765e-01
9.018979741551246265e-01
9.156467624653739090e-01
9.109135730470913073e-01
8.870222359833794812e-01
8.951362749861495605e-01
8.856698961495844680e-01
8.949108850138504101e-01
8.793589769252077026e-01
8.607643042105262987e-01
8.639197638227146259e-01
8.552422498891966152e-01
8.374364420775622930e-01
8.350698473684210477e-01
8.103896454016620288e-01
8.252653835734071741e-01
8.146720548753462188e-01
8.223353139335179973e-01
8.438600562880885780e-01
8.951362749861495605e-01
9.600485870083101947e-01
1.063389889307479130e+00
1.181494234792243692e+00
1.237954422853185577e+00
1.266240864376731334e+00
1.293513051024930638e+00
1.290582981385041572e+00
1.256098315623268569e+00
1.244039952105263191e+00
1.213048830914127407e+00
1.214175780775623270e+00
1.197384227839335180e+00
1.154334743130193797e+00
1.163913816952908409e+00
1.147234959002769950e+00
1.131683050914127353e+00
1.137543190193905707e+00
1.124583266786703506e+00
1.103734694349030487e+00
1.111961428337949975e+00
1.103734694349030487e+00
1.080294137229916851e+00
1.083449596842105178e+00
1.070489673434902977e+00
1.085365411606648234e+00
1.072405488199445811e+00
1.070264283462603716e+00
1.055388545290858682e+00
1.057867834986149447e+00
1.050091880941828260e+00
1.063164499335180091e+00
1.056853580110803215e+00
1.034427277867036032e+00
1.047950676204986165e+00
1.037357347506925098e+00
1.045020606565096877e+00
1.030821038310249183e+00
1.037019262548476428e+00
1.021692744432132871e+00
1.014705655290858655e+00
1.025749763933518022e+00
1.024172034127423858e+00
1.034089192908587140e+00
1.012451755567866929e+00
1.042315926897506850e+00
1.016959555013850380e+00
1.010648635789473726e+00
1.023495864210526296e+00
1.035216142770083003e+00
1.026087848891966692e+00
9.937443878670360053e-01
1.025749763933518022e+00
1.017072250000000011e+00
1.027440188725761816e+00
1.008394736066482000e+00
1.013691400415512422e+00
1.003098071717451356e+00
9.899127583379501161e-01
1.017973809889196612e+00
1.013578705429362792e+00
1.022143524376731172e+00
1.002647291772853055e+00
9.944205577839334564e-01
1.024960899030470829e+00
9.945332527700830871e-01
1.002647291772853055e+00
1.007943956121883700e+00
1.002647291772853055e+00
9.963363725484764011e-01
9.895746733795013350e-01
9.914904881440442797e-01
1.004112326592797810e+00
9.861938237950137465e-01
9.859684338227145961e-01
1.005802751385041383e+00
9.923920480332409921e-01
9.801082945429362425e-01
1.007042396232686876e+00
9.869826886980609393e-01
9.713180856232686011e-01
1.005351971440443082e+00
9.953221176731301689e-01
1.004675801523545742e+00
9.842780090304708018e-01
9.726704254570636143e-01
9.883350285318559525e-01
9.832637541551245697e-01
9.789813446814403797e-01
9.833764491412742004e-01
9.611755368698060575e-01
9.623024867313019204e-01
9.723323404986149443e-01
9.788686496952907490e-01
9.633167416066481525e-01
9.893492834072021846e-01
9.757131900831024218e-01
9.576819922991689493e-01
9.772909198891965854e-01
9.704165257340719997e-01
9.593724170914126326e-01
9.557661775346260047e-01
9.677118460664819732e-01
9.449474588642658990e-01
9.648944714127423161e-01
9.621897917451522897e-01
9.475394435457062947e-01
9.435951190304708858e-01
9.797702095844874615e-01
9.680499310249306433e-01
9.591470271191134822e-01
9.576819922991689493e-01
9.372841998060941204e-01
9.429189491135733237e-01
9.550900076177284426e-01
9.408904393628808593e-01
9.364953349030470386e-01
9.447220688919667486e-01
9.428062541274238040e-01
9.397634895013849965e-01
9.447220688919667486e-01
9.295082457617728222e-01
9.309732805817173551e-01
9.300717206925207536e-01
9.228592415789472758e-01
9.173371872576177033e-01
9.307478906094182047e-01
9.179006621883656347e-01
9.236481064819943576e-01
9.179006621883656347e-01
9.193656970083101676e-01
9.064057736011079669e-01
8.845429462880886051e-01
8.984044295844875183e-01
9.070819435180055290e-01
8.822890465650968794e-01
8.781193320775623201e-01
8.572707596398891905e-01
8.738369226038780191e-01
8.452123961218835912e-01
8.349571523822714170e-01
8.506217554570636441e-01
8.219972289750692163e-01
8.028390813296398809e-01
8.201941091966759023e-01
8.013740465096952370e-01
7.941615673961218702e-01
7.753415047091412049e-01
7.737637749030470413e-01
7.815397289473683395e-01
7.803000840997229570e-01
8.108404253462603295e-01
8.378872220221605938e-01
9.157594574515235397e-01
1.041076282049861357e+00
1.133598865678670187e+00
1.215077340664819872e+00
1.322813747423822628e+00
1.319996372770082971e+00
1.326532681966758886e+00
1.334534025983379335e+00
1.304106379722991704e+00
1.278299227894736712e+00
1.283370502271468094e+00
1.256211010609418199e+00
1.238179812825484616e+00
1.232545063518005524e+00
1.194566853185595523e+00
1.200990467396121808e+00
1.189946358753462441e+00
1.177887995235457064e+00
1.145431839224376747e+00
1.181832319750692362e+00
1.143966804404431992e+00
1.143966804404431992e+00
1.141149429750692557e+00
1.116920007728531727e+00
1.137655885180055337e+00
1.134838510526315680e+00
1.108467883767312978e+00
1.116807312742382097e+00
1.125935606620498630e+00
1.097761860083102503e+00
1.098212640027700804e+00
1.089647821080332424e+00
1.094831790443213215e+00
1.098550724986149474e+00
1.100353844764542899e+00
1.089873211052631463e+00
1.067784993767312951e+00
1.093930230554016614e+00
1.084125766759002740e+00
1.084351156731301780e+00
1.089647821080332424e+00
1.090436685983379395e+00
1.070602368421052608e+00
1.074095912991689605e+00
1.072743573157894703e+00
1.067784993767312951e+00
1.072856268144044334e+00
1.077025982631578893e+00
1.052007695706371093e+00
1.052458475650969394e+00
1.072292793213296402e+00
1.058656699889196640e+00
1.064516839168974993e+00
1.059783649750692502e+00
1.054712375373961120e+00
1.037808127451523399e+00
1.055952020221606613e+00
1.036906567562326797e+00
1.057642445013850407e+00
1.067672298781163320e+00
1.051556915761772792e+00
1.043893656703601014e+00
1.062939109362880830e+00
1.025637068947368391e+00
1.037244652520775468e+00
1.030821038310249183e+00
1.037357347506925098e+00
1.042541316869806112e+00
1.040963587063711948e+00
1.016396080083102449e+00
1.035779617700830935e+00
1.032849548060941869e+00
1.040400112132964017e+00
1.025637068947368391e+00
1.030482953351800512e+00
1.039949332188365494e+00
1.046034861440443109e+00
1.018086504875346243e+00
1.033187633019390539e+00
1.031497208227146745e+00
1.033413022991689800e+00
1.025186289002770090e+00
1.031271818254847483e+00
1.018649979806094175e+00
1.028229053628808787e+00
1.022932389279778365e+00
1.023270474238227035e+00
9.987029672576176464e-01
1.033638412963988840e+00
1.044231741662049906e+00
1.026087848891966692e+00
1.014142180360110723e+00
1.030708343324099774e+00
1.047612591246537272e+00
1.028567138587257457e+00
1.027214798753462555e+00
1.009296295955678602e+00
1.001971121855955715e+00
9.950967277008310186e-01
1.021467354459833832e+00
1.015156435235456955e+00
1.014254875346260354e+00
1.018537284819944544e+00
1.028905223545706349e+00
1.015269130221606586e+00
1.025637068947368391e+00
1.023946644155124597e+00
1.016734165041551119e+00
9.917158781163434300e-01
1.012451755567866929e+00
1.015494520193905847e+00
1.024284729113573267e+00
1.018424589833794913e+00
1.015156435235456955e+00
1.005577361412742343e+00
1.007943956121883700e+00
9.935189978947367440e-01
9.940824728254846754e-01
9.920539630747922111e-01
9.945332527700830871e-01
1.012226365595567890e+00
9.934063029085872243e-01
9.744735452354570393e-01
1.010310550831024834e+00
9.996045271468143589e-01
1.030257563379501251e+00
9.850668739335179946e-01
9.973506274238226332e-01
1.007718566149584438e+00
9.976887123822714143e-01
9.919412680886425804e-01
9.820241093074791872e-01
9.850668739335179946e-01
9.706419157063711500e-01
1.005126581468144042e+00
9.769528349307479154e-01
1.010874025761772765e+00
9.938570828531855250e-01
9.807844644598336936e-01
9.687261009418282054e-01
9.683880159833794243e-01
9.850668739335179946e-01
9.935189978947367440e-01
1.011550195678670327e+00
9.759385800554015722e-01
9.999426121052631400e-01
9.992664421883655779e-01
9.958855926038781003e-01
9.988156622437672771e-01
1.005351971440443082e+00
9.973506274238226332e-01
1.009747075900276903e+00
1.059332869806094202e+00
1.044569826620498576e+00
1.035441532742382265e+00
1.065643789030470856e+00
1.078941797396121727e+00
1.077927542520775495e+00
1.097874555069251912e+00
1.095620655346260408e+00
1.093028670664819790e+00
1.076349812714681331e+00
1.094493705484764545e+00
1.100128454792243637e+00
1.093817535567866983e+00
1.086492361468143875e+00
1.093479450609418313e+00
1.085816191551246535e+00
1.096184130277008340e+00
1.096184130277008340e+00
1.069926198504155046e+00
1.065418399058171595e+00
1.056628190138504175e+00
1.077589457562326825e+00
1.068686553656509552e+00
1.081759172049861384e+00
1.067672298781163320e+00
1.059670954764542872e+00
1.058769394875346270e+00
1.065418399058171595e+00
1.058431309916897378e+00
1.054825070360110750e+00
1.055952020221606613e+00
1.063389889307479130e+00
1.055275850304709051e+00
1.077476762576177194e+00
1.057078970083102476e+00
1.059558259778393241e+00
1.057191665069252107e+00
1.048852236094182766e+00
1.053360035540166217e+00
1.043668266731301975e+00
1.054374290415512450e+00
1.059220174819944571e+00
1.042541316869806112e+00
1.069813503518005415e+00
1.064291449196675732e+00
1.048514151135734096e+00
1.042992096814404412e+00
1.046598336371191040e+00
1.033751107950138470e+00
1.069250028587257484e+00
1.052683865623268655e+00
1.064629534155124624e+00
1.040512807119113425e+00
1.040625502105263056e+00
1.037357347506925098e+00
1.002083816842105124e+00
1.040174722160664755e+00
1.046936421329639932e+00
1.032736853074792238e+00
1.039047772299168892e+00
1.049753795983379367e+00
1.040738197091412687e+00
1.032173378144044307e+00
1.053021950581717325e+00
1.040738197091412687e+00
1.033525717977839209e+00
1.038596992354570592e+00
1.016621470055401710e+00
1.036681177590027536e+00
1.034201887894736771e+00
1.028229053628808787e+00
1.026876713795013885e+00
1.020227709612188338e+00
1.050768050858725600e+00
1.040174722160664755e+00
1.019100759750692475e+00
1.022594304321329473e+00
1.031722598199446006e+00
1.033300328005540170e+00
1.050768050858725600e+00
1.028341748614958417e+00
1.041752451966758919e+00
1.024172034127423858e+00
1.037244652520775468e+00
1.039949332188365494e+00
1.019326149722991737e+00
1.036343092631578866e+00
1.039385857257617563e+00
1.032511463102492977e+00
1.019551539695290776e+00
1.030144868393351842e+00
1.034652667839335072e+00
1.035666922714681304e+00
1.007943956121883700e+00
1.039611247229916824e+00
1.010085160858725795e+00
1.036117702659279827e+00
1.038484297368420961e+00
1.038033517423822660e+00
9.976887123822714143e-01
1.049077626066482027e+00
1.018875369778393214e+00
1.022594304321329473e+00
1.017861114903046982e+00
1.056290105180055283e+00
1.045133301551246507e+00
1.030482953351800512e+00
1.030821038310249183e+00
1.032286073130193937e+00
1.046936421329639932e+00
1.036343092631578866e+00
1.048626846121883505e+00
1.043893656703601014e+00
1.026989408781163293e+00
1.034314582880886402e+00
1.045133301551246507e+00
1.018762674792243805e+00
1.029694088448753320e+00
1.030821038310249183e+00
1.020115014626038707e+00
1.018537284819944544e+00
1.010535940803324095e+00
1.039047772299168892e+00
1.031722598199446006e+00
1.030933733296398813e+00
1.022481609335180064e+00
1.038596992354570592e+00
1.030933733296398813e+00
1.026538628836564992e+00
1.041301672022160618e+00
1.025749763933518022e+00
1.012000975623268628e+00
1.034427277867036032e+00
1.026200543878116322e+00
1.015719910166204887e+00
1.029356003490304650e+00
1.017523029944598312e+00
1.006929701246537245e+00
1.022932389279778365e+00
1.021241964487534570e+00
1.026425933850415362e+00
1.025975153905817061e+00
1.033525717977839209e+00
1.040738197091412687e+00
1.008056651108033108e+00
1.024510119085872528e+00
1.031046428282548444e+00
1.032060683157894676e+00
1.028905223545706349e+00
1.035441532742382265e+00
9.992664421883655779e-01
1.014480265318559393e+00
1.033638412963988840e+00
1.002647291772853055e+00
1.025637068947368391e+00
1.008056651108033108e+00
1.022819694293628734e+00
1.007493176177285177e+00
1.003774241634348918e+00
1.022030829390581763e+00
1.008056651108033108e+00
1.008620126038781040e+00
1.023045084265927995e+00
1.023721254182825335e+00
1.020678489556786639e+00
1.021805439418282502e+00
1.037808127451523399e+00
1.000731477008310222e+00
1.014480265318559393e+00
1.014142180360110723e+00
1.011437500692520697e+00
1.022706999307479103e+00
1.035892312686980565e+00
1.018199199861495874e+00
1.026989408781163293e+00
1.014254875346260354e+00
1.038822382326869853e+00
1.026313238864265953e+00
1.009972465872576164e+00
9.869826886980609393e-01
1.035103447783933373e+00
1.022481609335180064e+00
1.035216142770083003e+00
1.016846860027700750e+00
1.012902535512465230e+00
1.026764018808864254e+00
1.005915446371191013e+00
1.021016574515235309e+00
1.035441532742382265e+00
1.003210766703600987e+00
1.032286073130193937e+00
1.024172034127423858e+00
1.038822382326869853e+00
9.899127583379501161e-01
1.029694088448753320e+00
1.027552883711911225e+00
1.019100759750692475e+00
1.007380481191135768e+00
1.012677145540166190e+00
9.955475076454293193e-01
1.025524373961218760e+00
1.010085160858725795e+00
1.020227709612188338e+00
1.013353315457063752e+00
1.006704311274238206e+00
1.012564450554016560e+00
1.012226365595567890e+00
1.012451755567866929e+00
1.007605871163434808e+00
1.009070905983379340e+00
1.013916790387811684e+00
1.022368914349030433e+00
9.972379324376731136e-01
1.013804095401662053e+00
1.011662890664819958e+00
1.007380481191135768e+00
1.009634380914127272e+00
1.003661546648199288e+00
9.934063029085872243e-01
1.018537284819944544e+00
1.003548851662049879e+00
1.011550195678670327e+00
1.011437500692520697e+00
1.014254875346260354e+00
1.001633036897506823e+00
1.010535940803324095e+00
9.953221176731301689e-01
9.940824728254846754e-01
1.010535940803324095e+00
1.002309206814404385e+00
1.016846860027700750e+00
1.024397424099722897e+00
1.000618782022160591e+00
1.001520341911357193e+00
1.003886936620498549e+00
1.007605871163434808e+00
1.002421901800554016e+00
1.032060683157894676e+00
1.010310550831024834e+00
1.015381825207756217e+00
9.998299171191135093e-01
1.022368914349030433e+00
1.002872681745152317e+00
1.025637068947368391e+00
1.008394736066482000e+00
1.011437500692520697e+00
1.000168002077562290e+00
1.026651323822714623e+00
9.982521873130193457e-01
1.015381825207756217e+00
1.010986720747922396e+00
1.015719910166204887e+00
1.012226365595567890e+00
1.024510119085872528e+00
1.010197855844875203e+00
1.024735509058171790e+00
1.032286073130193937e+00
1.021805439418282502e+00
1.017861114903046982e+00
1.014254875346260354e+00
1.001745731883656454e+00
1.032060683157894676e+00
1.007267786204986137e+00
1.023608559196675927e+00
1.025411678975069130e+00
1.038709687340720222e+00
1.030595648337950143e+00
1.035554227728531895e+00
1.005351971440443082e+00
1.009747075900276903e+00
1.004563106537396111e+00
1.024284729113573267e+00
1.015945300138504148e+00
1.007042396232686876e+00
1.016621470055401710e+00
1.020453099584487378e+00
1.018762674792243805e+00
1.001858426869806085e+00
1.009859770886426533e+00
1.023383169224376665e+00
9.922793530470913614e-01
1.019438844709141145e+00
1.011775585650969367e+00
1.024397424099722897e+00
1.009634380914127272e+00
9.984775772853184961e-01
1.012113670609418259e+00
1.014142180360110723e+00
1.036005007673130196e+00
1.013804095401662053e+00
9.998299171191135093e-01
1.033300328005540170e+00
9.892365884210525540e-01
1.001520341911357193e+00
9.923920480332409921e-01
9.891238934349030343e-01
1.001294951939058153e+00
1.001745731883656454e+00
1.015043740249307325e+00
1.005690056398891974e+00
1.010197855844875203e+00
1.029919478421052581e+00
9.997172221329638786e-01
1.001858426869806085e+00
1.002759986759002686e+00
9.938570828531855250e-01
1.021692744432132871e+00
1.003323461689750618e+00
1.018537284819944544e+00
1.031722598199446006e+00
1.012902535512465230e+00
1.004675801523545742e+00
1.014705655290858655e+00
9.904762332686980475e-01
1.003999631606648180e+00
1.020678489556786639e+00
9.824748892520774879e-01
1.002309206814404385e+00
1.018875369778393214e+00
1.009296295955678602e+00
1.010535940803324095e+00
9.940824728254846754e-01
9.925047430193905118e-01
1.021580049445983240e+00
1.007943956121883700e+00
1.002421901800554016e+00
9.932936079224375936e-01
1.001858426869806085e+00
9.867572987257616779e-01
9.966744575069251821e-01
9.953221176731301689e-01
1.005351971440443082e+00
1.004337716565096850e+00
1.023608559196675927e+00
1.009070905983379340e+00
9.973506274238226332e-01
1.013353315457063752e+00
1.007831261135734069e+00
9.884477235180054722e-01
1.038596992354570592e+00
9.830383641828254193e-01
1.018199199861495874e+00
1.010085160858725795e+00
1.018649979806094175e+00
9.966744575069251821e-01
9.900254533240996357e-01
9.732339003878115458e-01
9.832637541551245697e-01
9.663595062326869600e-01
1.012902535512465230e+00
9.966744575069251821e-01
1.001407646925207784e+00
9.911524031855954986e-01
9.928428279778392929e-01
9.987029672576176464e-01
1.006140836343490275e+00
9.948713377285317572e-01
1.002196511828254755e+00
1.001294951939058153e+00
9.792067346537395300e-01
1.001633036897506823e+00
1.009296295955678602e+00
1.002872681745152317e+00
1.001858426869806085e+00
9.962236775623267704e-01
1.002985376731301947e+00
9.811225494182824747e-01
9.944205577839334564e-01
9.765020549861495036e-01
9.855176538781162954e-01
9.735719853462603268e-01
9.902508432963987861e-01
9.762766650138503532e-01
9.928428279778392929e-01
9.852922639058171450e-01
9.867572987257616779e-01
9.766147499722991343e-01
9.823621942659279682e-01
9.879969435734071714e-01
9.831510591689750500e-01
9.886731134903046225e-01
9.829256691966757886e-01
9.827002792243766383e-01
9.937443878670360053e-01
1.008282041080332370e+00
9.934063029085872243e-01
9.940824728254846754e-01
9.780797847922436672e-01
9.926174380055401425e-01
9.718815605540165325e-01
9.814606343767312557e-01
1.008282041080332370e+00
9.717688655678670129e-01
9.721069505263156829e-01
1.003323461689750618e+00
1.015381825207756217e+00
1.011888280637118998e+00
1.005577361412742343e+00
1.007718566149584438e+00
1.007831261135734069e+00
1.001858426869806085e+00
9.994918321606647282e-01
1.011324805706371066e+00
1.010535940803324095e+00
1.025298983988919499e+00
1.029694088448753320e+00
1.039949332188365494e+00
1.033074938033240908e+00
1.030370258365650882e+00
1.051782305734072054e+00
1.049753795983379367e+00
1.060121734709141172e+00
1.044682521606648207e+00
1.042766706842105151e+00
1.047387201274238233e+00
1.077814847534626086e+00
1.050204575927977668e+00
1.070038893490304677e+00
1.089197041135733901e+00
1.068235773711911252e+00
1.055050460332410012e+00
1.067446908808864281e+00
1.077814847534626086e+00
1.077251372603878155e+00
1.084351156731301780e+00
1.063840669252077431e+00
1.066432653933518049e+00
1.077589457562326825e+00
1.061474074542936297e+00
1.062713719390581568e+00
1.048964931080332397e+00
1.063277194321329500e+00
1.074208607977839236e+00
1.066996128864265758e+00
1.068348468698060882e+00
1.064967619113573294e+00
1.059332869806094202e+00
1.049415711024930697e+00
1.060459819667590065e+00
1.075222862853185468e+00
1.067672298781163320e+00
1.057078970083102476e+00
1.043442876759002713e+00
1.050204575927977668e+00
1.064854924127423663e+00
1.045245996537396138e+00
1.065643789030470856e+00
1.044231741662049906e+00
1.048852236094182766e+00
1.047161811301938972e+00
1.035328837756232634e+00
1.037019262548476428e+00
1.058205919944598339e+00
1.030933733296398813e+00
1.034652667839335072e+00
1.054825070360110750e+00
1.038371602382271330e+00
1.050542660886426560e+00
1.023608559196675927e+00
1.042541316869806112e+00
1.031947988171745045e+00
1.052909255595567917e+00
1.037244652520775468e+00
1.043780961717451383e+00
1.040512807119113425e+00
1.034089192908587140e+00
1.033300328005540170e+00
1.045020606565096877e+00
1.036343092631578866e+00
1.023721254182825335e+00
1.023946644155124597e+00
1.038935077313019262e+00
1.028679833573407087e+00
1.026313238864265953e+00
1.051331525789473531e+00
1.037695432465373990e+00
1.033413022991689800e+00
1.030482953351800512e+00
1.040062027174515125e+00
1.047725286232686903e+00
1.056064715207756244e+00
1.024172034127423858e+00
1.027102103767312924e+00
1.032849548060941869e+00
1.029919478421052581e+00
1.043668266731301975e+00
1.030708343324099774e+00
1.023157779252077404e+00
1.021805439418282502e+00
1.023608559196675927e+00
1.042992096814404412e+00
1.019100759750692475e+00
1.034990752797783964e+00
1.015945300138504148e+00
1.021918134404432132e+00
