8.142874843983981537e-01
4.968262222999442028e-16
7.922897811413214253e-01
-1.757788822127564890e-16
1.311422606427135318e-01
1.126716015727654751e-17
-8.106958896666704995e-01
-1.948787178466700598e-20
-2.261482660490409663e-02
-8.820039323575693616e-18
-3.396899132854114961e-02
4.133292019379740871e-17
-6.468778060839625033e-01
-7.422676078756852182e-03
-6.468778060839629473e-01
7.422676078756822692e-03
-3.315730451629602116e-01
-9.721756050546386321e-03
-3.315730451629602671e-01
9.721756050546483466e-03
