1.005764419999999992e+00
1.009750549999999913e+00
1.018180029999999903e+00
1.032957939999999963e+00
1.035716620000000088e+00
1.020565299999999898e+00
1.011018790000000056e+00
1.006478180000000000e+00
1.004251720000000070e+00
1.003016499999999978e+00
1.002322109999999933e+00
1.001935110000000018e+00
1.001586070000000106e+00
1.001200040000000069e+00
1.001020449999999951e+00
1.001032160000000060e+00
1.000834210000000057e+00
1.000813039999999932e+00
1.000773590000000102e+00
1.000847720000000107e+00
1.000794460000000052e+00
1.000682440000000062e+00
1.000629210000000047e+00
1.000457839999999932e+00
1.000520180000000092e+00
1.000732179999999971e+00
1.000610309999999892e+00
1.000614960000000053e+00
1.000509799999999894e+00
1.000488040000000023e+00
1.000571459999999968e+00
1.000844260000000041e+00
1.000526770000000010e+00
1.000648910000000003e+00
1.000573479999999904e+00
1.000555759999999905e+00
1.000590660000000076e+00
1.000570100000000018e+00
1.000717850000000020e+00
1.000794619999999968e+00
1.000785430000000087e+00
1.000687129999999980e+00
1.000676179999999915e+00
1.000880060000000071e+00
1.000799210000000050e+00
1.000665520000000086e+00
1.000685370000000018e+00
1.000873029999999941e+00
1.000803019999999988e+00
1.000817269999999981e+00
1.001085800000000026e+00
1.000842030000000049e+00
1.000959209999999988e+00
1.001000099999999948e+00
1.000980119999999918e+00
1.001121949999999927e+00
1.001115509999999986e+00
1.001136000000000026e+00
1.001364139999999958e+00
1.001398889999999930e+00
1.001643480000000030e+00
1.001547640000000072e+00
1.001640649999999910e+00
1.001672230000000052e+00
1.001918180000000103e+00
1.002060839999999953e+00
1.002273989999999948e+00
1.002498169999999966e+00
1.002796840000000023e+00
1.003066900000000095e+00
1.003322000000000047e+00
1.003602120000000042e+00
1.003845000000000098e+00
1.004547749999999962e+00
1.005286590000000091e+00
1.006057530000000089e+00
1.007231189999999943e+00
1.008248370000000005e+00
1.010088620000000104e+00
1.012517740000000055e+00
1.015749999999999931e+00
1.020564229999999961e+00
1.027897089999999958e+00
1.039830330000000025e+00
1.060089650000000105e+00
1.097022909999999962e+00
1.162286080000000110e+00
1.232485440000000043e+00
1.213767459999999909e+00
1.136732740000000019e+00
1.082080109999999928e+00
1.051929859999999994e+00
1.035150259999999989e+00
1.025110069999999984e+00
1.018840409999999919e+00
1.014767970000000075e+00
1.011888860000000001e+00
1.009580769999999905e+00
1.008040830000000110e+00
1.006888350000000099e+00
1.005943419999999922e+00
1.005366640000000089e+00
1.004699140000000046e+00
1.004019400000000006e+00
1.003753499999999965e+00
1.003496010000000105e+00
1.003288979999999997e+00
1.002979910000000086e+00
1.002602860000000096e+00
1.002688969999999902e+00
1.002570919999999921e+00
1.002460429999999958e+00
1.002276319999999998e+00
1.002163619999999922e+00
1.002235760000000031e+00
1.002111790000000058e+00
1.002060280000000025e+00
1.002146659999999967e+00
1.001997910000000047e+00
1.002049179999999984e+00
1.001930919999999947e+00
1.001956319999999900e+00
1.002078280000000099e+00
1.002065599999999890e+00
1.001995919999999929e+00
1.002107950000000081e+00
1.002182389999999979e+00
1.002105280000000098e+00
1.002139200000000008e+00
1.002219479999999940e+00
1.002270159999999910e+00
1.002547059999999934e+00
1.002577269999999965e+00
1.002795010000000042e+00
1.002969699999999964e+00
1.002792319999999959e+00
1.003137589999999912e+00
1.003292850000000014e+00
1.003450029999999993e+00
1.003772869999999928e+00
1.003894229999999999e+00
1.004310980000000075e+00
1.004628110000000074e+00
1.004904460000000110e+00
1.005496909999999966e+00
1.005889940000000093e+00
1.006482050000000017e+00
1.007231729999999992e+00
1.008007550000000085e+00
1.009076199999999979e+00
1.010139029999999938e+00
1.011593100000000023e+00
1.013811660000000003e+00
1.015602799999999917e+00
1.018551570000000073e+00
1.022459610000000074e+00
1.027295559999999996e+00
1.033566930000000106e+00
1.042126029999999925e+00
1.053119069999999935e+00
1.067617639999999923e+00
1.084938289999999972e+00
1.102721279999999915e+00
1.114750139999999945e+00
1.114590769999999953e+00
1.102689910000000051e+00
1.085098450000000048e+00
1.067577860000000101e+00
1.052938130000000028e+00
1.041929080000000063e+00
1.033414529999999942e+00
1.027163059999999906e+00
1.022171350000000034e+00
1.018612910000000094e+00
1.015822860000000105e+00
1.013359249999999934e+00
1.011899239999999978e+00
1.010065339999999923e+00
1.009099949999999968e+00
1.007873070000000038e+00
1.007131860000000101e+00
1.006303850000000111e+00
1.005648899999999957e+00
1.005238969999999954e+00
1.004793679999999911e+00
1.004470889999999894e+00
1.004003490000000109e+00
1.003855530000000051e+00
1.003636069999999991e+00
1.003381740000000022e+00
1.003059829999999986e+00
1.002881300000000087e+00
1.002712169999999903e+00
1.002638230000000075e+00
1.002199349999999933e+00
1.002312150000000068e+00
1.002401639999999983e+00
1.002033109999999949e+00
1.001997589999999994e+00
1.002106409999999892e+00
1.001766020000000035e+00
1.001812109999999922e+00
1.001572289999999921e+00
1.001584299999999983e+00
1.001385210000000026e+00
1.001761719999999967e+00
1.001514390000000088e+00
1.001320130000000086e+00
1.001578309999999972e+00
1.001233500000000110e+00
1.001145799999999975e+00
1.001443620000000090e+00
1.001291689999999956e+00
1.001266430000000041e+00
1.001249760000000100e+00
1.000964079999999923e+00
1.001165089999999980e+00
1.000896299999999961e+00
1.001222190000000012e+00
1.001044580000000073e+00
1.000929619999999964e+00
1.001093390000000083e+00
1.000979000000000063e+00
1.001149370000000038e+00
1.000930160000000013e+00
1.001154400000000111e+00
1.001032289999999936e+00
1.001110699999999909e+00
1.001070029999999944e+00
1.001003599999999993e+00
1.000785969999999914e+00
1.001147110000000007e+00
1.000982669999999963e+00
1.000910280000000041e+00
1.000977470000000036e+00
1.000787590000000060e+00
1.000933150000000049e+00
1.000877070000000035e+00
1.000973869999999932e+00
1.000927190000000078e+00
1.000928349999999911e+00
1.000875020000000060e+00
1.000980090000000100e+00
1.001000729999999894e+00
1.001037909999999975e+00
1.000964079999999923e+00
1.001171969999999911e+00
1.001121759999999972e+00
1.001112269999999915e+00
1.001058889999999924e+00
1.001121359999999960e+00
1.001217739999999967e+00
1.001118179999999969e+00
1.001292539999999898e+00
1.001125370000000014e+00
1.001257709999999967e+00
1.001116270000000030e+00
1.001174889999999928e+00
1.001026799999999994e+00
1.001203929999999964e+00
1.001256520000000094e+00
1.001268840000000049e+00
1.001312039999999959e+00
1.001506629999999953e+00
1.001377900000000043e+00
1.001454440000000057e+00
1.001703290000000024e+00
1.001742420000000022e+00
1.001809219999999945e+00
1.001808610000000099e+00
1.002097199999999910e+00
1.002184729999999968e+00
1.001953069999999890e+00
1.002176310000000070e+00
1.002233729999999934e+00
1.002165509999999982e+00
1.002636089999999980e+00
1.002676660000000108e+00
1.002623059999999899e+00
1.002776630000000058e+00
1.002941110000000080e+00
1.003140080000000101e+00
1.003349929999999945e+00
1.003701890000000096e+00
1.004068170000000038e+00
1.004114589999999918e+00
1.004582800000000109e+00
1.004902090000000081e+00
1.005411609999999900e+00
1.006012179999999923e+00
1.006540619999999997e+00
1.007318099999999994e+00
1.008121880000000026e+00
1.009140549999999914e+00
1.010323249999999895e+00
1.011630079999999987e+00
1.013300389999999940e+00
1.015192740000000038e+00
1.018029180000000089e+00
1.021102610000000022e+00
1.025184220000000090e+00
1.030413129999999899e+00
1.036952230000000030e+00
1.045282419999999934e+00
1.055482269999999945e+00
1.067016870000000006e+00
1.078586150000000021e+00
1.087361650000000068e+00
1.090378980000000109e+00
1.086132249999999910e+00
1.076407330000000107e+00
1.064619940000000042e+00
1.053193299999999999e+00
1.043323299999999954e+00
1.035501540000000054e+00
1.029406580000000071e+00
1.024431599999999998e+00
1.020546610000000021e+00
1.017528739999999932e+00
1.015083009999999897e+00
1.013177659999999980e+00
1.011821410000000032e+00
1.010525359999999928e+00
1.009160140000000094e+00
1.008564419999999906e+00
1.007629869999999928e+00
1.007193819999999906e+00
1.006728749999999950e+00
1.006498090000000012e+00
1.006102430000000103e+00
1.006162290000000015e+00
1.006248470000000061e+00
1.006447700000000056e+00
1.006484310000000049e+00
1.006424559999999913e+00
1.005807019999999996e+00
1.005649559999999942e+00
1.005044519999999997e+00
1.004255090000000017e+00
1.004143360000000040e+00
1.003522140000000062e+00
1.003114309999999954e+00
1.003081380000000022e+00
1.002974140000000070e+00
1.002675860000000085e+00
1.002550709999999956e+00
1.002411790000000025e+00
1.002307190000000015e+00
1.002196199999999982e+00
1.001886199999999949e+00
1.001933339999999895e+00
1.001882699999999904e+00
1.001846620000000021e+00
1.001828570000000029e+00
1.001672330000000111e+00
1.001745319999999939e+00
1.001559829999999929e+00
1.001620189999999910e+00
1.001484999999999959e+00
1.001579049999999915e+00
1.001405469999999909e+00
1.001415460000000035e+00
1.001325110000000018e+00
1.001392639999999945e+00
1.001523699999999906e+00
1.001423280000000027e+00
1.001200080000000048e+00
1.001384360000000084e+00
1.001398079999999968e+00
1.001340829999999960e+00
1.001558970000000048e+00
1.001454499999999914e+00
1.001119499999999940e+00
1.001385369999999941e+00
1.001378059999999959e+00
1.001151239999999998e+00
1.001294319999999960e+00
1.001362759999999907e+00
1.001207329999999951e+00
1.001371400000000023e+00
1.001529289999999905e+00
1.001376309999999936e+00
1.001312540000000029e+00
1.001414349999999898e+00
1.001398809999999973e+00
1.001417299999999955e+00
1.001308920000000047e+00
1.001604720000000004e+00
1.001371519999999959e+00
1.001409400000000005e+00
1.001490369999999963e+00
1.001368000000000036e+00
1.001561970000000024e+00
1.001677469999999959e+00
1.001487889999999936e+00
1.001659029999999895e+00
1.001621139999999910e+00
1.001657030000000059e+00
1.001697920000000019e+00
1.001872499999999944e+00
1.001732159999999983e+00
1.001852830000000028e+00
1.001910410000000029e+00
1.002038589999999951e+00
1.002173519999999929e+00
1.002371190000000079e+00
1.002249469999999976e+00
1.002147660000000107e+00
1.002343879999999965e+00
1.002486360000000021e+00
1.002772199999999891e+00
1.002745470000000028e+00
1.002717450000000010e+00
1.002743670000000087e+00
1.003037769999999940e+00
1.003220750000000105e+00
1.003329759999999959e+00
1.003441269999999941e+00
1.003554740000000001e+00
1.003773210000000082e+00
1.003891520000000037e+00
1.003823820000000033e+00
1.004087989999999930e+00
1.004663239999999957e+00
1.004573879999999919e+00
1.005179269999999958e+00
1.005255449999999939e+00
1.005489800000000100e+00
1.005927440000000006e+00
1.006202089999999938e+00
1.006715129999999903e+00
1.007186769999999898e+00
1.007795580000000024e+00
1.008257570000000047e+00
1.008912430000000082e+00
1.009603430000000079e+00
1.010431630000000025e+00
1.011512270000000102e+00
1.012208530000000106e+00
1.013298000000000032e+00
1.014665359999999961e+00
1.016077340000000051e+00
1.017517020000000105e+00
1.019301449999999942e+00
1.021016249999999959e+00
1.023165509999999889e+00
1.025350060000000063e+00
1.027693870000000009e+00
1.030052680000000054e+00
1.032305079999999986e+00
1.034407730000000081e+00
1.036196090000000014e+00
1.037100719999999976e+00
1.038018920000000067e+00
1.037950699999999893e+00
1.037407650000000015e+00
1.035946299999999987e+00
1.034221859999999937e+00
1.032107509999999895e+00
1.030046280000000092e+00
1.027539269999999894e+00
1.025357730000000078e+00
1.023126690000000005e+00
1.021068800000000110e+00
1.019251649999999954e+00
1.017410790000000009e+00
1.015798860000000081e+00
1.014667299999999939e+00
1.013352519999999979e+00
1.012349790000000027e+00
1.011382159999999919e+00
1.010466569999999953e+00
1.009756529999999985e+00
1.008821689999999993e+00
1.008423510000000078e+00
1.007853590000000077e+00
1.007264319999999991e+00
1.006809910000000086e+00
1.006278870000000047e+00
1.006014329999999957e+00
1.005663240000000069e+00
1.005314529999999928e+00
1.004987199999999969e+00
1.004938059999999966e+00
1.004535699999999920e+00
1.004306369999999893e+00
1.004092949999999984e+00
1.004027269999999916e+00
1.003921140000000101e+00
1.003483459999999994e+00
1.003619810000000001e+00
1.003356090000000034e+00
1.003220900000000082e+00
1.003140450000000072e+00
1.003043750000000012e+00
1.002787330000000088e+00
1.003100300000000056e+00
1.002939479999999994e+00
1.002715060000000102e+00
1.002772449999999926e+00
1.002661419999999914e+00
1.002518290000000034e+00
1.002382649999999931e+00
1.002609190000000039e+00
1.002515229999999979e+00
1.002444850000000054e+00
1.002603909999999932e+00
1.002199150000000039e+00
1.002270989999999973e+00
1.002366550000000078e+00
1.002397930000000104e+00
1.002514850000000068e+00
1.002335049999999894e+00
1.002565319999999982e+00
1.002436679999999969e+00
1.002328490000000016e+00
1.002494669999999921e+00
1.002691940000000059e+00
1.002431239999999946e+00
1.002571969999999979e+00
1.002567750000000091e+00
1.002677669999999965e+00
1.002737959999999928e+00
1.002752899999999947e+00
1.002916359999999951e+00
1.003038520000000045e+00
1.003048579999999967e+00
1.003326549999999928e+00
1.003440300000000063e+00
1.003343419999999986e+00
1.003443560000000012e+00
1.003630680000000108e+00
1.003886169999999911e+00
1.004280779999999984e+00
1.004420440000000081e+00
1.004952700000000032e+00
1.004882080000000011e+00
1.005378850000000046e+00
1.005761099999999963e+00
1.006108030000000042e+00
1.006428300000000053e+00
1.007392609999999911e+00
1.007569820000000060e+00
1.007783230000000030e+00
1.008268820000000066e+00
1.008842500000000086e+00
1.009074880000000007e+00
1.009558940000000016e+00
1.009670779999999990e+00
1.009828090000000067e+00
1.009973549999999998e+00
1.010024140000000070e+00
1.009656899999999968e+00
1.009498589999999973e+00
1.009082379999999945e+00
1.008640790000000065e+00
1.008158019999999988e+00
1.007566600000000090e+00
1.007480460000000022e+00
1.006831889999999952e+00
1.006274010000000052e+00
1.005915829999999955e+00
1.005555870000000018e+00
1.005162169999999966e+00
1.004850449999999951e+00
1.004547939999999917e+00
1.004050359999999920e+00
1.003688260000000110e+00
1.003528380000000109e+00
1.003430660000000030e+00
1.003296570000000054e+00
1.003138239999999959e+00
1.002901709999999946e+00
1.002524420000000083e+00
1.002708689999999958e+00
1.002598899999999960e+00
1.002235439999999977e+00
1.002361520000000006e+00
1.002277370000000056e+00
1.001999099999999920e+00
1.002071860000000036e+00
1.001946460000000094e+00
1.001977679999999982e+00
1.001922640000000087e+00
1.001687910000000015e+00
1.001583600000000018e+00
1.001575090000000001e+00
1.001722170000000078e+00
1.001480389999999998e+00
1.001466830000000030e+00
1.001344900000000093e+00
1.001357590000000020e+00
1.001389550000000073e+00
1.001609839999999974e+00
1.001441040000000005e+00
1.001388670000000092e+00
1.001275520000000085e+00
1.001384379999999963e+00
1.001286750000000003e+00
1.001217809999999986e+00
1.001317290000000026e+00
1.001182660000000002e+00
1.001273770000000063e+00
1.001076939999999915e+00
1.001051240000000009e+00
1.001037219999999950e+00
1.001046019999999981e+00
1.001171089999999930e+00
1.001099530000000071e+00
1.000957770000000080e+00
1.000979559999999990e+00
1.001038290000000108e+00
1.001156710000000061e+00
1.001092770000000076e+00
1.001023229999999931e+00
1.000967230000000097e+00
1.001231350000000075e+00
1.001059630000000089e+00
1.001018259999999938e+00
1.001137359999999976e+00
1.001024279999999989e+00
1.001208330000000091e+00
1.001180830000000022e+00
1.000955679999999903e+00
1.001124869999999945e+00
1.001024710000000040e+00
1.000963749999999930e+00
1.000962319999999961e+00
1.001334780000000091e+00
1.001229729999999929e+00
1.001180359999999991e+00
1.001069060000000066e+00
1.001193189999999955e+00
1.001280289999999962e+00
1.001140490000000050e+00
1.001305560000000039e+00
1.001262480000000066e+00
1.001299619999999946e+00
1.001359399999999900e+00
1.001294689999999932e+00
1.001306550000000017e+00
1.001458689999999985e+00
1.001443379999999994e+00
1.001313949999999897e+00
1.001473730000000062e+00
1.001385299999999923e+00
1.001515610000000001e+00
1.001671879999999959e+00
1.001577010000000101e+00
1.001454459999999935e+00
1.001703680000000096e+00
1.001741390000000065e+00
1.001677780000000073e+00
1.001855099999999998e+00
1.001804899999999998e+00
1.001931249999999940e+00
1.001941310000000085e+00
1.002146919999999941e+00
1.002176689999999981e+00
1.002226449999999991e+00
1.002459540000000038e+00
1.002429390000000087e+00
1.002405709999999894e+00
1.002370149999999960e+00
1.002581659999999930e+00
1.002897710000000053e+00
1.003086069999999941e+00
1.002992230000000040e+00
1.003308789999999950e+00
1.003435360000000109e+00
1.003498669999999926e+00
1.003889580000000059e+00
1.004143929999999907e+00
1.004180070000000091e+00
1.004488260000000022e+00
1.004755529999999952e+00
1.004915390000000075e+00
1.005268889999999971e+00
1.005622379999999927e+00
1.005721359999999898e+00
1.006257479999999926e+00
1.006649359999999938e+00
1.007120290000000029e+00
1.007431009999999905e+00
1.007942679999999980e+00
1.008482120000000037e+00
1.008772800000000025e+00
1.008986090000000058e+00
1.009559260000000069e+00
1.009764110000000104e+00
1.010142230000000030e+00
1.010322060000000022e+00
1.010158050000000030e+00
1.010522420000000032e+00
1.010589039999999939e+00
1.010404059999999937e+00
1.010183110000000051e+00
1.009885350000000015e+00
1.009630379999999938e+00
1.009367890000000045e+00
1.008956909999999985e+00
1.008585669999999990e+00
1.008189809999999964e+00
1.007505290000000109e+00
1.007307649999999999e+00
1.006851230000000097e+00
1.006580419999999920e+00
1.006116900000000092e+00
1.005938929999999898e+00
1.005486600000000008e+00
1.005253469999999982e+00
1.004948930000000074e+00
1.004481249999999992e+00
1.004307199999999956e+00
1.004239139999999919e+00
1.004171649999999971e+00
1.003695919999999964e+00
1.003828189999999898e+00
1.003301669999999923e+00
1.003324950000000104e+00
1.003071389999999896e+00
1.003007659999999968e+00
1.002957990000000077e+00
1.002547450000000007e+00
1.002730820000000023e+00
1.002711459999999999e+00
1.002776050000000030e+00
1.002525129999999987e+00
1.002364699999999997e+00
1.002330989999999922e+00
1.002360420000000030e+00
1.002271920000000094e+00
1.002227769999999962e+00
1.002091880000000046e+00
1.001986739999999987e+00
1.002072139999999889e+00
1.002008100000000068e+00
1.001966710000000038e+00
1.001924260000000011e+00
1.002098069999999952e+00
1.001958949999999904e+00
1.001745359999999918e+00
1.001791689999999901e+00
1.001704699999999892e+00
1.001746969999999903e+00
1.001669920000000102e+00
1.001844039999999936e+00
1.002036359999999959e+00
1.001663009999999909e+00
1.001759590000000033e+00
1.001728689999999977e+00
1.001644720000000044e+00
1.001726349999999988e+00
1.001604399999999950e+00
1.001597770000000054e+00
1.001651690000000094e+00
1.001757929999999908e+00
1.001530339999999963e+00
1.001689430000000103e+00
1.001760399999999995e+00
1.001746330000000018e+00
1.001925100000000013e+00
1.001715799999999934e+00
1.001811409999999958e+00
1.002013510000000052e+00
1.001788340000000055e+00
1.001716419999999941e+00
1.001782610000000018e+00
1.001909010000000100e+00
1.001837689999999892e+00
1.001923829999999960e+00
1.002025130000000042e+00
1.002163439999999905e+00
1.002240910000000040e+00
1.002120329999999893e+00
1.002122130000000055e+00
1.002209490000000036e+00
1.002400460000000049e+00
1.002257659999999939e+00
1.002351039999999971e+00
1.002439080000000038e+00
1.002484509999999940e+00
1.002531590000000028e+00
1.002752960000000026e+00
1.002712910000000068e+00
1.002895569999999958e+00
1.002744180000000096e+00
1.003088640000000087e+00
1.003025730000000060e+00
1.003117189999999992e+00
1.003507579999999955e+00
1.003251090000000012e+00
1.003415299999999899e+00
1.003546840000000051e+00
1.003648960000000034e+00
1.003721319999999917e+00
1.003930830000000052e+00
1.004182090000000027e+00
1.004287139999999967e+00
1.004412709999999986e+00
1.004432659999999977e+00
1.004731559999999968e+00
1.004951989999999906e+00
1.005181160000000018e+00
1.005473459999999930e+00
1.005707609999999974e+00
1.005773880000000009e+00
1.006028729999999927e+00
1.006365500000000024e+00
1.006798019999999960e+00
1.007132240000000012e+00
1.007487840000000023e+00
1.007978440000000031e+00
1.008360609999999991e+00
1.008824270000000078e+00
1.009439250000000010e+00
1.009895250000000022e+00
1.010458410000000029e+00
1.011198019999999920e+00
1.011668540000000061e+00
1.012428249999999919e+00
1.013028440000000030e+00
1.013855750000000056e+00
1.014624879999999951e+00
1.015553230000000084e+00
1.016434609999999905e+00
1.017315970000000069e+00
1.018254790000000076e+00
1.019312610000000063e+00
1.020339679999999971e+00
1.021190559999999969e+00
1.022252860000000041e+00
1.023190180000000060e+00
1.023808770000000035e+00
1.024371860000000023e+00
1.025115800000000021e+00
1.025530419999999943e+00
1.025702480000000083e+00
1.026210470000000097e+00
1.025659330000000091e+00
1.025530279999999905e+00
1.025274989999999997e+00
1.024440629999999963e+00
1.023813499999999932e+00
1.023053449999999920e+00
1.022309719999999977e+00
1.021250929999999890e+00
1.020241970000000054e+00
1.019460349999999904e+00
1.018381310000000095e+00
1.017414999999999958e+00
1.016392640000000069e+00
1.015739610000000015e+00
1.014852529999999975e+00
1.014064389999999927e+00
1.013157560000000013e+00
1.012333949999999927e+00
1.011592159999999962e+00
1.011045820000000095e+00
1.010254680000000072e+00
1.009737490000000015e+00
1.009270949999999889e+00
1.008691750000000109e+00
1.008256360000000074e+00
1.007976699999999948e+00
1.007380900000000024e+00
1.007099140000000004e+00
1.006565970000000032e+00
1.006307150000000039e+00
1.005968409999999924e+00
1.005758450000000082e+00
1.005569829999999998e+00
1.005211899999999936e+00
1.004922880000000074e+00
1.004857740000000055e+00
1.004594100000000045e+00
1.004298270000000048e+00
1.004246329999999965e+00
1.003891969999999967e+00
1.003797499999999898e+00
1.003950370000000092e+00
1.003501779999999899e+00
1.003701450000000106e+00
1.003315160000000095e+00
1.003173990000000071e+00
1.003147470000000041e+00
1.003082229999999964e+00
1.002882590000000018e+00
1.002815610000000079e+00
1.002873579999999931e+00
1.002588330000000028e+00
1.002526379999999939e+00
1.002460359999999939e+00
1.002332369999999973e+00
1.002303610000000011e+00
1.002159550000000010e+00
1.002024900000000107e+00
1.001949970000000079e+00
1.002243970000000095e+00
1.001925849999999896e+00
1.002015569999999967e+00
1.001720380000000077e+00
1.001864199999999983e+00
1.001683979999999918e+00
1.001512680000000044e+00
1.001703999999999928e+00
1.001609949999999971e+00
1.001782930000000071e+00
1.001660540000000044e+00
1.001477200000000067e+00
1.001569900000000013e+00
1.001291420000000043e+00
1.001340890000000039e+00
1.001201350000000101e+00
1.001322700000000010e+00
1.001359950000000110e+00
1.001137799999999967e+00
1.001195059999999915e+00
1.001318319999999984e+00
1.001196299999999928e+00
