9.487329199999999796e-01
9.492717600000000200e-01
9.544821500000000292e-01
9.757990800000000409e-01
1.002806319999999918e+00
9.976856400000000402e-01
9.856724500000000333e-01
9.775104700000000202e-01
9.723071800000000486e-01
9.685546999999999906e-01
9.660457199999999967e-01
9.640454699999999599e-01
9.624898499999999801e-01
9.612326799999999505e-01
9.600765300000000391e-01
9.590914499999999565e-01
9.581850499999999826e-01
9.572453300000000054e-01
9.563788699999999920e-01
9.556231699999999663e-01
9.549058799999999847e-01
9.541325800000000079e-01
9.535271100000000111e-01
9.529281099999999949e-01
9.521918799999999905e-01
9.515495600000000165e-01
9.509941800000000223e-01
9.501853599999999789e-01
9.494291299999999545e-01
9.488547899999999480e-01
9.480581999999999621e-01
9.473780299999999821e-01
9.468720200000000364e-01
9.460957399999999629e-01
9.452595700000000489e-01
9.444540500000000449e-01
9.438799799999999518e-01
9.432720700000000180e-01
9.423238000000000447e-01
9.416216099999999978e-01
9.404985500000000442e-01
9.395480800000000077e-01
9.387275400000000269e-01
9.379414000000000362e-01
9.368017600000000389e-01
9.360406199999999899e-01
9.348233999999999710e-01
9.337600099999999737e-01
9.326407399999999681e-01
9.314696199999999982e-01
9.303227200000000474e-01
9.289696600000000304e-01
9.276735000000000397e-01
9.262426499999999452e-01
9.247489199999999743e-01
9.232996700000000168e-01
9.216716600000000037e-01
9.200451699999999677e-01
9.180265499999999967e-01
9.161542599999999981e-01
9.141416199999999881e-01
9.118539900000000031e-01
9.094782000000000144e-01
9.071292600000000483e-01
9.041627800000000548e-01
9.014241400000000404e-01
8.984073700000000384e-01
8.948536900000000349e-01
8.911540199999999912e-01
8.870135799999999682e-01
8.823632399999999931e-01
8.775783999999999807e-01
8.721352399999999783e-01
8.659338699999999944e-01
8.588846500000000272e-01
8.508911000000000113e-01
8.419793899999999942e-01
8.313200400000000378e-01
8.189796000000000298e-01
8.045073400000000152e-01
7.872940400000000283e-01
7.663550000000000084e-01
7.417396200000000439e-01
7.132195700000000249e-01
6.853790800000000294e-01
6.769876000000000227e-01
7.589817399999999603e-01
1.061053430000000075e+00
1.410680429999999985e+00
1.476348900000000075e+00
1.405278980000000066e+00
1.326060049999999935e+00
1.263129830000000009e+00
1.215393329999999938e+00
1.179472389999999926e+00
1.151567879999999988e+00
1.129011889999999907e+00
1.111114050000000075e+00
1.096213040000000083e+00
1.083414590000000066e+00
1.072634389999999938e+00
1.063507280000000055e+00
1.055127249999999961e+00
1.047899010000000075e+00
1.041460410000000003e+00
1.035734429999999984e+00
1.030532449999999933e+00
1.025783899999999971e+00
1.021342949999999972e+00
1.017250940000000048e+00
1.013487000000000027e+00
1.009821239999999953e+00
1.006421529999999898e+00
1.003051860000000017e+00
1.000104539999999931e+00
9.973119700000000476e-01
9.944513799999999959e-01
9.919533200000000273e-01
9.893668599999999591e-01
9.867273199999999633e-01
9.843610299999999702e-01
9.817902899999999544e-01
9.795275500000000246e-01
9.771475499999999759e-01
9.747417800000000021e-01
9.725296500000000233e-01
9.702185500000000129e-01
9.678214600000000223e-01
9.655017900000000264e-01
9.629424599999999446e-01
9.606921899999999459e-01
9.582965900000000037e-01
9.556230500000000294e-01
9.529596900000000259e-01
9.504177400000000109e-01
9.474932299999999641e-01
9.448800000000000532e-01
9.419461599999999768e-01
9.388206999999999525e-01
9.355952800000000291e-01
9.320241400000000009e-01
9.285824299999999587e-01
9.244907500000000278e-01
9.207763700000000107e-01
9.164945399999999687e-01
9.116680000000000339e-01
9.068141800000000252e-01
9.015003499999999503e-01
8.956319999999999837e-01
8.894688899999999565e-01
8.827202499999999841e-01
8.754895299999999603e-01
8.674761300000000119e-01
8.588631300000000302e-01
8.498304700000000045e-01
8.404544099999999851e-01
8.314316499999999666e-01
8.234734599999999904e-01
8.187704900000000174e-01
8.211687800000000426e-01
8.373018300000000247e-01
8.770678699999999717e-01
9.501677600000000279e-01
1.054131460000000020e+00
1.163682969999999983e+00
1.243958670000000044e+00
1.281590000000000007e+00
1.286766679999999941e+00
1.273965350000000107e+00
1.253973819999999906e+00
1.232477379999999956e+00
1.211613339999999983e+00
1.193093959999999898e+00
1.176480879999999951e+00
1.161696260000000036e+00
1.148819100000000093e+00
1.137474000000000096e+00
1.127029599999999965e+00
1.118318219999999918e+00
1.110192759999999890e+00
1.102836439999999918e+00
1.096134090000000061e+00
1.090098299999999965e+00
1.084761400000000098e+00
1.079954489999999989e+00
1.075309400000000082e+00
1.071083030000000047e+00
1.067120269999999982e+00
1.063520830000000084e+00
1.060075579999999906e+00
1.057121259999999952e+00
1.054178339999999992e+00
1.051501189999999974e+00
1.048616479999999962e+00
1.046494800000000058e+00
1.043834029999999968e+00
1.041642549999999945e+00
1.039465120000000020e+00
1.037400139999999915e+00
1.035627719999999918e+00
1.033642460000000041e+00
1.032024819999999954e+00
1.030314160000000090e+00
1.028680540000000088e+00
1.026997839999999940e+00
1.025505539999999938e+00
1.023950939999999976e+00
1.022397079999999958e+00
1.021280570000000054e+00
1.019871369999999944e+00
1.018464409999999987e+00
1.017294080000000100e+00
1.016071460000000037e+00
1.014933319999999917e+00
1.013652259999999972e+00
1.012402259999999998e+00
1.011359939999999957e+00
1.010165020000000080e+00
1.009156460000000033e+00
1.008145410000000020e+00
1.007114030000000104e+00
1.005984690000000015e+00
1.004768340000000038e+00
1.003756829999999933e+00
1.002791189999999943e+00
1.001894400000000074e+00
1.000845519999999933e+00
9.998624999999999874e-01
9.992566600000000188e-01
9.978758100000000297e-01
9.968311300000000097e-01
9.960352399999999884e-01
9.950610899999999814e-01
9.942178699999999480e-01
9.930093399999999626e-01
9.921204099999999526e-01
9.911636200000000230e-01
9.901101500000000222e-01
9.893397099999999833e-01
9.882392199999999738e-01
9.873045799999999872e-01
9.862407499999999994e-01
9.853026099999999676e-01
9.842497000000000051e-01
9.833899400000000179e-01
9.822996099999999897e-01
9.812528400000000151e-01
9.801435600000000248e-01
9.790643300000000382e-01
9.780715800000000515e-01
9.768758899999999690e-01
9.757725600000000110e-01
9.746985799999999811e-01
9.734335499999999808e-01
9.722814199999999518e-01
9.709987799999999503e-01
9.697949399999999942e-01
9.685614399999999957e-01
9.672779299999999525e-01
9.658774199999999865e-01
9.645355500000000193e-01
9.633902199999999638e-01
9.617575499999999611e-01
9.601201200000000213e-01
9.586878599999999473e-01
9.570175199999999549e-01
9.554205300000000456e-01
9.537136600000000186e-01
9.520117500000000454e-01
9.500875300000000134e-01
9.481942799999999449e-01
9.462294199999999877e-01
9.438628199999999913e-01
9.420743700000000498e-01
9.397307700000000485e-01
9.371867699999999468e-01
9.344663100000000222e-01
9.319601499999999872e-01
9.293997800000000087e-01
9.261612200000000072e-01
9.232101299999999622e-01
9.198318199999999667e-01
9.163494599999999490e-01
9.127783299999999711e-01
9.088113799999999465e-01
9.045093499999999898e-01
8.999379800000000262e-01
8.951206000000000440e-01
8.897714399999999690e-01
8.842182400000000442e-01
8.785137400000000429e-01
8.717120600000000108e-01
8.647605400000000220e-01
8.569277299999999986e-01
8.486527499999999558e-01
8.399366499999999514e-01
8.302079399999999776e-01
8.200466699999999776e-01
8.093723600000000129e-01
7.984101900000000196e-01
7.881938899999999526e-01
7.796327600000000357e-01
7.750672299999999959e-01
7.783215599999999679e-01
7.949424400000000279e-01
8.329986299999999622e-01
9.003571999999999687e-01
9.974744199999999728e-01
1.110221200000000019e+00
1.212580640000000098e+00
1.284407360000000109e+00
1.321289520000000106e+00
1.331494170000000032e+00
1.325078159999999894e+00
1.310463610000000001e+00
1.292207209999999939e+00
1.273745029999999945e+00
1.255516690000000102e+00
1.238644730000000083e+00
1.223049169999999908e+00
1.208898409999999979e+00
1.196485320000000074e+00
1.184909929999999889e+00
1.174559340000000063e+00
1.165110920000000050e+00
1.156760079999999968e+00
1.148926660000000100e+00
1.142052850000000008e+00
1.135373989999999944e+00
1.129734510000000025e+00
1.124510450000000050e+00
1.119938040000000079e+00
1.115716900000000011e+00
1.112239210000000034e+00
1.108976460000000053e+00
1.105659759999999991e+00
1.102277029999999991e+00
1.098883870000000096e+00
1.095267240000000086e+00
1.092102799999999929e+00
1.088879790000000014e+00
1.086077970000000059e+00
1.083003329999999931e+00
1.080678079999999985e+00
1.078305759999999891e+00
1.076005590000000067e+00
1.073673209999999933e+00
1.071501140000000074e+00
1.069509830000000106e+00
1.067943129999999963e+00
1.066129649999999929e+00
1.064292000000000016e+00
1.062612569999999979e+00
1.061020859999999955e+00
1.059436779999999967e+00
1.058007219999999915e+00
1.056516170000000088e+00
1.055247650000000093e+00
1.053998200000000107e+00
1.052725289999999925e+00
1.051354789999999984e+00
1.050430570000000063e+00
1.049103920000000079e+00
1.047923509999999947e+00
1.046817310000000001e+00
1.045619580000000104e+00
1.044647529999999991e+00
1.043662389999999940e+00
1.042594709999999925e+00
1.041748670000000043e+00
1.040760930000000029e+00
1.039825730000000004e+00
1.038934760000000068e+00
1.037915410000000094e+00
1.037251319999999977e+00
1.036381629999999943e+00
1.035406269999999962e+00
1.034724269999999891e+00
1.033952439999999973e+00
1.033152419999999960e+00
1.032166149999999893e+00
1.031317519999999988e+00
1.030628630000000046e+00
1.029971729999999974e+00
1.028988760000000058e+00
1.028380199999999967e+00
1.027688179999999951e+00
1.026718180000000036e+00
1.026164209999999910e+00
1.025274669999999944e+00
1.024802489999999899e+00
1.023950490000000046e+00
1.023335309999999998e+00
1.022666620000000082e+00
1.021919669999999947e+00
1.021184400000000103e+00
1.020535030000000010e+00
1.019996520000000073e+00
1.019111840000000102e+00
1.018312440000000096e+00
1.017753200000000025e+00
1.017150860000000101e+00
1.016069399999999900e+00
1.015535450000000006e+00
1.014931019999999906e+00
1.014251070000000032e+00
1.013410560000000071e+00
1.012488449999999984e+00
1.011810490000000007e+00
1.011106910000000081e+00
1.010628939999999920e+00
1.009684730000000030e+00
1.009088619999999992e+00
1.008181589999999961e+00
1.007334149999999928e+00
1.006697020000000053e+00
1.005618930000000022e+00
1.004948200000000069e+00
1.004149339999999890e+00
1.003204530000000094e+00
1.002321589999999984e+00
1.001622170000000089e+00
1.000600410000000107e+00
9.997440399999999450e-01
9.987728700000000348e-01
9.977071899999999660e-01
9.968497600000000292e-01
9.957391500000000173e-01
9.948501100000000097e-01
9.938901700000000172e-01
9.927263200000000509e-01
9.919879099999999728e-01
9.907997800000000188e-01
9.898751700000000264e-01
9.889634200000000375e-01
9.879380100000000331e-01
9.874827000000000465e-01
9.868502000000000107e-01
9.863534999999999942e-01
9.860346500000000125e-01
9.861230600000000512e-01
9.862136099999999628e-01
9.869582199999999972e-01
9.881676799999999927e-01
9.904119300000000514e-01
9.931086000000000080e-01
9.969294699999999843e-01
1.001824940000000108e+00
1.008261260000000048e+00
1.015784859999999901e+00
1.024788140000000070e+00
1.034793800000000097e+00
1.045337589999999928e+00
1.056242099999999962e+00
1.066876630000000103e+00
1.076230140000000057e+00
1.084312050000000083e+00
1.090820340000000055e+00
1.095525979999999899e+00
1.098536149999999934e+00
1.100043639999999989e+00
1.100574509999999950e+00
1.100074430000000048e+00
1.098733579999999987e+00
1.096881329999999988e+00
1.094867339999999967e+00
1.092392419999999920e+00
1.090177369999999923e+00
1.087685739999999956e+00
1.084947630000000052e+00
1.082477370000000105e+00
1.080067719999999953e+00
1.077901130000000096e+00
1.075924600000000009e+00
1.073541129999999955e+00
1.071495840000000088e+00
1.069532799999999950e+00
1.067801159999999916e+00
1.066100929999999947e+00
1.064569029999999916e+00
1.062956240000000108e+00
1.061321160000000097e+00
1.060004570000000035e+00
1.058570919999999971e+00
1.057138150000000110e+00
1.055964549999999891e+00
1.054831660000000060e+00
1.053702590000000106e+00
1.052558069999999901e+00
1.051365609999999950e+00
1.050496630000000042e+00
1.049561509999999975e+00
1.048664100000000099e+00
1.047808920000000033e+00
1.046807519999999991e+00
1.045931429999999995e+00
1.045096629999999971e+00
1.044195640000000092e+00
1.043956110000000104e+00
1.042811750000000037e+00
1.042310010000000009e+00
1.041692110000000060e+00
1.041003150000000099e+00
1.040509930000000027e+00
1.039581059999999946e+00
1.039024090000000067e+00
1.038609560000000043e+00
1.038072810000000068e+00
1.037641250000000070e+00
1.036940479999999942e+00
1.036276329999999968e+00
1.035701189999999938e+00
1.035364369999999923e+00
1.034879569999999971e+00
1.034378940000000080e+00
1.034066280000000004e+00
1.033398129999999915e+00
1.033102830000000028e+00
1.032520019999999983e+00
1.032099089999999997e+00
1.031974420000000059e+00
1.031577720000000031e+00
1.030948600000000104e+00
1.030854069999999956e+00
1.030349289999999973e+00
1.029928530000000064e+00
1.029600630000000017e+00
1.029410570000000025e+00
1.029035080000000102e+00
1.028907460000000107e+00
1.028631800000000096e+00
1.028261160000000007e+00
1.028265269999999898e+00
1.028143419999999919e+00
1.027945129999999985e+00
1.027873779999999959e+00
1.027939780000000081e+00
1.027941739999999937e+00
1.027941999999999911e+00
1.028386870000000064e+00
1.028576280000000009e+00
1.028971859999999960e+00
1.029623890000000097e+00
1.029993359999999969e+00
1.030611900000000025e+00
1.031240809999999897e+00
1.031886290000000095e+00
1.033205979999999968e+00
1.033626039999999913e+00
1.034642899999999921e+00
1.035207650000000035e+00
1.035847179999999979e+00
1.036307829999999930e+00
1.036489189999999949e+00
1.036528420000000006e+00
1.036673249999999991e+00
1.036501279999999969e+00
1.036401289999999920e+00
1.035911269999999940e+00
1.035511740000000014e+00
1.034888950000000030e+00
1.034472049999999976e+00
1.034041470000000018e+00
1.033519199999999971e+00
1.032824119999999901e+00
1.032189589999999990e+00
1.031830599999999931e+00
1.031075079999999922e+00
1.030914380000000019e+00
1.030236989999999908e+00
1.029704189999999908e+00
1.029348139999999967e+00
1.028851799999999983e+00
1.028427970000000080e+00
1.028075819999999974e+00
1.027625779999999933e+00
1.027291909999999975e+00
1.026842650000000079e+00
1.026283499999999904e+00
1.026266420000000013e+00
1.025738519999999987e+00
1.025371260000000007e+00
1.025087070000000100e+00
1.024932750000000059e+00
1.024630289999999944e+00
1.024120190000000097e+00
1.023982759999999992e+00
1.023463309999999904e+00
1.023197879999999893e+00
1.023105769999999914e+00
1.022705760000000019e+00
1.022508250000000007e+00
1.022386079999999975e+00
1.022000229999999954e+00
1.021891579999999911e+00
1.021842359999999950e+00
1.021357499999999918e+00
1.020984109999999889e+00
1.020855929999999967e+00
1.020872280000000076e+00
1.020464309999999930e+00
1.020189159999999928e+00
1.020024749999999925e+00
1.019907190000000075e+00
1.019733219999999996e+00
1.019403529999999947e+00
1.019411590000000034e+00
1.019091509999999978e+00
1.018757190000000090e+00
1.018665699999999896e+00
1.018659229999999916e+00
1.018339200000000000e+00
1.018155530000000031e+00
1.018035199999999918e+00
1.017692770000000024e+00
1.017714360000000040e+00
1.017203139999999895e+00
1.017226050000000104e+00
1.017023659999999996e+00
1.016914730000000100e+00
1.016717979999999910e+00
1.016527469999999989e+00
1.016115199999999996e+00
1.016190359999999959e+00
1.016105370000000008e+00
1.015837550000000089e+00
1.015708829999999896e+00
1.015628540000000024e+00
1.015231030000000034e+00
1.015160169999999917e+00
1.015136449999999968e+00
1.014734589999999992e+00
1.014758650000000095e+00
1.014733330000000100e+00
1.014330540000000003e+00
1.014111350000000078e+00
1.014111519999999933e+00
1.013947619999999938e+00
1.013704090000000058e+00
1.013483560000000061e+00
1.013441480000000006e+00
1.013322360000000089e+00
1.013148259999999912e+00
1.013065309999999997e+00
1.012836000000000070e+00
1.012624320000000022e+00
1.012632339999999909e+00
1.012394999999999934e+00
1.012247820000000020e+00
1.012024969999999913e+00
1.012062749999999900e+00
1.011741910000000022e+00
1.011683480000000079e+00
1.011427459999999945e+00
1.011296009999999912e+00
1.011208859999999987e+00
1.010975610000000025e+00
1.010765979999999953e+00
1.010799250000000038e+00
1.010872929999999892e+00
1.010557530000000037e+00
1.010583800000000032e+00
1.010340189999999971e+00
1.010181959999999934e+00
1.009938089999999900e+00
1.010146839999999990e+00
1.009837649999999920e+00
1.009720160000000089e+00
1.009835019999999917e+00
1.009821569999999946e+00
1.009678840000000077e+00
1.009564829999999969e+00
1.009726850000000065e+00
1.009670470000000098e+00
1.009723149999999903e+00
1.009921180000000085e+00
1.009954009999999958e+00
1.010112279999999974e+00
1.010079299999999902e+00
1.010626330000000017e+00
1.010763880000000059e+00
1.011231149999999968e+00
1.011476059999999899e+00
1.012069869999999927e+00
1.012570549999999958e+00
1.013220400000000021e+00
1.014008999999999938e+00
1.014609410000000045e+00
1.015421429999999958e+00
1.016291730000000060e+00
1.017224480000000097e+00
1.018005279999999901e+00
1.018973399999999918e+00
1.019765070000000051e+00
1.020427240000000069e+00
1.020932009999999890e+00
1.021457690000000085e+00
1.021980349999999982e+00
1.022297070000000030e+00
1.022378400000000020e+00
1.022629819999999912e+00
1.022371350000000012e+00
1.022222849999999905e+00
1.021871889999999894e+00
1.021652860000000107e+00
1.021318549999999936e+00
1.020757970000000014e+00
1.020576860000000030e+00
1.020388040000000052e+00
1.019679009999999941e+00
1.019241539999999890e+00
1.018747400000000081e+00
1.018286360000000057e+00
1.017923920000000093e+00
1.017364060000000014e+00
1.016963499999999909e+00
1.016676689999999939e+00
1.016104649999999943e+00
1.015810260000000076e+00
1.015361579999999986e+00
1.014862060000000010e+00
1.014577929999999961e+00
1.014174010000000070e+00
1.013891950000000097e+00
1.013360910000000059e+00
1.012992440000000105e+00
1.012742239999999905e+00
1.012480499999999894e+00
1.012026780000000015e+00
1.011890879999999937e+00
1.011566790000000049e+00
1.011232930000000030e+00
1.011017959999999993e+00
1.010608200000000068e+00
1.010229959999999982e+00
1.009845099999999940e+00
1.009884999999999922e+00
1.009548179999999906e+00
1.009104400000000012e+00
1.009055629999999981e+00
1.008831699999999998e+00
1.008308229999999917e+00
1.008316680000000076e+00
1.007916730000000038e+00
1.007763760000000008e+00
1.007333849999999975e+00
1.006972809999999940e+00
1.006748250000000011e+00
1.006619240000000026e+00
1.006322420000000051e+00
1.005985439999999898e+00
1.005741739999999940e+00
1.005501769999999961e+00
1.005177430000000038e+00
1.004861889999999924e+00
1.004757920000000082e+00
1.004317420000000016e+00
1.004255010000000059e+00
1.004167550000000020e+00
1.003821939999999913e+00
1.003456829999999966e+00
1.003088820000000103e+00
1.002979389999999915e+00
1.002757099999999957e+00
1.002497559999999899e+00
1.002275800000000050e+00
1.001932389999999895e+00
1.001588670000000070e+00
1.001278619999999897e+00
1.000970640000000023e+00
1.000696950000000029e+00
1.000407819999999948e+00
1.000339059999999947e+00
9.998565400000000158e-01
9.995911100000000049e-01
9.993730499999999850e-01
9.987607200000000462e-01
9.985335400000000527e-01
9.982886100000000207e-01
9.981317800000000240e-01
9.975795899999999605e-01
9.973871500000000001e-01
9.970549199999999557e-01
9.967568799999999563e-01
9.963562099999999644e-01
9.960380500000000081e-01
9.956131200000000181e-01
9.953143100000000354e-01
9.947158299999999675e-01
9.946285200000000160e-01
9.942800099999999919e-01
9.938404699999999758e-01
9.933347700000000335e-01
9.929340700000000020e-01
9.926745500000000444e-01
9.924099299999999957e-01
9.918808799999999648e-01
9.914964299999999842e-01
9.912103100000000389e-01
9.906792800000000510e-01
9.902163400000000282e-01
9.899077600000000254e-01
9.892716599999999971e-01
9.890657499999999658e-01
9.887188199999999982e-01
9.883987100000000137e-01
9.880288000000000403e-01
9.874029600000000517e-01
9.871526600000000151e-01
9.868352500000000527e-01
9.863923100000000499e-01
9.863503500000000423e-01
9.860506799999999572e-01
9.857301299999999822e-01
9.857412599999999525e-01
9.856318699999999655e-01
9.856974699999999645e-01
9.857342000000000048e-01
9.858389899999999706e-01
9.863873499999999961e-01
9.866134500000000029e-01
9.872004500000000071e-01
9.880058999999999925e-01
9.892320300000000399e-01
9.903951899999999808e-01
9.919686800000000471e-01
9.936270000000000380e-01
9.960991900000000232e-01
9.983542499999999986e-01
1.001326099999999997e+00
1.004703319999999955e+00
1.008107290000000100e+00
1.012192699999999945e+00
1.016560860000000011e+00
1.020953680000000086e+00
1.025769399999999942e+00
1.030487080000000111e+00
1.035811739999999981e+00
1.040597449999999924e+00
1.045126460000000090e+00
1.049717419999999901e+00
1.053806919999999980e+00
1.057603040000000050e+00
1.060740720000000081e+00
1.063653079999999918e+00
1.065763360000000048e+00
1.067558379999999918e+00
1.068969630000000004e+00
1.069774170000000080e+00
1.070562229999999948e+00
1.070444149999999928e+00
1.070808009999999921e+00
1.070682799999999935e+00
1.070204769999999916e+00
1.069582360000000065e+00
1.068720550000000102e+00
1.067869750000000062e+00
1.067062600000000083e+00
1.066002420000000006e+00
1.065195820000000015e+00
1.064021069999999902e+00
1.062994470000000025e+00
1.062024630000000025e+00
1.060851629999999934e+00
1.059846870000000107e+00
1.058801179999999897e+00
1.057960430000000063e+00
1.056888070000000068e+00
1.055796340000000111e+00
1.054664739999999989e+00
1.054035190000000011e+00
1.052997439999999951e+00
1.052277960000000068e+00
1.051366259999999997e+00
1.050482350000000009e+00
1.049787119999999963e+00
1.049072240000000100e+00
1.048108760000000084e+00
1.047597590000000078e+00
1.046717550000000108e+00
1.046369499999999952e+00
1.045681770000000066e+00
1.044861210000000096e+00
1.044292290000000012e+00
1.043647580000000019e+00
1.042998799999999893e+00
1.042338959999999926e+00
1.042023649999999968e+00
1.041456869999999979e+00
1.041030789999999984e+00
1.040220979999999962e+00
1.039899139999999944e+00
1.039615890000000098e+00
1.039104250000000063e+00
1.038683000000000023e+00
1.038267739999999995e+00
1.037736750000000097e+00
1.037171180000000081e+00
1.036921800000000005e+00
1.036558340000000022e+00
1.035965009999999964e+00
1.035718200000000033e+00
1.035289059999999983e+00
1.034790260000000073e+00
1.034688669999999977e+00
1.034299330000000072e+00
1.034106549999999958e+00
1.033704469999999986e+00
1.033406210000000103e+00
1.033077980000000062e+00
1.032761169999999895e+00
1.032468289999999955e+00
1.032051700000000016e+00
1.031891869999999933e+00
1.031778979999999901e+00
1.031394120000000081e+00
1.030980639999999893e+00
1.031010460000000073e+00
1.030647000000000091e+00
1.030382740000000075e+00
