9.054065588919668617e-01
9.695061382825486129e-01
9.494750197229917532e-01
9.434656841551247730e-01
9.194283418836566302e-01
1.023590158393351990e+00
9.815248094182826843e-01
1.008566819473684317e+00
9.895372568421053616e-01
9.594905790027702386e-01
9.604921349307480316e-01
9.815248094182826843e-01
9.564859112188366375e-01
8.933878877562327903e-01
9.735123619944598961e-01
9.835279212742383814e-01
1.004560595761772923e+00
9.815248094182826843e-01
9.504765756509696573e-01
9.755154738504155931e-01
9.865325890581718715e-01
1.003559039833795019e+00
9.935434805540167558e-01
9.695061382825486129e-01
9.504765756509696573e-01
1.005562151689750827e+00
9.654999145706372188e-01
9.214314537396123272e-01
9.825263653462604774e-01
9.685045823545707089e-01
9.134190063157895390e-01
9.504765756509696573e-01
9.775185857063712902e-01
9.374563485872576818e-01
9.624952467867037287e-01
9.034034470360111646e-01
9.574874671468145415e-01
9.394594604432133789e-01
9.524796875069253543e-01
9.634968027146815217e-01
9.374563485872576818e-01
9.775185857063712902e-01
9.094127826038782558e-01
8.983956673961219774e-01
8.883801081163436031e-01
9.795216975623269873e-01
1.066657063296398977e+00
1.023590158393351990e+00
9.484734637950139602e-01
1.013574599113573615e+00
1.023590158393351990e+00
1.001555927977839433e+00
9.454687960110804701e-01
9.795216975623269873e-01
9.845294772022161744e-01
9.484734637950139602e-01
9.885357009141275686e-01
9.825263653462604774e-01
9.134190063157895390e-01
9.314470130193907016e-01
9.775185857063712902e-01
9.404610163711912829e-01
9.705076942105264060e-01
9.574874671468145415e-01
9.154221181717452360e-01
9.604921349307480316e-01
9.685045823545707089e-01
9.955465924099724528e-01
9.474719078670361672e-01
9.384579045152355858e-01
9.795216975623269873e-01
9.064081148199446547e-01
9.094127826038782558e-01
9.544827993628809404e-01
9.464703519390582631e-01
9.314470130193907016e-01
9.644983586426594258e-01
9.234345655955680243e-01
8.853754403324101130e-01
9.925419246260388517e-01
9.244361215235458173e-01
9.785201416343491942e-01
9.244361215235458173e-01
9.003987792520776745e-01
9.054065588919668617e-01
8.773629929085873247e-01
9.574874671468145415e-01
9.785201416343491942e-01
9.294439011634350045e-01
8.543272065650970859e-01
9.044050029639890687e-01
8.623396539889197632e-01
9.334501248753463987e-01
9.484734637950139602e-01
9.154221181717452360e-01
9.174252300277009331e-01
9.134190063157895390e-01
8.883801081163436031e-01
9.264392333795015144e-01
8.803676606925209258e-01
8.823707725484765119e-01
8.553287624930748789e-01
8.723552132686981375e-01
8.963925555401662804e-01
8.473163150692522017e-01
8.272851965096953419e-01
8.152665253739612705e-01
7.511669459833796303e-01
8.152665253739612705e-01
7.852198475346261475e-01
7.301342714958449776e-01
7.101031529362881178e-01
7.050953732963989307e-01
7.561747256232688175e-01
1.150787761246537588e+00
1.384150292465374132e+00
1.423210973656509948e+00
1.394165851745152507e+00
1.245935574404432256e+00
1.212884228781163642e+00
1.212884228781163642e+00
1.247938686260387842e+00
1.144778425678670386e+00
1.152790873102493174e+00
1.080678846288088746e+00
1.132759754542936426e+00
1.089692849639889216e+00
1.033605717673130364e+00
1.063652395512465487e+00
1.061649283656509901e+00
1.094700629279778514e+00
1.077674178504155256e+00
1.035608829529085950e+00
9.735123619944598961e-01
1.076672622576177352e+00
1.028597938033241066e+00
9.975497042659280389e-01
1.044622832880886643e+00
1.009568375401662221e+00
9.965481483379502459e-01
1.051633724376731527e+00
1.062650839584487583e+00
1.041618165096952930e+00
1.035608829529085950e+00
1.008566819473684317e+00
1.011571487257617807e+00
1.027596382105263384e+00
9.695061382825486129e-01
9.644983586426594258e-01
1.021587046537396182e+00
1.002557483905817337e+00
9.765170297783934972e-01
1.027596382105263384e+00
9.584890230747923345e-01
1.076672622576177352e+00
1.007565263545706413e+00
1.011571487257617807e+00
1.006563707617728731e+00
9.144205622437674430e-01
9.905388127700832657e-01
1.024591714321329672e+00
1.021587046537396182e+00
9.825263653462604774e-01
9.574874671468145415e-01
1.048629056592797815e+00
1.032604161745152460e+00
9.985512601939059429e-01
1.013574599113573615e+00
9.925419246260388517e-01
9.865325890581718715e-01
9.024018911080333716e-01
9.494750197229917532e-01
9.675030264265929159e-01
9.454687960110804701e-01
1.023590158393351990e+00
9.544827993628809404e-01
9.134190063157895390e-01
9.735123619944598961e-01
1.002557483905817337e+00
9.775185857063712902e-01
9.945450364819945488e-01
1.042619721024930834e+00
9.715092501385043100e-01
1.016579266897507106e+00
9.875341449861496645e-01
9.224330096675901203e-01
9.404610163711912829e-01
9.865325890581718715e-01
9.905388127700832657e-01
1.006563707617728731e+00
9.675030264265929159e-01
1.034607273601108046e+00
9.634968027146815217e-01
9.855310331301939675e-01
1.053636836232687113e+00
9.474719078670361672e-01
9.705076942105264060e-01
1.007565263545706413e+00
9.194283418836566302e-01
1.001555927977839433e+00
9.374563485872576818e-01
1.007565263545706413e+00
9.314470130193907016e-01
9.805232534903047803e-01
9.905388127700832657e-01
9.574874671468145415e-01
1.013574599113573615e+00
9.785201416343491942e-01
9.454687960110804701e-01
9.624952467867037287e-01
9.845294772022161744e-01
9.414625722991690759e-01
9.584890230747923345e-01
9.484734637950139602e-01
9.594905790027702386e-01
9.324485689473684946e-01
9.444672400831025660e-01
9.594905790027702386e-01
1.031602605817174556e+00
9.144205622437674430e-01
9.024018911080333716e-01
9.905388127700832657e-01
9.434656841551247730e-01
9.294439011634350045e-01
9.364547926592798888e-01
9.695061382825486129e-01
9.755154738504155931e-01
9.665014704986150118e-01
9.254376774515236104e-01
9.314470130193907016e-01
9.554843552908588444e-01
9.244361215235458173e-01
9.915403686980610587e-01
9.354532367313020957e-01
9.084112266759003518e-01
9.795216975623269873e-01
9.254376774515236104e-01
9.174252300277009331e-01
9.584890230747923345e-01
9.364547926592798888e-01
1.014576155041551297e+00
9.654999145706372188e-01
9.334501248753463987e-01
9.494750197229917532e-01
9.484734637950139602e-01
9.154221181717452360e-01
9.685045823545707089e-01
9.064081148199446547e-01
8.963925555401662804e-01
9.024018911080333716e-01
9.665014704986150118e-01
9.364547926592798888e-01
9.685045823545707089e-01
9.003987792520776745e-01
9.224330096675901203e-01
8.853754403324101130e-01
9.024018911080333716e-01
9.424641282271468690e-01
8.973941114681441844e-01
9.434656841551247730e-01
9.394594604432133789e-01
9.104143385318560489e-01
8.773629929085873247e-01
1.027596382105263384e+00
8.993972233240997705e-01
8.543272065650970859e-01
9.154221181717452360e-01
9.795216975623269873e-01
9.014003351800554675e-01
9.484734637950139602e-01
8.843738844044322089e-01
8.843738844044322089e-01
8.773629929085873247e-01
9.224330096675901203e-01
9.234345655955680243e-01
8.773629929085873247e-01
8.573318743490305760e-01
8.573318743490305760e-01
8.793661047645430218e-01
8.833723284764544159e-01
8.493194269252078987e-01
8.843738844044322089e-01
8.733567691966760416e-01
8.042494101662051031e-01
8.212758609418283617e-01
8.723552132686981375e-01
7.912291831024931277e-01
8.002431864542937090e-01
8.332945320775624332e-01
7.762058441828255662e-01
8.623396539889197632e-01
7.982400745983380119e-01
8.633412099168975562e-01
8.142649694459834775e-01
7.691949526869806819e-01
8.463147591412742976e-01
9.715092501385043100e-01
1.087689737783933630e+00
1.278986920027700869e+00
1.341083387562326923e+00
1.338078719778393433e+00
1.293008703019390637e+00
1.378140956897507152e+00
1.289002479307479465e+00
1.274980696315789697e+00
1.180834439085872711e+00
1.163807988310249453e+00
1.140772201966759214e+00
1.101711520775623399e+00
1.081680402216066650e+00
1.138769090110803406e+00
1.040616609168975248e+00
1.063652395512465487e+00
1.091695961495845024e+00
1.140772201966759214e+00
1.083683514072022236e+00
1.042619721024930834e+00
1.118737971551246657e+00
1.077674178504155256e+00
1.046625944736842229e+00
1.080678846288088746e+00
1.045624388808864325e+00
1.039615053240997344e+00
1.089692849639889216e+00
1.072666398864265958e+00
1.016579266897507106e+00
1.039615053240997344e+00
1.006563707617728731e+00
1.058644615872576189e+00
1.001555927977839433e+00
1.058644615872576189e+00
1.006563707617728731e+00
1.039615053240997344e+00
1.000554372049861529e+00
1.022588602465374086e+00
9.785201416343491942e-01
1.027596382105263384e+00
1.025593270249307576e+00
9.574874671468145415e-01
9.805232534903047803e-01
1.037611941385041758e+00
9.935434805540167558e-01
9.725108060664821030e-01
1.003559039833795019e+00
9.795216975623269873e-01
9.925419246260388517e-01
9.955465924099724528e-01
1.002557483905817337e+00
9.885357009141275686e-01
1.058644615872576189e+00
1.032604161745152460e+00
9.945450364819945488e-01
9.945450364819945488e-01
9.895372568421053616e-01
9.244361215235458173e-01
9.755154738504155931e-01
9.665014704986150118e-01
9.865325890581718715e-01
1.010569931329639903e+00
9.374563485872576818e-01
9.825263653462604774e-01
9.474719078670361672e-01
1.009568375401662221e+00
9.424641282271468690e-01
9.815248094182826843e-01
9.675030264265929159e-01
9.434656841551247730e-01
1.009568375401662221e+00
9.795216975623269873e-01
9.755154738504155931e-01
1.013574599113573615e+00
9.604921349307480316e-01
1.012573043185595711e+00
9.264392333795015144e-01
9.244361215235458173e-01
9.424641282271468690e-01
9.524796875069253543e-01
9.474719078670361672e-01
9.574874671468145415e-01
9.434656841551247730e-01
9.234345655955680243e-01
1.008566819473684317e+00
9.715092501385043100e-01
9.855310331301939675e-01
1.012573043185595711e+00
9.865325890581718715e-01
1.007565263545706413e+00
1.053636836232687113e+00
1.011571487257617807e+00
1.017580822825484788e+00
1.016579266897507106e+00
1.008566819473684317e+00
1.000554372049861529e+00
1.004560595761772923e+00
9.675030264265929159e-01
9.534812434349031474e-01
9.494750197229917532e-01
9.554843552908588444e-01
9.604921349307480316e-01
9.504765756509696573e-01
9.604921349307480316e-01
9.895372568421053616e-01
9.464703519390582631e-01
9.624952467867037287e-01
9.885357009141275686e-01
9.404610163711912829e-01
9.444672400831025660e-01
9.534812434349031474e-01
9.354532367313020957e-01
9.384579045152355858e-01
9.624952467867037287e-01
9.745139179224378001e-01
9.574874671468145415e-01
9.364547926592798888e-01
9.384579045152355858e-01
9.374563485872576818e-01
8.793661047645430218e-01
9.675030264265929159e-01
9.514781315789474503e-01
9.695061382825486129e-01
9.074096707479225588e-01
9.104143385318560489e-01
9.524796875069253543e-01
9.314470130193907016e-01
9.364547926592798888e-01
9.414625722991690759e-01
9.624952467867037287e-01
9.234345655955680243e-01
9.374563485872576818e-01
9.264392333795015144e-01
9.214314537396123272e-01
8.823707725484765119e-01
8.653443217728532533e-01
8.933878877562327903e-01
9.394594604432133789e-01
9.424641282271468690e-01
8.923863318282549972e-01
9.284423452354572115e-01
9.194283418836566302e-01
9.284423452354572115e-01
8.983956673961219774e-01
9.084112266759003518e-01
8.793661047645430218e-01
8.062525220221608002e-01
9.084112266759003518e-01
8.463147591412742976e-01
9.104143385318560489e-01
8.693505454847646474e-01
8.483178709972299947e-01
7.982400745983380119e-01
8.162680813019391746e-01
8.092571898060942903e-01
7.661902849030471918e-01
8.202743050138504577e-01
8.302898642936289431e-01
8.152665253739612705e-01
7.962369627423823149e-01
8.162680813019391746e-01
8.242805287257618518e-01
7.551731696952909134e-01
7.802120678947369603e-01
7.391482748476455589e-01
7.902276271745153347e-01
7.932322949584488248e-01
8.012447423822716130e-01
7.521685019113574233e-01
8.012447423822716130e-01
8.232789727977840588e-01
8.873785521883656990e-01
9.424641282271468690e-01
1.011571487257617807e+00
1.036610385457063854e+00
1.132759754542936426e+00
1.169817323878116433e+00
1.198862445789473874e+00
1.196859333933518066e+00
1.205873337285318758e+00
1.264965137036011322e+00
1.276983808171745283e+00
1.217892008421052719e+00
1.193854666149584576e+00
1.303024262299169012e+00
1.229910679556786901e+00
1.186843774653739692e+00
1.175826659445983413e+00
1.229910679556786901e+00
1.166812656094182943e+00
1.084685070000000140e+00
1.171820435734072241e+00
1.194856222077562480e+00
1.147783093462604098e+00
1.082681958144044554e+00
1.123745751191135955e+00
1.132759754542936426e+00
1.103714632631578985e+00
1.100709964847645495e+00
1.025593270249307576e+00
1.083683514072022236e+00
1.073667954792243862e+00
1.043621276952908739e+00
1.054638392160665017e+00
1.055639948088642699e+00
9.855310331301939675e-01
1.006563707617728731e+00
1.087689737783933630e+00
1.065655507368421073e+00
1.070663287008310371e+00
9.705076942105264060e-01
9.885357009141275686e-01
1.031602605817174556e+00
9.404610163711912829e-01
1.031602605817174556e+00
9.745139179224378001e-01
9.695061382825486129e-01
1.040616609168975248e+00
1.062650839584487583e+00
9.945450364819945488e-01
9.875341449861496645e-01
1.000554372049861529e+00
1.047627500664820133e+00
1.085686625927978044e+00
1.124747307119113637e+00
1.185842218725762010e+00
1.111727080055401773e+00
1.127751974903047127e+00
1.162806432382271549e+00
1.178831327229917125e+00
1.190849998365651086e+00
1.204871781357340854e+00
1.148784649390581780e+00
1.205873337285318758e+00
1.190849998365651086e+00
1.201867113573407364e+00
1.204871781357340854e+00
1.186843774653739692e+00
1.154793984958448982e+00
1.144778425678670386e+00
1.188846886509695500e+00
1.109723968199446187e+00
1.231913791412742487e+00
1.190849998365651086e+00
1.181835995013850615e+00
1.135764422326869916e+00
1.167814212022160847e+00
1.130756642686980840e+00
1.140772201966759214e+00
1.136765978254847820e+00
1.093699073351800610e+00
1.061649283656509901e+00
1.149786205318559684e+00
1.113730191911357359e+00
1.105717744487534793e+00
1.084685070000000140e+00
1.115733303767313167e+00
1.112728635983379677e+00
1.118737971551246657e+00
1.087689737783933630e+00
1.149786205318559684e+00
1.096703741135734100e+00
1.089692849639889216e+00
1.137767534182825502e+00
1.128753530831025031e+00
1.033605717673130364e+00
1.068660175152354785e+00
1.099708408919667812e+00
1.077674178504155256e+00
1.064653951440443391e+00
1.079677290360110842e+00
1.097705297063712004e+00
1.048629056592797815e+00
1.082681958144044554e+00
1.092697517423822928e+00
1.101711520775623399e+00
1.126750418975069445e+00
1.111727080055401773e+00
1.146781537534626194e+00
1.112728635983379677e+00
1.152790873102493174e+00
1.104716188559556889e+00
1.118737971551246657e+00
1.094700629279778514e+00
1.150787761246537588e+00
1.112728635983379677e+00
1.151789317174515270e+00
1.090694405567867120e+00
1.120741083407202243e+00
1.141773757894736896e+00
1.036610385457063854e+00
1.166812656094182943e+00
1.110725524127423869e+00
1.099708408919667812e+00
1.136765978254847820e+00
