9.520167843205531444e-01
3.131728239105986727e-17
7.936394946035112419e-01
1.983333998569961845e-17
4.620638182122943083e-01
-5.173535744333117663e-18
2.411821127882592120e-01
-5.592569707889337942e-17
-8.168728382604005800e-01
-1.077415612528988828e-16
-6.445101100526675619e-01
-8.765428854273745948e-03
-6.445101100526672289e-01
8.765428854273634926e-03
-3.309790631130022365e-01
-1.062105128659764228e-16
-3.797557519163607953e-02
-1.072939642728327348e-17
-8.503272215962880132e-02
-6.699607611723750320e-17
