9.860461758977986380e-01 3.120193847833818542e-16
9.851256706102030636e-01 3.174917710297790599e-16
9.841027042995125207e-01 3.236112201786937819e-16
9.829562393740014503e-01 3.304858980095354361e-16
9.816584660595119027e-01 3.380071067563545036e-16
9.801716878110054987e-01 3.468250645193885232e-16
9.784432661043656054e-01 3.571562799990008572e-16
9.763970322189784445e-01 3.685667088013951681e-16
9.739178735256568409e-01 3.825738349495607485e-16
9.708221404487727968e-01 3.996109005835456894e-16
9.667957855111666277e-01 4.196774224499725303e-16
9.612498248500367382e-01 4.447244311712056613e-16
9.529266778708456176e-01 4.749681775341491355e-16
9.385528628890987823e-01 5.058543591267851428e-16
9.060106622550423427e-01 4.575849707206937827e-16
7.411304139895737997e-01 -2.353674852570037593e-15
1.198170234134390499e+00 -5.213951132790331227e-15
1.053896450453521316e+00 -7.263839748733847246e-16
1.022217148657725394e+00 -1.896621869501435964e-16
1.007028128996572791e+00 6.606197266999767366e-18
9.970760120383959091e-01 1.139546524483639343e-16
9.891421280387995285e-01 1.865916712746044589e-16
9.818307758578969091e-01 2.453321027668913666e-16
9.742716998502677361e-01 3.005822023019601607e-16
9.656669326163166422e-01 3.558090352632471079e-16
9.549879676405933493e-01 4.205508508124188507e-16
9.405549939739091814e-01 5.069475714157417739e-16
9.191657192155175959e-01 6.019851396115765589e-16
8.843493053632405232e-01 6.744343164672349460e-16
8.337242895954172228e-01 5.143886418746623779e-16
1.042400911735039237e+00 9.243018382464063399e-15
1.225831987786030197e+00 3.691349987217049715e-15
1.148417733342434133e+00 4.329234690572055685e-16
1.105002995793321618e+00 -1.098641519485738186e-17
1.080460714199939609e+00 -8.483349067278184990e-17
1.064902884085007662e+00 -8.180009811441851569e-17
1.054130783652805103e+00 -6.592558506725938967e-17
1.046165553218550981e+00 -4.769374387777624637e-17
1.039967586890500506e+00 -3.076314138908836288e-17
1.034939883586857290e+00 -1.565508217315561458e-17
1.030713397739349002e+00 -3.062774478941632114e-18
1.027044705319680284e+00 7.608985856721037297e-18
1.023762869038629120e+00 1.628735143231391306e-17
1.020739537348495096e+00 2.319987784534223647e-17
1.017870535325690273e+00 2.875484155220833799e-17
1.015063060532035655e+00 3.200549410326517535e-17
1.012225038828512114e+00 3.354802272392623792e-17
1.009253976553756260e+00 3.308585100996145332e-17
1.006022232143232165e+00 2.977216403210249581e-17
1.002353619614293478e+00 2.290211108302704025e-17
9.979808304305618494e-01 1.100748186418500315e-17
9.924585041693649856e-01 -1.016570383866097448e-17
9.849627481873080015e-01 -4.688362092666314500e-17
9.737514924872895383e-01 -1.168097537321528245e-16
9.543475758151254151e-01 -2.750462905824295450e-16
9.106088966309646704e-01 -7.883903174264145812e-16
7.051405171591751397e-01 -5.974223032163845979e-15
1.375485131432904407e+00 -5.773329362773864103e-15
1.131559946756311774e+00 -2.500550515745588909e-16
1.084859020866872026e+00 8.264541010675475661e-17
1.064771169142900265e+00 1.568794660572083306e-16
1.053430527655291993e+00 1.822601796019723856e-16
1.046037437723922547e+00 1.933907930851868094e-16
1.040756977735830091e+00 1.995833487013806480e-16
1.036733347491347601e+00 2.037557474786976821e-16
1.033510898891309093e+00 2.077258378071192144e-16
1.030821662446490539e+00 2.116770012848054974e-16
1.028494061907803792e+00 2.160388292069554397e-16
1.026408471695567259e+00 2.212290738992948517e-16
1.024472666009831334e+00 2.275358729218409031e-16
1.022605595438264459e+00 2.354774103699877506e-16
1.020722953123338606e+00 2.458728875044163514e-16
1.018718011493865649e+00 2.596969997596958177e-16
1.016424846184700526e+00 2.791943442428977113e-16
1.013524206012373918e+00 3.089500233624769286e-16
1.009220238381505208e+00 3.600688027190091557e-16
1.000486546454549153e+00 4.675986670654697644e-16
9.473158757233343108e-01 4.435265968825533453e-16
1.041621214575603860e+00 -7.164053076294802727e-16
1.017772191592173803e+00 -9.292037354589567209e-17
9.996392455343974248e-01 6.910993329160462772e-17
8.948148602653084316e-01 1.263500906815301724e-16
1.079339464823916073e+00 -2.190328654781042467e-16
1.046425326419885948e+00 -2.093567408766332271e-17
1.037179649166225737e+00 3.094920160609522529e-17
1.032571141817256288e+00 5.705742231981571847e-17
1.029696845929872095e+00 7.331713759892769235e-17
1.027672027315754244e+00 8.468547988582670857e-17
1.026131800351932633e+00 9.285657767382150105e-17
1.024896368071461561e+00 9.890954970101350397e-17
1.023865833388223123e+00 1.035382579482956702e-16
1.022979514726006123e+00 1.069970320098343667e-16
1.022197772260391435e+00 1.093617485238606924e-16
1.021492938877021750e+00 1.110133222311991931e-16
1.020844326568212113e+00 1.116892532399273781e-16
1.020235154025359359e+00 1.114753789940632919e-16
1.019650324795314145e+00 1.103277977188303477e-16
1.019074366662532816e+00 1.077538930094896760e-16
1.018488824328202202e+00 1.035754411518953165e-16
1.017867889118244884e+00 9.690146163197114896e-17
1.017169342767861195e+00 8.634704629512351160e-17
1.016312063827373491e+00 6.900478916027905049e-17
1.015107187589187943e+00 3.735584637033820482e-17
1.012970102530420080e+00 -3.243867938596682486e-17
1.006669386757093720e+00 -2.880900166852984375e-16
1.100519798273932537e+00 -1.954022302527335044e-16
1.026314023996055091e+00 4.444754307503233844e-16
1.021866542697219771e+00 3.272004280437532863e-16
1.020110302931352741e+00 2.824643816362430217e-16
1.019088525051802696e+00 2.597485665183290570e-16
1.018371707679154081e+00 2.466432864154325631e-16
1.017809662255580561e+00 2.386800564628365013e-16
1.017335053628263264e+00 2.339648905620793364e-16
1.016911918467232834e+00 2.313894400864109373e-16
1.016517769858802378e+00 2.306310535679510389e-16
1.016135852792022565e+00 2.314209898052016865e-16
1.015750777174088793e+00 2.339239300266223252e-16
1.015344794997084188e+00 2.382772267269838638e-16
1.014892611126970490e+00 2.453227694592409325e-16
1.014350922384402276e+00 2.563901692553600536e-16
1.013631339457960356e+00 2.747875577721744857e-16
1.012510319725757002e+00 3.085663209175484008e-16
1.010190035941173514e+00 3.872720379359511186e-16
1.000020875922340347e+00 7.521135558309171102e-16
1.033723419419271927e+00 -5.300136150140325022e-16
1.020887778193218853e+00 -3.739372420515540931e-17
1.018373611795054368e+00 5.167626647906505675e-17
1.017222416865048107e+00 8.869536591747024257e-17
1.016517476863066483e+00 1.088736474239422135e-16
1.016013655680932493e+00 1.214273862767107417e-16
1.015617220776670049e+00 1.299891707605426423e-16
1.015284265601386515e+00 1.360231435497506820e-16
1.014991189431085239e+00 1.405055190908485623e-16
1.014723885517244462e+00 1.439245871624253088e-16
1.014473105442262213e+00 1.464704514185872513e-16
1.014232215929559144e+00 1.483873979119708305e-16
1.013995989738535775e+00 1.498383723360109367e-16
1.013759872698240638e+00 1.508236671098592583e-16
1.013519466628981291e+00 1.513977638268191154e-16
1.013270084862408993e+00 1.516151249534744892e-16
1.013006277126456744e+00 1.514217752380623001e-16
1.012721216222493892e+00 1.507095132834966033e-16
1.012405790763432512e+00 1.494785431946433093e-16
1.012047127906225752e+00 1.475664252295190089e-16
1.011625994012360419e+00 1.447022869890863923e-16
1.011111859030225046e+00 1.405610345061222128e-16
1.010452672008593122e+00 1.344651975378424670e-16
1.009551224334954478e+00 1.251680899407414782e-16
1.008201741250976502e+00 1.100135537238778577e-16
1.005878057244364410e+00 8.246939977844096650e-17
1.000708496233705835e+00 2.074328568017011436e-17
9.775171861538620721e-01 -2.130751908452451146e-16
1.059883610616208394e+00 1.035587907980372030e-15
1.027502086700174511e+00 4.164395501688991140e-16
1.021597383190363750e+00 3.258105778500638873e-16
1.019055790855941890e+00 2.916394552067342051e-16
1.017595813567939711e+00 2.753015649268658600e-16
1.016610564937240113e+00 2.673915335822240394e-16
1.015864860231068922e+00 2.647110408266711329e-16
1.015241443118515718e+00 2.662030615346615499e-16
1.014663510626113485e+00 2.722200295982746137e-16
1.014056168139400915e+00 2.845780482793558591e-16
1.013298517581488367e+00 3.085897695082251897e-16
1.012068598591623569e+00 3.611959103859533325e-16
1.008740809499512059e+00 5.362342241613695319e-16
1.120183157840412891e+00 -2.039038208246341425e-16
1.019964820664910565e+00 -7.410640275495894930e-17
1.017165261609358273e+00 5.376534880519537313e-17
1.016118296711635560e+00 9.885710199069846684e-17
1.015534183846695360e+00 1.216944860714931940e-16
