1.000399432196504401e+00
1.000414948830069317e+00
1.000431705925880266e+00
1.000449854135034622e+00
1.000469568598973069e+00
1.000491053957105914e+00
1.000514550597443986e+00
1.000540342516395009e+00
1.000568767279912619e+00
1.000600228754273902e+00
1.000635213523749956e+00
1.000674312268861277e+00
1.000718247896099644e+00
1.000767912971332052e+00
1.000824420147588434e+00
1.000889171009512024e+00
1.000963951439541644e+00
1.001051065852294419e+00
1.001153529499402284e+00
1.001275349402983128e+00
1.001421943802404124e+00
1.001600783898502378e+00
1.001822403188614041e+00
1.002102035642948641e+00
1.002462372307439287e+00
1.002938398617860383e+00
1.003586311871858872e+00
1.004500954906338395e+00
1.005852411953739534e+00
1.007969877990607444e+00
1.011556354468610142e+00
1.018322190544808103e+00
1.033227877414671925e+00
1.074108700362387925e+00
1.196828125179362878e+00
1.199074116401776857e+00
1.075096615727771265e+00
1.033612880871336293e+00
1.018555987919204320e+00
1.011755866124075087e+00
1.008172610254803647e+00
1.006073369635006820e+00
1.004747466639914100e+00
1.003862732357356347e+00
1.003247860694297389e+00
1.002807533365923653e+00
1.002485437464787799e+00
1.002246669737268059e+00
1.002068747857464137e+00
1.001936742379869738e+00
1.001840509464749340e+00
1.001773053333887997e+00
1.001729525134190890e+00
1.001706595603036876e+00
1.001702056189972989e+00
1.001714565683293534e+00
1.001743494073262797e+00
1.001788835584266346e+00
1.001851175289270257e+00
1.001931702137383029e+00
1.002032267723341752e+00
1.002155496157167036e+00
1.002304957191118451e+00
1.002485423724416069e+00
1.002703247896791439e+00
1.002966910348389584e+00
1.003287830291222704e+00
1.003681579589618122e+00
1.004169740388400900e+00
1.004782818447136128e+00
1.005564944661942572e+00
1.006581714941714223e+00
1.007933761222345570e+00
1.009781265193077759e+00
1.012390428980586510e+00
1.016226450246780821e+00
1.022150533116859883e+00
1.031859548158340356e+00
1.048877556872962247e+00
1.080362142807079540e+00
1.135092290686678718e+00
1.186074666258204680e+00
1.156867630290048687e+00
1.096193099942967875e+00
1.057458924219393914e+00
1.036576788742080035e+00
1.024926238949321666e+00
1.017976803827906451e+00
1.013563603645950995e+00
1.010610093918660635e+00
1.008546799259781190e+00
1.007053888537124964e+00
1.005941984708971892e+00
1.005093730471118940e+00
1.004433503621360302e+00
1.003910911739957168e+00
1.003491386804960861e+00
1.003150611176089280e+00
1.002871098035352571e+00
1.002640028493691160e+00
1.002447845982910479e+00
1.002287320490840683e+00
1.002152912029525389e+00
1.002040329234488825e+00
1.001946217971358077e+00
1.001867938281204573e+00
1.001803402454026326e+00
1.001750956130869286e+00
1.001709290194958246e+00
1.001677375053536601e+00
1.001654411476299300e+00
1.001639793898617681e+00
1.001633083303415495e+00
1.001633987646662005e+00
1.001642348406689198e+00
1.001658132296006309e+00
1.001681427530219937e+00
1.001712444340799424e+00
1.001751519676125524e+00
1.001799126282768349e+00
1.001855886618753244e+00
1.001922592346253582e+00
1.002000230510449175e+00
1.002090017969835767e+00
1.002193446249562525e+00
1.002312339812218234e+00
1.002448931880059568e+00
1.002605963547982704e+00
1.002786814223177059e+00
1.002995674762624523e+00
1.003237779596903634e+00
1.003519721493493000e+00
1.003849883827767631e+00
1.004239042613281008e+00
1.004701218004136809e+00
1.005254899258901435e+00
1.005924840130386189e+00
1.006744744791795432e+00
1.007761377527147006e+00
1.009041008195258549e+00
1.010679797494078436e+00
1.012821025112918161e+00
1.015684561093809446e+00
1.019618845445792177e+00
1.025194966534898056e+00
1.033378449262788434e+00
1.045828894280143695e+00
1.065300518396333107e+00
1.095413957138207106e+00
1.136056324831077546e+00
1.170092546021357371e+00
1.170462115454565799e+00
1.139276305231555320e+00
1.099622376828572889e+00
1.068408289331254979e+00
1.047804817416140288e+00
1.034616555849251496e+00
1.025987574394142454e+00
1.020138880529101399e+00
1.016031316439639509e+00
1.013052650844826097e+00
1.010831479762305030e+00
1.009134770085482247e+00
1.007811434290272645e+00
1.006760515167612002e+00
1.005912695517611644e+00
1.005219212650625193e+00
1.004645011900971996e+00
1.004164400026785087e+00
1.003758215145512667e+00
1.003411941190795131e+00
1.003114425069771443e+00
1.002856987058766691e+00
1.002632793059839322e+00
1.002436404526685143e+00
1.002263451027129770e+00
1.002110388805691477e+00
1.001974320541083818e+00
1.001852859239602322e+00
1.001744024361330476e+00
1.001646161761237774e+00
1.001557881416938134e+00
1.001478008575499734e+00
1.001405545120138685e+00
1.001339638789441988e+00
1.001279558480440590e+00
1.001224674302198858e+00
1.001174441366232681e+00
1.001128386536925152e+00
1.001086097542131848e+00
1.001047213977556360e+00
1.001011419839774597e+00
1.000978437300270585e+00
1.000948021492537032e+00
1.000919956130594146e+00
1.000894049813412234e+00
1.000870132898102005e+00
1.000848054847175650e+00
1.000827681972998429e+00
1.000808895516829056e+00
1.000791590011306242e+00
1.000775671884553741e+00
1.000761058271652182e+00
1.000747676005468545e+00
1.000735460764020424e+00
1.000724356355900957e+00
1.000714314129004912e+00
1.000705292491013809e+00
1.000697256532961488e+00
1.000690177749803400e+00
1.000684033854381649e+00
1.000678808683580279e+00
1.000674492197925591e+00
1.000671080578493743e+00
1.000668576427856005e+00
1.000666989085080782e+00
1.000666335068658652e+00
1.000666638665864472e+00
1.000667932692763662e+00
1.000670259456196920e+00
1.000673671958074662e+00
1.000678235393851256e+00
1.000684029011964071e+00
1.000691148420503662e+00
1.000699708453062220e+00
1.000709846739851860e+00
1.000721728175996583e+00
1.000735550540952756e+00
1.000751551607834466e+00
1.000770018198540390e+00
1.000791297804012103e+00
1.000815813619493788e+00
1.000844084173731607e+00
1.000876749206540683e+00
1.000914604145366482e+00
1.000958646565064614e+00
1.001010139572618085e+00
1.001070699442580647e+00
1.001142418539732182e+00
1.001228040443278289e+00
1.001331213670330955e+00
1.001456865989963863e+00
1.001611767453415069e+00
1.001805394873254595e+00
1.002051287820069359e+00
1.002369221520065912e+00
1.002788757467061531e+00
1.003355125269708159e+00
1.004138951126751333e+00
1.005251686854648163e+00
1.006866213662522602e+00
1.009225505753824859e+00
1.012551259547104232e+00
1.016586577012687620e+00
1.019677817420415300e+00
1.019400689808279026e+00
1.016017809224076140e+00
1.012032416262848011e+00
1.008857672240913494e+00
1.006629808827879335e+00
1.005108739273687490e+00
1.004060132245846226e+00
1.003321186225429873e+00
1.002787526841455668e+00
1.002392988049362277e+00
1.002095091610191613e+00
1.001865987181622231e+00
1.001686984674076353e+00
1.001545249246667657e+00
1.001431773506965772e+00
1.001340108254667571e+00
1.001265550807324489e+00
1.001204614782407853e+00
1.001154676605886085e+00
1.001113735279873573e+00
1.001080246177544320e+00
1.001053004133630742e+00
1.001031059941553059e+00
1.001013659863760674e+00
1.001000201240186405e+00
1.000990199520038093e+00
1.000983263509162002e+00
1.000979076600952533e+00
1.000977382417410855e+00
1.000977973737729121e+00
1.000980683904366453e+00
1.000985380116052648e+00
1.000991958173057750e+00
1.001000338352089569e+00
1.001010462169532822e+00
1.001022289851470459e+00
1.001035798373250962e+00
1.001050979964607457e+00
1.001067841001577197e+00
1.001086401225884215e+00
1.001106693247599821e+00
1.001128762298947317e+00
1.001152666216915899e+00
1.001178475640526200e+00
1.001206274415649800e+00
1.001236160206619763e+00
1.001268245319800521e+00
1.001302657750077207e+00
1.001339542467163168e+00
1.001379062964926181e+00
1.001421403103862184e+00
1.001466769284695690e+00
1.001515393000142140e+00
1.001567533822522282e+00
1.001623482897612494e+00
1.001683567030400068e+00
1.001748153466956781e+00
1.001817655499337434e+00
1.001892539048312436e+00
1.001973330413270524e+00
1.002060625421553830e+00
1.002155100263131038e+00
1.002257524363866725e+00
1.002368775735600348e+00
1.002489859348940637e+00
1.002621929211785279e+00
1.002766315011995202e+00
1.002924554408084035e+00
1.003098432342848456e+00
1.003290029132300365e+00
1.003501779573789721e+00
1.003736545959782012e+00
1.003997708726612537e+00
1.004289279575976135e+00
1.004616043366723277e+00
1.004983736996635235e+00
1.005399276017569621e+00
1.005871043018730981e+00
1.006409256049484391e+00
1.007026440677630363e+00
1.007738035681638333e+00
1.008563169424191885e+00
1.009525650204611269e+00
1.010655215621964587e+00
1.011989074589656035e+00
1.013573732303517660e+00
1.015466973695251518e+00
1.017739615184483304e+00
1.020476066306975182e+00
1.023771609239314762e+00
1.027722234855663386e+00
1.032399635220132339e+00
1.037800494343588564e+00
1.043760503654737715e+00
1.049842685780137730e+00
1.055263586130755993e+00
1.058990870263917916e+00
1.060112958249771919e+00
1.058323342270546918e+00
1.054110621565218064e+00
1.048461737561673157e+00
1.042372322269678131e+00
1.036541789249220136e+00
1.031331142448191907e+00
1.026855967654536350e+00
1.023095004274410025e+00
1.019967263806757174e+00
1.017375421919588074e+00
1.015226346277353642e+00
1.013438920802908205e+00
1.011945688107730668e+00
1.010691864313402411e+00
1.009633472964868828e+00
1.008735379136515009e+00
1.007969529171635958e+00
1.007313482857001175e+00
1.006749232718341380e+00
1.006262272131275726e+00
1.005840866960672875e+00
1.005475488832629827e+00
1.005158374839092206e+00
1.004883185483226971e+00
1.004644738879222343e+00
1.004438804335562763e+00
1.004261942525494833e+00
1.004111382648156248e+00
1.003984929496884559e+00
1.003880895353123304e+00
1.003798053269543189e+00
1.003735609731218448e+00
1.003693196016936184e+00
1.003670878955915446e+00
1.003669193341381050e+00
1.003689200219502808e+00
1.003732577898649003e+00
1.003801756234644627e+00
1.003900110183997718e+00
1.004032236794529354e+00
1.004204352356826702e+00
1.004424866031049302e+00
1.004705217235433601e+00
1.005061113471684253e+00
1.005514384133874284e+00
1.006095790240776111e+00
1.006849317985887282e+00
1.007838734809425096e+00
1.009157392309912860e+00
1.010941877011936052e+00
1.013387044116450308e+00
1.016747259448278706e+00
1.021267769550439963e+00
1.026899001707843873e+00
1.032631602638670820e+00
1.036036469070424015e+00
1.034936575054260732e+00
1.030142483291248912e+00
1.024341971739713975e+00
1.019306751066323846e+00
1.015480025556583232e+00
1.012711764194997421e+00
1.010736283992860640e+00
1.009327500404802125e+00
1.008322247040765118e+00
1.007608936605061345e+00
1.007112536156250071e+00
1.006782871882756503e+00
1.006586655368021610e+00
1.006502308738237872e+00
1.006516695224933144e+00
1.006623122883917754e+00
1.006820220805355381e+00
1.007111453739843565e+00
1.007505157467149637e+00
1.008015063511334519e+00
1.008661354055781167e+00
1.009472357266407494e+00
1.010487064592173301e+00
1.011758717111018280e+00
1.013359726347403678e+00
1.015388035228136809e+00
1.017974323261652936e+00
1.021287285646591325e+00
1.025528416187587055e+00
1.030894272245844068e+00
1.037459823651290192e+00
1.044918272003426241e+00
1.052196645216900039e+00
1.057327382959698747e+00
1.058310569475892526e+00
1.054729327318428167e+00
1.048153940670254247e+00
1.040735968098810860e+00
1.033914664615800394e+00
1.028245320395904994e+00
1.023760078698567888e+00
1.020289992703053317e+00
1.017629483702909177e+00
1.015597201608989808e+00
1.014050008726804952e+00
1.012880217759812185e+00
1.012008621324761437e+00
1.011377695583283387e+00
1.010946147832655129e+00
1.010684869715703593e+00
1.010574051420230823e+00
1.010601181163556239e+00
1.010759701461725113e+00
1.011048151192931233e+00
1.011469669650015168e+00
1.012031770745922543e+00
1.012746311124254728e+00
1.013629572901298292e+00
1.014702354370579984e+00
1.015989899050010470e+00
1.017521376794667365e+00
1.019328435790516130e+00
1.021442048422116278e+00
1.023886486006833740e+00
1.026668894117645392e+00
1.029762982558078743e+00
1.033086651026434932e+00
1.036477292994194555e+00
1.039675918036366609e+00
1.042339484600568467e+00
1.044100261935961171e+00
1.044668994842969934e+00
1.043939349868340694e+00
1.042030789616095854e+00
1.039240260188677212e+00
1.035935911552203770e+00
1.032455856769449509e+00
1.029052047695864225e+00
1.025880368393125464e+00
1.023017554886467950e+00
1.020485951238460087e+00
1.018275514406749238e+00
1.016359676141734614e+00
1.014705383675499561e+00
1.013278829982516616e+00
1.012048380270093917e+00
1.010985827413908078e+00
1.010066722913930404e+00
1.009270237675676141e+00
1.008578813235502469e+00
1.007977745009941639e+00
1.007454769624777757e+00
1.006999689426900879e+00
1.006604046364210747e+00
1.006260846787941254e+00
1.005964333795915655e+00
1.005709801851494944e+00
1.005493448096068443e+00
1.005312255207615912e+00
1.005163901408911764e+00
1.005046694072354807e+00
1.004959524193981935e+00
1.004901839764354543e+00
1.004873636719341601e+00
1.004875466680079210e+00
1.004908461038483969e+00
1.004974371017248291e+00
1.005075622954836545e+00
1.005215386923431931e+00
1.005397654343297198e+00
1.005627315614068928e+00
1.005910220494893093e+00
1.006253189794222846e+00
1.006663923648884795e+00
1.007150715182605349e+00
1.007721824860185800e+00
1.008384300885973417e+00
1.009141959130779975e+00
1.009992210884630870e+00
1.010921560914194606e+00
1.011900088606277448e+00
1.012876287796679931e+00
1.013775223159598671e+00
1.014504178888469221e+00
1.014968823588313640e+00
1.015097648979471856e+00
1.014864991804842909e+00
1.014300118877040635e+00
1.013476796937015756e+00
1.012489722293504535e+00
1.011430438321700986e+00
1.010371946514866393e+00
1.009363739286619710e+00
1.008434016509827114e+00
1.007594947790999562e+00
1.006848143191479972e+00
1.006189055681427247e+00
1.005610055438339145e+00
1.005102372394959032e+00
1.004657220317427102e+00
1.004266384237301191e+00
1.003922480232019465e+00
1.003619027511351902e+00
1.003350420560577216e+00
1.003111853654912844e+00
1.002899227505959612e+00
1.002709054071367012e+00
1.002538367496794480e+00
1.002384644588596441e+00
1.002245735731120746e+00
1.002119805892055293e+00
1.002005284776619876e+00
1.001900824985674232e+00
1.001805267023913926e+00
1.001717610090132160e+00
1.001636987705602833e+00
1.001562647369086401e+00
1.001493933552829008e+00
1.001430273466678456e+00
1.001371165115026551e+00
1.001316167253965883e+00
1.001264890925129825e+00
1.001216992299897912e+00
1.001172166614772152e+00
1.001130143017389118e+00
1.001090680174303582e+00
1.001053562517602247e+00
1.001018597028620283e+00
1.000985610474413479e+00
1.000954447026890515e+00
1.000924966206214961e+00
1.000897041099724438e+00
1.000870556815545598e+00
1.000845409136661202e+00
1.000821503346602359e+00
1.000798753202466473e+00
1.000777080034703337e+00
1.000756411956248648e+00
1.000736683166199015e+00
1.000717833335417417e+00
1.000699807063299307e+00
1.000682553396485819e+00
1.000666025401615755e+00
1.000650179785319560e+00
1.000634976555597522e+00
1.000620378719526915e+00
1.000606352012916256e+00
1.000592864658116143e+00
1.000579887146683333e+00
1.000567392044030779e+00
1.000555353813555204e+00
1.000543748658053733e+00
1.000532554376511563e+00
1.000521750234580898e+00
1.000511316847267684e+00
1.000501236072530720e+00
1.000491490914642068e+00
1.000482065436294699e+00
1.000472944678563403e+00
1.000464114587920728e+00
1.000455561949604943e+00
1.000447274326712099e+00
1.000439240004454167e+00
1.000431447939085450e+00
1.000423887711052728e+00
1.000416549481973227e+00
1.000409423955084032e+00
1.000402502338842536e+00
1.000395776313395046e+00
1.000389237999654846e+00
1.000382879930756364e+00
1.000376695025680940e+00
1.000370676564863226e+00
1.000364818167608583e+00
1.000359113771169151e+00
1.000353557611338262e+00
1.000348144204439071e+00
1.000342868330590163e+00
1.000337725018147328e+00
1.000332709529225372e+00
1.000327817346214898e+00
1.000323044159214581e+00
1.000318385854310321e+00
1.000313838502632668e+00
1.000309398350135659e+00
1.000305061808042018e+00
1.000300825443903863e+00
1.000296685973235178e+00
1.000292640251672749e+00
1.000288685267627375e+00
1.000284818135390941e+00
1.000281036088666475e+00
1.000277336474490575e+00
1.000273716747522856e+00
1.000270174464674477e+00
1.000266707280053957e+00
1.000263312940209648e+00
1.000259989279646877e+00
1.000256734216602217e+00
1.000253545749058670e+00
1.000250421950985569e+00
1.000247360968787635e+00
1.000244361017951222e+00
1.000241420379874624e+00
1.000238537398870253e+00
1.000235710479328244e+00
1.000232938083033041e+00
1.000230218726619658e+00
1.000227550979166047e+00
1.000224933459909149e+00
1.000222364836079736e+00
1.000219843820846943e+00
1.000217369171369608e+00
1.000214939686942861e+00
1.000212554207238647e+00
1.000210211610634392e+00
1.000207910812621614e+00
1.000205650764294241e+00
1.000203430450908204e+00
1.000201248890511874e+00
1.000199105132640431e+00
