8.247194455948473335e-01
3.479812685167171793e-02
8.247194455948436698e-01
-3.479812685166820685e-02
-1.510619982713507642e-02
-2.285062915479097248e-02
-1.510619982713572867e-02
2.285062915479085452e-02
-3.300955285980780030e-01
-1.059154444878898996e-02
-3.300955285980785026e-01
1.059154444878870720e-02
-8.099656303446822747e-01
4.128929922088603321e-03
-8.099656303446822747e-01
-4.128929922088379542e-03
-6.442576525118348663e-01
-8.837242274464024785e-03
-6.442576525118353103e-01
8.837242274464056010e-03
