9.699528934072024766e-01
9.465240795567869680e-01
1.002753232797784166e+00
9.652671306371194415e-01
1.007438995567867313e+00
1.054296623268698330e+00
1.218298320221607112e+00
9.793244189473687689e-01
8.621803496952911150e-01
1.012124758337950459e+00
1.040239334958449113e+00
1.073039674349030692e+00
9.886959444875349501e-01
9.980674700277011313e-01
1.077725437119113838e+00
9.605813678670362954e-01
9.699528934072024766e-01
8.996664518559559509e-01
1.002753232797784166e+00
9.699528934072024766e-01
1.021496283878116751e+00
1.227669845761773182e+00
9.699528934072024766e-01
1.049610860498615184e+00
1.143326115900277440e+00
9.558956050969531493e-01
9.933817072576179852e-01
9.746386561772856227e-01
1.044925097728532259e+00
9.980674700277011313e-01
1.058982386038781476e+00
1.227669845761773182e+00
