1.012124758337950459e+00
9.465240795567869680e-01
8.996664518559559509e-01
9.840101817174518040e-01
9.043522146260390970e-01
9.605813678670362954e-01
1.180812218060942165e+00
9.699528934072024766e-01
9.558956050969531493e-01
8.621803496952911150e-01
1.077725437119113838e+00
9.980674700277011313e-01
9.277810284764546056e-01
9.605813678670362954e-01
9.652671306371194415e-01
8.293800103047094252e-01
1.194869506371191603e+00
1.058982386038781476e+00
1.105840013739612493e+00
9.324667912465376407e-01
9.886959444875349501e-01
8.996664518559559509e-01
1.007438995567867313e+00
9.371525540166207868e-01
7.778366198337952619e-01
1.204241031911357673e+00
1.110525776509695639e+00
8.902949263157897697e-01
1.246412896842105544e+00
1.077725437119113838e+00
1.002753232797784166e+00
1.101154250969529347e+00
