-8.089515625153567147e-01
0.000000000000000000e+00
-7.358495205260972005e-01
0.000000000000000000e+00
-5.543668268909496266e-01
0.000000000000000000e+00
-3.284513971987278458e-01
0.000000000000000000e+00
-1.538242007924578436e-01
0.000000000000000000e+00
9.494452966790634107e-01
0.000000000000000000e+00
7.405674115954724579e-01
0.000000000000000000e+00
4.983221362733131765e-01
0.000000000000000000e+00
7.577661544441401109e-02
0.000000000000000000e+00
3.139578299767811775e-01
0.000000000000000000e+00
