6.854810582897177262e-01
6.055006489733010255e-01
6.117322475346325117e-01
5.528802012432465496e-01
6.365119977843957111e-01
5.193636154259252402e-01
5.866905136283270261e-01
5.904087741113213106e-01
4.776052948241059637e-01
6.091656989681080159e-01
5.507996486212072274e-01
6.226390290063996691e-01
6.190416803727599726e-01
4.787883005624906652e-01
5.955129672467489588e-01
5.208112316995534563e-01
5.782294255167026442e-01
4.795710993205268835e-01
5.342943105842363760e-01
5.439435684085296430e-01
9.852376622510853332e-01
7.094117405632307527e-01
6.368862429104158451e-01
5.634405385872027772e-01
5.718401058427668993e-01
5.632067249027050693e-01
6.693698672013552731e-01
5.791732571194656565e-01
5.601514720052431784e-01
5.516076460263767967e-01
5.943498844948111870e-01
5.708545087226519765e-01
6.137446596330651261e-01
5.610157937440565235e-01
5.269511952639289731e-01
6.044320982782427354e-01
5.366232478041574883e-01
5.648418796632851402e-01
5.821658646973608686e-01
6.039078321948403438e-01
9.996271533741950543e-01
7.693838247745830028e-01
6.080435399586958667e-01
7.065523922620930986e-01
6.395169407985179522e-01
5.652487904616512182e-01
5.648450456259873631e-01
6.242115538706091149e-01
5.628356434151954302e-01
5.977471830949848686e-01
6.018270119062124612e-01
6.382428876850138044e-01
5.868991020004830084e-01
5.899866007737641915e-01
5.783686182324867531e-01
5.549805618080678737e-01
6.041967752350401177e-01
5.798360122099919245e-01
5.968730255860210665e-01
5.827574502672715484e-01
9.995198633409663191e-01
8.569847146819860040e-01
7.294059423211702864e-01
7.181815207027502090e-01
6.078131533842098255e-01
6.459097788898675585e-01
6.322046760025170631e-01
6.382097531705023252e-01
5.836830906060196389e-01
5.995765316466101780e-01
5.911297583084139662e-01
5.841303327299762760e-01
5.890639526793336467e-01
5.534346481662628658e-01
5.855226085906557465e-01
5.588436543938511969e-01
5.834762247417828451e-01
6.106823592788794830e-01
5.814034098113436411e-01
5.845072596907290308e-01
9.993958512355844981e-01
7.890623089197099649e-01
7.238656604944536666e-01
7.092147751817289292e-01
6.791687916236617273e-01
5.759724530662396758e-01
5.601967635368049203e-01
6.044122492865133811e-01
5.708771184875096605e-01
5.735045388554576018e-01
5.451277550907469571e-01
6.156962441006014197e-01
5.972215565091316680e-01
5.567465342763823211e-01
6.127177469082062400e-01
5.562778571494395585e-01
5.906332258240850619e-01
5.782432799692780456e-01
5.822591384671742532e-01
5.834509040467690255e-01
9.996091297713262103e-01
7.813150069255901942e-01
7.062439658665224940e-01
7.030399290156505998e-01
6.038972971244991328e-01
6.089199931748410233e-01
5.941339728985930435e-01
5.763074646382853050e-01
6.040407303338759526e-01
6.066969367855414852e-01
5.443326577096652130e-01
5.384607792163678130e-01
5.788002744250521081e-01
6.008361835672935136e-01
5.815233074391452650e-01
5.785464351416632622e-01
5.804197800832011644e-01
5.764068531903390191e-01
5.877194586600670290e-01
5.908766993873337814e-01
9.997403643062748868e-01
8.666897388245297096e-01
6.840591207194620660e-01
6.047351275219764455e-01
6.678018825578924123e-01
5.910051123585843280e-01
5.956599507646512803e-01
5.572685062440926318e-01
5.987692943678418755e-01
5.475013862474031878e-01
5.683844633663897028e-01
5.940237835053243654e-01
5.869747682614847584e-01
5.854863271652994694e-01
5.480827839787167921e-01
5.827055916841969996e-01
5.863876859092385097e-01
6.077814312413805098e-01
5.881406969368320192e-01
5.275884625814311057e-01
9.996988859692581553e-01
6.908598615202909965e-01
7.010912485364180213e-01
6.772314158927279504e-01
6.973716211203844217e-01
5.853774463341039347e-01
5.676483113462108543e-01
5.998974731241493163e-01
5.525020908831179689e-01
5.965412524047163378e-01
5.887501112253359370e-01
5.834460981603011298e-01
5.761595266773484880e-01
6.214105724523075747e-01
5.779250462757379303e-01
5.808270227406804320e-01
5.819314855526994679e-01
5.884808322982009177e-01
6.175636745547283812e-01
5.841591752528930703e-01
9.997498038764509598e-01
8.008868174099120774e-01
6.906853114374627012e-01
6.783407197589610416e-01
6.917640155619408926e-01
5.906808783274054564e-01
6.922544994819088693e-01
6.069720655004808840e-01
5.691463322331113961e-01
5.615237508721133697e-01
5.891968509926988062e-01
5.797510943077088807e-01
5.816542043444256072e-01
5.922072940059108781e-01
6.147993098012181079e-01
5.848776183563622055e-01
5.892006078008720227e-01
5.903616612325555124e-01
5.903324742143127857e-01
5.892733254716884250e-01
9.997213239356337322e-01
7.987850389997844802e-01
7.044219081489812018e-01
6.293666860601516699e-01
5.923497084378867017e-01
5.887481756033279279e-01
5.932269292808877159e-01
5.936082839701602998e-01
5.835064884955205589e-01
5.845816904249016011e-01
5.866407041221775032e-01
5.841968036754292548e-01
5.915293747238494770e-01
5.783023971772950356e-01
5.843896921312139447e-01
5.772384011844564622e-01
5.748250400675463112e-01
5.854481629687933175e-01
5.853799553702175862e-01
5.855770707468421765e-01
9.997745483021357460e-01
7.885781557183891843e-01
6.835966816974936577e-01
6.099846833784212663e-01
6.636632914974579522e-01
5.899641811233408140e-01
5.646660890511945308e-01
5.955579958217580572e-01
5.876903754948102909e-01
5.893058309621936885e-01
5.874161748016381024e-01
5.924515443321121122e-01
5.907993272015241715e-01
5.840034788994734605e-01
5.878211693030239715e-01
5.869686291108038301e-01
5.867418251378156979e-01
5.873916063454522885e-01
5.820139642605471897e-01
5.853535034043337859e-01
9.998002036110621438e-01
7.819061339435111613e-01
6.962933767108688832e-01
6.025803051131835009e-01
6.102604128881163881e-01
6.060060731404530721e-01
5.839661183237959685e-01
5.544573371105250281e-01
5.888326565676965663e-01
5.882945943557353896e-01
6.143006626254743363e-01
6.205320126512855472e-01
5.824974341923723209e-01
5.992343019047566832e-01
5.757195362385822968e-01
5.612524360520488864e-01
5.885260027735086386e-01
5.805735761025843100e-01
5.885800732297606919e-01
5.767829196608845743e-01
9.997408675077600337e-01
7.818642120694876407e-01
6.910995541964726208e-01
6.820058852550439088e-01
6.000957629474041877e-01
6.026958527269926646e-01
6.125236408689156420e-01
5.911571310696049908e-01
5.504837560172333166e-01
5.868701250945167480e-01
5.942196127082159940e-01
5.750184508869522482e-01
5.889730895833569235e-01
5.846056616246214643e-01
5.867172729975600465e-01
5.859787216980171243e-01
5.825358170805894353e-01
5.905090071748764213e-01
5.811794864193001731e-01
5.761659018802961496e-01
9.996278615650541211e-01
7.173363146801265966e-01
7.080309734150191936e-01
6.421867373918851429e-01
5.583205615381282572e-01
6.176835363592938499e-01
5.997341532333488878e-01
5.824741885270878772e-01
5.914604760947019813e-01
5.902935167538860828e-01
5.869533632567516257e-01
5.920224701584849702e-01
5.862916918109816189e-01
5.954372601215105476e-01
5.881733777012357889e-01
5.904268653335813521e-01
5.872961177300327629e-01
5.797527068823081775e-01
5.878250684980036445e-01
5.860741382127259147e-01
9.997838581127628244e-01
7.397061599636852725e-01
6.981630555340164745e-01
5.981886104664293491e-01
6.245689719443061616e-01
5.951899538269069811e-01
5.616003199279775426e-01
5.789903051178382221e-01
5.868640365023505279e-01
6.075426292273328199e-01
5.850321129756801408e-01
5.886923158987455995e-01
5.869901921408579026e-01
5.840356576797989252e-01
5.855057224092782286e-01
5.854450625613631942e-01
5.844111330909693702e-01
5.858518569501539597e-01
5.838566126415878355e-01
5.834166254339674396e-01
9.997877459014091750e-01
6.979146711272722348e-01
7.025205935081231257e-01
6.027359772971281338e-01
6.439749282666835661e-01
6.178363352087069549e-01
5.764861498970028642e-01
5.509477842198687858e-01
5.943255692889135577e-01
5.876305283051806994e-01
5.915415065514649795e-01
5.855984446092521445e-01
5.862240974914456615e-01
5.863394999397827378e-01
5.740103870042206902e-01
5.894757040739064813e-01
5.851438891766483907e-01
5.826797347619099288e-01
5.875427298257236419e-01
5.854543468781131521e-01
9.996861402604486635e-01
7.879604172116887462e-01
6.980235769847873417e-01
5.956160629659327244e-01
5.927335197678375023e-01
5.979560672841380820e-01
5.980912770935725709e-01
5.880191191761996450e-01
5.860050533733567324e-01
5.878830895139643964e-01
5.848884042108939418e-01
5.882097317235905898e-01
5.864155019947281389e-01
5.873847678059689326e-01
5.894644849925023689e-01
5.809577702262171961e-01
5.874583785852508511e-01
5.842127344462526572e-01
5.855927172608057507e-01
5.849858320713213766e-01
9.997622906709010548e-01
7.522592398022953653e-01
7.267133424621596838e-01
6.756977581437217939e-01
5.952781735617924674e-01
5.883944877504370119e-01
5.957784282510298901e-01
5.933929914049156373e-01
5.906325821821589717e-01
6.124624117525886424e-01
5.907570167791524884e-01
5.894977214066760007e-01
5.847195286111940282e-01
5.880000470990193184e-01
5.876338763106019325e-01
5.855528107620642242e-01
5.838537381749829835e-01
5.499940911095391183e-01
5.869120617420514607e-01
5.836712588588885975e-01
9.997485886758853413e-01
6.997023871978160781e-01
7.051806427408968680e-01
6.926022927658134209e-01
5.646033561288640312e-01
5.851597743727772194e-01
5.779393838189117449e-01
6.223621526566954776e-01
5.908021426152065825e-01
5.871863850341186852e-01
5.866932641778963564e-01
5.858792601036557635e-01
5.885879830772065002e-01
5.861898512969840880e-01
5.842204503815017214e-01
5.833423670681646689e-01
5.889407192416054038e-01
5.885600895316243086e-01
5.850579550094452408e-01
5.837083075812080635e-01
9.997823237963425758e-01
7.173098513093418838e-01
6.936588875551844557e-01
6.640523060708504177e-01
5.944230893858721831e-01
5.914249559177136017e-01
5.973547810415560377e-01
5.913340807259996890e-01
5.923167086520348956e-01
5.892605548957592365e-01
5.929587077815419160e-01
5.854152284879070578e-01
5.850241961658082523e-01
5.837940007999502523e-01
5.853818790505493919e-01
5.874051621907926402e-01
5.865246123682835711e-01
5.814873850259880683e-01
5.875563002986109451e-01
5.842376178077333115e-01
