9.607910736958534814e-01 -7.858297346174936138e-16
9.598614967255735264e-01 -7.962380754733544563e-16
9.588762197255755737e-01 -8.079474589361979042e-16
9.578293893256675240e-01 -8.187894806610529486e-16
9.567142503662400266e-01 -8.309325449928905982e-16
9.555229601630799152e-01 -8.426419284557340461e-16
9.542463542628409900e-01 -8.552186736565658975e-16
9.528736481445511108e-01 -8.695301423333745561e-16
9.513920533433926074e-01 -8.838416110101832146e-16
9.497862777749578322e-01 -8.994541222939744785e-16
9.480378671755532727e-01 -9.150666335777657423e-16
9.461243252092411682e-01 -9.332812300755222168e-16
9.440179200609988275e-01 -9.523631883112670948e-16
9.416840386933149620e-01 -9.714451465470119729e-16
9.390788750078246094e-01 -9.931291899967220616e-16
9.361461145324301292e-01 -1.020017403874362572e-15
9.328120681992512209e-01 -1.046038256014014678e-15
9.289783388024290822e-01 -1.078998002057574013e-15
9.245104307792735288e-01 -1.118896642005040576e-15
9.192194329724140411e-01 -1.165734175856414367e-15
9.128313429741601315e-01 -1.224714774039625809e-15
9.049331831934250836e-01 -1.306246777410535742e-15
8.948728196026184412e-01 -1.417269079873051396e-15
8.815595963315799866e-01 -1.585537257042801684e-15
8.630341783388713051e-01 -1.876970801006905276e-15
8.354534392028963863e-01 -2.439021207223390775e-15
7.905666463513509878e-01 -3.805983306293114765e-15
7.128258335054626915e-01 -8.795048023202411969e-15
7.703734099435310956e-01 -4.329522851342915146e-14
1.471576048303333328e+00 -2.716923908074875271e-14
1.247500069480357077e+00 -7.178285743592027757e-15
1.142557962842870367e+00 -3.790370795009323501e-15
1.090533700060639655e+00 -2.721781133807610331e-15
1.059680641449087357e+00 -2.269018306577663679e-15
1.039002457048487482e+00 -2.055647319032516407e-15
1.023877687476876019e+00 -1.943757654832012349e-15
1.012044388944046691e+00 -1.897787482718626961e-15
1.002259683533510692e+00 -1.883909694910812505e-15
9.937725722511341342e-01 -1.892583312290696540e-15
9.860879049895235893e-01 -1.920338887906325454e-15
9.788484722675691030e-01 -1.965441698281722438e-15
9.717693581967539185e-01 -2.028759105154875897e-15
9.645962125674867327e-01 -2.105086938097855409e-15
9.570734377672707183e-01 -2.198762005800602992e-15
9.489137628238052402e-01 -2.313253755215072260e-15
9.397621048101855168e-01 -2.448995867210257416e-15
9.291457306649162362e-01 -2.625070300021903336e-15
9.164010730235260249e-01 -2.840609691912021617e-15
9.005725746090843531e-01 -3.097782447225583269e-15
8.803363052751659312e-01 -3.425645184185199810e-15
8.544017548042113219e-01 -3.836774647991703091e-15
8.256294783494664280e-01 -4.186755109270023922e-15
8.313174271337856469e-01 -3.628607830874486240e-15
1.042983041020948409e+00 1.204331773196898325e-15
1.280715372293500520e+00 5.953570969552401948e-15
1.250724846916690947e+00 4.783066304137051361e-15
1.189429990048067154e+00 3.168906109740632360e-15
1.145641567650276693e+00 2.093811235504006163e-15
1.115669166403535195e+00 1.376069397318602228e-15
1.094332273526780197e+00 8.786374405822527933e-16
1.078440897637024776e+00 5.078402975922102769e-16
1.066125211952485774e+00 2.185751579730776939e-16
1.056255699530817882e+00 -1.431146867680865853e-17
1.048120384135701189e+00 -2.107689023311820620e-16
1.041251507698034429e+00 -3.805549625424120563e-16
1.035330043918304632e+00 -5.314759049523942736e-16
1.030131031532188768e+00 -6.680853786855678322e-16
1.025491023455858075e+00 -7.949370328663718510e-16
1.021287977332406172e+00 -9.163676761847483476e-16
1.017428405252728485e+00 -1.031509946902708919e-15
1.013838902906873729e+00 -1.144483813275698481e-15
1.010460400272355841e+00 -1.258325041386676446e-15
1.007244147049795036e+00 -1.369997865152683403e-15
1.004148826655379523e+00 -1.484923295436146873e-15
1.001138414660169174e+00 -1.601366608761090049e-15
9.981805302443836903e-01 -1.722580411644969445e-15
9.952451097870040897e-01 -1.849648906260270564e-15
9.923032807402162314e-01 -1.983439454344981812e-15
9.893263430002319225e-01 -2.124602577202594489e-15
9.862847805118302169e-01 -2.278559285695536119e-15
9.831472311704105849e-01 -2.442273813740847288e-15
9.798793394634195408e-01 -2.621384012635452621e-15
9.764424032830266720e-01 -2.816540403682843419e-15
9.727917017603087135e-01 -3.032513476441955902e-15
9.688743503955848935e-01 -3.272989518299240785e-15
9.646264654612204392e-01 -3.546425306200085004e-15
9.599693186611826246e-01 -3.851519797537505951e-15
9.548040038187454170e-01 -4.206487588809260103e-15
9.490038844356970538e-01 -4.617617052615763384e-15
9.424036868437992709e-01 -5.097701774592344748e-15
9.347834603181618407e-01 -5.669293159926702685e-15
9.258446304873325650e-01 -6.365350954662396532e-15
9.151739839147323696e-01 -7.225340117877898649e-15
9.021901874822153555e-01 -8.316047503398316110e-15
8.860699707036904238e-01 -9.725293487194974773e-15
8.656758240363809920e-01 -1.160638425645732497e-14
8.396470294922346866e-01 -1.422191357736135586e-14
8.075682084775263059e-01 -1.784379935476643197e-14
7.772758354410311821e-01 -2.254078000640813428e-14
8.024614872798307985e-01 -2.582222630165276200e-14
1.038729857929209022e+00 -1.766750808152028895e-14
1.302363751156487837e+00 -7.589415207398531038e-17
1.316495581069467402e+00 9.133427521235137903e-15
1.262671562760799393e+00 1.084234698550678999e-14
1.214610717551714902e+00 1.031011213903365586e-14
1.178825773461861459e+00 9.351243737687475743e-15
1.152356009227025968e+00 8.415252002180739765e-15
1.132301425762890501e+00 7.601883532382114339e-15
1.116676502683468630e+00 6.912222530464084969e-15
1.104182911280110480e+00 6.333258570356825601e-15
1.093962710223258084e+00 5.841030784048406588e-15
1.085434971534176674e+00 5.423396107206990280e-15
1.078195616889032094e+00 5.065500970069525266e-15
1.071956200893395383e+00 4.754009685914439842e-15
1.066505828756018959e+00 4.483609664096555036e-15
1.061686893225597839e+00 4.244759925497998410e-15
1.057379225024694280e+00 4.035075225339301852e-15
1.053489485117075075e+00 3.848592451671795089e-15
1.049943900426307364e+00 3.680215854284796251e-15
1.046683180521704282e+00 3.530921215133542290e-15
1.043658886694140087e+00 3.395504363790102786e-15
1.040830786311055745e+00 3.273314778950986437e-15
1.038164886332590742e+00 3.163051418009210636e-15
1.035631941048802629e+00 3.061244834012821769e-15
1.033206293897522610e+00 2.969738170655045195e-15
1.030864955443517639e+00 2.886254603373661354e-15
1.028586847557555251e+00 2.808408887389202135e-15
1.026352162684988079e+00 2.738044166394892898e-15
1.024141800187721163e+00 2.672233094525022778e-15
1.021936851476098029e+00 2.608698847217372219e-15
1.019718114096959116e+00 2.553729797072357144e-15
1.017465624530275115e+00 2.498977587361839170e-15
1.015158213887975558e+00 2.446502202213540755e-15
1.012773116770919968e+00 2.394785758585982194e-15
1.010285714573922355e+00 2.342418793654932330e-15
1.007669597986299292e+00 2.287775004161662906e-15
1.004897347324547052e+00 2.227168102719723208e-15
1.001942879030431222e+00 2.155177078466685714e-15
9.987871684796664207e-01 2.064212516195151892e-15
9.954312502569632182e-01 1.942673452659526845e-15
9.919249929729104798e-01 1.772887392448296850e-15
9.884301928486074473e-01 1.510944147575798979e-15
9.853574227043183642e-01 1.118788221787792025e-15
9.836518951565355051e-01 4.991666802123262414e-16
9.853197106036959418e-01 -5.251875323519783478e-16
9.940249683939313963e-01 -2.102593273101138749e-15
1.014219374295046494e+00 -4.213318062495918781e-15
1.045414957504178233e+00 -6.149919982989526801e-15
1.076066844374935494e+00 -6.842616750990515584e-15
1.093680293188448616e+00 -6.139945323002660160e-15
1.097795165247618998e+00 -4.888017074433648190e-15
1.094441869644483756e+00 -3.700924115779269385e-15
1.088376203378279783e+00 -2.768510247441735572e-15
1.081894839221663185e+00 -2.060092547939706975e-15
1.075861591647031101e+00 -1.538591302974179342e-15
1.070514767951467716e+00 -1.141122786540993417e-15
1.065855598835906859e+00 -8.379798591140463770e-16
1.061808659920431053e+00 -5.998890620362296033e-16
1.058283217616900584e+00 -4.116715648927460336e-16
1.055194682792124139e+00 -2.593411596585326606e-16
1.052470630060892143e+00 -1.350915906916938525e-16
1.050051146434718863e+00 -3.350184712980208701e-17
1.047887336448675377e+00 5.117434254131580929e-17
1.045939440215157168e+00 1.224064252736134506e-16
1.044175079275875717e+00 1.829049064983045980e-16
1.042567777002570084e+00 2.346213501258631595e-16
1.041095762852838336e+00 2.791820594150173918e-16
1.039741024500248967e+00 3.172375556692585974e-16
1.038488562338439891e+00 3.511730836680548862e-16
1.037325804173333754e+00 3.803381221079149554e-16
1.036242144902261630e+00 4.063589742475670619e-16
1.035228583155623383e+00 4.289103794352655541e-16
1.034277433091646436e+00 4.489681196262473861e-16
1.033382094551700936e+00 4.667490352550096588e-16
1.032536868698860522e+00 4.827952274077951245e-16
1.031736809266822874e+00 4.971609061932280582e-16
1.030977601833662494e+00 5.098460716113084601e-16
1.030255465271579851e+00 5.215012449655276328e-16
1.029567070842891008e+00 5.325601071248797780e-16
1.028909475416694974e+00 5.422637165686250427e-16
1.028280066047839947e+00 5.511541743830061790e-16
1.027676513748422726e+00 5.591230603507746366e-16
1.027096734735815087e+00 5.668208957754217181e-16
1.026538857792760329e+00 5.736513694620803960e-16
1.026001196648866243e+00 5.798313218452477713e-16
1.025482226507119288e+00 5.867160056405307245e-16
1.024980564007679673e+00 5.920285962857096962e-16
1.024494950054565479e+00 5.972327667136401175e-16
1.024024235036833597e+00 6.023285169243219883e-16
1.023567366060513795e+00 6.074242671350038592e-16
1.023123375875482299e+00 6.118694960421944273e-16
1.022691373236220835e+00 6.168026159270034725e-16
1.022270534479752691e+00 6.209767942910726646e-16
1.021860096140092322e+00 6.252051827637661319e-16
1.021459348447995463e+00 6.300298824313266266e-16
1.021067629588917836e+00 6.340414304695229930e-16
1.020684320611948026e+00 6.386492897025863869e-16
1.020308840898872749e+00 6.430403085011526798e-16
1.019940644116102080e+00 6.474855374083432480e-16
1.019579214583475446e+00 6.516597157724124401e-16
1.019224064003353414e+00 6.561049446796030082e-16
1.018874728501258042e+00 6.605501735867935764e-16
1.018530765935891313e+00 6.651038227112326950e-16
1.018191753441856973e+00 6.699285223787931898e-16
1.017857285173038751e+00 6.746990119377294093e-16
1.017526970218444848e+00 6.796863419311627297e-16
1.017200430665588629e+00 6.847278820332203253e-16
1.016877299789170630e+00 6.897152120266536457e-16
1.016557220345094770e+00 6.955699037580753696e-16
1.016239842951709660e+00 7.013703853808728184e-16
1.015924824541694749e+00 7.072250771122945423e-16
1.015611826869228684e+00 7.135676598213347432e-16
1.015300515058045860e+00 7.202897132907448707e-16
1.014990556176696757e+00 7.274454476291492000e-16
1.014681617827829729e+00 7.339506606640622266e-16
1.014373366738606341e+00 7.418111264145821337e-16
1.014065467339455351e+00 7.496715921651020409e-16
1.013757580318280116e+00 7.576946882414947737e-16
1.013449361136948834e+00 7.665851460558759101e-16
1.013140458496431195e+00 7.759634948478755234e-16
1.012830512736269784e+00 7.847997425536323846e-16
1.012519154153209033e+00 7.946659823232504749e-16
1.012206001222712759e+00 8.055080040481055192e-16
1.011890658705786317e+00 8.167294965333304901e-16
1.011572715621950058e+00 8.282762496703011124e-16
1.011251743067382636e+00 8.410698353056300647e-16
1.010927291855123977e+00 8.544055220272017692e-16
1.010598889951803248e+00 8.681748896177676755e-16
1.010266039682593098e+00 8.822695178600792332e-16
1.009928214672984437e+00 8.986409706646103501e-16
1.009584856492520943e+00 9.144703223828987149e-16
1.009235370961826694e+00 9.324680784461580885e-16
1.008879124080149570e+00 9.512247760301573152e-16
1.008515437526285918e+00 9.711740960038905968e-16
1.008143583681305744e+00 9.923160383673579332e-16
1.007762780117149592e+00 1.014487972794686499e-15
1.007372183491344719e+00 1.038448840806616147e-15
1.006970882785320986e+00 1.064307062620395428e-15
1.006557891823038231e+00 1.092062638236024341e-15
1.006132141009243419e+00 1.120902416024138759e-15
1.005692468234786974e+00 1.152561119460715489e-15
1.005237608913223335e+00 1.186713487894008878e-15
1.004766185143299184e+00 1.221895848391163497e-15
1.004276694043187534e+00 1.261848698447254336e-15
1.003767495385627262e+00 1.304837314586304586e-15
1.003236798795360540e+00 1.350319595722071497e-15
1.002682650977287482e+00 1.398729222723549270e-15
1.002102923765168185e+00 1.453589852651315795e-15
1.001495304277703946e+00 1.512516240725902961e-15
1.000857289236434244e+00 1.575020495969692291e-15
1.000186186686914613e+00 1.645385216964001529e-15
9.994791302058498861e-01 1.721875680232853867e-15
9.987331135458251685e-01 1.804329255450376479e-15
9.979450581656008623e-01 1.894643296418418998e-15
9.971119331883950831e-01 1.993576744657721278e-15
9.962309586082982449e-01 2.105520618966849611e-15
9.952999406341166422e-01 2.225487589352370676e-15
9.943178172384451452e-01 2.356513421897243887e-15
9.932855394397920312e-01 2.498869167144590620e-15
9.922074914803995505e-01 2.655265330525624634e-15
9.910937803851012085e-01 2.825539281714473105e-15
9.899639335379269989e-01 2.993970089210096219e-15
9.888528785165340285e-01 3.174489750928932708e-15
9.878206019567287166e-01 3.341240045057203290e-15
9.869676340299216033e-01 3.478500040093868151e-15
9.864593704075002023e-01 3.553418410212616507e-15
9.865625268844754325e-01 3.513736610699647045e-15
9.876942442029416069e-01 3.272826887973367960e-15
9.904716641942887811e-01 2.740537831391609558e-15
9.957132140555983169e-01 1.854473605927831059e-15
1.004271454942897712e+00 7.427326982611948125e-16
1.016528157942305555e+00 -2.299592807841754905e-16
1.031599031663705590e+00 -4.118884053272431345e-16
1.046973087598228602e+00 6.067195357228882813e-16
1.059545684514423991e+00 2.367789124491093133e-15
1.067445314893832098e+00 3.962379469674148780e-15
1.070740827063418887e+00 4.786752591523502076e-15
1.070660903441318812e+00 4.893004404427081511e-15
1.068577801865199683e+00 4.544704456516113211e-15
1.065521750099804876e+00 3.982979310951373364e-15
1.062129545565704047e+00 3.387535477822334329e-15
1.058748603669850796e+00 2.834592369854727067e-15
1.055548106197920832e+00 2.352827134510793172e-15
1.052597417521586864e+00 1.943757654832012349e-15
1.049913576375189450e+00 1.602613441259448379e-15
1.047487986698158124e+00 1.323756642496176639e-15
1.045300763653527865e+00 1.092821579756764194e-15
1.043328170631972585e+00 9.038993512011650466e-16
1.041546309754447286e+00 7.472863473856339311e-16
1.039932823780252535e+00 6.177783978822404265e-16
1.038467564726059722e+00 5.094123907423142583e-16
1.037132741703272076e+00 4.192067699915202894e-16
1.035912820063643380e+00 3.442883998727719330e-16
1.034794314363563839e+00 2.805373121306242723e-16
1.033765548118296795e+00 2.269777248098403533e-16
1.032816416188136355e+00 1.812786032395763414e-16
1.031938165995623269e+00 1.425725856818438331e-16
1.031123203562386292e+00 1.095586295296602231e-16
1.030364925219702243e+00 8.126095282778855733e-17
1.029657573426163708e+00 5.692061405548898279e-17
