9.651198613850414665e-01
9.686134059556785747e-01
9.620770967590026590e-01
9.503568181994459518e-01
9.737973753185594772e-01
9.577946872853184690e-01
9.712053906371190815e-01
9.523853279501384161e-01
9.541884477285318411e-01
9.645563864542935351e-01
9.572312123545705376e-01
9.594851120775622633e-01
9.728958154293628757e-01
9.620770967590026590e-01
9.813479393905816250e-01
9.642183014958448650e-01
9.595978070637118940e-01
9.701911357617728493e-01
9.604993669529084954e-01
9.461871037119112815e-01
9.660214212742381790e-01
9.957728976177284697e-01
9.568931273961218675e-01
9.481029184764542261e-01
9.582454672299168807e-01
9.650071663988919468e-01
9.538503627700830600e-01
9.539630577562325797e-01
9.472013585872575137e-01
9.700784407756232186e-01
9.730085104155123954e-01
9.626405716897505904e-01
9.714307806094182318e-01
9.612882318559555772e-01
9.767274449584486540e-01
9.444966789196674872e-01
9.822494992797783375e-01
9.602739769806093451e-01
9.395380995290858461e-01
9.688387959279778361e-01
9.641056065096952343e-01
9.470886636011079940e-01
9.464124936842104319e-01
9.529488028808863476e-01
9.485536984210525269e-01
9.672610661218835615e-01
9.736846803324099575e-01
9.554280925761772236e-01
9.634294365927977832e-01
9.656833363157893979e-01
9.608374519113572765e-01
9.641056065096952343e-01
9.621897917451522897e-01
9.573439073407201683e-01
9.533995828254847593e-01
9.714307806094182318e-01
9.671483711357340418e-01
9.678245410526314929e-01
9.502441232132963211e-01
9.487790883933517883e-01
9.492298683379500890e-01
9.490044783656509386e-01
9.616263168144043583e-01
9.537376677839334294e-01
9.685007109695290550e-01
9.563296524653739361e-01
9.559915675069251551e-01
9.522726329639888965e-01
9.456236287811633501e-01
9.440458989750691865e-01
9.441585939612188172e-01
9.541884477285318411e-01
9.422427791966758726e-01
9.420173892243767222e-01
9.562169574792243054e-01
9.368334198614958197e-01
9.472013585872575137e-01
9.432570340720221047e-01
9.433697290581717354e-01
9.545265326869805111e-01
9.495679532963988700e-01
9.239861914404431387e-01
9.611755368698060575e-01
9.511456831024930336e-01
9.447220688919667486e-01
9.256766162326869329e-01
9.389746245983379147e-01
9.300717206925207536e-01
9.562169574792243054e-01
1.011324805706371066e+00
1.070827758393351647e+00
1.042090536925207589e+00
1.010423245817174465e+00
1.006929701246537245e+00
9.874334686426592400e-01
9.836018391135733507e-01
9.742481552631578889e-01
9.737973753185594772e-01
9.718815605540165325e-01
9.985902722714681268e-01
9.609501468975069072e-01
9.496806482825483897e-01
9.503568181994459518e-01
9.537376677839334294e-01
9.419046942382270915e-01
9.713180856232686011e-01
9.465251886703600626e-01
9.597105020498614136e-01
9.546392276731301418e-01
9.503568181994459518e-01
9.634294365927977832e-01
9.581327722437672501e-01
9.414539142936287908e-01
9.545265326869805111e-01
9.628659616620498518e-01
9.563296524653739361e-01
9.524980229362880468e-01
9.609501468975069072e-01
9.706419157063711500e-01
9.462997986980609122e-01
9.597105020498614136e-01
9.546392276731301418e-01
9.657960313019390286e-01
9.504695131855954715e-01
9.510329881163434029e-01
9.468632736288088436e-01
9.591470271191134822e-01
9.523853279501384161e-01
9.573439073407201683e-01
9.538503627700830600e-01
9.547519226592797725e-01
9.464124936842104319e-01
9.339033502216066429e-01
9.422427791966758726e-01
9.455109337950138304e-01
9.406650493905817090e-01
9.625278767036010708e-01
9.422427791966758726e-01
9.363826399168974080e-01
9.352556900554016561e-01
9.472013585872575137e-01
9.528361078947368279e-01
9.292828557894736718e-01
9.474267485595567750e-01
9.395380995290858461e-01
9.428062541274238040e-01
9.372841998060941204e-01
9.518218530193904847e-01
9.514837680609418147e-01
9.316494504986149172e-01
9.408904393628808593e-01
9.364953349030470386e-01
9.416793042659279411e-01
9.499060382548475401e-01
9.422427791966758726e-01
9.433697290581717354e-01
9.491171733518004583e-01
9.310859755678669858e-01
9.406650493905817090e-01
9.401015744598337776e-01
9.358191649861494765e-01
9.442712889473683369e-01
9.204926468698060305e-01
9.273670410249307272e-01
9.268035660941827958e-01
9.434824240443212551e-01
9.316494504986149172e-01
9.235354114958448379e-01
9.315367555124652865e-01
9.344668251523544633e-01
9.115897429639888694e-01
9.109135730470913073e-01
9.166610173407201412e-01
9.328890953462602997e-01
9.353683850415511758e-01
9.251131413019390015e-01
9.163229323822713601e-01
9.000948543767312016e-01
9.038137889196675712e-01
9.120405229085871701e-01
9.032503139889196397e-01
9.044899588365650223e-01
8.942347150969528480e-01
8.963759198337949430e-01
8.963759198337949430e-01
8.971647847368420248e-01
9.150832875346259776e-01
9.071946385041550487e-01
9.207180368421051808e-01
8.922062053462603837e-01
8.970520897506925051e-01
8.943474100831024787e-01
8.812747916897506473e-01
8.829652164819944415e-01
8.813874866759002780e-01
8.878111008864265630e-01
8.855572011634348373e-01
8.702306830470913912e-01
8.781193320775623201e-01
8.758654323545705944e-01
8.830779114681439612e-01
8.564818947368421087e-01
8.521994852631578077e-01
8.543406899999999027e-01
8.485932457063711798e-01
8.339428975069251848e-01
8.297731830193905145e-01
8.008105715789473056e-01
8.093753905263157966e-01
7.991201467867035113e-01
7.890902930193904874e-01
7.912314977562326934e-01
7.852586634903047091e-01
7.708337052631578645e-01
7.516755576177285292e-01
7.297000353185595367e-01
7.197828765373960325e-01
7.150496871191135417e-01
7.143735172022159796e-01
7.405187539889196424e-01
8.057691509695290577e-01
9.348049101108032444e-01
1.100917319695290830e+00
1.298471630415512390e+00
1.409025411828254803e+00
1.421196470332409811e+00
1.434607173684210535e+00
1.385584854709141167e+00
1.350649409002770085e+00
1.307036449362880770e+00
1.296330425678670295e+00
1.272101003656509688e+00
1.252266686094182679e+00
1.209442591357340557e+00
1.195355718088642494e+00
1.178000690221606472e+00
1.149488858725761675e+00
1.179240335069251966e+00
1.168308921412742230e+00
1.131570355927977722e+00
1.123230926952908604e+00
1.098550724986149474e+00
1.086379666481994466e+00
1.107115543933517854e+00
1.088520871218836561e+00
1.073645133047091305e+00
1.088633566204986192e+00
1.094381010498614915e+00
1.080632222188365521e+00
1.073645133047091305e+00
1.080406832216066482e+00
1.062262939445983267e+00
1.058769394875346270e+00
1.056628190138504175e+00
1.055952020221606613e+00
1.059445564792243610e+00
1.046823726343490302e+00
1.050880745844875230e+00
1.031835293185595415e+00
1.049303016038781067e+00
1.036906567562326797e+00
1.040400112132964017e+00
1.037357347506925098e+00
1.047161811301938972e+00
1.026876713795013885e+00
1.021580049445983240e+00
1.026876713795013885e+00
1.028567138587257457e+00
1.031271818254847483e+00
1.003886936620498549e+00
1.023045084265927995e+00
1.034314582880886402e+00
1.033187633019390539e+00
1.007943956121883700e+00
1.022481609335180064e+00
1.012226365595567890e+00
1.017861114903046982e+00
9.798829045706370922e-01
1.019326149722991737e+00
1.026313238864265953e+00
1.005464666426592713e+00
9.860811288088642268e-01
1.020002319639889077e+00
1.008958210997229932e+00
1.015156435235456955e+00
1.008958210997229932e+00
1.003999631606648180e+00
1.017523029944598312e+00
1.018424589833794913e+00
1.003210766703600987e+00
1.009747075900276903e+00
9.903635382825484168e-01
1.009408990941828232e+00
9.874334686426592400e-01
1.013466010443213161e+00
1.013916790387811684e+00
1.001633036897506823e+00
1.008620126038781040e+00
9.959982875900276200e-01
9.994918321606647282e-01
1.011212110720221657e+00
1.014818350277008285e+00
9.846160939889195829e-01
9.733465953739611765e-01
9.983648822991688654e-01
9.954348126592796886e-01
9.867572987257616779e-01
9.934063029085872243e-01
9.803336845152353929e-01
1.009859770886426533e+00
9.886731134903046225e-01
1.017748419916897351e+00
1.002421901800554016e+00
9.829256691966757886e-01
9.907016232409971979e-01
1.000393392049861330e+00
9.861938237950137465e-01
9.744735452354570393e-01
9.753751051246536408e-01
1.012902535512465230e+00
9.917158781163434300e-01
9.872080786703600896e-01
9.805590744875345433e-01
1.002421901800554016e+00
9.763893599999999839e-01
9.759385800554015722e-01
9.905889282548475672e-01
9.945332527700830871e-01
9.948713377285317572e-01
9.819114143213295565e-01
1.000055307091412660e+00
9.733465953739611765e-01
9.728958154293628757e-01
1.000393392049861330e+00
1.001858426869806085e+00
9.991537472022160582e-01
9.786432597229915986e-01
9.870953836842104590e-01
9.793194296398891607e-01
9.716561705817173822e-01
9.756004950969529022e-01
9.824748892520774879e-01
9.685007109695290550e-01
9.816860243490304061e-01
9.654579463434902475e-01
9.831510591689750500e-01
9.749243251800553400e-01
9.831510591689750500e-01
9.879969435734071714e-01
1.004788496509695150e+00
9.848414839612187333e-01
9.767274449584486540e-01
9.671483711357340418e-01
9.854049588919666647e-01
9.973506274238226332e-01
9.921666580609417307e-01
9.701911357617728493e-01
9.692895758725761368e-01
9.662468112465373293e-01
9.842780090304708018e-01
9.872080786703600896e-01
9.769528349307479154e-01
9.771782249030470657e-01
9.940824728254846754e-01
9.736846803324099575e-01
9.885604185041551029e-01
9.683880159833794243e-01
9.769528349307479154e-01
9.798829045706370922e-01
9.795448196121883111e-01
9.662468112465373293e-01
9.758258850692520525e-01
9.870953836842104590e-01
9.637675215512464533e-01
9.817987193351800368e-01
9.909270132132963482e-01
9.603866719667589757e-01
9.758258850692520525e-01
9.741354602770082582e-01
9.604993669529084954e-01
9.851795689196675143e-01
9.609501468975069072e-01
9.642183014958448650e-01
9.623024867313019204e-01
9.680499310249306433e-01
9.814606343767312557e-01
9.527234129085871972e-01
9.545265326869805111e-01
9.840526190581716515e-01
9.509202931301938833e-01
9.750370201662049707e-01
9.687261009418282054e-01
9.765020549861495036e-01
9.847287889750692136e-01
9.845033990027700632e-01
9.680499310249306433e-01
9.495679532963988700e-01
9.884477235180054722e-01
9.549773126315789229e-01
9.659087262880885483e-01
9.721069505263156829e-01
9.585835521883655508e-01
9.696276608310249179e-01
9.775163098614957358e-01
9.570058223822713872e-01
9.779670898060941475e-01
9.627532666759002211e-01
9.644436914681440154e-01
9.695149658448752872e-01
9.829256691966757886e-01
9.645563864542935351e-01
9.654579463434902475e-01
9.690641859002769865e-01
9.593724170914126326e-01
9.659087262880885483e-01
9.663595062326869600e-01
9.635421315789473029e-01
9.585835521883655508e-01
9.696276608310249179e-01
9.713180856232686011e-01
9.601612819944598254e-01
9.816860243490304061e-01
9.438205090027700361e-01
9.373968947922437511e-01
9.696276608310249179e-01
9.625278767036010708e-01
9.621897917451522897e-01
9.611755368698060575e-01
9.682753209972299047e-01
9.552027026038780733e-01
9.600485870083101947e-01
9.661341162603878097e-01
9.550900076177284426e-01
9.595978070637118940e-01
9.581327722437672501e-01
9.407777443767312286e-01
9.709800006648199311e-01
9.503568181994459518e-01
9.752624101385041211e-01
9.586962471745151815e-01
9.692895758725761368e-01
9.594851120775622633e-01
9.475394435457062947e-01
9.448347638781162683e-01
9.580200772576176194e-01
9.533995828254847593e-01
9.336779602493073815e-01
9.389746245983379147e-01
9.449474588642658990e-01
9.411158293351800097e-01
9.426935591412741733e-01
9.453982388088641997e-01
9.477648335180054451e-01
9.595978070637118940e-01
9.473140535734071443e-01
9.185768321052630858e-01
9.558788725207755244e-01
9.626405716897505904e-01
9.562169574792243054e-01
9.529488028808863476e-01
9.555407875623268543e-01
9.519345480055401154e-01
9.385238446537395030e-01
9.519345480055401154e-01
9.442712889473683369e-01
9.670356761495844111e-01
9.433697290581717354e-01
9.467505786426592129e-01
9.316494504986149172e-01
9.396507945152353658e-01
9.319875354570636983e-01
9.469759686149583633e-01
9.426935591412741733e-01
9.583581622160664004e-01
9.415666092797783104e-01
9.387492346260387643e-01
9.237608014681439883e-01
9.506949031578947329e-01
9.510329881163434029e-01
9.331144853185594501e-01
9.298463307202216033e-01
9.144071176177285265e-01
9.398761844875345162e-01
9.352556900554016561e-01
9.237608014681439883e-01
9.155340674792242783e-01
9.271416510526315768e-01
9.291701608033240412e-01
9.229719365650969065e-01
9.540757527423822104e-01
9.226338516066481255e-01
9.234227165096952072e-01
9.375095897783932708e-01
9.234227165096952072e-01
9.115897429639888694e-01
9.426935591412741733e-01
9.363826399168974080e-01
9.270289560664819462e-01
9.353683850415511758e-01
9.219576816897506744e-01
9.221830716620498247e-01
9.277051259833793972e-01
9.136182527146813337e-01
9.330017903324099304e-01
9.265781761218836454e-01
9.080961983933517612e-01
9.290574658171744105e-01
9.245496663711910701e-01
9.195910869806093180e-01
9.300717206925207536e-01
9.044899588365650223e-01
9.026868390581717083e-01
9.162102373961218404e-01
9.111389630193905687e-01
9.146325075900276769e-01
8.993059894736841198e-01
9.042645688642658719e-01
8.855572011634348373e-01
9.065184685872575976e-01
8.998694644044320512e-01
9.067438585595567480e-01
9.225211566204986058e-01
8.828525214958448109e-01
8.975028696952908058e-01
9.014471942105262148e-01
8.977282596675899562e-01
9.061803836288088165e-01
8.934458501939057662e-01
8.923189003324099033e-01
8.990805995013849694e-01
8.901776955955678083e-01
8.874730159279777819e-01
8.862333710803323994e-01
8.919808153739611223e-01
8.809367067313018662e-01
8.706814629916896919e-01
8.873603209418281512e-01
8.661736635457063516e-01
8.656101886149584201e-01
8.570453696675899291e-01
8.599754393074792169e-01
8.759781273407202251e-01
8.692164281717450480e-01
8.537772150692520823e-01
8.420569365096952641e-01
8.615531691135733805e-01
8.342809824653739659e-01
8.479170757894736177e-01
8.438600562880885780e-01
8.439727512742382087e-01
8.521994852631578077e-01
8.162497846814403824e-01
8.342809824653739659e-01
8.414934615789473327e-01
8.290970131024930634e-01
8.073468807756232213e-01
8.144466649030470684e-01
8.032898612742381816e-01
8.225607039058171477e-01
8.265050284210525566e-01
8.068961008310249206e-01
8.195179392797783402e-01
8.234622637950137491e-01
8.422823264819944145e-01
8.608769991966758184e-01
8.751892624376730323e-01
8.363094922160664302e-01
8.420569365096952641e-01
8.121927651800553427e-01
8.258288585041551055e-01
7.923584476177284452e-01
7.843571036011079967e-01
7.897664629362880495e-01
7.779334893905817117e-01
7.895410729639888991e-01
8.271811983379501187e-01
8.750765674515235126e-01
9.462997986980609122e-01
1.020791184542936270e+00
1.126611776537395970e+00
1.232094283573407223e+00
1.323828002299168860e+00
1.343662319861495869e+00
1.392571943850415384e+00
1.371497981440443104e+00
1.400235202908587162e+00
1.356960328227146739e+00
1.333632466094182734e+00
1.319996372770082971e+00
1.306923754376731139e+00
1.292048016204986105e+00
1.252379381080332310e+00
1.261169589999999952e+00
1.229051518947368304e+00
1.233108538448753455e+00
1.216655070470914035e+00
1.184086219473684087e+00
1.181043454847645391e+00
1.186227424210526182e+00
1.171689770997229818e+00
1.160871052326869712e+00
1.151630063462603770e+00
1.127964116371191095e+00
1.134613120554016641e+00
1.128752981274238065e+00
1.115229582936287933e+00
1.104636254238227089e+00
1.092014415789473558e+00
1.109031358698060910e+00
1.093366755623268682e+00
1.097311080138504202e+00
1.116920007728531727e+00
1.083900376786703479e+00
1.085590801578947273e+00
1.069137333601108075e+00
1.069024638614958445e+00
1.076011727756232661e+00
1.059107479833794940e+00
1.071503928310249210e+00
1.080519527202216112e+00
1.042541316869806112e+00
1.075786337783933400e+00
1.066770738891966719e+00
1.063727974265928022e+00
1.047387201274238233e+00
1.052345780664819985e+00
1.052796560609418286e+00
1.044231741662049906e+00
1.046711031357340671e+00
1.042541316869806112e+00
1.050542660886426560e+00
1.047950676204986165e+00
1.062150244459833637e+00
1.037920822437673030e+00
1.023608559196675927e+00
1.044682521606648207e+00
1.046598336371191040e+00
1.026651323822714623e+00
1.045358691523545547e+00
1.022481609335180064e+00
1.016508775069252080e+00
1.022932389279778365e+00
1.036230397645429235e+00
1.024172034127423858e+00
1.018086504875346243e+00
1.029243308504155019e+00
1.009972465872576164e+00
1.017297639972299050e+00
1.009521685927977863e+00
1.027102103767312924e+00
1.019326149722991737e+00
1.020791184542936270e+00
1.011662890664819958e+00
1.013466010443213161e+00
9.930682179501384432e-01
1.021580049445983240e+00
9.994918321606647282e-01
9.939697778393351557e-01
1.025298983988919499e+00
9.981394923268697150e-01
1.006704311274238206e+00
1.006704311274238206e+00
1.007042396232686876e+00
1.005239276454293673e+00
1.005126581468144042e+00
1.004450411551246480e+00
9.979141023545705647e-01
1.001182256952908523e+00
1.013353315457063752e+00
1.004901191495844781e+00
9.884477235180054722e-01
9.968998474792243325e-01
1.002196511828254755e+00
9.759385800554015722e-01
1.006591616288088575e+00
1.006366226315789314e+00
1.011099415734072027e+00
9.987029672576176464e-01
9.833764491412742004e-01
9.937443878670360053e-01
9.905889282548475672e-01
9.984775772853184961e-01
9.938570828531855250e-01
9.992664421883655779e-01
1.002196511828254755e+00
9.796575145983379418e-01
9.767274449584486540e-01
9.617390118005539890e-01
9.892365884210525540e-01
1.006253531329639905e+00
9.865319087534625275e-01
9.939697778393351557e-01
9.910397081994459789e-01
9.792067346537395300e-01
9.555407875623268543e-01
1.003774241634348918e+00
9.877715536011080211e-01
9.796575145983379418e-01
9.829256691966757886e-01
9.894619783933517043e-01
9.883350285318559525e-01
9.820241093074791872e-01
9.752624101385041211e-01
9.656833363157893979e-01
9.524980229362880468e-01
9.877715536011080211e-01
9.585835521883655508e-01
9.776290048476453665e-01
9.737973753185594772e-01
9.808971594459833243e-01
9.801082945429362425e-01
9.642183014958448650e-01
9.659087262880885483e-01
9.754878001108032715e-01
9.653452513573406168e-01
9.824748892520774879e-01
9.736846803324099575e-01
9.821368042936287068e-01
9.689514909141273558e-01
9.890111984487534036e-01
9.539630577562325797e-01
9.841653140443212822e-01
9.538503627700830600e-01
9.573439073407201683e-01
9.543011427146813608e-01
9.403269644321329279e-01
9.535122778116342790e-01
9.680499310249306433e-01
9.514837680609418147e-01
9.689514909141273558e-01
9.458490187534625004e-01
9.599358920221605640e-01
9.526107179224375665e-01
9.530614978670359783e-01
9.435951190304708858e-01
9.588089421606648122e-01
9.568931273961218675e-01
9.479902234903047065e-01
9.462997986980609122e-01
9.426935591412741733e-01
9.698530508033240682e-01
9.439332039889196668e-01
9.315367555124652865e-01
9.703038307479223690e-01
9.709800006648199311e-01
9.741354602770082582e-01
9.980267973407201954e-01
9.840526190581716515e-01
1.005239276454293673e+00
1.012789840526315821e+00
1.033187633019390539e+00
1.036343092631578866e+00
1.029130613518005388e+00
1.059783649750692502e+00
1.034878057811634333e+00
1.033863802936288101e+00
1.027327493739612185e+00
1.051218830803324122e+00
9.981394923268697150e-01
1.007042396232686876e+00
9.881096385595566911e-01
9.857430438504154457e-01
9.925047430193905118e-01
9.997172221329638786e-01
1.001069561966758892e+00
9.740227652908586276e-01
9.956602026315788390e-01
9.934063029085872243e-01
9.712053906371190815e-01
9.896873683656509657e-01
9.797702095844874615e-01
9.748116301939057093e-01
9.866446037396121582e-01
9.787559547091412293e-01
9.842780090304708018e-01
9.741354602770082582e-01
9.774036148753462161e-01
9.606120619390581261e-01
9.718815605540165325e-01
9.659087262880885483e-01
9.683880159833794243e-01
9.552027026038780733e-01
9.687261009418282054e-01
9.685007109695290550e-01
9.485536984210525269e-01
9.441585939612188172e-01
9.315367555124652865e-01
9.539630577562325797e-01
9.740227652908586276e-01
9.723323404986149443e-01
9.621897917451522897e-01
9.470886636011079940e-01
9.568931273961218675e-01
9.497933432686980204e-01
9.527234129085871972e-01
9.603866719667589757e-01
9.540757527423822104e-01
9.281559059279778090e-01
9.488917833795013079e-01
9.441585939612188172e-01
9.573439073407201683e-01
9.494552583102492394e-01
9.378476747368420519e-01
9.616263168144043583e-01
9.473140535734071443e-01
9.413412193074791601e-01
9.366080298891966693e-01
9.394254045429362154e-01
9.401015744598337776e-01
9.266908711080331651e-01
9.381857596952908329e-01
9.397634895013849965e-01
9.256766162326869329e-01
9.363826399168974080e-01
9.350303000831023947e-01
9.393127095567866958e-01
9.407777443767312286e-01
9.340160452077561626e-01
9.295082457617728222e-01
9.283812959002769594e-01
9.402142694459832972e-01
9.407777443767312286e-01
9.316494504986149172e-01
9.402142694459832972e-01
9.372841998060941204e-01
9.352556900554016561e-01
9.437078140166204054e-01
9.339033502216066429e-01
9.140690326592797454e-01
9.176752722160663733e-01
9.287193808587257404e-01
9.186895270914127165e-01
9.254512262603877826e-01
8.998694644044320512e-01
9.266908711080331651e-01
9.003202443490304629e-01
9.247750563434902205e-01
8.981790396121883679e-01
9.049407387811634340e-01
8.951362749861495605e-01
8.947981900277007794e-01
9.017852791689749958e-01
9.012218042382270644e-01
9.018979741551246265e-01
8.979536496398891066e-01
9.034757039612187901e-01
9.169991022991689222e-01
8.826271315235456605e-01
8.746257875069252119e-01
8.981790396121883679e-01
9.026868390581717083e-01
8.698925980886426101e-01
8.774431621606647580e-01
8.942347150969528480e-01
8.715830228808864044e-01
8.863460660664819191e-01
9.051661287534625844e-01
8.917554254016619719e-01
8.624547290027699820e-01
8.609896941828254491e-01
8.887126607756231644e-01
8.714703278947367737e-01
8.837540813850415233e-01
8.647086287257617077e-01
8.638070688365649952e-01
8.755273473961218134e-01
8.611023891689749687e-01
8.535518250969528209e-01
8.866841510249307001e-01
8.536645200831024516e-01
8.511852303878115755e-01
8.385633919390581559e-01
8.417188515512464830e-01
8.520867902770082880e-01
8.225607039058171477e-01
8.265050284210525566e-01
8.470155159002769052e-01
8.450997011357340716e-01
8.243638236842104616e-01
8.181655994459833270e-01
8.287589281440442823e-01
8.198560242382271213e-01
8.312382178393351584e-01
8.309001328808863773e-01
8.155736147645429313e-01
8.161370896952908627e-01
8.157990047368420816e-01
7.988947568144043609e-01
8.025009963711910999e-01
7.886395130747921867e-01
7.864983083379500917e-01
8.092626955401661659e-01
7.897664629362880495e-01
7.633958361772852363e-01
7.782715743490303817e-01
7.792858292243767249e-01
7.752288097229916852e-01
7.623815813019390042e-01
7.713971801939057960e-01
7.648608709972298803e-01
7.701575353462603024e-01
7.697067554016620017e-01
7.698194503878116324e-01
7.685798055401661388e-01
7.700448403601107827e-01
7.946123473407201709e-01
7.860475283933517909e-01
7.747780297783932735e-01
7.937107874515234585e-01
8.196306342659279709e-01
8.250399936011080237e-01
8.589611844321328737e-01
8.950235799999999298e-01
9.093358432409971437e-01
9.340160452077561626e-01
9.629786566481993715e-01
9.768401399445982847e-01
1.024848204044321198e+00
1.048063371191135573e+00
1.081871867036011015e+00
1.117258092686980619e+00
1.140811344792243665e+00
1.160983747313019343e+00
1.173943670720221544e+00
1.195130328116343454e+00
1.227924569085872442e+00
1.212823440941828146e+00
1.218683580221606499e+00
1.225896059335179977e+00
1.232545063518005524e+00
1.248998531495844722e+00
1.230741943739612099e+00
1.254745975789473666e+00
1.224092939556786552e+00
1.229727688864265867e+00
1.222515209750692389e+00
1.226121449307479239e+00
1.214964645678670241e+00
1.213161525900277038e+00
1.187692459030470937e+00
1.214175780775623270e+00
1.207188691634349054e+00
1.193665293296398922e+00
1.164251901911357301e+00
1.169773956232686984e+00
1.171464381024930779e+00
1.139684394930747802e+00
1.138444750083102530e+00
1.144981059279778224e+00
1.134275035595567749e+00
1.146446094099722979e+00
1.130330711080332451e+00
1.130894186011080160e+00
1.125259436703601068e+00
1.127964116371191095e+00
1.116243837811634387e+00
1.129316456204985997e+00
1.097198385152354572e+00
1.111510648393351675e+00
1.117708872631578920e+00
1.084914631662049711e+00
1.092127110775623189e+00
1.091338245872576218e+00
1.085140021634348972e+00
1.106890153961218815e+00
1.077138677617728524e+00
1.066094568975069157e+00
1.088295481246537300e+00
1.077702152548476455e+00
1.058882089861495679e+00
1.055726630249307352e+00
1.059670954764542872e+00
1.056402800166204914e+00
1.059896344736842133e+00
1.056177410193905652e+00
1.041752451966758919e+00
1.064291449196675732e+00
1.042090536925207589e+00
1.027552883711911225e+00
1.025749763933518022e+00
1.034652667839335072e+00
1.037582737479224360e+00
1.024172034127423858e+00
1.016170690110803188e+00
1.007155091218836507e+00
1.036343092631578866e+00
1.024622814072022159e+00
1.010197855844875203e+00
1.010423245817174465e+00
1.030595648337950143e+00
1.004563106537396111e+00
9.956602026315788390e-01
1.015494520193905847e+00
1.007831261135734069e+00
1.005013886481994412e+00
9.981394923268697150e-01
1.006253531329639905e+00
9.839399240720221318e-01
1.007718566149584438e+00
9.884477235180054722e-01
9.882223335457063218e-01
9.903635382825484168e-01
1.005013886481994412e+00
1.027440188725761816e+00
1.007267786204986137e+00
1.021918134404432132e+00
1.017297639972299050e+00
1.049077626066482027e+00
1.065869179002770117e+00
1.027778273684210486e+00
1.031609903213296375e+00
1.037019262548476428e+00
1.047950676204986165e+00
1.076349812714681331e+00
1.082209951994459685e+00
1.111397953407202044e+00
1.083674986814404440e+00
1.109031358698060910e+00
1.133936950637119079e+00
1.118948517479224414e+00
1.135514680443213242e+00
1.166280411662049765e+00
1.165716936731301834e+00
1.140811344792243665e+00
1.163913816952908409e+00
1.162786867091412768e+00
1.205610961828254668e+00
1.199187347617728383e+00
1.184875084376731280e+00
1.204145927008310135e+00
1.195581108060941755e+00
1.192763733407202098e+00
1.197046142880886288e+00
1.186114729224376552e+00
1.197947702770083112e+00
1.207864861551246394e+00
1.213499610858725708e+00
1.217443935373961228e+00
1.205272876869805998e+00
1.181606929778393322e+00
1.194003378254847592e+00
1.187354374072022045e+00
1.177887995235457064e+00
1.187354374072022045e+00
1.189608273795013771e+00
1.201215857368421069e+00
1.171351686038781148e+00
1.188481323933517908e+00
1.211471101108033244e+00
1.181043454847645391e+00
1.183860829501385048e+00
1.163463037008310108e+00
1.161209137285318382e+00
1.174732535623268737e+00
1.155687082963988921e+00
1.168872396343490161e+00
1.152531623351800594e+00
1.176197570443213269e+00
1.153320488254847564e+00
1.155010913047091359e+00
1.153320488254847564e+00
1.134951205512465311e+00
1.150728503573407169e+00
1.158166372659279686e+00
1.156926727811634192e+00
1.162674172105263137e+00
1.138219360110803269e+00
1.151630063462603770e+00
1.136979715263157775e+00
1.136078155373961174e+00
1.142501769584487459e+00
1.126949861495844862e+00
1.133260780720221517e+00
1.120977027229916878e+00
1.115680362880886456e+00
1.115680362880886456e+00
1.118159652576177221e+00
1.113088378199445838e+00
1.135289290470913981e+00
1.124583266786703506e+00
1.106101289058171622e+00
1.111736038365650936e+00
1.121089722216066509e+00
1.126273691578947300e+00
1.100804624709141200e+00
1.108355188781163347e+00
1.113651853130193770e+00
1.119061212465373822e+00
1.107679018864265785e+00
1.118948517479224414e+00
1.107679018864265785e+00
1.111623343379501305e+00
1.105312424155124651e+00
1.113651853130193770e+00
1.117145397700830989e+00
1.099452284875346297e+00
1.112412208282548498e+00
1.086605056454293505e+00
1.103960084321329527e+00
1.108918663711911279e+00
1.110158308559556772e+00
1.094381010498614915e+00
1.092352500747922450e+00
1.112074123324099606e+00
1.103396609390581595e+00
1.098776114958448735e+00
1.108242493795013717e+00
1.087055836398891806e+00
1.097649165096952872e+00
1.077589457562326825e+00
1.123005536980609342e+00
1.097423775124653611e+00
1.124357876814404467e+00
1.107791713850415416e+00
1.112862988227146799e+00
1.122329367063711780e+00
1.099114199916897405e+00
1.100128454792243637e+00
1.103058524432132925e+00
1.130556101052631490e+00
1.118046957590027590e+00
1.112186818310249237e+00
1.116581922770083057e+00
1.100466539750692530e+00
1.112299513296398867e+00
1.112750293240997168e+00
1.128978371246537327e+00
1.112637598254847537e+00
1.121765892132963849e+00
1.119737382382271385e+00
1.114440718033240962e+00
1.127062556481994493e+00
1.119737382382271385e+00
1.118272347562326852e+00
1.118272347562326852e+00
1.139909784903047063e+00
1.139120919999999870e+00
1.121202417202215917e+00
1.136416240332409844e+00
1.120526247285318577e+00
1.112637598254847537e+00
1.119737382382271385e+00
1.107002848947368445e+00
1.103734694349030487e+00
1.101255404653739500e+00
1.133824255650969448e+00
1.123005536980609342e+00
1.112750293240997168e+00
1.135289290470913981e+00
1.125597521662049738e+00
1.129316456204985997e+00
1.096522215235457010e+00
