9.504453637673110356e-01 7.291277591070819183e-17
9.139091554570543119e-01 4.131101381560180072e-16
1.131110614515224988e+00 -6.362953933466058259e-15
9.348229850415572528e-01 -1.218177522302085309e-15
1.028809231246541112e+00 -2.964150773159170708e-15
9.690914286980628622e-01 -1.523885610669517294e-15
8.834203195567879030e-01 -5.058712439133888382e-15
1.097598092409975967e+00 3.768336803623777519e-15
9.887453890304704895e-01 5.894257283043292598e-16
1.011423035567867945e+00 -8.232805474821202099e-16
1.062573727202217544e+00 4.315476882466369908e-15
1.022005937285317856e+00 7.745014551816048495e-16
1.013942774072020603e+00 6.690897468518758620e-16
1.012934878670358696e+00 -5.093050895843297469e-16
1.031076995900275017e+00 -4.728876736078452764e-15
1.006635532409978273e+00 -6.690161940381755307e-15
9.612802393351881358e-01 8.993169272116831215e-16
9.779105134626056017e-01 4.566328868505758996e-15
1.019234224930746668e+00 2.650297447996623202e-15
1.023013832686980207e+00 9.269146662942174843e-16
