9.954092456764094266e-01 0.000000000000000000e+00
9.950392088900007481e-01 0.000000000000000000e+00
9.946212006202068689e-01 0.000000000000000000e+00
9.941442138589192679e-01 0.000000000000000000e+00
9.935934987745503877e-01 0.000000000000000000e+00
9.929488131683152918e-01 0.000000000000000000e+00
9.921815885217499797e-01 0.000000000000000000e+00
9.912501364749147781e-01 0.000000000000000000e+00
9.900911077444507491e-01 0.000000000000000000e+00
9.886032704894373024e-01 0.000000000000000000e+00
9.866141233174778868e-01 0.000000000000000000e+00
9.838035974507616244e-01 0.000000000000000000e+00
9.795029153528141963e-01 0.000000000000000000e+00
9.720407392206260599e-01 0.000000000000000000e+00
9.557333351381899211e-01 0.000000000000000000e+00
8.907123648870935995e-01 0.000000000000000000e+00
1.212795897173387871e+00 0.000000000000000000e+00
1.052161984405259432e+00 0.000000000000000000e+00
1.028878336068651755e+00 0.000000000000000000e+00
1.019287136522350368e+00 0.000000000000000000e+00
1.013653718625072031e+00 0.000000000000000000e+00
1.008681415745630972e+00 0.000000000000000000e+00
1.178456898270716868e+00 0.000000000000000000e+00
1.011803841242373769e+00 0.000000000000000000e+00
1.008879250061226918e+00 0.000000000000000000e+00
1.007328512544431787e+00 0.000000000000000000e+00
1.006251738500479886e+00 0.000000000000000000e+00
1.005439012519922848e+00 0.000000000000000000e+00
1.004811163279045516e+00 0.000000000000000000e+00
1.004336098817143252e+00 0.000000000000000000e+00
1.004009082300371114e+00 0.000000000000000000e+00
1.003851425807551490e+00 0.000000000000000000e+00
1.003922771572504979e+00 0.000000000000000000e+00
1.004359063657239703e+00 0.000000000000000000e+00
1.005488533609194990e+00 0.000000000000000000e+00
1.008279888262771706e+00 0.000000000000000000e+00
1.017194560033296336e+00 0.000000000000000000e+00
1.184732117170009591e+00 0.000000000000000000e+00
9.695323153904388258e-01 0.000000000000000000e+00
9.825355065871289595e-01 0.000000000000000000e+00
9.858983359612490949e-01 0.000000000000000000e+00
9.870110563216455413e-01 0.000000000000000000e+00
9.871882546975963013e-01 0.000000000000000000e+00
9.868311829115633538e-01 0.000000000000000000e+00
9.860854809144024014e-01 0.000000000000000000e+00
9.849951931164927510e-01 0.000000000000000000e+00
9.835485121251853480e-01 0.000000000000000000e+00
9.816892037564931561e-01 0.000000000000000000e+00
9.793109245952124065e-01 0.000000000000000000e+00
9.762353026343514317e-01 0.000000000000000000e+00
9.721636794432715334e-01 0.000000000000000000e+00
9.665727628362869028e-01 0.000000000000000000e+00
9.584693269089481493e-01 0.000000000000000000e+00
9.457246823873970420e-01 0.000000000000000000e+00
9.228208811068072670e-01 0.000000000000000000e+00
8.696775001817412809e-01 0.000000000000000000e+00
6.106403743707804477e-01 0.000000000000000000e+00
1.422776340501771264e+00 0.000000000000000000e+00
1.140136801753871554e+00 0.000000000000000000e+00
1.085092941242504772e+00 0.000000000000000000e+00
1.061647001761042652e+00 0.000000000000000000e+00
1.048657490453092533e+00 0.000000000000000000e+00
1.040405506660954105e+00 0.000000000000000000e+00
1.034701684069997629e+00 0.000000000000000000e+00
1.030528582961680151e+00 0.000000000000000000e+00
1.027350823822910764e+00 0.000000000000000000e+00
1.024862223345255785e+00 0.000000000000000000e+00
1.022878581641753826e+00 0.000000000000000000e+00
1.021288194427429907e+00 0.000000000000000000e+00
1.020029554246795200e+00 0.000000000000000000e+00
1.019086497046277850e+00 0.000000000000000000e+00
1.018504388996732457e+00 0.000000000000000000e+00
1.018458108438385024e+00 0.000000000000000000e+00
1.019531331003443064e+00 0.000000000000000000e+00
1.024529543309954827e+00 0.000000000000000000e+00
1.141131161808726313e+00 0.000000000000000000e+00
9.940127179240757505e-01 0.000000000000000000e+00
1.001304002866938880e+00 0.000000000000000000e+00
1.002751517240696444e+00 0.000000000000000000e+00
1.002752846286401489e+00 0.000000000000000000e+00
1.002046307760711574e+00 0.000000000000000000e+00
1.000778481541664489e+00 0.000000000000000000e+00
9.988647273633055601e-01 0.000000000000000000e+00
9.959936608812391956e-01 0.000000000000000000e+00
9.914077332352402294e-01 0.000000000000000000e+00
9.830472438511412836e-01 0.000000000000000000e+00
9.630523855219984553e-01 0.000000000000000000e+00
8.508491619972869957e-01 0.000000000000000000e+00
1.134257433830833550e+00 0.000000000000000000e+00
1.055932480416629682e+00 0.000000000000000000e+00
1.038625034560371585e+00 0.000000000000000000e+00
1.031029602414858415e+00 0.000000000000000000e+00
1.026777943389070025e+00 0.000000000000000000e+00
1.024079405213621285e+00 0.000000000000000000e+00
1.022236027569987771e+00 0.000000000000000000e+00
1.020921055080588946e+00 0.000000000000000000e+00
1.019962993780509475e+00 0.000000000000000000e+00
1.019265425171537620e+00 0.000000000000000000e+00
1.018772821060397238e+00 0.000000000000000000e+00
1.018454807152087360e+00 0.000000000000000000e+00
1.018299091986862637e+00 0.000000000000000000e+00
1.018309489626399111e+00 0.000000000000000000e+00
1.018508348759257442e+00 0.000000000000000000e+00
1.018945157739580276e+00 0.000000000000000000e+00
1.019717596426374495e+00 0.000000000000000000e+00
1.021024162702564242e+00 0.000000000000000000e+00
1.023315126506979311e+00 0.000000000000000000e+00
1.027845088304134125e+00 0.000000000000000000e+00
1.039851659607964551e+00 0.000000000000000000e+00
1.144199363317043083e+00 0.000000000000000000e+00
9.650254802850362079e-01 0.000000000000000000e+00
9.921150849307163178e-01 0.000000000000000000e+00
9.994034727021438025e-01 0.000000000000000000e+00
1.002817285509943979e+00 0.000000000000000000e+00
1.004838537343104132e+00 0.000000000000000000e+00
1.006224863069575592e+00 0.000000000000000000e+00
1.007292554374365157e+00 0.000000000000000000e+00
1.008206558932525976e+00 0.000000000000000000e+00
1.009074806929468382e+00 0.000000000000000000e+00
1.009991124443856636e+00 0.000000000000000000e+00
1.011068588754018505e+00 0.000000000000000000e+00
1.012491482212062754e+00 0.000000000000000000e+00
1.014649516871167778e+00 0.000000000000000000e+00
1.018640550598074901e+00 0.000000000000000000e+00
1.029475188977190925e+00 0.000000000000000000e+00
1.232482417291666854e+00 0.000000000000000000e+00
9.791786867176525133e-01 0.000000000000000000e+00
9.942469049458095842e-01 0.000000000000000000e+00
9.990226094164429416e-01 0.000000000000000000e+00
1.001464584119761358e+00 0.000000000000000000e+00
1.003027813604108642e+00 0.000000000000000000e+00
1.004187736611673598e+00 0.000000000000000000e+00
1.005154467169764754e+00 0.000000000000000000e+00
1.006045783384388992e+00 0.000000000000000000e+00
1.006946549607496744e+00 0.000000000000000000e+00
1.007937716026189978e+00 0.000000000000000000e+00
1.009120163632631018e+00 0.000000000000000000e+00
1.010649630429635959e+00 0.000000000000000000e+00
1.012811783129039966e+00 0.000000000000000000e+00
1.016229809254356908e+00 0.000000000000000000e+00
1.022620145063578345e+00 0.000000000000000000e+00
1.039160262889235131e+00 0.000000000000000000e+00
1.186112063078665679e+00 0.000000000000000000e+00
9.391078840675123329e-01 0.000000000000000000e+00
9.749263106746145491e-01 0.000000000000000000e+00
9.845886641551033769e-01 0.000000000000000000e+00
9.890249122572076779e-01 0.000000000000000000e+00
9.915248010688942903e-01 0.000000000000000000e+00
9.930867321488848765e-01 0.000000000000000000e+00
9.941154822731699259e-01 0.000000000000000000e+00
9.948048018758658406e-01 0.000000000000000000e+00
9.952573856718646139e-01 0.000000000000000000e+00
9.955307655661556065e-01 0.000000000000000000e+00
9.956572723309210504e-01 0.000000000000000000e+00
9.956533615399189019e-01 0.000000000000000000e+00
9.955239014954025967e-01 0.000000000000000000e+00
9.952635965763355630e-01 0.000000000000000000e+00
9.948562420857287592e-01 0.000000000000000000e+00
9.942715874836813850e-01 0.000000000000000000e+00
9.934585449327463236e-01 0.000000000000000000e+00
9.923315325880842641e-01 0.000000000000000000e+00
9.907420235680723941e-01 0.000000000000000000e+00
9.884139346216102018e-01 0.000000000000000000e+00
9.847762132439622507e-01 0.000000000000000000e+00
9.784345389031161577e-01 0.000000000000000000e+00
9.648681322072968358e-01 0.000000000000000000e+00
9.165515474013362640e-01 0.000000000000000000e+00
1.321257892537915923e+00 0.000000000000000000e+00
1.059173453101533990e+00 0.000000000000000000e+00
1.033932990748467340e+00 0.000000000000000000e+00
