9.538503627700830600e-01
9.792067346537395300e-01
9.714307806094182318e-01
9.666975911911356301e-01
9.695149658448752872e-01
9.770655299168974350e-01
9.642183014958448650e-01
9.568931273961218675e-01
9.756004950969529022e-01
9.595978070637118940e-01
9.730085104155123954e-01
9.685007109695290550e-01
9.678245410526314929e-01
9.464124936842104319e-01
9.632040466204985218e-01
9.485536984210525269e-01
9.595978070637118940e-01
9.561042624930747857e-01
9.438205090027700361e-01
9.656833363157893979e-01
9.562169574792243054e-01
9.527234129085871972e-01
9.585835521883655508e-01
9.541884477285318411e-01
9.671483711357340418e-01
9.734592903601106961e-01
9.595978070637118940e-01
9.554280925761772236e-01
9.523853279501384161e-01
9.508075981440442526e-01
9.483283084487533765e-01
9.577946872853184690e-01
9.517091580332409650e-01
9.499060382548475401e-01
9.531741928531854979e-01
9.506949031578947329e-01
9.508075981440442526e-01
9.388619296121882840e-01
9.268035660941827958e-01
9.660214212742381790e-01
1.085478106592797642e+00
1.004901191495844781e+00
9.805590744875345433e-01
9.698530508033240682e-01
9.779670898060941475e-01
9.655706413296398782e-01
9.721069505263156829e-01
9.610628418836564268e-01
9.557661775346260047e-01
9.636548265650969336e-01
9.411158293351800097e-01
9.634294365927977832e-01
9.610628418836564268e-01
9.518218530193904847e-01
9.506949031578947329e-01
9.576819922991689493e-01
9.484410034349030072e-01
9.402142694459832972e-01
9.251131413019390015e-01
9.438205090027700361e-01
9.451728488365650493e-01
9.394254045429362154e-01
9.315367555124652865e-01
9.344668251523544633e-01
9.579073822714680997e-01
9.277051259833793972e-01
9.344668251523544633e-01
9.451728488365650493e-01
9.262400911634348644e-01
9.515964630470913344e-01
9.287193808587257404e-01
9.453982388088641997e-01
9.240988864265927694e-01
9.452855438227146800e-01
9.087723683102492123e-01
9.351429950692520254e-01
9.333398752908587115e-01
9.174498822437672230e-01
9.070819435180055290e-01
9.156467624653739090e-01
9.126039978393351015e-01
9.031376190027700090e-01
9.142944226315788958e-01
9.041518738781162412e-01
8.924315953185595340e-01
8.626801189750692433e-01
8.946854950415511487e-01
8.789081969806094019e-01
8.679767833240996655e-01
8.580596245429362723e-01
8.684275632686979662e-01
8.343936774515234855e-01
8.238003487534625302e-01
8.041914211634348941e-01
7.645227860387810992e-01
7.632831411911357167e-01
7.173035868421052674e-01
7.258684057894736474e-01
9.142944226315788958e-01
1.281116602548476369e+00
1.452412981495844857e+00
1.392571943850415384e+00
1.299711275263157884e+00
1.218796275207756130e+00
1.192763733407202098e+00
1.169886651218836393e+00
1.133711560664819817e+00
1.131119575983379422e+00
1.090098601024930725e+00
1.058431309916897378e+00
1.070038893490304677e+00
1.062713719390581568e+00
1.060121734709141172e+00
1.042090536925207589e+00
1.044569826620498576e+00
1.053923510470914149e+00
1.040512807119113425e+00
1.042766706842105151e+00
1.009859770886426533e+00
1.031384513240997114e+00
1.022143524376731172e+00
1.019664234681440407e+00
1.002421901800554016e+00
9.936316928808863747e-01
1.017523029944598312e+00
1.019551539695290776e+00
1.012677145540166190e+00
1.011099415734072027e+00
1.011324805706371066e+00
1.010197855844875203e+00
9.869826886980609393e-01
1.009521685927977863e+00
9.938570828531855250e-01
1.006929701246537245e+00
9.898000633518004854e-01
9.954348126592796886e-01
9.856303488642659261e-01
9.770655299168974350e-01
9.962236775623267704e-01
9.896873683656509657e-01
9.860811288088642268e-01
9.732339003878115458e-01
9.797702095844874615e-01
9.916031831301937993e-01
9.913777931578946490e-01
9.739100703047091079e-01
9.940824728254846754e-01
9.804463795013850236e-01
9.694022708587256565e-01
9.576819922991689493e-01
9.801082945429362425e-01
9.899127583379501161e-01
9.766147499722991343e-01
9.837145340997229814e-01
9.732339003878115458e-01
9.746989352077561897e-01
9.929555229639888125e-01
9.854049588919666647e-01
9.780797847922436672e-01
9.944205577839334564e-01
9.806717694736841739e-01
9.828129742105262689e-01
9.750370201662049707e-01
9.780797847922436672e-01
9.595978070637118940e-01
9.779670898060941475e-01
9.552027026038780733e-01
9.757131900831024218e-01
9.694022708587256565e-01
9.655706413296398782e-01
9.423554741828253922e-01
9.669229811634348914e-01
9.588089421606648122e-01
9.568931273961218675e-01
9.476521385318559254e-01
9.636548265650969336e-01
9.652325563711910972e-01
9.724450354847644640e-01
9.584708572022160311e-01
9.599358920221605640e-01
9.666975911911356301e-01
9.590343321329639625e-01
9.419046942382270915e-01
9.636548265650969336e-01
9.837145340997229814e-01
9.503568181994459518e-01
9.911524031855954986e-01
9.530614978670359783e-01
9.491171733518004583e-01
9.520472429916897461e-01
9.688387959279778361e-01
9.752624101385041211e-01
9.447220688919667486e-01
9.659087262880885483e-01
9.648944714127423161e-01
9.633167416066481525e-01
9.530614978670359783e-01
9.637675215512464533e-01
9.539630577562325797e-01
9.528361078947368279e-01
9.598231970360110443e-01
9.381857596952908329e-01
9.497933432686980204e-01
9.486663934072021576e-01
9.389746245983379147e-01
9.559915675069251551e-01
9.346922151246537247e-01
9.453982388088641997e-01
9.435951190304708858e-01
9.496806482825483897e-01
9.588089421606648122e-01
9.382984546814403526e-01
9.364953349030470386e-01
9.393127095567866958e-01
9.362699449307478883e-01
9.330017903324099304e-01
9.623024867313019204e-01
9.384111496675899833e-01
9.430316440997229543e-01
9.549773126315789229e-01
9.327764003601107801e-01
9.270289560664819462e-01
9.228592415789472758e-01
9.386365396398891336e-01
9.159848474238226901e-01
9.318748404709140676e-01
9.328890953462602997e-01
9.144071176177285265e-01
9.163229323822713601e-01
9.175625772299168537e-01
8.951362749861495605e-01
9.093358432409971437e-01
8.953616649584487108e-01
9.084342833518005422e-01
9.014471942105262148e-01
8.896142206648198769e-01
8.866841510249307001e-01
8.896142206648198769e-01
8.856698961495844680e-01
8.958124449030470116e-01
8.607643042105262987e-01
8.712449379224376234e-01
8.636943738504154755e-01
8.488186356786703302e-01
8.358587122714681295e-01
8.310128278670360080e-01
8.215464490304709155e-01
8.055437609972299073e-01
7.826666788088642024e-01
8.178275144875345459e-01
8.509598404155124252e-01
8.205321941551245724e-01
8.254907735457063245e-01
7.839063236565096959e-01
7.783842693351800124e-01
8.167005646260386831e-01
9.175625772299168537e-01
1.125822911634348999e+00
1.340281470277008280e+00
1.370371031578947241e+00
1.360791957756232629e+00
1.320109067756232601e+00
1.278750007839335012e+00
1.240433712548476342e+00
1.216767765457063666e+00
1.174507145650969475e+00
1.166731191606648066e+00
1.126499081551246562e+00
1.120075467340720055e+00
1.124357876814404467e+00
1.107904408836565047e+00
1.080519527202216112e+00
1.095733350332409817e+00
1.070602368421052608e+00
1.079167187368420988e+00
1.073532438060941674e+00
1.080294137229916851e+00
1.049190321052631436e+00
1.058318614930747970e+00
1.054712375373961120e+00
1.045696776481994439e+00
1.030032173407202212e+00
1.062375634432132898e+00
1.022819694293628734e+00
1.024510119085872528e+00
1.010197855844875203e+00
1.005915446371191013e+00
1.010761330775623135e+00
1.026313238864265953e+00
9.989283572299167968e-01
1.013466010443213161e+00
1.008507431052631631e+00
1.014480265318559393e+00
9.936316928808863747e-01
1.014480265318559393e+00
1.014142180360110723e+00
1.003661546648199288e+00
9.979141023545705647e-01
1.003210766703600987e+00
1.004337716565096850e+00
9.891238934349030343e-01
9.905889282548475672e-01
9.823621942659279682e-01
9.902508432963987861e-01
9.997172221329638786e-01
9.845033990027700632e-01
1.000168002077562290e+00
1.006591616288088575e+00
9.759385800554015722e-01
9.709800006648199311e-01
9.808971594459833243e-01
9.857430438504154457e-01
9.722196455124653136e-01
9.722196455124653136e-01
9.655706413296398782e-01
9.698530508033240682e-01
9.859684338227145961e-01
9.762766650138503532e-01
9.655706413296398782e-01
9.745862402216065590e-01
9.681626260110802740e-01
9.709800006648199311e-01
9.716561705817173822e-01
9.590343321329639625e-01
9.602739769806093451e-01
9.705292207202215193e-01
9.603866719667589757e-01
9.458490187534625004e-01
9.638802165373960840e-01
9.395380995290858461e-01
9.598231970360110443e-01
9.682753209972299047e-01
1.006591616288088575e+00
1.028792528559556718e+00
1.036117702659279827e+00
1.015719910166204887e+00
1.016621470055401710e+00
1.006253531329639905e+00
1.003661546648199288e+00
9.966744575069251821e-01
1.001069561966758892e+00
9.814606343767312557e-01
9.593724170914126326e-01
9.861938237950137465e-01
9.703038307479223690e-01
9.789813446814403797e-01
9.819114143213295565e-01
9.740227652908586276e-01
9.690641859002769865e-01
9.766147499722991343e-01
9.575692973130193186e-01
9.677118460664819732e-01
9.636548265650969336e-01
9.650071663988919468e-01
9.373968947922437511e-01
9.473140535734071443e-01
9.524980229362880468e-01
9.503568181994459518e-01
9.328890953462602997e-01
9.493425633240997197e-01
9.615136218282548386e-01
9.271416510526315768e-01
9.370588098337949701e-01
9.076454184487534604e-01
9.138436426869805951e-01
9.225211566204986058e-01
9.217322917174515240e-01
9.044899588365650223e-01
9.166610173407201412e-01
9.341287401939057933e-01
9.252258362880886322e-01
9.043772638504155026e-01
9.168864073130192915e-01
8.902903905817174390e-01
9.029122290304708587e-01
8.906284755401661091e-01
9.118151329362880197e-01
8.961505298614957926e-01
8.940093251246536976e-01
8.873603209418281512e-01
8.873603209418281512e-01
8.579469295567866416e-01
8.953616649584487108e-01
8.784574170360109902e-01
8.574961496121883409e-01
8.360841022437672798e-01
8.458885660387811534e-01
8.594119643767312855e-01
8.332667275900276227e-01
8.460012610249306730e-01
8.243638236842104616e-01
8.349571523822714170e-01
8.309001328808863773e-01
8.052056760387811263e-01
7.958519921883655535e-01
8.063326259002769891e-01
7.742145548476453421e-01
7.852586634903047091e-01
7.617054113850415531e-01
7.637339211357340174e-01
7.649735659833795109e-01
7.831174587534625031e-01
7.895410729639888991e-01
8.101642554293628784e-01
8.391268668698060873e-01
8.712449379224376234e-01
9.171117972853185529e-01
1.009859770886426533e+00
1.085140021634348972e+00
1.140247869861495733e+00
1.169661261246537354e+00
1.224318329529085814e+00
1.242349527313019397e+00
1.239644847645429371e+00
1.231530808642659292e+00
1.216993155429362705e+00
1.211809186066481914e+00
1.201779332299169001e+00
1.213612305844875339e+00
1.167294666537395997e+00
1.161096442299168974e+00
1.150841198559556799e+00
1.130105321108033190e+00
1.124019791855955575e+00
1.109482138642659210e+00
1.108467883767312978e+00
1.123230926952908604e+00
1.092465195734071859e+00
1.082322646980609315e+00
1.094831790443213215e+00
1.050768050858725600e+00
1.070264283462603716e+00
1.037244652520775468e+00
1.033638412963988840e+00
1.027778273684210486e+00
1.022481609335180064e+00
1.055163155318559420e+00
1.012339060581717298e+00
1.023045084265927995e+00
1.025298983988919499e+00
9.943078627977838257e-01
9.932936079224375936e-01
9.888985034626037729e-01
1.001858426869806085e+00
1.018199199861495874e+00
9.966744575069251821e-01
9.974633224099722639e-01
1.031947988171745045e+00
1.036117702659279827e+00
1.064742229141274255e+00
1.088070091274238260e+00
1.088633566204986192e+00
1.101593489612188392e+00
1.140135174875346102e+00
1.169661261246537354e+00
1.179353030055401597e+00
1.199525432576177275e+00
1.204258621994459766e+00
1.204033232022160504e+00
1.197722312797783850e+00
1.197046142880886288e+00
1.184649694404432019e+00
1.204145927008310135e+00
1.186002034238227143e+00
1.183860829501385048e+00
1.175746790498614969e+00
1.176648350387811570e+00
1.195806498033241017e+00
1.149714248698060937e+00
1.172704025872576050e+00
1.178676860138504034e+00
1.157828287700831016e+00
1.149150773767313005e+00
1.148925383795013744e+00
1.146671484072022018e+00
1.145769924182825417e+00
1.131908440886426614e+00
1.118159652576177221e+00
1.125259436703601068e+00
1.119850077368421015e+00
1.120638942271467986e+00
1.102156964542936324e+00
1.102720439473684255e+00
1.104072779307479157e+00
1.091000160914127326e+00
1.103847389335179896e+00
1.120188162326869685e+00
1.109369443656509580e+00
1.106890153961218815e+00
1.082097257008310276e+00
1.106213984044321252e+00
1.063615279279778392e+00
1.102833134459833664e+00
1.095507960360110777e+00
1.093479450609418313e+00
1.093028670664819790e+00
1.102945829445983295e+00
1.106890153961218815e+00
1.125710216648199369e+00
1.108355188781163347e+00
1.133148085734071886e+00
1.117370787673130028e+00
1.118272347562326852e+00
1.125484826675900107e+00
1.120864332243767247e+00
1.130330711080332451e+00
1.133824255650969448e+00
1.130330711080332451e+00
1.129316456204985997e+00
1.117032702714681358e+00
1.136754325290858736e+00
1.108693273739612017e+00
