1.003999631606648180e+00
1.007267786204986137e+00
9.989283572299167968e-01
9.978014073684210450e-01
9.914904881440442797e-01
9.999426121052631400e-01
9.950967277008310186e-01
1.018537284819944544e+00
1.004675801523545742e+00
9.857430438504154457e-01
9.907016232409971979e-01
9.964490675346260318e-01
1.005351971440443082e+00
1.011324805706371066e+00
1.001182256952908523e+00
9.927301329916896622e-01
9.991537472022160582e-01
9.947586427423822375e-01
9.939697778393351557e-01
9.979141023545705647e-01
9.981394923268697150e-01
1.008732821024930670e+00
1.010423245817174465e+00
9.855176538781162954e-01
9.901381483102492664e-01
9.983648822991688654e-01
1.002985376731301947e+00
1.005126581468144042e+00
1.012902535512465230e+00
9.893492834072021846e-01
1.007831261135734069e+00
9.949840327146813879e-01
1.010310550831024834e+00
9.940824728254846754e-01
9.913777931578946490e-01
1.008056651108033108e+00
9.984775772853184961e-01
1.000844171994459852e+00
9.972379324376731136e-01
1.046260251412742370e+00
1.065756484016620487e+00
1.011099415734072027e+00
1.004450411551246480e+00
9.819114143213295565e-01
1.012564450554016560e+00
9.963363725484764011e-01
1.013916790387811684e+00
1.009183600969528971e+00
9.870953836842104590e-01
9.962236775623267704e-01
9.955475076454293193e-01
9.998299171191135093e-01
9.721069505263156829e-01
1.022256219362880802e+00
9.953221176731301689e-01
1.007493176177285177e+00
1.006929701246537245e+00
1.002196511828254755e+00
1.024622814072022159e+00
1.018311894847645283e+00
9.895746733795013350e-01
9.893492834072021846e-01
9.982521873130193457e-01
9.894619783933517043e-01
1.008056651108033108e+00
1.009634380914127272e+00
1.012226365595567890e+00
1.005802751385041383e+00
1.027665578698060855e+00
9.935189978947367440e-01
9.939697778393351557e-01
9.944205577839334564e-01
9.823621942659279682e-01
1.003436156675900248e+00
9.978014073684210450e-01
9.992664421883655779e-01
9.940824728254846754e-01
1.029243308504155019e+00
1.003999631606648180e+00
1.015832605152354517e+00
1.013127925484764491e+00
1.001069561966758892e+00
9.885604185041551029e-01
1.006478921301938945e+00
1.002872681745152317e+00
1.023383169224376665e+00
1.002985376731301947e+00
1.005013886481994412e+00
9.884477235180054722e-01
1.027327493739612185e+00
1.019213454736842106e+00
9.993791371745152086e-01
1.013240620470914122e+00
9.894619783933517043e-01
1.009296295955678602e+00
1.052120390692520724e+00
1.033638412963988840e+00
1.097536470110803242e+00
1.192763733407202098e+00
1.215640815595567803e+00
1.154672828088642689e+00
1.062375634432132898e+00
1.051444220775623162e+00
1.045471386509695177e+00
1.014705655290858655e+00
1.016283385096952818e+00
1.026538628836564992e+00
1.017184944986149420e+00
9.917158781163434300e-01
1.026313238864265953e+00
1.010310550831024834e+00
1.005802751385041383e+00
1.002421901800554016e+00
9.962236775623267704e-01
9.850668739335179946e-01
9.934063029085872243e-01
9.940824728254846754e-01
1.004788496509695150e+00
9.978014073684210450e-01
1.008282041080332370e+00
9.765020549861495036e-01
1.023270474238227035e+00
9.984775772853184961e-01
9.973506274238226332e-01
1.002534596786703647e+00
1.008169346094182739e+00
9.907016232409971979e-01
1.010423245817174465e+00
9.929555229639888125e-01
9.929555229639888125e-01
9.814606343767312557e-01
1.000844171994459852e+00
9.884477235180054722e-01
1.000956866980609261e+00
1.013353315457063752e+00
1.021692744432132871e+00
9.916031831301937993e-01
1.001520341911357193e+00
1.001182256952908523e+00
9.936316928808863747e-01
9.910397081994459789e-01
9.860811288088642268e-01
1.012000975623268628e+00
1.014818350277008285e+00
9.980267973407201954e-01
9.793194296398891607e-01
9.923920480332409921e-01
9.959982875900276200e-01
9.895746733795013350e-01
9.967871524930747018e-01
1.003886936620498549e+00
9.891238934349030343e-01
1.010535940803324095e+00
9.888985034626037729e-01
1.003436156675900248e+00
9.956602026315788390e-01
9.847287889750692136e-01
9.991537472022160582e-01
1.010874025761772765e+00
9.887858084764542532e-01
9.927301329916896622e-01
1.007605871163434808e+00
1.007718566149584438e+00
1.004563106537396111e+00
1.001745731883656454e+00
1.005013886481994412e+00
9.980267973407201954e-01
9.937443878670360053e-01
9.944205577839334564e-01
9.872080786703600896e-01
9.868699937119113086e-01
1.020002319639889077e+00
9.845033990027700632e-01
9.892365884210525540e-01
9.895746733795013350e-01
9.888985034626037729e-01
9.981394923268697150e-01
1.001858426869806085e+00
1.006817006260387837e+00
1.009296295955678602e+00
1.013015230498614860e+00
1.014142180360110723e+00
9.901381483102492664e-01
9.999426121052631400e-01
1.017861114903046982e+00
1.002196511828254755e+00
1.001745731883656454e+00
9.892365884210525540e-01
1.000506087036010960e+00
9.975760173961217836e-01
1.014818350277008285e+00
1.017297639972299050e+00
9.918285731024930607e-01
1.007605871163434808e+00
9.923920480332409921e-01
9.912650981717451293e-01
9.983648822991688654e-01
9.939697778393351557e-01
1.000956866980609261e+00
1.020791184542936270e+00
1.010423245817174465e+00
9.893492834072021846e-01
1.010648635789473726e+00
1.001182256952908523e+00
9.985902722714681268e-01
9.961109825761772507e-01
9.973506274238226332e-01
1.010761330775623135e+00
1.013804095401662053e+00
1.013127925484764491e+00
1.004450411551246480e+00
1.016508775069252080e+00
9.816860243490304061e-01
9.926174380055401425e-01
9.976887123822714143e-01
9.860811288088642268e-01
1.007493176177285177e+00
1.020903879529085900e+00
9.990410522160664275e-01
1.000168002077562290e+00
9.927301329916896622e-01
1.000731477008310222e+00
1.017973809889196612e+00
1.012677145540166190e+00
9.828129742105262689e-01
1.014254875346260354e+00
9.884477235180054722e-01
1.005802751385041383e+00
9.935189978947367440e-01
9.993791371745152086e-01
1.002309206814404385e+00
1.008845516011080301e+00
1.036005007673130196e+00
9.993791371745152086e-01
9.792067346537395300e-01
1.012226365595567890e+00
1.036005007673130196e+00
1.002421901800554016e+00
9.946459477562326068e-01
1.016959555013850380e+00
9.972379324376731136e-01
1.012902535512465230e+00
9.905889282548475672e-01
1.010423245817174465e+00
1.004563106537396111e+00
1.009408990941828232e+00
1.023608559196675927e+00
1.035779617700830935e+00
1.034652667839335072e+00
1.088746261191135600e+00
1.077251372603878155e+00
1.070940453379501278e+00
1.076913287645429262e+00
1.078378322465373795e+00
1.082773426925207616e+00
1.114102633074792070e+00
1.137655885180055337e+00
1.146108009141274087e+00
1.138106665124653638e+00
1.115342277922437564e+00
1.073081658116343373e+00
1.034652667839335072e+00
1.041076282049861357e+00
1.011888280637118998e+00
1.011437500692520697e+00
1.018988064764542845e+00
1.013466010443213161e+00
1.006366226315789314e+00
1.035666922714681304e+00
1.003210766703600987e+00
1.014592960304709024e+00
1.006704311274238206e+00
9.991537472022160582e-01
1.018537284819944544e+00
1.009070905983379340e+00
1.007042396232686876e+00
9.996045271468143589e-01
1.002083816842105124e+00
1.006929701246537245e+00
1.001633036897506823e+00
1.024848204044321198e+00
1.024284729113573267e+00
1.001069561966758892e+00
9.974633224099722639e-01
9.971252374515234829e-01
9.846160939889195829e-01
1.002534596786703647e+00
1.008620126038781040e+00
1.005013886481994412e+00
1.016508775069252080e+00
1.010423245817174465e+00
1.002309206814404385e+00
9.876588586149583904e-01
1.000731477008310222e+00
9.757131900831024218e-01
9.983648822991688654e-01
9.879969435734071714e-01
1.014029485373961093e+00
1.003210766703600987e+00
9.935189978947367440e-01
9.956602026315788390e-01
9.931809129362880739e-01
9.779670898060941475e-01
9.842780090304708018e-01
9.868699937119113086e-01
1.002534596786703647e+00
1.010535940803324095e+00
9.867572987257616779e-01
1.006140836343490275e+00
1.004788496509695150e+00
1.010648635789473726e+00
1.001633036897506823e+00
1.006028141357340644e+00
1.012226365595567890e+00
1.012226365595567890e+00
1.006478921301938945e+00
1.008282041080332370e+00
9.993791371745152086e-01
1.011888280637118998e+00
1.004450411551246480e+00
1.018311894847645283e+00
1.027102103767312924e+00
1.014367570332409985e+00
1.011099415734072027e+00
1.011324805706371066e+00
1.015494520193905847e+00
9.988156622437672771e-01
1.021467354459833832e+00
1.030482953351800512e+00
1.023383169224376665e+00
1.019889624653739446e+00
1.046823726343490302e+00
1.051895000720221462e+00
1.031497208227146745e+00
1.030708343324099774e+00
1.026764018808864254e+00
1.042766706842105151e+00
1.011099415734072027e+00
1.014029485373961093e+00
1.021467354459833832e+00
9.967871524930747018e-01
1.017184944986149420e+00
1.002872681745152317e+00
9.883350285318559525e-01
1.024397424099722897e+00
1.021467354459833832e+00
1.010874025761772765e+00
1.016283385096952818e+00
1.003323461689750618e+00
1.013466010443213161e+00
1.009070905983379340e+00
1.000055307091412660e+00
9.997172221329638786e-01
9.936316928808863747e-01
1.023721254182825335e+00
1.001294951939058153e+00
1.009521685927977863e+00
9.859684338227145961e-01
9.895746733795013350e-01
1.001407646925207784e+00
9.928428279778392929e-01
1.013916790387811684e+00
9.954348126592796886e-01
1.011212110720221657e+00
9.972379324376731136e-01
1.006140836343490275e+00
1.015269130221606586e+00
1.000731477008310222e+00
1.002759986759002686e+00
1.001633036897506823e+00
1.013015230498614860e+00
9.981394923268697150e-01
9.943078627977838257e-01
1.000506087036010960e+00
1.016057995124653779e+00
1.015156435235456955e+00
1.015607215180055256e+00
9.918285731024930607e-01
1.001294951939058153e+00
1.007042396232686876e+00
9.958855926038781003e-01
9.867572987257616779e-01
9.992664421883655779e-01
1.007493176177285177e+00
1.018199199861495874e+00
1.023157779252077404e+00
1.003886936620498549e+00
9.945332527700830871e-01
1.000506087036010960e+00
9.953221176731301689e-01
1.013466010443213161e+00
9.957728976177284697e-01
1.020678489556786639e+00
1.012902535512465230e+00
1.023608559196675927e+00
1.018537284819944544e+00
1.005915446371191013e+00
1.015832605152354517e+00
1.006366226315789314e+00
1.031722598199446006e+00
1.036117702659279827e+00
1.037244652520775468e+00
1.042428621883656481e+00
1.024397424099722897e+00
1.076124422742382292e+00
1.056966275096952845e+00
1.078829102409972318e+00
1.068573858670360144e+00
1.070151588476454307e+00
1.073532438060941674e+00
1.072968963130193742e+00
1.038146212409972291e+00
1.038709687340720222e+00
1.042315926897506850e+00
1.039160467285318523e+00
1.034652667839335072e+00
1.042428621883656481e+00
1.016734165041551119e+00
1.012902535512465230e+00
1.029806783434902950e+00
1.022481609335180064e+00
1.017523029944598312e+00
1.021918134404432132e+00
1.019889624653739446e+00
1.023946644155124597e+00
1.022819694293628734e+00
1.003661546648199288e+00
1.013466010443213161e+00
1.013015230498614860e+00
1.003886936620498549e+00
1.017072250000000011e+00
1.028567138587257457e+00
1.003886936620498549e+00
1.011099415734072027e+00
1.013691400415512422e+00
1.009070905983379340e+00
1.018199199861495874e+00
1.010874025761772765e+00
1.023721254182825335e+00
1.019326149722991737e+00
1.008282041080332370e+00
1.001407646925207784e+00
1.009408990941828232e+00
1.020002319639889077e+00
1.016621470055401710e+00
1.021805439418282502e+00
1.043104791800554043e+00
1.040287417146814386e+00
1.032398768116343346e+00
1.047274506288088602e+00
1.058882089861495679e+00
1.045133301551246507e+00
1.053247340554016587e+00
1.048176066177285204e+00
1.052796560609418286e+00
1.035892312686980565e+00
1.046598336371191040e+00
1.032849548060941869e+00
1.037019262548476428e+00
1.023383169224376665e+00
1.026989408781163293e+00
1.022368914349030433e+00
1.022481609335180064e+00
1.018086504875346243e+00
1.024510119085872528e+00
1.006140836343490275e+00
1.005802751385041383e+00
1.010874025761772765e+00
9.939697778393351557e-01
1.015269130221606586e+00
1.038033517423822660e+00
1.018199199861495874e+00
9.836018391135733507e-01
1.028679833573407087e+00
1.015607215180055256e+00
1.026989408781163293e+00
1.006817006260387837e+00
9.891238934349030343e-01
9.973506274238226332e-01
9.766147499722991343e-01
1.014480265318559393e+00
1.013240620470914122e+00
1.033638412963988840e+00
1.032060683157894676e+00
1.028229053628808787e+00
1.009408990941828232e+00
1.017184944986149420e+00
1.009747075900276903e+00
1.022594304321329473e+00
1.004901191495844781e+00
1.007718566149584438e+00
1.009521685927977863e+00
1.005577361412742343e+00
1.002421901800554016e+00
1.025298983988919499e+00
1.015607215180055256e+00
1.018311894847645283e+00
1.036343092631578866e+00
1.025749763933518022e+00
1.019326149722991737e+00
1.016057995124653779e+00
1.024059339141274227e+00
1.027890968670360117e+00
1.012113670609418259e+00
9.980267973407201954e-01
1.022706999307479103e+00
1.007380481191135768e+00
1.031384513240997114e+00
1.036343092631578866e+00
1.022819694293628734e+00
1.008620126038781040e+00
1.007042396232686876e+00
