9.610221750836599464e-01 -8.972857179490034696e-16
9.593514635247309963e-01 -9.324138683375338132e-16
9.574935875188317347e-01 -9.703609443745264684e-16
9.554103250884267151e-01 -1.014162712142940848e-15
9.530515318095542643e-01 -1.062301288601297244e-15
9.503499420325118852e-01 -1.118679801570543475e-15
9.472129481202226087e-01 -1.183515091485176640e-15
9.435090756624469055e-01 -1.260710286166144556e-15
9.390446621149013406e-01 -1.350915906916938525e-15
9.335212983506609996e-01 -1.465841337200401995e-15
9.264525532224191506e-01 -1.604185534409552361e-15
9.169860077048503921e-01 -1.786331499387117105e-15
9.034765020118042944e-01 -2.017917083430020853e-15
8.822888111877283945e-01 -2.305881180442170830e-15
8.435921993005681685e-01 -2.491496592371689189e-15
7.514987553247483021e-01 6.245004513516505540e-17
1.063628276473546741e+00 -4.679069631752241776e-14
1.240038800505768091e+00 2.307615903918147637e-15
1.096390894437541341e+00 2.830201351056160775e-15
1.045605378701951915e+00 1.747733902046633148e-15
1.018579204455577036e+00 1.085069534223492838e-15
1.000529584978466779e+00 6.505213034913026604e-16
9.863780047833887732e-01 3.313321839115701550e-16
9.737258455275908942e-01 7.285838599102589797e-17
9.610154792620262398e-01 -1.647987302177966740e-16
9.467799491894935970e-01 -4.128641872824800885e-16
9.290521459957978845e-01 -7.077671781985372945e-16
9.044629433906746785e-01 -1.124100812432970997e-15
8.668318792855859156e-01 -1.852684672343229977e-15
8.179619790943197799e-01 -3.379241331202820220e-15
1.069928289593654602e+00 -3.101685575046531085e-15
1.262346613914800075e+00 -1.665334536937734811e-16
1.160445706215956996e+00 3.851086116668511750e-16
1.106368352193406679e+00 3.336632185824139896e-16
1.076043232627200030e+00 2.133709875451472726e-16
1.056655212404402411e+00 1.014813233446432150e-16
1.042979163542101073e+00 -4.336808689942017736e-19
1.032596091109770020e+00 -9.324138683375338132e-17
1.024244048519032058e+00 -1.786765180256111307e-16
1.017196944085396293e+00 -2.597748405275268624e-16
1.011000292525559674e+00 -3.395721204224599887e-16
1.005346139635769465e+00 -4.202367620553815186e-16
1.000007911743224343e+00 -5.035034889022682592e-16
9.948029639495263865e-01 -5.893723009631202103e-16
9.895682397963270205e-01 -6.830473686658677934e-16
9.841415212233453058e-01 -7.836613302725226049e-16
9.783434819087220014e-01 -8.998878031629686802e-16
9.719562746164460698e-01 -1.027823659516258203e-15
9.646931263562827930e-01 -1.180913006271211430e-15
9.561496810201612906e-01 -1.363926332986764578e-15
9.457192481953404783e-01 -1.586838299649784290e-15
9.324347502729772863e-01 -1.873718194489448763e-15
9.146565565359345840e-01 -2.245816380086473885e-15
8.894410420460945321e-01 -2.759294528975608785e-15
8.514856972490879583e-01 -3.449280791545383806e-15
7.958239073480116721e-01 -4.096983169388224155e-15
8.117363895495903758e-01 7.372574772901430151e-16
1.282217742284002426e+00 2.340575649961706972e-14
1.283405193886822504e+00 1.281592020008215371e-14
1.199331922913029702e+00 7.337229782078402707e-15
1.148918002093800794e+00 5.011182441228001494e-15
1.117838493933896338e+00 3.786684507622872786e-15
1.097022698099912486e+00 3.047041785553261661e-15
1.082087055426780520e+00 2.551344552292889034e-15
1.070776217994694690e+00 2.198762005800602992e-15
1.061832460219924279e+00 1.935084037452128314e-15
1.054502593185055792e+00 1.729952986417870875e-15
1.048307055059792159e+00 1.566021617938062604e-15
1.042923332623840071e+00 1.432881591156842660e-15
1.038122903195623170e+00 1.324895054777286418e-15
1.033734848968344000e+00 1.233171550985012743e-15
1.029623415633831973e+00 1.157602659562773084e-15
1.025673048618008565e+00 1.096128396382844983e-15
1.021777384512497111e+00 1.044628793189783522e-15
1.017830170260403566e+00 1.004838573459565509e-15
1.013717065633778835e+00 9.743724924127228348e-16
1.009308651845841398e+00 9.629883696016250383e-16
1.004458806789027880e+00 9.749145934989655871e-16
9.990260813387074057e-01 1.023161590174570534e-15
9.929865384978402432e-01 1.126702897646936208e-15
9.869071345557501873e-01 1.348313821702973314e-15
9.838134599157890570e-01 1.844011054963345941e-15
9.950723166938123532e-01 2.858499027758032440e-15
1.040178121849774984e+00 4.194452944694671004e-15
1.088899421340476570e+00 3.977178829328575915e-15
1.097137859462434584e+00 2.772955476348926140e-15
1.087330096854485006e+00 1.929337765937955140e-15
1.076214411841466490e+00 1.463998193507176637e-15
1.067123246338959275e+00 1.198368661248228051e-15
1.060030590022493557e+00 1.032160468206200221e-15
1.054454191315203682e+00 9.199455433539505123e-16
1.049979846720915821e+00 8.406903645452601381e-16
1.046310522553386635e+00 7.813845057103030456e-16
1.043239950334973187e+00 7.353059133796691071e-16
1.040624115013618178e+00 6.989851406014047086e-16
1.038360746540916590e+00 6.691695808580533367e-16
1.036375741669701922e+00 6.446666117598809365e-16
1.034614306633457659e+00 6.237415098309107009e-16
1.033035137210499999e+00 6.056353335504027768e-16
1.031606535526953028e+00 5.904565031356057148e-16
1.030303771905927812e+00 5.773376568485311111e-16
1.029107259042171929e+00 5.656282733856876632e-16
1.028001265364623551e+00 5.557620336160695729e-16
1.026972992671017160e+00 5.474136768879311887e-16
1.026011904150840648e+00 5.393905808115384559e-16
1.025109227374490395e+00 5.332106284283710806e-16
1.024257581452491239e+00 5.275727771314464576e-16
1.023450693595789440e+00 5.231275482242558894e-16
1.022683180908258826e+00 5.197665214895508257e-16
1.021950380362917299e+00 5.161886543203486610e-16
1.021248214767279006e+00 5.144539308443718539e-16
1.020573085878298203e+00 5.131528882373892486e-16
1.019921788176461064e+00 5.121771062821522946e-16
1.019291438472901934e+00 5.122313163907765698e-16
1.018679417715165680e+00 5.127734174770193221e-16
1.018083322218438447e+00 5.141828803012504778e-16
1.017500922175909706e+00 5.165681250807185876e-16
1.016930125760264980e+00 5.197665214895508257e-16
1.016368947463621275e+00 5.232901785501287151e-16
1.015815479567065527e+00 5.273017265883250815e-16
1.015267865805326464e+00 5.322890565817584019e-16
1.014724276412163340e+00 5.389026898339199789e-16
1.014182883808056657e+00 5.454621129774572807e-16
1.013641838230346703e+00 5.533225787279771879e-16
1.013099242610853601e+00 5.628635578458496269e-16
1.012553125978645996e+00 5.726213773982191668e-16
1.012001414605458782e+00 5.835718193403227616e-16
1.011441900015910056e+00 5.962027746497788883e-16
1.010872202850104928e+00 6.097553018058476937e-16
1.010289731387066681e+00 6.249883423292690310e-16
1.009691633307439051e+00 6.420103164372914506e-16
1.009074738987335795e+00 6.602249129350479251e-16
1.008435494269621202e+00 6.818005361675094633e-16
1.007769880261094153e+00 7.041351009207108547e-16
1.007073317282470626e+00 7.293970115396231080e-16
1.006340549727668510e+00 7.579657387846161498e-16
1.005565508442208822e+00 7.895160220039443288e-16
1.004741147681178060e+00 8.251862734787174247e-16
1.003859255543735118e+00 8.644886022313169605e-16
1.002910241653827583e+00 9.099166732584595962e-16
1.001882917228152259e+00 9.596815529755442498e-16
1.000764307884293824e+00 1.016168486162039031e-15
9.995395944195631932e-01 1.082684289444024728e-15
9.981923961747135587e-01 1.155054784457432149e-15
9.967058741164589453e-01 1.240760966192411274e-15
9.950657187523795910e-01 1.336983909000499793e-15
9.932674357156728862e-01 1.445133075705928860e-15
9.913335064660280249e-01 1.569274224455519118e-15
9.893535687317650540e-01 1.696613769613941614e-15
9.875787793851742435e-01 1.805142407079740607e-15
9.866413233502621116e-01 1.833765344433357924e-15
9.880307072839009663e-01 1.633621623392533806e-15
9.948582401201638836e-01 8.332635796637344328e-16
1.011611330042165635e+00 -1.049561913074592567e-15
1.038158239446703934e+00 -3.716482416954436374e-15
1.061798322677523387e+00 -5.231438112568431720e-15
1.071183604923721111e+00 -4.987221573216071846e-15
1.069639806093077850e+00 -4.130647646843899068e-15
1.064040116441049788e+00 -3.355551513734011948e-15
1.057937215517265717e+00 -2.773063896566174691e-15
1.052480530026424166e+00 -2.345346139520643192e-15
1.047877926434849671e+00 -2.023500724618321200e-15
1.044052565247367559e+00 -1.778416823527972923e-15
1.040868519603254549e+00 -1.585157786282431758e-15
1.038197731584915795e+00 -1.428978463335894844e-15
1.035935160838310054e+00 -1.300825766548108220e-15
1.033998482434847821e+00 -1.194302903101407409e-15
1.032324053034961775e+00 -1.104368332893734816e-15
1.030862692915487600e+00 -1.027552608973136827e-15
1.029576187496618944e+00 -9.606031248221569285e-16
