9.652671306371194415e-01
9.137237401662052783e-01
9.886959444875349501e-01
1.091782725429363277e+00
1.091782725429363277e+00
1.049610860498615184e+00
1.101154250969529347e+00
1.007438995567867313e+00
9.465240795567869680e-01
8.387515358448756064e-01
9.933817072576179852e-01
1.058982386038781476e+00
1.110525776509695639e+00
9.793244189473687689e-01
9.933817072576179852e-01
1.063668148808864622e+00
1.040239334958449113e+00
9.184095029362883134e-01
9.652671306371194415e-01
1.040239334958449113e+00
9.230952657063714595e-01
1.021496283878116751e+00
8.434372986149587526e-01
1.007438995567867313e+00
1.012124758337950459e+00
1.087096962659280130e+00
1.007438995567867313e+00
1.133954590360111148e+00
1.077725437119113838e+00
7.965796709141276244e-01
1.119897302049861931e+00
1.012124758337950459e+00
1.021496283878116751e+00
9.465240795567869680e-01
1.171440692520775873e+00
1.063668148808864622e+00
1.007438995567867313e+00
9.465240795567869680e-01
1.049610860498615184e+00
9.558956050969531493e-01
9.699528934072024766e-01
9.558956050969531493e-01
9.324667912465376407e-01
9.980674700277011313e-01
8.715518752354572962e-01
9.933817072576179852e-01
1.091782725429363277e+00
9.746386561772856227e-01
9.840101817174518040e-01
9.699528934072024766e-01
9.137237401662052783e-01
9.371525540166207868e-01
9.558956050969531493e-01
9.605813678670362954e-01
9.793244189473687689e-01
9.605813678670362954e-01
9.746386561772856227e-01
1.002753232797784166e+00
9.324667912465376407e-01
9.558956050969531493e-01
1.082411199889196984e+00
1.105840013739612493e+00
1.044925097728532259e+00
1.044925097728532259e+00
8.902949263157897697e-01
1.002753232797784166e+00
1.063668148808864622e+00
9.840101817174518040e-01
9.746386561772856227e-01
1.035553572188365967e+00
