-8.698301053597287114e-01
0.000000000000000000e+00
-8.102505379040949585e-01
0.000000000000000000e+00
-5.245099923400156072e-01
0.000000000000000000e+00
-3.189224275239155859e-01
0.000000000000000000e+00
-1.362426300299869053e-01
0.000000000000000000e+00
-2.402410518630742828e-02
0.000000000000000000e+00
1.963723580943027291e-01
0.000000000000000000e+00
8.503029038665661510e-01
0.000000000000000000e+00
5.453339675566242217e-01
0.000000000000000000e+00
7.660563716998963768e-01
0.000000000000000000e+00
