9.711072195013848996e-01
9.569966838781162055e-01
9.721151149030469174e-01
9.537210238227145087e-01
9.340670634903045499e-01
8.831683457063710385e-01
1.226104756121883410e+00
1.043675688421052516e+00
9.950447352908585730e-01
9.824460427700829612e-01
9.625401085872574702e-01
9.552328669252075910e-01
9.600203700831023701e-01
9.612802393351799202e-01
9.161769201108032057e-01
8.151354060941826685e-01
1.200151449529085701e+00
1.025281597340720108e+00
9.867295982271466759e-01
9.703512979501384139e-01
9.544769453739611054e-01
9.703512979501384139e-01
9.527131284210524909e-01
8.950111166759001646e-01
7.871663086980608126e-01
1.209222508144044195e+00
1.063329648753462475e+00
9.874855197783932725e-01
1.201159344930747830e+00
1.094826380055401449e+00
1.090290850747922313e+00
1.115992183490304601e+00
