1.005812004986001318e+00 0.000000000000000000e+00
1.005764538461572322e+00 0.000000000000000000e+00
1.005715836605361790e+00 0.000000000000000000e+00
1.005665848471679169e+00 0.000000000000000000e+00
1.005614520211232543e+00 0.000000000000000000e+00
1.005561794858881974e+00 0.000000000000000000e+00
1.005507612102387816e+00 0.000000000000000000e+00
1.005451908030131181e+00 0.000000000000000000e+00
1.005394614855536162e+00 0.000000000000000000e+00
1.005335660615637394e+00 0.000000000000000000e+00
1.005274968840908389e+00 0.000000000000000000e+00
1.005212458193093461e+00 0.000000000000000000e+00
1.005148042067358416e+00 0.000000000000000000e+00
1.005081628154578910e+00 0.000000000000000000e+00
1.005013117959011826e+00 0.000000000000000000e+00
1.004942406265947996e+00 0.000000000000000000e+00
1.004869380553162106e+00 0.000000000000000000e+00
1.004793920339108304e+00 0.000000000000000000e+00
1.004715896459760449e+00 0.000000000000000000e+00
1.004635170264797761e+00 0.000000000000000000e+00
1.004551592722420006e+00 0.000000000000000000e+00
1.004465003420415670e+00 0.000000000000000000e+00
1.004375229449156359e+00 0.000000000000000000e+00
1.004282084149871634e+00 0.000000000000000000e+00
1.004185365708830657e+00 0.000000000000000000e+00
1.004084855574797874e+00 0.000000000000000000e+00
1.003980316673244388e+00 0.000000000000000000e+00
1.003871491386151948e+00 0.000000000000000000e+00
1.003758099260658732e+00 0.000000000000000000e+00
1.003639834403048159e+00 0.000000000000000000e+00
1.003516362506429616e+00 0.000000000000000000e+00
1.003387317450517457e+00 0.000000000000000000e+00
1.003252297399794379e+00 0.000000000000000000e+00
1.003110860311447139e+00 0.000000000000000000e+00
1.002962518746111087e+00 0.000000000000000000e+00
1.002806733851706822e+00 0.000000000000000000e+00
1.002642908362298524e+00 0.000000000000000000e+00
1.002470378418403252e+00 0.000000000000000000e+00
1.002288403970421626e+00 0.000000000000000000e+00
1.002096157470129922e+00 0.000000000000000000e+00
1.001892710482786608e+00 0.000000000000000000e+00
1.001677017759381449e+00 0.000000000000000000e+00
1.001447898188204899e+00 0.000000000000000000e+00
1.001204011887945056e+00 0.000000000000000000e+00
1.000943832498178754e+00 0.000000000000000000e+00
1.000665613449489122e+00 0.000000000000000000e+00
1.000367346629239540e+00 0.000000000000000000e+00
1.000046711364090735e+00 0.000000000000000000e+00
9.997010109643550413e-01 0.000000000000000000e+00
9.993270931414898195e-01 0.000000000000000000e+00
9.989212493044361540e-01 0.000000000000000000e+00
9.984790858909224909e-01 0.000000000000000000e+00
9.979953582322862449e-01 0.000000000000000000e+00
9.974637535725647819e-01 0.000000000000000000e+00
9.968766041086193352e-01 0.000000000000000000e+00
9.962245022219371471e-01 0.000000000000000000e+00
9.954957766623059312e-01 0.000000000000000000e+00
9.946757672970573116e-01 0.000000000000000000e+00
9.937458018588928299e-01 0.000000000000000000e+00
9.926817213275522800e-01 0.000000000000000000e+00
9.914517032177851963e-01 0.000000000000000000e+00
9.900129591528906703e-01 0.000000000000000000e+00
9.883065634343429773e-01 0.000000000000000000e+00
9.862490500061996679e-01 0.000000000000000000e+00
9.837181478959957648e-01 0.000000000000000000e+00
9.805272574197851920e-01 0.000000000000000000e+00
9.763767282288771110e-01 0.000000000000000000e+00
9.707529491919125730e-01 0.000000000000000000e+00
9.626958589651699594e-01 0.000000000000000000e+00
9.501791340328591406e-01 0.000000000000000000e+00
9.280608576888109695e-01 0.000000000000000000e+00
8.783563196444126309e-01 0.000000000000000000e+00
6.634788128408787289e-01 0.000000000000000000e+00
1.526831926842383558e+00 0.000000000000000000e+00
1.155467598501796811e+00 0.000000000000000000e+00
1.093736292540020028e+00 0.000000000000000000e+00
1.068312128689913321e+00 0.000000000000000000e+00
1.054431085476584595e+00 0.000000000000000000e+00
1.045677859647863750e+00 0.000000000000000000e+00
1.039647602059538878e+00 0.000000000000000000e+00
1.035235604762831052e+00 0.000000000000000000e+00
1.031863267679953733e+00 0.000000000000000000e+00
1.029198206822174111e+00 0.000000000000000000e+00
1.027035861279552487e+00 0.000000000000000000e+00
1.025243420122255555e+00 0.000000000000000000e+00
1.023730884368338367e+00 0.000000000000000000e+00
1.022435087371522000e+00 0.000000000000000000e+00
1.021310373702708274e+00 0.000000000000000000e+00
1.020322909596409922e+00 0.000000000000000000e+00
1.019447074709797452e+00 0.000000000000000000e+00
1.018663097753837565e+00 0.000000000000000000e+00
1.017955462680073975e+00 0.000000000000000000e+00
1.017311807292342607e+00 0.000000000000000000e+00
1.016722145218616369e+00 0.000000000000000000e+00
1.016178305369470847e+00 0.000000000000000000e+00
1.015673520806833929e+00 0.000000000000000000e+00
1.015202122201892543e+00 0.000000000000000000e+00
1.014759305733568651e+00 0.000000000000000000e+00
1.014340954746948409e+00 0.000000000000000000e+00
1.013943500724628688e+00 0.000000000000000000e+00
1.013563813301932903e+00 0.000000000000000000e+00
1.013199111901000204e+00 0.000000000000000000e+00
1.012846893519898650e+00 0.000000000000000000e+00
1.012504872578044113e+00 0.000000000000000000e+00
1.012170929673598119e+00 0.000000000000000000e+00
1.011843066772980082e+00 0.000000000000000000e+00
1.011519366806113984e+00 0.000000000000000000e+00
1.011197955934406645e+00 0.000000000000000000e+00
1.010876966922865883e+00 0.000000000000000000e+00
1.010554502099513918e+00 0.000000000000000000e+00
1.010228594328105745e+00 0.000000000000000000e+00
1.009897164245846746e+00 0.000000000000000000e+00
1.009557971704329038e+00 0.000000000000000000e+00
1.009208558859850946e+00 0.000000000000000000e+00
1.008846181624580396e+00 0.000000000000000000e+00
1.008467725111987345e+00 0.000000000000000000e+00
1.008069597131153738e+00 0.000000000000000000e+00
1.007647591456804159e+00 0.000000000000000000e+00
1.007196709128679091e+00 0.000000000000000000e+00
1.006710920769581463e+00 0.000000000000000000e+00
1.006182844782020247e+00 0.000000000000000000e+00
1.005603303457434095e+00 0.000000000000000000e+00
1.004960698299105948e+00 0.000000000000000000e+00
1.004240111415939163e+00 0.000000000000000000e+00
1.003421980824536153e+00 0.000000000000000000e+00
1.002480092749402640e+00 0.000000000000000000e+00
1.001378440469540942e+00 0.000000000000000000e+00
1.000066124602303930e+00 0.000000000000000000e+00
9.984687037770407780e-01 0.000000000000000000e+00
9.964727337885715963e-01 0.000000000000000000e+00
9.938962901136891848e-01 0.000000000000000000e+00
9.904280081820000525e-01 0.000000000000000000e+00
9.854869175567362305e-01 0.000000000000000000e+00
9.778498133568765960e-01 0.000000000000000000e+00
9.644245455681070833e-01 0.000000000000000000e+00
9.344735995594276590e-01 0.000000000000000000e+00
8.077326339242487663e-01 0.000000000000000000e+00
1.343836440175957270e+00 0.000000000000000000e+00
1.104174413936872323e+00 0.000000000000000000e+00
1.065678399486734484e+00 0.000000000000000000e+00
1.049919212410094227e+00 0.000000000000000000e+00
1.041332742198141093e+00 0.000000000000000000e+00
1.035921828218516749e+00 0.000000000000000000e+00
1.032194461612852221e+00 0.000000000000000000e+00
1.029467050664027106e+00 0.000000000000000000e+00
1.027382205021651229e+00 0.000000000000000000e+00
1.025734899494987307e+00 0.000000000000000000e+00
1.024399099581484673e+00 0.000000000000000000e+00
1.023293065608913643e+00 0.000000000000000000e+00
1.022361469579100790e+00 0.000000000000000000e+00
1.021565530401710609e+00 0.000000000000000000e+00
1.020877264982484656e+00 0.000000000000000000e+00
1.020275982284494454e+00 0.000000000000000000e+00
1.019746062101693163e+00 0.000000000000000000e+00
1.019275501351877056e+00 0.000000000000000000e+00
1.018854935828718000e+00 0.000000000000000000e+00
1.018476965963309500e+00 0.000000000000000000e+00
1.018135682522026908e+00 0.000000000000000000e+00
1.017826327215273663e+00 0.000000000000000000e+00
1.017545046580851320e+00 0.000000000000000000e+00
1.017288711952367475e+00 0.000000000000000000e+00
1.017054787523560933e+00 0.000000000000000000e+00
1.016841234583920395e+00 0.000000000000000000e+00
1.016646444185195897e+00 0.000000000000000000e+00
1.016469193595081810e+00 0.000000000000000000e+00
1.016308624458759358e+00 0.000000000000000000e+00
1.016164243089397567e+00 0.000000000000000000e+00
1.016035946260005263e+00 0.000000000000000000e+00
1.015924080006183061e+00 0.000000000000000000e+00
1.015829545529886468e+00 0.000000000000000000e+00
1.015753977718240275e+00 0.000000000000000000e+00
1.015700042993126218e+00 0.000000000000000000e+00
1.015671945013833177e+00 0.000000000000000000e+00
1.015676314604564867e+00 0.000000000000000000e+00
1.015723858827632275e+00 0.000000000000000000e+00
1.015832634040549465e+00 0.000000000000000000e+00
1.016035157163176494e+00 0.000000000000000000e+00
1.016395859693251857e+00 0.000000000000000000e+00
1.017062018382979272e+00 0.000000000000000000e+00
1.018458214484244673e+00 0.000000000000000000e+00
1.022514000960557556e+00 0.000000000000000000e+00
1.090869675201366684e+00 0.000000000000000000e+00
1.001995702734433280e+00 0.000000000000000000e+00
1.008039194546646256e+00 0.000000000000000000e+00
1.009810806201959288e+00 0.000000000000000000e+00
1.010623171365996331e+00 0.000000000000000000e+00
1.011068340542115251e+00 0.000000000000000000e+00
1.011334867259352066e+00 0.000000000000000000e+00
1.011501449783916318e+00 0.000000000000000000e+00
1.011606723413020825e+00 0.000000000000000000e+00
1.011671845866762176e+00 0.000000000000000000e+00
1.011709353461320626e+00 0.000000000000000000e+00
1.011727128784414287e+00 0.000000000000000000e+00
1.011730362586211962e+00 0.000000000000000000e+00
1.011722600797336336e+00 0.000000000000000000e+00
1.011706338392789339e+00 0.000000000000000000e+00
1.011683373425906751e+00 0.000000000000000000e+00
1.011655027022216657e+00 0.000000000000000000e+00
1.011622284955214779e+00 0.000000000000000000e+00
1.011585891523749003e+00 0.000000000000000000e+00
1.011546413425094437e+00 0.000000000000000000e+00
1.011504284191887315e+00 0.000000000000000000e+00
1.011459835707994914e+00 0.000000000000000000e+00
1.011413320933126858e+00 0.000000000000000000e+00
1.011364930519208949e+00 0.000000000000000000e+00
1.011314805100079095e+00 0.000000000000000000e+00
1.011263044460561700e+00 0.000000000000000000e+00
1.011209714415406191e+00 0.000000000000000000e+00
1.011154851978437463e+00 0.000000000000000000e+00
1.011098469232483810e+00 0.000000000000000000e+00
1.011040556193285145e+00 0.000000000000000000e+00
1.010981082877976389e+00 0.000000000000000000e+00
1.010920000729501611e+00 0.000000000000000000e+00
1.010857243504939662e+00 0.000000000000000000e+00
1.010792727703195837e+00 0.000000000000000000e+00
1.010726352582385967e+00 0.000000000000000000e+00
1.010657999797106132e+00 0.000000000000000000e+00
1.010587532668885125e+00 0.000000000000000000e+00
1.010514795088124584e+00 0.000000000000000000e+00
1.010439610031701241e+00 0.000000000000000000e+00
1.010361777666196836e+00 0.000000000000000000e+00
1.010281072991567664e+00 0.000000000000000000e+00
1.010197242963085218e+00 0.000000000000000000e+00
1.010110003009519808e+00 0.000000000000000000e+00
1.010019032841625641e+00 0.000000000000000000e+00
1.009923971415456867e+00 0.000000000000000000e+00
1.009824410877944389e+00 0.000000000000000000e+00
1.009719889274821814e+00 0.000000000000000000e+00
1.009609881739881754e+00 0.000000000000000000e+00
1.009493789804725372e+00 0.000000000000000000e+00
1.009370928362859132e+00 0.000000000000000000e+00
1.009240509681606168e+00 0.000000000000000000e+00
1.009101623666148084e+00 0.000000000000000000e+00
1.008953213322438813e+00 0.000000000000000000e+00
1.008794044010891122e+00 0.000000000000000000e+00
1.008622664587981888e+00 0.000000000000000000e+00
1.008437357833996462e+00 0.000000000000000000e+00
1.008236076563898465e+00 0.000000000000000000e+00
1.008016360362015584e+00 0.000000000000000000e+00
1.007775225727820967e+00 0.000000000000000000e+00
1.007509019177875054e+00 0.000000000000000000e+00
1.007213217869829869e+00 0.000000000000000000e+00
1.006882154498869975e+00 0.000000000000000000e+00
1.006508630648455860e+00 0.000000000000000000e+00
1.006083362011312765e+00 0.000000000000000000e+00
1.005594163528488405e+00 0.000000000000000000e+00
1.005024720148173678e+00 0.000000000000000000e+00
1.004352674599785056e+00 0.000000000000000000e+00
1.003546544286471498e+00 0.000000000000000000e+00
1.002560535804258413e+00 0.000000000000000000e+00
1.001325370092795097e+00 0.000000000000000000e+00
9.997310108902043302e-01 0.000000000000000000e+00
9.975915228732846751e-01 0.000000000000000000e+00
9.945659929842666225e-01 0.000000000000000000e+00
9.899545566457240708e-01 0.000000000000000000e+00
9.820571755558976657e-01 0.000000000000000000e+00
9.653937776558603190e-01 0.000000000000000000e+00
9.070484222319419310e-01 0.000000000000000000e+00
1.429032660661544440e+00 0.000000000000000000e+00
1.081774020141919035e+00 0.000000000000000000e+00
1.050046252850507233e+00 0.000000000000000000e+00
1.038135053518683959e+00 0.000000000000000000e+00
1.031889360795124944e+00 0.000000000000000000e+00
1.028041377224419906e+00 0.000000000000000000e+00
1.025431209470580640e+00 0.000000000000000000e+00
1.023543256665004009e+00 0.000000000000000000e+00
1.022113398879964663e+00 0.000000000000000000e+00
1.020992338205475525e+00 0.000000000000000000e+00
1.020089319274493533e+00 0.000000000000000000e+00
1.019345996726833459e+00 0.000000000000000000e+00
1.018723153656944769e+00 0.000000000000000000e+00
1.018193456665337004e+00 0.000000000000000000e+00
1.017737271941030253e+00 0.000000000000000000e+00
1.017340132786675122e+00 0.000000000000000000e+00
1.016991145046638234e+00 0.000000000000000000e+00
1.016681948757430343e+00 0.000000000000000000e+00
1.016406022102162909e+00 0.000000000000000000e+00
1.016158202878704397e+00 0.000000000000000000e+00
1.015934352110762218e+00 0.000000000000000000e+00
1.015731112871737229e+00 0.000000000000000000e+00
1.015545734302390812e+00 0.000000000000000000e+00
1.015375941154521788e+00 0.000000000000000000e+00
1.015219835694610717e+00 0.000000000000000000e+00
1.015075822981229114e+00 0.000000000000000000e+00
1.014942553274151837e+00 0.000000000000000000e+00
1.014818877169354705e+00 0.000000000000000000e+00
1.014703810304397047e+00 0.000000000000000000e+00
1.014596505343731137e+00 0.000000000000000000e+00
1.014496229560850393e+00 0.000000000000000000e+00
1.014402346766492213e+00 0.000000000000000000e+00
1.014314302643730681e+00 0.000000000000000000e+00
1.014231612778147218e+00 0.000000000000000000e+00
1.014153852838992398e+00 0.000000000000000000e+00
1.014080650492382496e+00 0.000000000000000000e+00
1.014011678721927767e+00 0.000000000000000000e+00
1.013946650304111907e+00 0.000000000000000000e+00
1.013885313241249753e+00 0.000000000000000000e+00
1.013827446998226911e+00 0.000000000000000000e+00
1.013772859423698769e+00 0.000000000000000000e+00
1.013721384264372194e+00 0.000000000000000000e+00
1.013672879204263522e+00 0.000000000000000000e+00
1.013627224380891922e+00 0.000000000000000000e+00
1.013584321348488970e+00 0.000000000000000000e+00
1.013544092475607394e+00 0.000000000000000000e+00
1.013506480782119912e+00 0.000000000000000000e+00
1.013471450239756377e+00 0.000000000000000000e+00
1.013438986582502199e+00 0.000000000000000000e+00
1.013409098700275512e+00 0.000000000000000000e+00
1.013381820723885829e+00 0.000000000000000000e+00
1.013357214955007635e+00 0.000000000000000000e+00
1.013335375857063569e+00 0.000000000000000000e+00
1.013316435409401972e+00 0.000000000000000000e+00
1.013300570249991095e+00 0.000000000000000000e+00
1.013288011209696915e+00 0.000000000000000000e+00
1.013279056103620457e+00 0.000000000000000000e+00
1.013274087039852001e+00 0.000000000000000000e+00
1.013273594112676923e+00 0.000000000000000000e+00
1.013278208300579575e+00 0.000000000000000000e+00
1.013288747924856237e+00 0.000000000000000000e+00
1.013306285566544451e+00 0.000000000000000000e+00
1.013332246678732673e+00 0.000000000000000000e+00
1.013368558801349018e+00 0.000000000000000000e+00
1.013417884392025847e+00 0.000000000000000000e+00
1.013483997448682228e+00 0.000000000000000000e+00
1.013572419281793868e+00 0.000000000000000000e+00
1.013691548272799503e+00 0.000000000000000000e+00
1.013854797848316114e+00 0.000000000000000000e+00
1.014084975572328240e+00 0.000000000000000000e+00
1.014424224052593360e+00 0.000000000000000000e+00
1.014959977523405277e+00 0.000000000000000000e+00
1.015908086836402102e+00 0.000000000000000000e+00
1.017985203627200796e+00 0.000000000000000000e+00
1.025866224574250252e+00 0.000000000000000000e+00
9.764161140897814617e-01 0.000000000000000000e+00
1.004451552728711006e+00 0.000000000000000000e+00
1.007828651529693920e+00 0.000000000000000000e+00
1.009130222742509853e+00 0.000000000000000000e+00
1.009812730739396036e+00 0.000000000000000000e+00
1.010228359489430794e+00 0.000000000000000000e+00
1.010504810252613073e+00 0.000000000000000000e+00
1.010699569276915399e+00 0.000000000000000000e+00
1.010842330082401652e+00 0.000000000000000000e+00
1.010949974995655642e+00 0.000000000000000000e+00
1.011032808969981600e+00 0.000000000000000000e+00
1.011097476276528351e+00 0.000000000000000000e+00
1.011148451590592412e+00 0.000000000000000000e+00
1.011188857161352761e+00 0.000000000000000000e+00
1.011220936514386937e+00 0.000000000000000000e+00
1.011246342078100824e+00 0.000000000000000000e+00
1.011266316762887918e+00 0.000000000000000000e+00
1.011281812462250684e+00 0.000000000000000000e+00
1.011293569635731915e+00 0.000000000000000000e+00
1.011302172106347319e+00 0.000000000000000000e+00
1.011308085628907838e+00 0.000000000000000000e+00
1.011311685568165197e+00 0.000000000000000000e+00
1.011313277108196074e+00 0.000000000000000000e+00
1.011313110238349244e+00 0.000000000000000000e+00
1.011311391020998318e+00 0.000000000000000000e+00
1.011308290169774526e+00 0.000000000000000000e+00
1.011303949653595602e+00 0.000000000000000000e+00
1.011298487831832960e+00 0.000000000000000000e+00
1.011292003482789692e+00 0.000000000000000000e+00
1.011284578988485450e+00 0.000000000000000000e+00
1.011276282869022936e+00 0.000000000000000000e+00
1.011267171810109167e+00 0.000000000000000000e+00
1.011257292291440457e+00 0.000000000000000000e+00
1.011246681897442823e+00 0.000000000000000000e+00
1.011235370372474129e+00 0.000000000000000000e+00
1.011223380468117883e+00 0.000000000000000000e+00
1.011210728619217791e+00 0.000000000000000000e+00
1.011197425476930700e+00 0.000000000000000000e+00
1.011183476320556052e+00 0.000000000000000000e+00
1.011168881364791439e+00 0.000000000000000000e+00
1.011153635974966880e+00 0.000000000000000000e+00
1.011137730799465118e+00 0.000000000000000000e+00
1.011121151825745024e+00 0.000000000000000000e+00
1.011103880363960261e+00 0.000000000000000000e+00
1.011085892960012167e+00 0.000000000000000000e+00
1.011067161237859890e+00 0.000000000000000000e+00
1.011047651668949277e+00 0.000000000000000000e+00
1.011027325264617582e+00 0.000000000000000000e+00
1.011006137185212816e+00 0.000000000000000000e+00
1.010984036257309038e+00 0.000000000000000000e+00
1.010960964387732197e+00 0.000000000000000000e+00
1.010936855859972505e+00 0.000000000000000000e+00
1.010911636494834287e+00 0.000000000000000000e+00
1.010885222652621929e+00 0.000000000000000000e+00
1.010857520048593639e+00 0.000000000000000000e+00
1.010828422346449873e+00 0.000000000000000000e+00
1.010797809485891374e+00 0.000000000000000000e+00
1.010765545689194189e+00 0.000000000000000000e+00
1.010731477077556617e+00 0.000000000000000000e+00
1.010695428809667451e+00 0.000000000000000000e+00
1.010657201631117497e+00 0.000000000000000000e+00
1.010616567691996925e+00 0.000000000000000000e+00
1.010573265448604596e+00 0.000000000000000000e+00
1.010526993409805785e+00 0.000000000000000000e+00
1.010477402413801240e+00 0.000000000000000000e+00
1.010424086019012568e+00 0.000000000000000000e+00
1.010366568451941172e+00 0.000000000000000000e+00
1.010304289358083141e+00 0.000000000000000000e+00
1.010236584323474185e+00 0.000000000000000000e+00
1.010162659734633372e+00 0.000000000000000000e+00
1.010081559961867770e+00 0.000000000000000000e+00
1.009992123987068835e+00 0.000000000000000000e+00
1.009892927293118303e+00 0.000000000000000000e+00
1.009782202823704012e+00 0.000000000000000000e+00
1.009657731659999724e+00 0.000000000000000000e+00
1.009516688957281305e+00 0.000000000000000000e+00
1.009355422219410325e+00 0.000000000000000000e+00
1.009169124507364845e+00 0.000000000000000000e+00
1.008951339520754997e+00 0.000000000000000000e+00
1.008693188177557376e+00 0.000000000000000000e+00
1.008382114934553986e+00 0.000000000000000000e+00
1.007999765766637967e+00 0.000000000000000000e+00
1.007518204555352570e+00 0.000000000000000000e+00
1.006892722162181286e+00 0.000000000000000000e+00
1.006047026157474544e+00 0.000000000000000000e+00
1.004839372319454416e+00 0.000000000000000000e+00
1.002973214014095449e+00 0.000000000000000000e+00
9.997065086677527912e-01 0.000000000000000000e+00
9.925119933364847657e-01 0.000000000000000000e+00
9.636066786069954482e-01 0.000000000000000000e+00
1.106056706195511330e+00 0.000000000000000000e+00
1.035473518506661250e+00 0.000000000000000000e+00
1.025285299157414842e+00 0.000000000000000000e+00
1.021202253941243754e+00 0.000000000000000000e+00
1.019001729007228851e+00 0.000000000000000000e+00
1.017625674367738542e+00 0.000000000000000000e+00
1.016683859810762813e+00 0.000000000000000000e+00
1.015998793213578777e+00 0.000000000000000000e+00
1.015478139451046591e+00 0.000000000000000000e+00
1.015069120365733157e+00 0.000000000000000000e+00
1.014739381872864055e+00 0.000000000000000000e+00
1.014467986658468268e+00 0.000000000000000000e+00
1.014240787388880349e+00 0.000000000000000000e+00
1.014047881358408620e+00 0.000000000000000000e+00
1.013882130345399313e+00 0.000000000000000000e+00
1.013738259514716411e+00 0.000000000000000000e+00
1.013612287266272505e+00 0.000000000000000000e+00
1.013501152410677841e+00 0.000000000000000000e+00
1.013402463346886107e+00 0.000000000000000000e+00
1.013314325079438083e+00 0.000000000000000000e+00
1.013235217285038958e+00 0.000000000000000000e+00
1.013163906682893245e+00 0.000000000000000000e+00
1.013099382960816364e+00 0.000000000000000000e+00
1.013040811193814950e+00 0.000000000000000000e+00
1.012987496013953326e+00 0.000000000000000000e+00
1.012938854287670498e+00 0.000000000000000000e+00
1.012894394042443080e+00 0.000000000000000000e+00
1.012853698045980133e+00 0.000000000000000000e+00
1.012816410892475760e+00 0.000000000000000000e+00
1.012782228763432046e+00 0.000000000000000000e+00
1.012750891250813190e+00 0.000000000000000000e+00
1.012722174787424212e+00 0.000000000000000000e+00
1.012695887342975887e+00 0.000000000000000000e+00
1.012671864127399068e+00 0.000000000000000000e+00
1.012649964104532341e+00 0.000000000000000000e+00
1.012630067165469105e+00 0.000000000000000000e+00
1.012612071845936157e+00 0.000000000000000000e+00
1.012595893499114608e+00 0.000000000000000000e+00
1.012581462856538383e+00 0.000000000000000000e+00
1.012568724926710795e+00 0.000000000000000000e+00
1.012557638195092702e+00 0.000000000000000000e+00
1.012548174101087994e+00 0.000000000000000000e+00
1.012540316778332228e+00 0.000000000000000000e+00
1.012534063054680411e+00 0.000000000000000000e+00
1.012529422718377203e+00 0.000000000000000000e+00
1.012526419067647732e+00 0.000000000000000000e+00
1.012525089773079978e+00 0.000000000000000000e+00
1.012525488096546633e+00 0.000000000000000000e+00
1.012527684528153671e+00 0.000000000000000000e+00
1.012531768925302167e+00 0.000000000000000000e+00
1.012537853267458932e+00 0.000000000000000000e+00
1.012546075179567628e+00 0.000000000000000000e+00
1.012556602430391584e+00 0.000000000000000000e+00
1.012569638685614892e+00 0.000000000000000000e+00
1.012585430898413019e+00 0.000000000000000000e+00
1.012604278866351848e+00 0.000000000000000000e+00
1.012626547694343015e+00 0.000000000000000000e+00
1.012652684212698828e+00 0.000000000000000000e+00
1.012683238861157964e+00 0.000000000000000000e+00
1.012718895252696205e+00 0.000000000000000000e+00
1.012760510723638152e+00 0.000000000000000000e+00
1.012809172915088318e+00 0.000000000000000000e+00
1.012866280269095975e+00 0.000000000000000000e+00
1.012933659092972061e+00 0.000000000000000000e+00
1.013013738127061636e+00 0.000000000000000000e+00
1.013109816473962921e+00 0.000000000000000000e+00
1.013226488806089343e+00 0.000000000000000000e+00
1.013370347205160282e+00 0.000000000000000000e+00
1.013551195092267321e+00 0.000000000000000000e+00
1.013784269463770427e+00 0.000000000000000000e+00
1.014094605470301724e+00 0.000000000000000000e+00
1.014526414075022309e+00 0.000000000000000000e+00
1.015165780686359653e+00 0.000000000000000000e+00
1.016205608571324026e+00 0.000000000000000000e+00
1.018185779071041352e+00 0.000000000000000000e+00
1.023410686047203200e+00 0.000000000000000000e+00
1.075357275829960546e+00 0.000000000000000000e+00
9.934299700849337222e-01 0.000000000000000000e+00
1.003751850717379934e+00 0.000000000000000000e+00
1.006634644862700378e+00 0.000000000000000000e+00
1.007988625582194819e+00 0.000000000000000000e+00
1.008774213819680687e+00 0.000000000000000000e+00
1.009286731865085107e+00 0.000000000000000000e+00
1.009647169982487158e+00 0.000000000000000000e+00
1.009914281062717079e+00 0.000000000000000000e+00
1.010120039164168038e+00 0.000000000000000000e+00
1.010283335719757369e+00 0.000000000000000000e+00
1.010416049881027734e+00 0.000000000000000000e+00
1.010526025989737064e+00 0.000000000000000000e+00
1.010618652753553670e+00 0.000000000000000000e+00
1.010697754636596946e+00 0.000000000000000000e+00
1.010766121295132436e+00 0.000000000000000000e+00
1.010825835661719463e+00 0.000000000000000000e+00
1.010878484694557322e+00 0.000000000000000000e+00
1.010925298997792821e+00 0.000000000000000000e+00
1.010967247831594307e+00 0.000000000000000000e+00
1.011005105303285578e+00 0.000000000000000000e+00
1.011039497450372471e+00 0.000000000000000000e+00
1.011070936358893446e+00 0.000000000000000000e+00
1.011099845302796396e+00 0.000000000000000000e+00
1.011126577549109840e+00 0.000000000000000000e+00
1.011151430619857017e+00 0.000000000000000000e+00
1.011174657245996755e+00 0.000000000000000000e+00
1.011196473879796942e+00 0.000000000000000000e+00
1.011217067382743862e+00 0.000000000000000000e+00
1.011236600334783686e+00 0.000000000000000000e+00
1.011255215291217313e+00 0.000000000000000000e+00
1.011273038229085763e+00 0.000000000000000000e+00
1.011290181364387530e+00 0.000000000000000000e+00
1.011306745477659419e+00 0.000000000000000000e+00
1.011322821853404719e+00 0.000000000000000000e+00
1.011338493915188819e+00 0.000000000000000000e+00
1.011353838620651757e+00 0.000000000000000000e+00
1.011368927667544604e+00 0.000000000000000000e+00
1.011383828552066433e+00 0.000000000000000000e+00
1.011398605513446514e+00 0.000000000000000000e+00
1.011413320393287352e+00 0.000000000000000000e+00
1.011428033434287554e+00 0.000000000000000000e+00
1.011442804040272980e+00 0.000000000000000000e+00
1.011457691517840596e+00 0.000000000000000000e+00
1.011472755819213587e+00 0.000000000000000000e+00
1.011488058306106330e+00 0.000000000000000000e+00
1.011503662555501837e+00 0.000000000000000000e+00
1.011519635230353709e+00 0.000000000000000000e+00
1.011536047041486031e+00 0.000000000000000000e+00
1.011552973831636892e+00 0.000000000000000000e+00
1.011570497819047176e+00 0.000000000000000000e+00
1.011588709046744583e+00 0.000000000000000000e+00
1.011607707095506070e+00 0.000000000000000000e+00
1.011627603134423792e+00 0.000000000000000000e+00
1.011648522404642314e+00 0.000000000000000000e+00
1.011670607261334842e+00 0.000000000000000000e+00
1.011694020939615912e+00 0.000000000000000000e+00
1.011718952266588811e+00 0.000000000000000000e+00
1.011745621621233937e+00 0.000000000000000000e+00
1.011774288557189649e+00 0.000000000000000000e+00
1.011805261667400924e+00 0.000000000000000000e+00
1.011838911510430039e+00 0.000000000000000000e+00
1.011875687778186039e+00 0.000000000000000000e+00
1.011916142433169297e+00 0.000000000000000000e+00
1.011960961396327852e+00 0.000000000000000000e+00
1.012011008724672978e+00 0.000000000000000000e+00
1.012067389436522635e+00 0.000000000000000000e+00
1.012131540873594693e+00 0.000000000000000000e+00
1.012205368972807440e+00 0.000000000000000000e+00
1.012291457513635029e+00 0.000000000000000000e+00
1.012393400415592559e+00 0.000000000000000000e+00
1.012516350695652934e+00 0.000000000000000000e+00
1.012667971003800016e+00 0.000000000000000000e+00
1.012860176073185237e+00 0.000000000000000000e+00
1.013112560949614327e+00 0.000000000000000000e+00
1.013459783613363641e+00 0.000000000000000000e+00
1.013969490108797000e+00 0.000000000000000000e+00
1.014793832257936623e+00 0.000000000000000000e+00
1.016361384862942918e+00 0.000000000000000000e+00
1.020527356084685699e+00 0.000000000000000000e+00
1.065953058661426311e+00 0.000000000000000000e+00
9.976013342151874852e-01 0.000000000000000000e+00
1.005272182356766297e+00 0.000000000000000000e+00
1.007465908941284294e+00 0.000000000000000000e+00
1.008508542091699267e+00 0.000000000000000000e+00
1.009119877711829094e+00 0.000000000000000000e+00
1.009523168540160665e+00 0.000000000000000000e+00
1.009810316597936852e+00 0.000000000000000000e+00
1.010026090079310324e+00 0.000000000000000000e+00
1.010194909091358895e+00 0.000000000000000000e+00
1.010331229272708464e+00 0.000000000000000000e+00
1.010444155890463991e+00 0.000000000000000000e+00
1.010539711484104375e+00 0.000000000000000000e+00
1.010622040436651270e+00 0.000000000000000000e+00
1.010694089777727456e+00 0.000000000000000000e+00
1.010758013975402214e+00 0.000000000000000000e+00
1.010815426014527452e+00 0.000000000000000000e+00
1.010867558816850309e+00 0.000000000000000000e+00
1.010915372266891987e+00 0.000000000000000000e+00
1.010959626100558673e+00 0.000000000000000000e+00
1.011000930728396252e+00 0.000000000000000000e+00
1.011039783422254423e+00 0.000000000000000000e+00
1.011076594568055098e+00 0.000000000000000000e+00
1.011111707037485763e+00 0.000000000000000000e+00
1.011145410705547754e+00 0.000000000000000000e+00
1.011177953487371051e+00 0.000000000000000000e+00
1.011209549842227107e+00 0.000000000000000000e+00
1.011240387410142771e+00 0.000000000000000000e+00
1.011270632255533375e+00 0.000000000000000000e+00
1.011300433061040449e+00 0.000000000000000000e+00
1.011329924523263646e+00 0.000000000000000000e+00
1.011359230137402365e+00 0.000000000000000000e+00
1.011388464511575602e+00 0.000000000000000000e+00
1.011417735318161482e+00 0.000000000000000000e+00
1.011447144965118339e+00 0.000000000000000000e+00
1.011476792052352858e+00 0.000000000000000000e+00
1.011506772665010434e+00 0.000000000000000000e+00
1.011537181545826281e+00 0.000000000000000000e+00
1.011568113181549267e+00 0.000000000000000000e+00
1.011599662833298829e+00 0.000000000000000000e+00
1.011631927537119502e+00 0.000000000000000000e+00
1.011665007098665470e+00 0.000000000000000000e+00
1.011699005104659710e+00 0.000000000000000000e+00
1.011734029973440974e+00 0.000000000000000000e+00
1.011770196067433902e+00 0.000000000000000000e+00
1.011807624891786883e+00 0.000000000000000000e+00
1.011846446405730182e+00 0.000000000000000000e+00
1.011886800476551773e+00 0.000000000000000000e+00
1.011928838510579798e+00 0.000000000000000000e+00
1.011972725301477416e+00 0.000000000000000000e+00
1.012018641143786368e+00 0.000000000000000000e+00
1.012066784269432640e+00 0.000000000000000000e+00
1.012117373677426935e+00 0.000000000000000000e+00
1.012170652443020069e+00 0.000000000000000000e+00
1.012226891613162705e+00 0.000000000000000000e+00
1.012286394821703128e+00 0.000000000000000000e+00
1.012349503792262739e+00 0.000000000000000000e+00
1.012416604941849041e+00 0.000000000000000000e+00
1.012488137357685281e+00 0.000000000000000000e+00
1.012564602498648769e+00 0.000000000000000000e+00
1.012646576078475746e+00 0.000000000000000000e+00
1.012734722730993964e+00 0.000000000000000000e+00
1.012829814253342731e+00 0.000000000000000000e+00
1.012932752493779454e+00 0.000000000000000000e+00
1.013044598329540413e+00 0.000000000000000000e+00
1.013166608717638972e+00 0.000000000000000000e+00
1.013300284574730092e+00 0.000000000000000000e+00
1.013447433372112183e+00 0.000000000000000000e+00
1.013610252011290624e+00 0.000000000000000000e+00
1.013791438087998875e+00 0.000000000000000000e+00
1.013994341580962688e+00 0.000000000000000000e+00
1.014223175209471028e+00 0.000000000000000000e+00
1.014483311761804618e+00 0.000000000000000000e+00
1.014781713454458556e+00 0.000000000000000000e+00
1.015127567195104552e+00 0.000000000000000000e+00
1.015533250963093659e+00 0.000000000000000000e+00
1.016015851822766658e+00 0.000000000000000000e+00
1.016599641567899281e+00 0.000000000000000000e+00
1.017320297619737968e+00 0.000000000000000000e+00
1.018232495706266061e+00 0.000000000000000000e+00
1.019424499362292957e+00 0.000000000000000000e+00
1.021048633593747867e+00 0.000000000000000000e+00
1.023392291403292687e+00 0.000000000000000000e+00
1.027070285971419805e+00 0.000000000000000000e+00
1.033676834059188199e+00 0.000000000000000000e+00
1.049026565706896674e+00 0.000000000000000000e+00
1.124453849282834650e+00 0.000000000000000000e+00
8.914193353705937017e-01 0.000000000000000000e+00
9.713851018422224870e-01 0.000000000000000000e+00
9.870978376385655118e-01 0.000000000000000000e+00
9.938045122645862151e-01 0.000000000000000000e+00
9.975238475874067534e-01 0.000000000000000000e+00
9.998885821221944470e-01 0.000000000000000000e+00
1.001525000142908128e+00 0.000000000000000000e+00
1.002724882956813612e+00 0.000000000000000000e+00
1.003642529625103474e+00 0.000000000000000000e+00
1.004367199951680556e+00 0.000000000000000000e+00
1.004954118305837474e+00 0.000000000000000000e+00
1.005439286179073965e+00 0.000000000000000000e+00
1.005847178549425180e+00 0.000000000000000000e+00
1.006195016940710341e+00 0.000000000000000000e+00
1.006495273071623675e+00 0.000000000000000000e+00
1.006757202766315196e+00 0.000000000000000000e+00
1.006987821825322538e+00 0.000000000000000000e+00
1.007192547238017877e+00 0.000000000000000000e+00
1.007375630469876215e+00 0.000000000000000000e+00
1.007540457543845580e+00 0.000000000000000000e+00
1.007689761471312062e+00 0.000000000000000000e+00
1.007825775642194888e+00 0.000000000000000000e+00
1.007950346624062465e+00 0.000000000000000000e+00
1.008065018559580084e+00 0.000000000000000000e+00
1.008171097400522243e+00 0.000000000000000000e+00
1.008269700672717706e+00 0.000000000000000000e+00
1.008361796803941779e+00 0.000000000000000000e+00
1.008448236953511268e+00 0.000000000000000000e+00
1.008529781571013029e+00 0.000000000000000000e+00
1.008607123472245126e+00 0.000000000000000000e+00
1.008680908995025494e+00 0.000000000000000000e+00
1.008751758768917650e+00 0.000000000000000000e+00
1.008820289825850702e+00 0.000000000000000000e+00
1.008887141274488863e+00 0.000000000000000000e+00
1.008953006736292179e+00 0.000000000000000000e+00
1.009018678551593551e+00 0.000000000000000000e+00
1.009085112134143314e+00 0.000000000000000000e+00
1.009153525310634070e+00 0.000000000000000000e+00
1.009225560422499557e+00 0.000000000000000000e+00
1.009303564434035350e+00 0.000000000000000000e+00
1.009391104892680469e+00 0.000000000000000000e+00
1.009493995446342440e+00 0.000000000000000000e+00
1.009622538622260590e+00 0.000000000000000000e+00
1.009797093515687916e+00 0.000000000000000000e+00
1.010064615354581363e+00 0.000000000000000000e+00
1.010563745514176270e+00 0.000000000000000000e+00
1.011964032867318286e+00 0.000000000000000000e+00
1.076017403808660289e+00 0.000000000000000000e+00
1.006143075024547917e+00 0.000000000000000000e+00
1.007733219600247976e+00 0.000000000000000000e+00
1.008262560536441033e+00 0.000000000000000000e+00
1.008534840526450038e+00 0.000000000000000000e+00
1.008705161539287243e+00 0.000000000000000000e+00
1.008824494141416173e+00 0.000000000000000000e+00
1.008914523404883967e+00 0.000000000000000000e+00
1.008986051301985043e+00 0.000000000000000000e+00
1.009045070962807378e+00 0.000000000000000000e+00
1.009095180471280218e+00 0.000000000000000000e+00
1.009138674889782594e+00 0.000000000000000000e+00
1.009177090360653617e+00 0.000000000000000000e+00
1.009211496308695999e+00 0.000000000000000000e+00
1.009242662081944797e+00 0.000000000000000000e+00
1.009271156791533786e+00 0.000000000000000000e+00
1.009297411651104870e+00 0.000000000000000000e+00
1.009321760292727133e+00 0.000000000000000000e+00
1.009344465641337507e+00 0.000000000000000000e+00
1.009365738308297455e+00 0.000000000000000000e+00
1.009385749476392036e+00 0.000000000000000000e+00
1.009404640114194507e+00 0.000000000000000000e+00
1.009422527688282667e+00 0.000000000000000000e+00
1.009439511134775813e+00 0.000000000000000000e+00
1.009455674597539154e+00 0.000000000000000000e+00
1.009471090277899386e+00 0.000000000000000000e+00
1.009485820634545838e+00 0.000000000000000000e+00
1.009499920101555315e+00 0.000000000000000000e+00
1.009513436444502865e+00 0.000000000000000000e+00
1.009526411841548343e+00 0.000000000000000000e+00
1.009538883753244853e+00 0.000000000000000000e+00
1.009550885628389683e+00 0.000000000000000000e+00
1.009562447481439973e+00 0.000000000000000000e+00
1.009573596368427584e+00 0.000000000000000000e+00
1.009584356781996428e+00 0.000000000000000000e+00
1.009594750981491984e+00 0.000000000000000000e+00
1.009604799270515940e+00 0.000000000000000000e+00
1.009614520231691737e+00 0.000000000000000000e+00
1.009623930926351276e+00 0.000000000000000000e+00
1.009633047065284117e+00 0.000000000000000000e+00
1.009641883155481423e+00 0.000000000000000000e+00
1.009650452626847716e+00 0.000000000000000000e+00
1.009658767942112068e+00 0.000000000000000000e+00
1.009666840692579060e+00 0.000000000000000000e+00
1.009674681681881570e+00 0.000000000000000000e+00
1.009682300999528604e+00 0.000000000000000000e+00
1.009689708085728332e+00 0.000000000000000000e+00
1.009696911788725338e+00 0.000000000000000000e+00
1.009703920415687239e+00 0.000000000000000000e+00
1.009710741778010901e+00 0.000000000000000000e+00
1.009717383231785837e+00 0.000000000000000000e+00
1.009723851714037224e+00 0.000000000000000000e+00
1.009730153775278527e+00 0.000000000000000000e+00
1.009736295608832268e+00 0.000000000000000000e+00
1.009742283077301295e+00 0.000000000000000000e+00
1.009748121736531168e+00 0.000000000000000000e+00
1.009753816857349218e+00 0.000000000000000000e+00
