1.005862679999999898e+00
1.000635289999999955e+00
1.001928680000000016e+00
1.014480409999999999e+00
1.002280389999999910e+00
1.046561000000000075e+00
1.003175029999999968e+00
1.001081410000000060e+00
1.001103829999999917e+00
1.004265940000000024e+00
1.021041319999999919e+00
1.002050150000000084e+00
1.001501420000000087e+00
1.002692410000000089e+00
1.020555550000000089e+00
1.007415010000000111e+00
1.002305219999999997e+00
1.006129040000000030e+00
1.003197019999999995e+00
1.001191350000000035e+00
1.001164409999999894e+00
1.002973780000000037e+00
1.009767679999999945e+00
1.002384390000000014e+00
1.001953660000000079e+00
1.003361079999999905e+00
1.015271550000000023e+00
1.012746759999999968e+00
1.002753549999999994e+00
1.001132480000000102e+00
