9.594905790027702386e-01
9.474719078670361672e-01
1.005562151689750827e+00
9.995528161218837360e-01
9.975497042659280389e-01
9.765170297783934972e-01
9.644983586426594258e-01
9.935434805540167558e-01
8.993972233240997705e-01
9.524796875069253543e-01
9.675030264265929159e-01
9.775185857063712902e-01
9.144205622437674430e-01
9.965481483379502459e-01
9.434656841551247730e-01
9.044050029639890687e-01
9.154221181717452360e-01
9.765170297783934972e-01
8.843738844044322089e-01
9.574874671468145415e-01
9.715092501385043100e-01
9.064081148199446547e-01
9.554843552908588444e-01
9.394594604432133789e-01
9.885357009141275686e-01
9.014003351800554675e-01
9.624952467867037287e-01
9.244361215235458173e-01
9.254376774515236104e-01
9.034034470360111646e-01
9.705076942105264060e-01
9.394594604432133789e-01
9.995528161218837360e-01
9.354532367313020957e-01
9.284423452354572115e-01
9.705076942105264060e-01
8.873785521883656990e-01
9.304454570914127975e-01
9.875341449861496645e-01
9.174252300277009331e-01
8.763614369806095317e-01
9.344516808033241917e-01
8.663458777008311573e-01
8.953909996121884873e-01
9.434656841551247730e-01
8.973941114681441844e-01
8.963925555401662804e-01
9.094127826038782558e-01
9.154221181717452360e-01
8.653443217728532533e-01
8.803676606925209258e-01
8.693505454847646474e-01
8.773629929085873247e-01
8.453132032132965046e-01
8.443116472853186005e-01
8.102587457340720833e-01
7.892260712465374306e-01
7.992416305263159160e-01
7.922307390304710317e-01
7.401498307756233519e-01
7.231233800000000933e-01
6.700409158171746205e-01
6.480066854016621747e-01
8.643427658448754602e-01
1.438234312576177398e+00
1.450252983711911581e+00
1.313039821578947608e+00
1.339080275706371337e+00
1.218893564349030623e+00
1.165811100166205039e+00
1.113730191911357359e+00
1.151789317174515270e+00
1.105717744487534793e+00
1.037611941385041758e+00
1.093699073351800610e+00
1.065655507368421073e+00
1.046625944736842229e+00
1.012573043185595711e+00
1.044622832880886643e+00
9.675030264265929159e-01
1.035608829529085950e+00
1.001555927977839433e+00
9.735123619944598961e-01
9.304454570914127975e-01
1.030601049889196874e+00
9.705076942105264060e-01
9.875341449861496645e-01
9.454687960110804701e-01
9.805232534903047803e-01
9.775185857063712902e-01
9.815248094182826843e-01
9.144205622437674430e-01
9.845294772022161744e-01
9.484734637950139602e-01
9.104143385318560489e-01
9.154221181717452360e-01
9.254376774515236104e-01
9.234345655955680243e-01
9.574874671468145415e-01
9.705076942105264060e-01
8.933878877562327903e-01
9.354532367313020957e-01
9.394594604432133789e-01
9.574874671468145415e-01
9.104143385318560489e-01
8.693505454847646474e-01
8.933878877562327903e-01
8.963925555401662804e-01
9.174252300277009331e-01
8.993972233240997705e-01
9.154221181717452360e-01
8.453132032132965046e-01
8.443116472853186005e-01
8.262836405817175489e-01
8.082556338781163863e-01
7.701965086149585860e-01
8.162680813019391746e-01
8.443116472853186005e-01
1.016579266897507106e+00
1.183839106869806201e+00
1.225904455844875507e+00
1.315042933434903194e+00
1.297014926731302031e+00
1.262962025180055514e+00
1.228909123628808997e+00
1.251944909972299236e+00
1.193854666149584576e+00
1.215888896565097133e+00
1.108722412271468283e+00
1.105717744487534793e+00
1.135764422326869916e+00
1.090694405567867120e+00
1.140772201966759214e+00
1.078675734432133160e+00
1.089692849639889216e+00
1.066657063296398977e+00
1.110725524127423869e+00
1.016579266897507106e+00
1.068660175152354785e+00
1.045624388808864325e+00
1.092697517423822928e+00
1.048629056592797815e+00
1.072666398864265958e+00
1.057643059944598507e+00
1.016579266897507106e+00
1.096703741135734100e+00
9.835279212742383814e-01
1.063652395512465487e+00
1.025593270249307576e+00
1.027596382105263384e+00
1.015577710969529202e+00
1.028597938033241066e+00
1.016579266897507106e+00
1.042619721024930834e+00
1.072666398864265958e+00
9.875341449861496645e-01
1.025593270249307576e+00
1.045624388808864325e+00
9.634968027146815217e-01
9.254376774515236104e-01
9.574874671468145415e-01
9.915403686980610587e-01
1.033605717673130364e+00
1.039615053240997344e+00
9.384579045152355858e-01
9.785201416343491942e-01
9.905388127700832657e-01
1.082681958144044554e+00
1.001555927977839433e+00
9.995528161218837360e-01
9.785201416343491942e-01
9.324485689473684946e-01
9.825263653462604774e-01
9.955465924099724528e-01
1.050632168448753623e+00
9.695061382825486129e-01
1.003559039833795019e+00
9.835279212742383814e-01
9.775185857063712902e-01
9.104143385318560489e-01
1.042619721024930834e+00
9.825263653462604774e-01
9.484734637950139602e-01
1.000554372049861529e+00
9.795216975623269873e-01
9.915403686980610587e-01
9.164236740997231401e-01
9.584890230747923345e-01
9.254376774515236104e-01
9.695061382825486129e-01
9.735123619944598961e-01
9.905388127700832657e-01
9.755154738504155931e-01
9.695061382825486129e-01
9.204298978116344232e-01
9.544827993628809404e-01
9.454687960110804701e-01
9.284423452354572115e-01
9.524796875069253543e-01
9.915403686980610587e-01
9.224330096675901203e-01
9.925419246260388517e-01
9.705076942105264060e-01
9.574874671468145415e-01
9.434656841551247730e-01
8.843738844044322089e-01
9.324485689473684946e-01
9.184267859556787261e-01
9.214314537396123272e-01
8.783645488365652287e-01
8.783645488365652287e-01
8.383023117174516203e-01
8.322929761495845291e-01
8.583334302770083690e-01
9.074096707479225588e-01
8.112603016620499874e-01
8.072540779501385932e-01
8.282867524376732460e-01
7.471607222714682361e-01
7.752042882548477731e-01
7.451576104155125391e-01
7.691949526869806819e-01
8.352976439335181302e-01
9.274407893074793074e-01
1.057643059944598507e+00
1.218893564349030623e+00
1.325058492714681568e+00
1.308032041939058310e+00
1.284996255595568071e+00
1.266968248891966908e+00
1.235920015124653881e+00
1.274980696315789697e+00
1.251944909972299236e+00
1.190849998365651086e+00
1.153792429030471078e+00
1.170818879806094337e+00
1.096703741135734100e+00
1.182837550941828297e+00
1.164809544238227357e+00
1.098706852991689908e+00
1.076672622576177352e+00
1.101711520775623399e+00
1.134762866398892012e+00
1.104716188559556889e+00
1.095702185207756418e+00
1.075671066648199670e+00
1.148784649390581780e+00
1.103714632631578985e+00
1.145779981606648290e+00
1.067658619224376881e+00
1.067658619224376881e+00
1.082681958144044554e+00
1.066657063296398977e+00
1.073667954792243862e+00
1.054638392160665017e+00
1.117736415623268753e+00
1.041618165096952930e+00
1.060647727728531997e+00
1.140772201966759214e+00
1.102713076703601303e+00
1.049630612520775719e+00
1.005562151689750827e+00
9.905388127700832657e-01
1.064653951440443391e+00
1.027596382105263384e+00
1.040616609168975248e+00
1.046625944736842229e+00
1.039615053240997344e+00
1.003559039833795019e+00
1.008566819473684317e+00
1.070663287008310371e+00
1.050632168448753623e+00
1.032604161745152460e+00
1.058644615872576189e+00
1.089692849639889216e+00
1.006563707617728731e+00
9.705076942105264060e-01
1.039615053240997344e+00
1.058644615872576189e+00
1.021587046537396182e+00
1.046625944736842229e+00
9.634968027146815217e-01
1.021587046537396182e+00
1.026594826177285480e+00
1.003559039833795019e+00
1.045624388808864325e+00
1.054638392160665017e+00
1.010569931329639903e+00
9.775185857063712902e-01
1.010569931329639903e+00
1.007565263545706413e+00
1.012573043185595711e+00
1.026594826177285480e+00
9.935434805540167558e-01
1.041618165096952930e+00
1.027596382105263384e+00
9.765170297783934972e-01
1.073667954792243862e+00
1.002557483905817337e+00
1.027596382105263384e+00
9.785201416343491942e-01
9.735123619944598961e-01
1.042619721024930834e+00
1.019583934681440596e+00
1.020585490609418500e+00
9.915403686980610587e-01
1.002557483905817337e+00
9.785201416343491942e-01
1.010569931329639903e+00
1.037611941385041758e+00
1.007565263545706413e+00
1.007565263545706413e+00
1.027596382105263384e+00
1.057643059944598507e+00
1.001555927977839433e+00
1.005562151689750827e+00
1.046625944736842229e+00
9.685045823545707089e-01
9.725108060664821030e-01
1.027596382105263384e+00
1.034607273601108046e+00
1.016579266897507106e+00
1.024591714321329672e+00
1.016579266897507106e+00
9.564859112188366375e-01
1.031602605817174556e+00
1.005562151689750827e+00
9.825263653462604774e-01
1.006563707617728731e+00
1.024591714321329672e+00
1.117736415623268753e+00
1.102713076703601303e+00
1.076672622576177352e+00
1.060647727728531997e+00
1.093699073351800610e+00
1.045624388808864325e+00
1.164809544238227357e+00
1.174825103518005731e+00
1.092697517423822928e+00
1.057643059944598507e+00
1.086688181855955726e+00
1.173823547590027827e+00
1.080678846288088746e+00
1.146781537534626194e+00
1.110725524127423869e+00
1.034607273601108046e+00
1.056641504016620603e+00
1.045624388808864325e+00
1.106719300415512697e+00
1.094700629279778514e+00
1.084685070000000140e+00
1.044622832880886643e+00
1.047627500664820133e+00
1.038613497313019440e+00
1.040616609168975248e+00
1.060647727728531997e+00
1.061649283656509901e+00
1.099708408919667812e+00
1.097705297063712004e+00
9.905388127700832657e-01
1.041618165096952930e+00
1.039615053240997344e+00
1.051633724376731527e+00
9.715092501385043100e-01
9.905388127700832657e-01
1.042619721024930834e+00
1.075671066648199670e+00
9.975497042659280389e-01
1.008566819473684317e+00
1.055639948088642699e+00
1.074669510720221766e+00
1.067658619224376881e+00
1.071664842936288276e+00
1.060647727728531997e+00
1.054638392160665017e+00
1.062650839584487583e+00
1.052635280304709209e+00
9.885357009141275686e-01
1.015577710969529202e+00
1.065655507368421073e+00
1.005562151689750827e+00
1.026594826177285480e+00
1.007565263545706413e+00
1.022588602465374086e+00
1.071664842936288276e+00
1.064653951440443391e+00
9.654999145706372188e-01
1.000554372049861529e+00
1.025593270249307576e+00
1.030601049889196874e+00
1.059646171800554093e+00
1.028597938033241066e+00
1.032604161745152460e+00
1.063652395512465487e+00
1.071664842936288276e+00
1.024591714321329672e+00
1.067658619224376881e+00
1.006563707617728731e+00
1.019583934681440596e+00
1.014576155041551297e+00
1.025593270249307576e+00
1.084685070000000140e+00
1.055639948088642699e+00
1.016579266897507106e+00
1.052635280304709209e+00
1.034607273601108046e+00
1.091695961495845024e+00
1.079677290360110842e+00
1.062650839584487583e+00
9.975497042659280389e-01
1.035608829529085950e+00
1.012573043185595711e+00
1.006563707617728731e+00
1.014576155041551297e+00
1.060647727728531997e+00
1.036610385457063854e+00
1.063652395512465487e+00
1.047627500664820133e+00
1.073667954792243862e+00
9.955465924099724528e-01
1.026594826177285480e+00
9.825263653462604774e-01
1.013574599113573615e+00
1.020585490609418500e+00
1.034607273601108046e+00
1.058644615872576189e+00
9.825263653462604774e-01
1.060647727728531997e+00
1.017580822825484788e+00
1.104716188559556889e+00
1.021587046537396182e+00
1.052635280304709209e+00
1.077674178504155256e+00
9.685045823545707089e-01
9.915403686980610587e-01
1.014576155041551297e+00
1.013574599113573615e+00
9.825263653462604774e-01
1.031602605817174556e+00
1.016579266897507106e+00
1.003559039833795019e+00
1.028597938033241066e+00
1.011571487257617807e+00
1.038613497313019440e+00
9.945450364819945488e-01
1.002557483905817337e+00
1.038613497313019440e+00
1.032604161745152460e+00
1.027596382105263384e+00
1.023590158393351990e+00
1.036610385457063854e+00
9.815248094182826843e-01
9.765170297783934972e-01
1.000554372049861529e+00
1.072666398864265958e+00
1.018582378753462692e+00
9.915403686980610587e-01
1.024591714321329672e+00
1.002557483905817337e+00
1.008566819473684317e+00
1.065655507368421073e+00
1.024591714321329672e+00
9.795216975623269873e-01
1.040616609168975248e+00
1.001555927977839433e+00
1.009568375401662221e+00
9.675030264265929159e-01
9.905388127700832657e-01
1.064653951440443391e+00
1.004560595761772923e+00
1.044622832880886643e+00
1.075671066648199670e+00
9.765170297783934972e-01
9.985512601939059429e-01
9.835279212742383814e-01
9.925419246260388517e-01
1.017580822825484788e+00
1.035608829529085950e+00
9.584890230747923345e-01
1.035608829529085950e+00
1.004560595761772923e+00
9.995528161218837360e-01
9.995528161218837360e-01
1.012573043185595711e+00
9.574874671468145415e-01
9.825263653462604774e-01
9.905388127700832657e-01
9.985512601939059429e-01
1.037611941385041758e+00
9.614936908587258246e-01
1.020585490609418500e+00
9.935434805540167558e-01
9.604921349307480316e-01
9.825263653462604774e-01
1.027596382105263384e+00
1.057643059944598507e+00
9.855310331301939675e-01
1.009568375401662221e+00
1.008566819473684317e+00
1.029599493961218970e+00
9.765170297783934972e-01
1.026594826177285480e+00
9.875341449861496645e-01
1.007565263545706413e+00
9.795216975623269873e-01
1.031602605817174556e+00
1.006563707617728731e+00
1.007565263545706413e+00
1.061649283656509901e+00
1.083683514072022236e+00
1.024591714321329672e+00
9.965481483379502459e-01
1.017580822825484788e+00
1.051633724376731527e+00
1.014576155041551297e+00
9.995528161218837360e-01
1.041618165096952930e+00
9.945450364819945488e-01
1.018582378753462692e+00
1.066657063296398977e+00
1.012573043185595711e+00
9.564859112188366375e-01
1.005562151689750827e+00
1.024591714321329672e+00
1.011571487257617807e+00
1.007565263545706413e+00
9.554843552908588444e-01
1.060647727728531997e+00
9.815248094182826843e-01
1.050632168448753623e+00
1.051633724376731527e+00
1.013574599113573615e+00
1.004560595761772923e+00
1.008566819473684317e+00
1.043621276952908739e+00
1.073667954792243862e+00
9.825263653462604774e-01
1.011571487257617807e+00
9.785201416343491942e-01
1.006563707617728731e+00
1.003559039833795019e+00
9.925419246260388517e-01
1.022588602465374086e+00
9.905388127700832657e-01
9.885357009141275686e-01
9.164236740997231401e-01
1.032604161745152460e+00
9.504765756509696573e-01
1.023590158393351990e+00
1.026594826177285480e+00
9.614936908587258246e-01
1.050632168448753623e+00
1.024591714321329672e+00
9.845294772022161744e-01
1.026594826177285480e+00
1.033605717673130364e+00
1.001555927977839433e+00
9.204298978116344232e-01
9.725108060664821030e-01
9.935434805540167558e-01
1.008566819473684317e+00
9.474719078670361672e-01
9.835279212742383814e-01
1.013574599113573615e+00
1.027596382105263384e+00
1.003559039833795019e+00
9.705076942105264060e-01
9.995528161218837360e-01
9.945450364819945488e-01
9.554843552908588444e-01
9.895372568421053616e-01
1.032604161745152460e+00
1.028597938033241066e+00
9.735123619944598961e-01
1.008566819473684317e+00
9.985512601939059429e-01
1.023590158393351990e+00
1.013574599113573615e+00
1.006563707617728731e+00
9.604921349307480316e-01
9.755154738504155931e-01
1.066657063296398977e+00
1.001555927977839433e+00
1.027596382105263384e+00
9.364547926592798888e-01
9.624952467867037287e-01
9.544827993628809404e-01
1.059646171800554093e+00
9.745139179224378001e-01
9.815248094182826843e-01
9.885357009141275686e-01
9.825263653462604774e-01
1.004560595761772923e+00
1.007565263545706413e+00
9.905388127700832657e-01
9.965481483379502459e-01
9.975497042659280389e-01
9.464703519390582631e-01
9.875341449861496645e-01
9.985512601939059429e-01
1.012573043185595711e+00
9.665014704986150118e-01
1.002557483905817337e+00
9.965481483379502459e-01
1.026594826177285480e+00
9.634968027146815217e-01
9.755154738504155931e-01
1.028597938033241066e+00
1.045624388808864325e+00
1.048629056592797815e+00
1.058644615872576189e+00
9.915403686980610587e-01
1.056641504016620603e+00
1.081680402216066650e+00
1.082681958144044554e+00
1.068660175152354785e+00
1.050632168448753623e+00
1.049630612520775719e+00
1.043621276952908739e+00
1.077674178504155256e+00
1.114731747839335263e+00
1.013574599113573615e+00
1.065655507368421073e+00
1.041618165096952930e+00
1.051633724376731527e+00
9.935434805540167558e-01
1.073667954792243862e+00
1.077674178504155256e+00
1.084685070000000140e+00
1.045624388808864325e+00
1.039615053240997344e+00
9.604921349307480316e-01
1.051633724376731527e+00
1.067658619224376881e+00
1.079677290360110842e+00
1.075671066648199670e+00
1.057643059944598507e+00
1.095702185207756418e+00
1.067658619224376881e+00
1.069661731080332467e+00
1.033605717673130364e+00
1.030601049889196874e+00
1.052635280304709209e+00
1.014576155041551297e+00
1.041618165096952930e+00
1.046625944736842229e+00
1.018582378753462692e+00
1.102713076703601303e+00
1.062650839584487583e+00
1.021587046537396182e+00
1.039615053240997344e+00
1.142775313822714800e+00
9.935434805540167558e-01
1.067658619224376881e+00
1.000554372049861529e+00
9.995528161218837360e-01
1.092697517423822928e+00
1.013574599113573615e+00
1.053636836232687113e+00
1.038613497313019440e+00
1.035608829529085950e+00
1.033605717673130364e+00
9.985512601939059429e-01
1.022588602465374086e+00
1.038613497313019440e+00
1.017580822825484788e+00
1.039615053240997344e+00
1.032604161745152460e+00
1.002557483905817337e+00
1.031602605817174556e+00
