1.009635144736842127e+00
9.685531308864266942e-01
9.390812513850416154e-01
9.819494397506925987e-01
9.658738691135735355e-01
9.431001440443214090e-01
9.640876945983379853e-01
1.005616252077562445e+00
9.765909162049862813e-01
9.390812513850416154e-01
1.003383533933517979e+00
9.623015200831025462e-01
9.564964529085873135e-01
9.511379293628809961e-01
9.636411509695291810e-01
9.792701779778394400e-01
9.390812513850416154e-01
9.511379293628809961e-01
9.926664868421053445e-01
9.332761842105263828e-01
9.029112174515235845e-01
9.520310166204987157e-01
9.493517548476455570e-01
9.913268559556787096e-01
9.819494397506925987e-01
9.667669563711912550e-01
9.605153455678671071e-01
9.596222583102493875e-01
9.480121239612189221e-01
9.346158150969530176e-01
9.672135000000000593e-01
9.797167216066482442e-01
9.877545069252078314e-01
9.770374598337950856e-01
9.252383988919667956e-01
9.739116544321330116e-01
9.676600436288089746e-01
9.417605131578947741e-01
9.573895401662050331e-01
9.761443725761773660e-01
9.426536004155124937e-01
9.765909162049862813e-01
9.663204127423823397e-01
9.828425270083103182e-01
9.877545069252078314e-01
9.649807818559557049e-01
9.832890706371192335e-01
9.801632652354571595e-01
9.431001440443214090e-01
9.640876945983379853e-01
9.654273254847646202e-01
9.631946073407202658e-01
9.609618891966760224e-01
9.404208822714682503e-01
9.457794058171745677e-01
9.408674259002770546e-01
9.372950768698061763e-01
9.480121239612189221e-01
9.623015200831025462e-01
9.457794058171745677e-01
9.314900096952909436e-01
9.109490027700831716e-01
9.337227278393352981e-01
9.716789362880887682e-01
9.417605131578947741e-01
9.484586675900277264e-01
9.667669563711912550e-01
9.756978289473684507e-01
9.314900096952909436e-01
9.636411509695291810e-01
9.600688019390583028e-01
9.439932313019391286e-01
9.663204127423823397e-01
9.734651108033242073e-01
9.332761842105263828e-01
9.475655803324100068e-01
9.966853795013851380e-01
9.158609826869806847e-01
9.707858490304709376e-01
9.533706475069252395e-01
9.475655803324100068e-01
9.480121239612189221e-01
9.475655803324100068e-01
9.212195062326870021e-01
9.676600436288089746e-01
9.689996745152354984e-01
9.605153455678671071e-01
9.542637347645429591e-01
9.480121239612189221e-01
9.426536004155124937e-01
9.694462181440444137e-01
9.404208822714682503e-01
9.323830969529086632e-01
9.386347077562328112e-01
9.435466876731303243e-01
9.431001440443214090e-01
8.662946398891967492e-01
9.386347077562328112e-01
9.381881641274238959e-01
9.462259494459834830e-01
9.560499092797785092e-01
1.024371084487534667e+00
1.060987662049861502e+00
1.084654474376731459e+00
1.016333299168975079e+00
1.025264171745152497e+00
9.712323926592798529e-01
9.810563524930748791e-01
9.944526613573407836e-01
9.828425270083103182e-01
9.524775602493075199e-01
9.752512853185596464e-01
9.998111849030472120e-01
9.319365533240997479e-01
9.560499092797785092e-01
9.649807818559557049e-01
9.694462181440444137e-01
9.698927617728532180e-01
9.462259494459834830e-01
9.457794058171745677e-01
9.364019896121884567e-01
9.471190367036012026e-01
9.319365533240997479e-01
9.221125934903048327e-01
9.399743386426593350e-01
9.556033656509695939e-01
9.819494397506925987e-01
9.493517548476455570e-01
9.475655803324100068e-01
9.823959833795015140e-01
9.252383988919667956e-01
9.564964529085873135e-01
9.569429965373962288e-01
9.899872250692521858e-01
9.556033656509695939e-01
9.462259494459834830e-01
9.471190367036012026e-01
9.779305470914128051e-01
9.489052112188366417e-01
9.569429965373962288e-01
9.564964529085873135e-01
9.694462181440444137e-01
9.511379293628809961e-01
9.542637347645429591e-01
9.462259494459834830e-01
9.631946073407202658e-01
8.975526939058172671e-01
9.667669563711912550e-01
9.748047416897507311e-01
9.506913857340720808e-01
9.739116544321330116e-01
9.431001440443214090e-01
9.341692714681441023e-01
9.529241038781164352e-01
9.636411509695291810e-01
9.377416204986149806e-01
9.480121239612189221e-01
9.292572915512465892e-01
9.252383988919667956e-01
9.230056807479225522e-01
9.631946073407202658e-01
9.457794058171745677e-01
9.560499092797785092e-01
9.484586675900277264e-01
9.502448421052632765e-01
9.716789362880887682e-01
9.364019896121884567e-01
9.609618891966760224e-01
9.475655803324100068e-01
9.667669563711912550e-01
9.346158150969530176e-01
9.377416204986149806e-01
9.600688019390583028e-01
9.712323926592798529e-01
9.136282645429363303e-01
9.105024591412742563e-01
9.377416204986149806e-01
9.113955463988920869e-01
9.533706475069252395e-01
9.113955463988920869e-01
9.341692714681441023e-01
9.328296405817175785e-01
9.060370228531856585e-01
9.721254799168975724e-01
9.292572915512465892e-01
9.623015200831025462e-01
9.377416204986149806e-01
9.408674259002770546e-01
9.221125934903048327e-01
9.292572915512465892e-01
9.493517548476455570e-01
9.413139695290859699e-01
8.997854120498616215e-01
9.408674259002770546e-01
9.011250429362881453e-01
8.886218213296399604e-01
9.024646738227147802e-01
9.305969224376732241e-01
8.962130630193906322e-01
9.051439355955679389e-01
9.176471572022161238e-01
9.073766537396122933e-01
8.895149085872576800e-01
9.113955463988920869e-01
9.341692714681441023e-01
9.756978289473684507e-01
9.033577610803324998e-01
9.158609826869806847e-01
9.230056807479225522e-01
8.953199757617729126e-01
8.770116869806094950e-01
9.038043047091413040e-01
8.904079958448753995e-01
8.908545394736843148e-01
8.930872576177285582e-01
8.712066198060942623e-01
9.006784993074793411e-01
8.613826599722992361e-01
9.288107479224377849e-01
9.359554459833795415e-01
8.850494722991690821e-01
8.520052437673131251e-01
8.779047742382272146e-01
8.895149085872576800e-01
8.716531634349030666e-01
8.846029286703601668e-01
8.720997070637119819e-01
8.618292036011081514e-01
8.850494722991690821e-01
8.712066198060942623e-01
8.796909487534626537e-01
8.350365858725762314e-01
8.542379619113573685e-01
8.194075588642659724e-01
8.198541024930748877e-01
8.631688344875346752e-01
8.310176932132964378e-01
8.493259819944598554e-01
7.823444376731302219e-01
7.573379944598338520e-01
7.908287666204987243e-01
7.751997396121884654e-01
7.595707126038782064e-01
7.296522894736843234e-01
7.546587326869806933e-01
7.689481288088643174e-01
7.787720886426593436e-01
7.041993026315790383e-01
7.283126585872576886e-01
7.171490678670360275e-01
7.769859141274239045e-01
8.680808144044321883e-01
9.480121239612189221e-01
1.173070112880886473e+00
1.296316154432133105e+00
1.419115652354570711e+00
1.447247900969529155e+00
1.449480619113573621e+00
1.421348370498615177e+00
1.364637329639889263e+00
1.367316591412742532e+00
1.300781590720221814e+00
1.286938738227146883e+00
1.256573771468144196e+00
1.231120784626038800e+00
1.227548435595567922e+00
1.215491757617728652e+00
1.153868736842105447e+00
1.177089005540166378e+00
1.138686253462603881e+00
1.154315280470914251e+00
1.141812058864265955e+00
1.114126353878116538e+00
1.149403300554016738e+00
1.105642024930747924e+00
1.107428199445983363e+00
1.127522662742382442e+00
1.107874743074792390e+00
1.109214373961219025e+00
1.104748937673130316e+00
1.112340179362880876e+00
1.075723601800554041e+00
1.071704709141274359e+00
1.079295950831024919e+00
1.066792729224376846e+00
1.099836957756232803e+00
1.106088568559556951e+00
1.025710715373961301e+00
1.068578903739612285e+00
1.060094574792243893e+00
1.047144809556786793e+00
1.021245279085872593e+00
1.072597796398891967e+00
1.066346185595568041e+00
1.051163702216066476e+00
1.058308400277008454e+00
1.050270614958448867e+00
1.035534675207756328e+00
1.024371084487534667e+00
1.001150815789473736e+00
1.055182594875346380e+00
1.002936990304709175e+00
1.044912091412742550e+00
1.012760950138504201e+00
1.030176151662050010e+00
1.057415313019390624e+00
1.002043903047091566e+00
1.059201487534626063e+00
1.043572460526315915e+00
1.014100581024930836e+00
1.002490446675900371e+00
1.030176151662050010e+00
9.989180976454294925e-01
1.002936990304709175e+00
9.953457486149585032e-01
1.006955882963989080e+00
1.025710715373961301e+00
1.058754943905817258e+00
1.005616252077562445e+00
1.009188601108033323e+00
9.770374598337950856e-01
1.002490446675900371e+00
1.003383533933517979e+00
9.882010505540167467e-01
1.007848970221606688e+00
1.012760950138504201e+00
1.023924540858725862e+00
1.025710715373961301e+00
1.037320849722991767e+00
1.017226386426592910e+00
1.033301957063712084e+00
1.025264171745152497e+00
9.756978289473684507e-01
9.797167216066482442e-01
9.846287015235457574e-01
1.022584909972299227e+00
9.788236343490305247e-01
1.035088131578947523e+00
1.035981218836565132e+00
9.864148760387811965e-01
1.001597359418282540e+00
1.002490446675900371e+00
9.864148760387811965e-01
9.752512853185596464e-01
9.966853795013851380e-01
9.966853795013851380e-01
1.002936990304709175e+00
1.019459104570637153e+00
9.712323926592798529e-01
1.007848970221606688e+00
9.734651108033242073e-01
9.609618891966760224e-01
1.011421319252077566e+00
9.899872250692521858e-01
9.792701779778394400e-01
1.003830077562327006e+00
9.953457486149585032e-01
9.770374598337950856e-01
9.890941378116344662e-01
1.010974775623268762e+00
1.009188601108033323e+00
9.600688019390583028e-01
9.926664868421053445e-01
9.823959833795015140e-01
9.600688019390583028e-01
9.957922922437674185e-01
1.002043903047091566e+00
9.922199432132964292e-01
9.676600436288089746e-01
9.908803123268699053e-01
1.000704272160664932e+00
9.841821578947369531e-01
9.743581980609419269e-01
9.957922922437674185e-01
9.868614196675901118e-01
9.859683324099723922e-01
9.716789362880887682e-01
1.024371084487534667e+00
9.850752451523546727e-01
9.966853795013851380e-01
9.797167216066482442e-01
9.172006135734073196e-01
9.783770907202217204e-01
9.640876945983379853e-01
9.698927617728532180e-01
9.672135000000000593e-01
9.582826274238227526e-01
1.000704272160664932e+00
9.926664868421053445e-01
9.752512853185596464e-01
1.002490446675900371e+00
9.886475941828255509e-01
9.832890706371192335e-01
9.944526613573407836e-01
9.739116544321330116e-01
9.694462181440444137e-01
9.337227278393352981e-01
9.864148760387811965e-01
9.931130304709142598e-01
9.792701779778394400e-01
9.118420900277008911e-01
9.779305470914128051e-01
9.658738691135735355e-01
9.743581980609419269e-01
1.002490446675900371e+00
9.587291710526316679e-01
9.654273254847646202e-01
9.698927617728532180e-01
1.006509339335180053e+00
9.734651108033242073e-01
9.167540699445984043e-01
9.837356142659280378e-01
9.899872250692521858e-01
1.004276621191135810e+00
9.748047416897507311e-01
1.016333299168975079e+00
9.953457486149585032e-01
9.721254799168975724e-01
9.855217887811634769e-01
9.841821578947369531e-01
9.707858490304709376e-01
9.850752451523546727e-01
9.654273254847646202e-01
9.323830969529086632e-01
9.627480637119114615e-01
9.783770907202217204e-01
9.564964529085873135e-01
9.792701779778394400e-01
9.734651108033242073e-01
9.386347077562328112e-01
9.529241038781164352e-01
9.895406814404432705e-01
1.006955882963989080e+00
9.676600436288089746e-01
9.877545069252078314e-01
9.730185671745152920e-01
1.000704272160664932e+00
9.948992049861496989e-01
1.016333299168975079e+00
9.783770907202217204e-01
9.913268559556787096e-01
9.417605131578947741e-01
9.667669563711912550e-01
9.752512853185596464e-01
9.792701779778394400e-01
9.953457486149585032e-01
9.390812513850416154e-01
9.984715540166205772e-01
9.194333317174515630e-01
1.004276621191135810e+00
9.533706475069252395e-01
9.645342382271469006e-01
1.021245279085872593e+00
9.493517548476455570e-01
9.547102783933518744e-01
9.408674259002770546e-01
9.631946073407202658e-01
9.533706475069252395e-01
9.591757146814404722e-01
9.681065872576177789e-01
9.828425270083103182e-01
9.484586675900277264e-01
9.399743386426593350e-01
9.957922922437674185e-01
9.502448421052632765e-01
9.672135000000000593e-01
9.904337686980609901e-01
9.297038351800555045e-01
9.493517548476455570e-01
9.591757146814404722e-01
9.703393054016621333e-01
9.716789362880887682e-01
9.743581980609419269e-01
9.672135000000000593e-01
9.399743386426593350e-01
9.547102783933518744e-01
9.587291710526316679e-01
9.471190367036012026e-01
9.734651108033242073e-01
9.332761842105263828e-01
9.578360837950139484e-01
9.828425270083103182e-01
9.377416204986149806e-01
9.707858490304709376e-01
9.475655803324100068e-01
9.640876945983379853e-01
9.529241038781164352e-01
9.707858490304709376e-01
9.270245734072022348e-01
9.689996745152354984e-01
9.748047416897507311e-01
9.640876945983379853e-01
9.355089023545707372e-01
9.596222583102493875e-01
9.060370228531856585e-01
9.439932313019391286e-01
9.341692714681441023e-01
9.752512853185596464e-01
9.873079632963989161e-01
9.707858490304709376e-01
9.297038351800555045e-01
9.542637347645429591e-01
9.355089023545707372e-01
9.395277950138505307e-01
9.672135000000000593e-01
9.685531308864266942e-01
9.515844729916898004e-01
9.301503788088643088e-01
9.261314861495845152e-01
8.966596066481995475e-01
9.069301101108033780e-01
9.859683324099723922e-01
9.783770907202217204e-01
9.274711170360111501e-01
9.426536004155124937e-01
9.556033656509695939e-01
9.868614196675901118e-01
9.614084328254848266e-01
1.010528231994459958e+00
1.009188601108033323e+00
9.216660498614959174e-01
9.417605131578947741e-01
9.404208822714682503e-01
9.372950768698061763e-01
8.979992375346260713e-01
9.627480637119114615e-01
9.221125934903048327e-01
9.413139695290859699e-01
9.386347077562328112e-01
9.256849425207757109e-01
9.480121239612189221e-01
9.689996745152354984e-01
9.823959833795015140e-01
9.725720235457064877e-01
9.216660498614959174e-01
9.739116544321330116e-01
9.355089023545707372e-01
9.770374598337950856e-01
9.341692714681441023e-01
9.404208822714682503e-01
9.372950768698061763e-01
9.372950768698061763e-01
9.399743386426593350e-01
9.185402444598338434e-01
9.109490027700831716e-01
9.547102783933518744e-01
9.364019896121884567e-01
9.350623587257618219e-01
9.480121239612189221e-01
9.216660498614959174e-01
9.506913857340720808e-01
9.212195062326870021e-01
9.381881641274238959e-01
9.502448421052632765e-01
9.511379293628809961e-01
9.091628282548477324e-01
8.935338012465374735e-01
9.024646738227147802e-01
9.105024591412742563e-01
9.243453116343490761e-01
9.073766537396122933e-01
8.846029286703601668e-01
9.591757146814404722e-01
9.573895401662050331e-01
9.310434660664820283e-01
9.297038351800555045e-01
9.185402444598338434e-01
9.274711170360111501e-01
9.480121239612189221e-01
9.493517548476455570e-01
9.064835664819945737e-01
9.274711170360111501e-01
9.297038351800555045e-01
8.890683649584488757e-01
9.029112174515235845e-01
9.247918552631579914e-01
9.426536004155124937e-01
9.073766537396122933e-01
8.868356468144045213e-01
9.252383988919667956e-01
9.453328621883657634e-01
9.404208822714682503e-01
9.082697409972300129e-01
9.212195062326870021e-01
9.194333317174515630e-01
8.796909487534626537e-01
9.131817209141275260e-01
9.502448421052632765e-01
9.113955463988920869e-01
9.100559155124654520e-01
9.163075263157896000e-01
9.055904792243768542e-01
9.060370228531856585e-01
9.087162846260388172e-01
8.792444051246538494e-01
8.805840360110803733e-01
9.314900096952909436e-01
9.087162846260388172e-01
9.154144390581717694e-01
8.926407139889197540e-01
8.770116869806094950e-01
8.997854120498616215e-01
9.087162846260388172e-01
8.921941703601108387e-01
9.006784993074793411e-01
8.743324252077563363e-01
8.756720560941828602e-01
8.859425595567868017e-01
8.966596066481995475e-01
9.042508483379502193e-01
8.854960159279778864e-01
8.703135325484765428e-01
8.689739016620499079e-01
8.667411835180056645e-01
8.582568545706371621e-01
8.689739016620499079e-01
8.756720560941828602e-01
8.444140020775623423e-01
9.060370228531856585e-01
8.895149085872576800e-01
8.560241364265929187e-01
8.502190692520775750e-01
8.533448746537396490e-01
8.551310491689750881e-01
8.537914182825485643e-01
8.511121565096954056e-01
8.310176932132964378e-01
8.667411835180056645e-01
8.136024916897507397e-01
8.211937333795014116e-01
8.323573240997230727e-01
8.136024916897507397e-01
8.354831295013851467e-01
8.091370554016621419e-01
8.055647063711911526e-01
8.278918878116343638e-01
7.877029612188366503e-01
8.243195387811634856e-01
8.060112500000000679e-01
8.426278275623269032e-01
8.403951094182826598e-01
8.636153781163435905e-01
8.546845055401662838e-01
8.627222908587258710e-01
8.582568545706371621e-01
8.421812839335180989e-01
8.497725256232687707e-01
8.444140020775623423e-01
8.417347403047091836e-01
8.238729951523546813e-01
7.765393704986149892e-01
7.720739342105263914e-01
7.618034307479224498e-01
7.935080283933518830e-01
7.439416855955679475e-01
8.167282970914128137e-01
8.828167541551247277e-01
8.850494722991690821e-01
9.980250103878116619e-01
1.090459541551246581e+00
1.174856287396121912e+00
1.243177462603878292e+00
1.315070986842105327e+00
1.374461289473684289e+00
1.395448840027700976e+00
1.395448840027700976e+00
1.403933168975069368e+00
1.364637329639889263e+00
1.339184342797784089e+00
1.343649779085872575e+00
1.303907396121883666e+00
1.258806489612188440e+00
1.303907396121883666e+00
1.268630449445983466e+00
1.248982529778393413e+00
1.236925851800554144e+00
1.237372395429362948e+00
1.221743368421052800e+00
1.172177025623268865e+00
1.205667797783933626e+00
1.219510650277008335e+00
1.166371958448753521e+00
1.162353065789473838e+00
1.170390851108033425e+00
1.121271051939058294e+00
1.177982092797783986e+00
1.137793166204986273e+00
1.125736488227147003e+00
1.144491320637119225e+00
1.111447092105263268e+00
1.102962763157894877e+00
1.149403300554016738e+00
1.136900078947368442e+00
1.126629575484764612e+00
1.097157695983379533e+00
1.124396857340720368e+00
1.056075682132963989e+00
1.129755380886426686e+00
1.109214373961219025e+00
1.090012997922437776e+00
1.061880749307479332e+00
1.081975212603878189e+00
1.054289507617728550e+00
1.117698702908587416e+00
1.064560011080332602e+00
1.034641587950138497e+00
1.040446655124653841e+00
1.038660480609418402e+00
1.064560011080332602e+00
1.063666923822714772e+00
1.052056789473684306e+00
1.031962326177285449e+00
1.090459541551246581e+00
1.062773836565096941e+00
1.067685816481994454e+00
1.031515782548476645e+00
1.064560011080332602e+00
9.917733995844876249e-01
1.038660480609418402e+00
1.055629138504155184e+00
9.966853795013851380e-01
1.032855413434903058e+00
1.062327292936288137e+00
1.072597796398891967e+00
1.007402426592797884e+00
1.027050346260387936e+00
1.012760950138504201e+00
1.037320849722991767e+00
1.035534675207756328e+00
1.046698265927977989e+00
1.051163702216066476e+00
1.002936990304709175e+00
9.971319231301939423e-01
1.025264171745152497e+00
1.080635581717451554e+00
1.045805178670360158e+00
1.004276621191135810e+00
1.009188601108033323e+00
1.007848970221606688e+00
1.008295513850415492e+00
1.042679373268698084e+00
1.008742057479224519e+00
1.003830077562327006e+00
1.024371084487534667e+00
1.014547124653739640e+00
9.966853795013851380e-01
1.000704272160664932e+00
9.864148760387811965e-01
1.024817628116343471e+00
1.002043903047091566e+00
9.426536004155124937e-01
1.026157259002770106e+00
1.002490446675900371e+00
1.028836520775623375e+00
1.018119473684210519e+00
1.023924540858725862e+00
1.021691822714681619e+00
9.917733995844876249e-01
1.030176151662050010e+00
9.944526613573407836e-01
1.023924540858725862e+00
1.030176151662050010e+00
1.022138366343490423e+00
1.008295513850415492e+00
9.823959833795015140e-01
9.931130304709142598e-01
9.846287015235457574e-01
1.024371084487534667e+00
9.895406814404432705e-01
9.645342382271469006e-01
9.806098088642659638e-01
9.926664868421053445e-01
1.003383533933517979e+00
1.023477997229917058e+00
9.922199432132964292e-01
9.899872250692521858e-01
9.823959833795015140e-01
9.698927617728532180e-01
9.886475941828255509e-01
9.957922922437674185e-01
9.931130304709142598e-01
1.001150815789473736e+00
9.667669563711912550e-01
9.966853795013851380e-01
9.426536004155124937e-01
9.716789362880887682e-01
9.413139695290859699e-01
1.038660480609418402e+00
9.640876945983379853e-01
9.948992049861496989e-01
1.004723164819944614e+00
9.640876945983379853e-01
1.006955882963989080e+00
9.913268559556787096e-01
9.627480637119114615e-01
1.008295513850415492e+00
1.022138366343490423e+00
9.797167216066482442e-01
1.007848970221606688e+00
9.524775602493075199e-01
9.685531308864266942e-01
9.846287015235457574e-01
1.024817628116343471e+00
1.006062795706371249e+00
9.587291710526316679e-01
9.832890706371192335e-01
9.533706475069252395e-01
9.636411509695291810e-01
9.721254799168975724e-01
9.694462181440444137e-01
9.636411509695291810e-01
9.707858490304709376e-01
9.596222583102493875e-01
9.770374598337950856e-01
9.681065872576177789e-01
1.013207493767313006e+00
9.823959833795015140e-01
9.801632652354571595e-01
9.725720235457064877e-01
9.922199432132964292e-01
9.721254799168975724e-01
9.627480637119114615e-01
9.627480637119114615e-01
9.658738691135735355e-01
9.797167216066482442e-01
9.676600436288089746e-01
9.823959833795015140e-01
9.779305470914128051e-01
9.801632652354571595e-01
9.832890706371192335e-01
9.051439355955679389e-01
9.180937008310250391e-01
1.014100581024930836e+00
9.395277950138505307e-01
1.004723164819944614e+00
9.341692714681441023e-01
9.716789362880887682e-01
9.520310166204987157e-01
9.515844729916898004e-01
9.797167216066482442e-01
9.569429965373962288e-01
9.582826274238227526e-01
9.444397749307480439e-01
9.618549764542937419e-01
9.435466876731303243e-01
9.694462181440444137e-01
9.980250103878116619e-01
9.591757146814404722e-01
9.623015200831025462e-01
9.931130304709142598e-01
9.877545069252078314e-01
1.026157259002770106e+00
9.882010505540167467e-01
1.029283064404432180e+00
1.051610245844875502e+00
1.006062795706371249e+00
1.070811621883656528e+00
1.066346185595568041e+00
1.070811621883656528e+00
1.023477997229917058e+00
1.007402426592797884e+00
1.020798735457063788e+00
1.037767393351800571e+00
1.029729608033240984e+00
1.012760950138504201e+00
9.734651108033242073e-01
1.013207493767313006e+00
9.676600436288089746e-01
1.023031453601108032e+00
1.032855413434903058e+00
9.935595740997230640e-01
9.631946073407202658e-01
1.009635144736842127e+00
1.002936990304709175e+00
1.003830077562327006e+00
9.698927617728532180e-01
9.868614196675901118e-01
9.765909162049862813e-01
9.971319231301939423e-01
9.712323926592798529e-01
9.658738691135735355e-01
9.426536004155124937e-01
9.962388358725762227e-01
1.015440211911357471e+00
1.012760950138504201e+00
9.770374598337950856e-01
9.631946073407202658e-01
9.502448421052632765e-01
9.631946073407202658e-01
1.010974775623268762e+00
9.547102783933518744e-01
9.654273254847646202e-01
9.698927617728532180e-01
9.506913857340720808e-01
9.533706475069252395e-01
9.962388358725762227e-01
9.801632652354571595e-01
1.000257728531856127e+00
9.417605131578947741e-01
9.578360837950139484e-01
9.547102783933518744e-01
9.596222583102493875e-01
1.006062795706371249e+00
8.939803448753462778e-01
9.636411509695291810e-01
9.475655803324100068e-01
9.431001440443214090e-01
9.203264189750692825e-01
9.792701779778394400e-01
9.480121239612189221e-01
9.069301101108033780e-01
9.819494397506925987e-01
9.390812513850416154e-01
9.453328621883657634e-01
9.698927617728532180e-01
9.533706475069252395e-01
9.703393054016621333e-01
9.484586675900277264e-01
9.198798753462604783e-01
9.435466876731303243e-01
9.730185671745152920e-01
9.225591371191136369e-01
9.346158150969530176e-01
9.364019896121884567e-01
9.042508483379502193e-01
9.221125934903048327e-01
9.864148760387811965e-01
9.301503788088643088e-01
9.225591371191136369e-01
9.301503788088643088e-01
9.408674259002770546e-01
9.078231973684210976e-01
9.096093718836565367e-01
9.480121239612189221e-01
8.984457811634349866e-01
9.149678954293629651e-01
9.274711170360111501e-01
9.234522243767313565e-01
9.176471572022161238e-01
9.225591371191136369e-01
9.230056807479225522e-01
9.314900096952909436e-01
9.524775602493075199e-01
9.439932313019391286e-01
8.846029286703601668e-01
9.020181301939058649e-01
8.716531634349030666e-01
8.886218213296399604e-01
8.904079958448753995e-01
9.230056807479225522e-01
9.395277950138505307e-01
9.364019896121884567e-01
9.185402444598338434e-01
8.823702105263158124e-01
9.158609826869806847e-01
9.167540699445984043e-01
9.038043047091413040e-01
9.064835664819945737e-01
9.078231973684210976e-01
8.979992375346260713e-01
8.930872576177285582e-01
8.913010831024931191e-01
8.993388684210527062e-01
9.149678954293629651e-01
9.042508483379502193e-01
9.127351772853186107e-01
9.149678954293629651e-01
9.002319556786704258e-01
8.957665193905818279e-01
8.640619217451523948e-01
9.038043047091413040e-01
9.149678954293629651e-01
8.676342707756233841e-01
8.685273580332411036e-01
8.729927943213297015e-01
8.667411835180056645e-01
8.899614522160665953e-01
8.689739016620499079e-01
9.002319556786704258e-01
9.038043047091413040e-01
9.127351772853186107e-01
8.689739016620499079e-01
8.350365858725762314e-01
8.908545394736843148e-01
8.743324252077563363e-01
8.752255124653740559e-01
9.122886336565098064e-01
8.640619217451523948e-01
8.720997070637119819e-01
8.720997070637119819e-01
8.703135325484765428e-01
8.542379619113573685e-01
8.354831295013851467e-01
8.506656128808864903e-01
8.024389009695291897e-01
8.470932638504156120e-01
8.256591696675901204e-01
8.421812839335180989e-01
8.265522569252078400e-01
8.310176932132964378e-01
8.649550090027701144e-01
8.381623912742383053e-01
8.287849750692521944e-01
7.926149411357341634e-01
8.470932638504156120e-01
8.055647063711911526e-01
8.153886662049861789e-01
8.292315186980609987e-01
8.203006461218836920e-01
8.274453441828255595e-01
8.153886662049861789e-01
8.261057132963989247e-01
8.060112500000000679e-01
8.104766862880886658e-01
7.917218538781164439e-01
8.118163171745153006e-01
7.877029612188366503e-01
7.872564175900277350e-01
7.676084979224376825e-01
7.778790013850416241e-01
7.613568871191136456e-01
7.439416855955679475e-01
7.729670214681441109e-01
7.149163497229917841e-01
7.667154106648199630e-01
7.394762493074792387e-01
7.836840685595568567e-01
7.810048067867036981e-01
7.394762493074792387e-01
7.725204778393351956e-01
7.751997396121884654e-01
7.577845380886427673e-01
7.823444376731302219e-01
8.019923573407202744e-01
7.667154106648199630e-01
8.243195387811634856e-01
7.877029612188366503e-01
8.854960159279778864e-01
8.837098414127424473e-01
8.587033981994460774e-01
9.453328621883657634e-01
9.323830969529086632e-01
9.636411509695291810e-01
1.002936990304709175e+00
9.855217887811634769e-01
1.059648031163435089e+00
1.082421756232686993e+00
1.076170145429363068e+00
1.136453535318559638e+00
1.144491320637119225e+00
1.193164576177285330e+00
1.182000985457063891e+00
1.191378401662049891e+00
1.213705583102493213e+00
1.217277932132964091e+00
1.241391288088642852e+00
1.212812495844875382e+00
1.226655348337950313e+00
1.249429073407202218e+00
1.238712026315789583e+00
1.226208804709141287e+00
1.223082999307479213e+00
1.227548435595567922e+00
1.218171019390581922e+00
1.173963200138504304e+00
1.208347059556786895e+00
1.225315717451523678e+00
1.187806052631579012e+00
1.217277932132964091e+00
1.185573334487534769e+00
1.177982092797783986e+00
1.173070112880886473e+00
1.188252596260387817e+00
1.184233703601108134e+00
1.172623569252077669e+00
1.183787159972299330e+00
1.208347059556786895e+00
1.178875180055401817e+00
1.205221254155124821e+00
1.141812058864265955e+00
1.168604676592797986e+00
1.163246153047091447e+00
1.127076119113573416e+00
1.154315280470914251e+00
1.118145246537396220e+00
1.116359072022160781e+00
1.098943870498614972e+00
1.101176588642659437e+00
1.063220380193905967e+00
1.094478434210526485e+00
1.143151689750692590e+00
1.110554004847645437e+00
1.170390851108033425e+00
1.093138803324099850e+00
1.079295950831024919e+00
1.075723601800554041e+00
1.100730045013850411e+00
1.081975212603878189e+00
1.067685816481994454e+00
1.061880749307479332e+00
1.049824071329640063e+00
1.097604239612188559e+00
1.047144809556786793e+00
1.023477997229917058e+00
1.061880749307479332e+00
1.049824071329640063e+00
1.066346185595568041e+00
1.070365078254847724e+00
1.060987662049861502e+00
1.062773836565096941e+00
1.062327292936288137e+00
1.032408869806094254e+00
1.057861856648199428e+00
1.048037896814404624e+00
1.033748500692520889e+00
1.021691822714681619e+00
1.025264171745152497e+00
1.014100581024930836e+00
1.048930984072022232e+00
1.016333299168975079e+00
1.022138366343490423e+00
1.061880749307479332e+00
1.035981218836565132e+00
1.013654037396122032e+00
1.010528231994459958e+00
1.031069238919667619e+00
1.059201487534626063e+00
1.010081688365651154e+00
1.006062795706371249e+00
9.953457486149585032e-01
9.783770907202217204e-01
9.832890706371192335e-01
1.011421319252077566e+00
1.031515782548476645e+00
9.926664868421053445e-01
1.014547124653739640e+00
9.739116544321330116e-01
1.021245279085872593e+00
1.017672930055401714e+00
9.765909162049862813e-01
9.890941378116344662e-01
9.841821578947369531e-01
1.003383533933517979e+00
1.019459104570637153e+00
1.020798735457063788e+00
1.031069238919667619e+00
9.788236343490305247e-01
9.890941378116344662e-01
1.001597359418282540e+00
1.005616252077562445e+00
1.001150815789473736e+00
1.048037896814404624e+00
1.078402863573407311e+00
1.086440648891966898e+00
1.061434205678670528e+00
1.062327292936288137e+00
1.098943870498614972e+00
1.082421756232686993e+00
1.115019441135734146e+00
1.158780716759002960e+00
1.075277058171745237e+00
1.101176588642659437e+00
1.132434642659279955e+00
1.112786722991689903e+00
1.172623569252077669e+00
1.160120347645429373e+00
1.182447529085872695e+00
1.190485314404432282e+00
1.158780716759002960e+00
1.191378401662049891e+00
1.201202361495844917e+00
1.201648905124653943e+00
1.241837831717451657e+00
1.191378401662049891e+00
1.189145683518005647e+00
1.189592227146814452e+00
1.207007428670360261e+00
1.200309274238227308e+00
1.206114341412742430e+00
1.212812495844875382e+00
1.214152126731302017e+00
1.164585783933518082e+00
1.189592227146814452e+00
1.176642461911357351e+00
1.160120347645429373e+00
1.168158132963988960e+00
1.157887629501385129e+00
1.191824945290858917e+00
1.202988536011080356e+00
1.161459978531856008e+00
1.223976086565097043e+00
1.179768267313019425e+00
1.167265045706371351e+00
1.171283938365651034e+00
1.191824945290858917e+00
1.190485314404432282e+00
1.178875180055401817e+00
1.219510650277008335e+00
1.145384407894736833e+00
1.150296387811634347e+00
1.196290381578947404e+00
1.166371958448753521e+00
1.148063669667590103e+00
1.180661354570637256e+00
1.124843400969529172e+00
1.134220817174515394e+00
1.194504207063711965e+00
1.213259039473684409e+00
1.097604239612188559e+00
1.174409743767313108e+00
1.177982092797783986e+00
1.147617126038781299e+00
1.125736488227147003e+00
1.115912528393351977e+00
1.114572897506925342e+00
1.129308837257617881e+00
1.105195481301939120e+00
1.157441085872576325e+00
1.141365515235457151e+00
1.115019441135734146e+00
1.107428199445983363e+00
1.120377964681440464e+00
1.117698702908587416e+00
1.160120347645429373e+00
1.130648468144044516e+00
1.143598233379501394e+00
1.140472427977839320e+00
1.128862293628808855e+00
1.077956319944598507e+00
1.092692259695291046e+00
1.165925414819944717e+00
1.128415750000000051e+00
1.102069675900277046e+00
1.091352628808864411e+00
1.143151689750692590e+00
1.081528668975069385e+00
1.124843400969529172e+00
1.099390414127423998e+00
1.116805615650969585e+00
1.101176588642659437e+00
1.083761387119113628e+00
1.104302394044321511e+00
1.111447092105263268e+00
1.100283501385041607e+00
1.127076119113573416e+00
1.116805615650969585e+00
1.066792729224376846e+00
1.119484877423822855e+00
1.079742494459833946e+00
1.092692259695291046e+00
1.078402863573407311e+00
1.114572897506925342e+00
1.130648468144044516e+00
1.094031890581717459e+00
1.118145246537396220e+00
1.112786722991689903e+00
1.064113467451523576e+00
1.079742494459833946e+00
1.081082125346260581e+00
1.096711152354570729e+00
1.082868299861496020e+00
1.090012997922437776e+00
1.105642024930747924e+00
1.096264608725761924e+00
1.100283501385041607e+00
1.117252159279778390e+00
1.115465984764542950e+00
1.088226823407202337e+00
1.086440648891966898e+00
1.065453098337950211e+00
1.092245716066482020e+00
1.093138803324099850e+00
1.085547561634349067e+00
1.071704709141274359e+00
1.105195481301939120e+00
1.115465984764542950e+00
1.115912528393351977e+00
1.123503770083102538e+00
1.101176588642659437e+00
1.087780279778393533e+00
1.120824508310249490e+00
1.085101018005540263e+00
1.115465984764542950e+00
1.107874743074792390e+00
1.120824508310249490e+00
1.148510213296398907e+00
1.095818065096952898e+00
1.140472427977839320e+00
1.114572897506925342e+00
1.148956756925207934e+00
1.127522662742382442e+00
1.116359072022160781e+00
1.117252159279778390e+00
1.132881186288088760e+00
1.134667360803324199e+00
1.168604676592797986e+00
1.128415750000000051e+00
1.108321286703601194e+00
1.085101018005540263e+00
1.115465984764542950e+00
1.149849844182825542e+00
1.118145246537396220e+00
1.125289944598337977e+00
1.130648468144044516e+00
1.127969206371191246e+00
1.105642024930747924e+00
1.129755380886426686e+00
1.123950313711911342e+00
1.103855850415512485e+00
1.105642024930747924e+00
1.131988099030470929e+00
1.172177025623268865e+00
