8.009047707016165862e-01
-2.117181580499283289e-02
8.009047707016165862e-01
2.117181580499246860e-02
-1.894374317949691633e-02
-1.246016257574129697e-02
-1.894374317949631611e-02
1.246016257574087890e-02
-8.159728391137776038e-01
1.678585441727785597e-16
-6.437351055452663617e-01
-7.557687355676789669e-03
-6.437351055452661397e-01
7.557687355676535532e-03
-2.193199280380215554e-01
-1.432266777491412868e-17
-3.312537061254196002e-01
-1.061795350122634631e-02
-3.312537061254191006e-01
1.061795350122628212e-02
