-8.115993358950904790e-01
0.000000000000000000e+00
-7.189829760699392169e-01
0.000000000000000000e+00
-5.377674456926753166e-01
0.000000000000000000e+00
-3.237771455991415581e-01
0.000000000000000000e+00
-1.684417194753186908e-01
0.000000000000000000e+00
9.257552186978095232e-01
0.000000000000000000e+00
7.181336521835844922e-01
0.000000000000000000e+00
9.218768652425456123e-02
0.000000000000000000e+00
3.173383390649630598e-01
0.000000000000000000e+00
5.211045126343306633e-01
0.000000000000000000e+00
