9.711048939612190178e-01
9.629329032686981815e-01
9.493129187811636394e-01
9.111769622160665882e-01
1.028308828808864428e+00
9.806388831024932529e-01
9.452269234349032212e-01
9.125389606648200980e-01
9.397789296398892933e-01
9.411409280886428030e-01
9.506749172299170381e-01
9.547609125761774562e-01
9.425029265373963128e-01
9.302449404986150583e-01
9.711048939612190178e-01
9.261589451523547512e-01
9.683808970637121094e-01
9.683808970637121094e-01
9.356929342936289862e-01
9.697428955124655081e-01
9.275209436011081499e-01
9.425029265373963128e-01
9.220729498060943330e-01
9.724668924099724165e-01
9.465889218836566199e-01
9.370549327423823849e-01
1.003792856731302141e+00
8.512490304709142697e-01
9.397789296398892933e-01
9.125389606648200980e-01
9.139009591135734967e-01
8.852989916897507916e-01
9.602089063711912731e-01
8.989189761772854448e-01
9.670188986149585997e-01
9.493129187811636394e-01
9.261589451523547512e-01
1.016050842770083174e+00
8.757650025484765566e-01
8.975569777285320461e-01
8.771270009972300663e-01
9.847248784487536710e-01
9.520369156786705478e-01
9.125389606648200980e-01
9.057289684210527714e-01
8.417150413296400346e-01
8.866609901385043013e-01
9.193489529085874246e-01
8.744030040997231579e-01
9.411409280886428030e-01
8.675930118559558313e-01
9.016429730747923532e-01
9.506749172299170381e-01
8.812129963434904845e-01
8.063030816620500030e-01
8.458010366759004528e-01
8.444390382271469431e-01
8.839369932409973929e-01
7.599951344044322266e-01
7.640811297506926447e-01
7.422891545706372662e-01
6.646552429916898763e-01
6.442252662603878965e-01
8.907469854847647195e-01
1.445080354127423972e+00
1.464148332409972442e+00
1.379704428587257725e+00
1.198558634903047260e+00
1.149526690747922686e+00
1.123648720221606778e+00
1.186300648864266005e+00
1.111390734182825746e+00
9.751908893074793250e-01
1.073254777617728806e+00
1.024222833462604010e+00
1.073254777617728806e+00
1.050100803988919917e+00
1.101856745041551511e+00
1.024222833462604010e+00
9.915348706925208866e-01
9.275209436011081499e-01
1.035118821052631644e+00
9.806388831024932529e-01
1.026946830360111029e+00
1.062358790027700950e+00
1.002430858282548742e+00
1.025584831911357409e+00
1.058272794681440532e+00
9.411409280886428030e-01
9.928968691412743963e-01
9.384169311911358946e-01
9.574849094736843647e-01
9.820008815512466516e-01
9.806388831024932529e-01
1.039204816398892062e+00
9.847248784487536710e-01
9.615709048199447828e-01
9.111769622160665882e-01
9.697428955124655081e-01
9.506749172299170381e-01
9.302449404986150583e-01
9.016429730747923532e-01
9.411409280886428030e-01
9.806388831024932529e-01
9.302449404986150583e-01
9.220729498060943330e-01
9.234349482548478427e-01
9.724668924099724165e-01
8.907469854847647195e-01
9.751908893074793250e-01
8.485250335734073612e-01
8.744030040997231579e-01
8.267330583933519828e-01
8.349050490858727080e-01
8.389910444321331262e-01
7.559091390581719194e-01
7.763391157894737882e-01
8.648690149584489228e-01
9.874488753462605795e-01
1.118200726426592961e+00
1.201282631800554279e+00
1.336120478227146968e+00
1.269382554238227323e+00
1.246228580609418435e+00
1.165870672132964136e+00
1.187662647313019626e+00
1.175404661274238372e+00
1.183576651966759208e+00
1.122286721772853380e+00
1.161784676786703718e+00
1.190386644210526423e+00
1.123648720221606778e+00
1.088236760554016858e+00
1.052824800886426715e+00
1.010602848975069357e+00
1.081426768310249420e+00
1.066444785373961368e+00
1.101856745041551511e+00
1.044652810193905879e+00
1.031032825706371447e+00
1.071892779168975185e+00
1.029670827257617827e+00
1.056910796232687133e+00
1.011964847423822977e+00
9.928968691412743963e-01
1.040566814847645682e+00
1.025584831911357409e+00
1.017412841218836794e+00
9.670188986149585997e-01
1.025584831911357409e+00
9.847248784487536710e-01
9.915348706925208866e-01
1.043290811745152480e+00
1.070530780720221786e+00
1.028308828808864428e+00
1.041928813296399081e+00
1.051462802437673316e+00
1.006516853628808938e+00
1.013326845872576376e+00
1.013326845872576376e+00
1.026946830360111029e+00
1.062358790027700950e+00
1.037842817950138663e+00
9.874488753462605795e-01
1.028308828808864428e+00
1.048738805540166297e+00
1.051462802437673316e+00
9.370549327423823849e-01
9.602089063711912731e-01
9.765528877562328347e-01
9.888108737950139782e-01
1.018774839667590193e+00
9.956208660387813048e-01
9.479509203324101296e-01
9.928968691412743963e-01
9.820008815512466516e-01
1.036480819501385264e+00
9.928968691412743963e-01
9.302449404986150583e-01
1.020136838116343592e+00
9.139009591135734967e-01
9.343309358448754764e-01
9.751908893074793250e-01
9.656569001662050900e-01
1.013326845872576376e+00
9.969828644875348145e-01
9.220729498060943330e-01
9.207109513573408233e-01
9.602089063711912731e-01
9.629329032686981815e-01
9.220729498060943330e-01
9.533989141274239465e-01
9.561229110249308549e-01
9.629329032686981815e-01
9.370549327423823849e-01
9.506749172299170381e-01
9.370549327423823849e-01
9.479509203324101296e-01
9.139009591135734967e-01
9.438649249861497115e-01
8.580590227146815963e-01
8.934709823822716279e-01
8.784889994459834650e-01
9.166249560110805161e-01
9.738288908587259263e-01
9.656569001662050900e-01
9.438649249861497115e-01
8.566970242659280865e-01
9.030049715235458629e-01
8.839369932409973929e-01
9.098149637673131895e-01
9.070909668698062811e-01
8.321810521883657996e-01
8.757650025484765566e-01
8.866609901385043013e-01
8.212850645983380549e-01
7.940450956232688595e-01
8.362670475346262178e-01
7.967690925207757680e-01
7.477371483656510831e-01
7.845111064819946245e-01
7.749771173407203895e-01
8.076650801108034017e-01
9.833628800000001613e-01
1.114114731080332543e+00
1.212178619390581913e+00
1.276192546481994761e+00
1.295260524764543231e+00
1.306156512354570864e+00
1.272106551135734342e+00
1.223074606980609547e+00
1.163146675235457339e+00
1.213540617839335312e+00
1.302070517008310446e+00
1.189024645761773025e+00
1.217626613185595730e+00
1.239418588365651219e+00
1.153612686094183104e+00
1.178128658171745391e+00
1.123648720221606778e+00
1.120924723324099981e+00
1.071892779168975185e+00
1.051462802437673316e+00
1.095046752797784073e+00
1.089598759002770256e+00
1.069168782271468388e+00
1.086874762105263237e+00
1.110028735734072125e+00
1.103218743490304909e+00
1.108666737285318726e+00
1.071892779168975185e+00
1.031032825706371447e+00
1.090960757451523655e+00
1.103218743490304909e+00
1.085512763656509838e+00
1.093684754349030674e+00
1.111390734182825746e+00
1.071892779168975185e+00
1.082788766759003041e+00
1.017412841218836794e+00
1.081426768310249420e+00
1.018774839667590193e+00
1.116838727977839563e+00
1.071892779168975185e+00
1.024222833462604010e+00
1.050100803988919917e+00
1.016050842770083174e+00
1.035118821052631644e+00
9.765528877562328347e-01
9.697428955124655081e-01
1.047376807091412898e+00
1.014688844321329775e+00
1.070530780720221786e+00
1.009240850526315958e+00
1.033756822603878245e+00
1.007878852077562559e+00
1.035118821052631644e+00
1.007878852077562559e+00
9.820008815512466516e-01
1.065082786925207969e+00
9.901728722437674879e-01
1.010602848975069357e+00
1.051462802437673316e+00
1.028308828808864428e+00
1.036480819501385264e+00
9.792768846537397431e-01
1.037842817950138663e+00
1.021498836565097212e+00
1.041928813296399081e+00
9.888108737950139782e-01
1.011964847423822977e+00
1.016050842770083174e+00
1.036480819501385264e+00
1.009240850526315958e+00
9.820008815512466516e-01
9.956208660387813048e-01
1.063720788476454571e+00
1.033756822603878245e+00
1.043290811745152480e+00
9.779148862049863444e-01
1.018774839667590193e+00
1.051462802437673316e+00
9.711048939612190178e-01
1.044652810193905879e+00
1.043290811745152480e+00
9.084529653185596798e-01
1.051462802437673316e+00
9.711048939612190178e-01
1.021498836565097212e+00
9.969828644875348145e-01
1.002430858282548742e+00
1.006516853628808938e+00
1.010602848975069357e+00
1.011964847423822977e+00
9.888108737950139782e-01
1.003792856731302141e+00
9.574849094736843647e-01
9.533989141274239465e-01
1.003792856731302141e+00
9.602089063711912731e-01
1.014688844321329775e+00
9.384169311911358946e-01
1.005154855180055540e+00
9.574849094736843647e-01
9.901728722437674879e-01
9.888108737950139782e-01
1.001068859833795122e+00
1.006516853628808938e+00
1.059634793130194153e+00
9.969828644875348145e-01
1.145440695401662268e+00
1.096408751246537472e+00
1.035118821052631644e+00
1.159060679889196921e+00
1.067806783822714767e+00
1.122286721772853380e+00
1.152250687645429483e+00
1.120924723324099981e+00
1.037842817950138663e+00
1.180852655069252188e+00
1.127734715567867196e+00
1.178128658171745391e+00
1.097770749695291093e+00
1.101856745041551511e+00
1.114114731080332543e+00
1.127734715567867196e+00
1.096408751246537472e+00
1.055548797783933734e+00
1.111390734182825746e+00
1.041928813296399081e+00
1.025584831911357409e+00
1.018774839667590193e+00
1.039204816398892062e+00
9.888108737950139782e-01
1.085512763656509838e+00
1.145440695401662268e+00
1.021498836565097212e+00
1.062358790027700950e+00
1.026946830360111029e+00
1.056910796232687133e+00
1.096408751246537472e+00
1.075978774515235603e+00
1.033756822603878245e+00
1.018774839667590193e+00
1.035118821052631644e+00
9.847248784487536710e-01
1.082788766759003041e+00
1.017412841218836794e+00
1.025584831911357409e+00
1.070530780720221786e+00
1.116838727977839563e+00
1.005154855180055540e+00
1.085512763656509838e+00
9.928968691412743963e-01
1.016050842770083174e+00
1.014688844321329775e+00
1.010602848975069357e+00
1.120924723324099981e+00
9.820008815512466516e-01
1.054186799335180114e+00
1.020136838116343592e+00
1.009240850526315958e+00
1.062358790027700950e+00
1.041928813296399081e+00
1.051462802437673316e+00
9.847248784487536710e-01
1.084150765207756439e+00
9.956208660387813048e-01
9.942588675900279060e-01
1.020136838116343592e+00
1.065082786925207969e+00
1.082788766759003041e+00
1.039204816398892062e+00
9.969828644875348145e-01
1.021498836565097212e+00
1.018774839667590193e+00
1.050100803988919917e+00
1.003792856731302141e+00
1.020136838116343592e+00
1.033756822603878245e+00
1.062358790027700950e+00
1.070530780720221786e+00
1.022860835013850611e+00
1.041928813296399081e+00
1.086874762105263237e+00
1.071892779168975185e+00
1.114114731080332543e+00
9.820008815512466516e-01
1.037842817950138663e+00
1.013326845872576376e+00
1.035118821052631644e+00
1.088236760554016858e+00
1.032394824155124846e+00
1.074616776066482204e+00
1.039204816398892062e+00
1.010602848975069357e+00
1.025584831911357409e+00
1.018774839667590193e+00
9.983448629362882132e-01
1.073254777617728806e+00
9.615709048199447828e-01
1.040566814847645682e+00
9.997068613850417229e-01
1.063720788476454571e+00
9.847248784487536710e-01
1.054186799335180114e+00
1.063720788476454571e+00
9.547609125761774562e-01
1.077340772963989002e+00
1.050100803988919917e+00
1.037842817950138663e+00
1.070530780720221786e+00
1.040566814847645682e+00
1.033756822603878245e+00
1.069168782271468388e+00
1.090960757451523655e+00
1.044652810193905879e+00
1.003792856731302141e+00
1.062358790027700950e+00
1.039204816398892062e+00
1.075978774515235603e+00
9.751908893074793250e-01
1.052824800886426715e+00
1.013326845872576376e+00
1.088236760554016858e+00
9.465889218836566199e-01
1.026946830360111029e+00
1.028308828808864428e+00
9.792768846537397431e-01
1.096408751246537472e+00
9.915348706925208866e-01
1.062358790027700950e+00
1.016050842770083174e+00
1.050100803988919917e+00
1.025584831911357409e+00
1.026946830360111029e+00
1.050100803988919917e+00
9.888108737950139782e-01
9.942588675900279060e-01
1.009240850526315958e+00
1.082788766759003041e+00
9.915348706925208866e-01
1.046014808642659499e+00
9.493129187811636394e-01
9.820008815512466516e-01
9.615709048199447828e-01
9.969828644875348145e-01
1.032394824155124846e+00
1.018774839667590193e+00
9.779148862049863444e-01
9.574849094736843647e-01
9.820008815512466516e-01
9.261589451523547512e-01
9.697428955124655081e-01
9.942588675900279060e-01
1.009240850526315958e+00
1.009240850526315958e+00
1.003792856731302141e+00
9.915348706925208866e-01
1.029670827257617827e+00
9.438649249861497115e-01
9.602089063711912731e-01
1.009240850526315958e+00
9.833628800000001613e-01
9.806388831024932529e-01
1.021498836565097212e+00
1.059634793130194153e+00
9.983448629362882132e-01
1.001068859833795122e+00
9.901728722437674879e-01
1.066444785373961368e+00
9.969828644875348145e-01
9.642949017174516912e-01
1.021498836565097212e+00
9.057289684210527714e-01
1.009240850526315958e+00
1.059634793130194153e+00
1.006516853628808938e+00
1.041928813296399081e+00
9.670188986149585997e-01
1.005154855180055540e+00
1.111390734182825746e+00
1.069168782271468388e+00
1.052824800886426715e+00
1.007878852077562559e+00
1.016050842770083174e+00
1.050100803988919917e+00
1.021498836565097212e+00
9.983448629362882132e-01
1.063720788476454571e+00
9.969828644875348145e-01
1.036480819501385264e+00
1.002430858282548742e+00
9.602089063711912731e-01
9.656569001662050900e-01
9.847248784487536710e-01
1.052824800886426715e+00
9.724668924099724165e-01
1.074616776066482204e+00
9.983448629362882132e-01
1.056910796232687133e+00
1.003792856731302141e+00
1.055548797783933734e+00
9.969828644875348145e-01
9.820008815512466516e-01
1.035118821052631644e+00
1.021498836565097212e+00
1.025584831911357409e+00
9.738288908587259263e-01
1.073254777617728806e+00
1.047376807091412898e+00
1.047376807091412898e+00
1.001068859833795122e+00
9.806388831024932529e-01
1.001068859833795122e+00
1.007878852077562559e+00
1.001068859833795122e+00
1.026946830360111029e+00
9.983448629362882132e-01
1.069168782271468388e+00
1.009240850526315958e+00
9.656569001662050900e-01
9.574849094736843647e-01
9.547609125761774562e-01
9.751908893074793250e-01
1.052824800886426715e+00
1.006516853628808938e+00
1.026946830360111029e+00
1.041928813296399081e+00
1.077340772963989002e+00
9.438649249861497115e-01
9.711048939612190178e-01
1.058272794681440532e+00
9.697428955124655081e-01
1.005154855180055540e+00
1.001068859833795122e+00
1.040566814847645682e+00
9.751908893074793250e-01
1.018774839667590193e+00
1.047376807091412898e+00
1.003792856731302141e+00
1.055548797783933734e+00
1.024222833462604010e+00
9.983448629362882132e-01
1.054186799335180114e+00
1.071892779168975185e+00
1.043290811745152480e+00
1.018774839667590193e+00
9.724668924099724165e-01
9.602089063711912731e-01
1.006516853628808938e+00
9.656569001662050900e-01
1.011964847423822977e+00
9.642949017174516912e-01
9.697428955124655081e-01
9.874488753462605795e-01
1.022860835013850611e+00
1.029670827257617827e+00
9.220729498060943330e-01
9.356929342936289862e-01
1.077340772963989002e+00
1.001068859833795122e+00
9.697428955124655081e-01
9.820008815512466516e-01
9.888108737950139782e-01
1.059634793130194153e+00
9.561229110249308549e-01
9.670188986149585997e-01
9.602089063711912731e-01
1.052824800886426715e+00
1.024222833462604010e+00
9.697428955124655081e-01
9.724668924099724165e-01
1.041928813296399081e+00
9.765528877562328347e-01
1.024222833462604010e+00
1.016050842770083174e+00
9.520369156786705478e-01
9.751908893074793250e-01
1.017412841218836794e+00
9.820008815512466516e-01
9.847248784487536710e-01
9.901728722437674879e-01
9.765528877562328347e-01
9.915348706925208866e-01
9.697428955124655081e-01
1.005154855180055540e+00
1.018774839667590193e+00
9.738288908587259263e-01
9.820008815512466516e-01
1.017412841218836794e+00
1.009240850526315958e+00
1.059634793130194153e+00
1.101856745041551511e+00
1.065082786925207969e+00
1.047376807091412898e+00
1.043290811745152480e+00
1.067806783822714767e+00
1.059634793130194153e+00
1.028308828808864428e+00
1.059634793130194153e+00
1.033756822603878245e+00
1.099132748144044491e+00
1.123648720221606778e+00
1.056910796232687133e+00
1.075978774515235603e+00
1.137268704709141431e+00
1.058272794681440532e+00
1.090960757451523655e+00
1.092322755900277276e+00
1.084150765207756439e+00
1.024222833462604010e+00
1.074616776066482204e+00
1.067806783822714767e+00
1.092322755900277276e+00
9.847248784487536710e-01
1.067806783822714767e+00
1.005154855180055540e+00
1.021498836565097212e+00
9.874488753462605795e-01
1.071892779168975185e+00
1.058272794681440532e+00
1.022860835013850611e+00
1.082788766759003041e+00
1.071892779168975185e+00
1.001068859833795122e+00
1.074616776066482204e+00
1.065082786925207969e+00
9.724668924099724165e-01
1.006516853628808938e+00
9.670188986149585997e-01
9.670188986149585997e-01
1.033756822603878245e+00
1.080064769861496021e+00
1.047376807091412898e+00
9.751908893074793250e-01
1.029670827257617827e+00
1.060996791578947551e+00
1.067806783822714767e+00
9.533989141274239465e-01
9.615709048199447828e-01
1.028308828808864428e+00
1.058272794681440532e+00
1.017412841218836794e+00
1.007878852077562559e+00
1.031032825706371447e+00
1.063720788476454571e+00
1.016050842770083174e+00
9.574849094736843647e-01
1.060996791578947551e+00
