9.844355058616263143e-01 -1.127778821336027226e-16
9.842488819455583737e-01 -1.131844579482847868e-16
9.840583778164836426e-01 -1.136994539802154014e-16
9.838638474148335700e-01 -1.141060297948974655e-16
9.836651362975135093e-01 -1.149733915328858691e-16
9.834620809809385689e-01 -1.155154926191286213e-16
9.832545082186381347e-01 -1.162473290855563368e-16
9.830422342055245011e-01 -1.168707453347355018e-16
9.828250636997907241e-01 -1.174128464209782540e-16
9.826027890521008556e-01 -1.183344182675909328e-16
9.823751891302017203e-01 -1.192559901142036116e-16
9.821420281253026019e-01 -1.202046670151284280e-16
9.819030542244682191e-01 -1.210449236988046939e-16
9.816579981308041214e-01 -1.219936005997295103e-16
9.814065714102943039e-01 -1.231591179351514276e-16
9.811484646406996024e-01 -1.241620049447005192e-16
9.808833453338202668e-01 -1.253817323887467116e-16
9.806108555975309171e-01 -1.266827749957293170e-16
9.803306094981361074e-01 -1.279838176027119223e-16
9.800421900765602379e-01 -1.291493349381338395e-16
9.797451459633941262e-01 -1.310466887399834723e-16
9.794389875275458790e-01 -1.324290465099024905e-16
9.791231824807462569e-01 -1.342179800945035728e-16
9.787971508448957136e-01 -1.358171782989196918e-16
9.784602591705118257e-01 -1.380940028611392511e-16
9.781118138714502974e-01 -1.398829364457403334e-16
9.777510535124572799e-01 -1.420784458450234799e-16
9.773771398504744745e-01 -1.445721108417401401e-16
9.769891473859715347e-01 -1.470115657298325251e-16
9.765860511243240616e-01 -1.500744368671040751e-16
9.761667121759443067e-01 -1.531644130586877628e-16
9.757298607328638296e-01 -1.559833387071500743e-16
9.752740758425522127e-01 -1.594527856591036885e-16
9.747977612484438614e-01 -1.636811741317971558e-16
9.742991163693244250e-01 -1.675843019527449717e-16
9.737761012302903474e-01 -1.718397954797505766e-16
9.732263938139352755e-01 -1.768542305274960346e-16
9.726473378398859948e-01 -1.813807745976230157e-16
9.720358783582956352e-01 -1.877775674152874918e-16
9.713884816924919230e-01 -1.939033096898305919e-16
9.707010350910478813e-01 -2.006795732678649946e-16
9.699687198063526861e-01 -2.086484592356334522e-16
9.691858489883562466e-01 -2.162920845516562584e-16
9.683456584355724095e-01 -2.267004254075171010e-16
9.674400333606495428e-01 -2.364582449598866409e-16
9.664591470769799963e-01 -2.484928890744757401e-16
9.653909765500207074e-01 -2.617743656874231694e-16
9.642206428433683918e-01 -2.765737253418503050e-16
9.629294978055810139e-01 -2.935414893412484494e-16
9.614938351878019596e-01 -3.133281789891089053e-16
9.598830326245636479e-01 -3.364758953716744249e-16
9.580568078140162536e-01 -3.632556890320663845e-16
9.559610534637996704e-01 -3.946975520341460130e-16
9.535213106919006032e-01 -4.325362078538901178e-16
9.506321553126019230e-01 -4.795363720311367350e-16
9.471391624357434758e-01 -5.372159276073655709e-16
9.428065952636488500e-01 -6.110500955536284229e-16
9.372556301168263326e-01 -7.087909214031966476e-16
9.298361530320187196e-01 -8.425814694879078947e-16
9.193305895600649702e-01 -1.036599448254188913e-15
9.031612980945447067e-01 -1.343645503502083769e-15
8.747543599695868366e-01 -1.899190696683656241e-15
8.108894617059405618e-01 -3.198769630733406131e-15
5.280798265796928792e-01 -9.624564856511869535e-15
1.588361765736569620e+00 9.197672748814105916e-15
1.155130909379910920e+00 3.278416778020870184e-15
1.079468584517812690e+00 2.006972890347119134e-15
1.047746781905481317e+00 1.459721843785060771e-15
1.030132551441132804e+00 1.157066807335732208e-15
1.018807195091861795e+00 9.650546025885493729e-16
1.010822407853543714e+00 8.338119296091790611e-16
1.004818487882771061e+00 7.398116012546858267e-16
1.000080976042554415e+00 6.679832073275211579e-16
9.961981246858829797e-01 6.134478380515002849e-16
9.929155849027843095e-01 5.702965915865772084e-16
9.900674291945779082e-01 5.357105422842896170e-16
9.875404868682703396e-01 5.082802273204063548e-16
9.852546152611078023e-01 4.864335535448234405e-16
9.831511698027018964e-01 4.684357974815640669e-16
9.811859495467297743e-01 4.548290602168709862e-16
9.793247085222319681e-01 4.429028363195304374e-16
9.775401998814395865e-01 4.345544795913920533e-16
9.758101680638935349e-01 4.296213597065830081e-16
9.741159446200311489e-01 4.247424499303982382e-16
9.724414376879869648e-01 4.246340297131496877e-16
9.707723828851418935e-01 4.245798196045254125e-16
9.690957697612962995e-01 4.266940138408721462e-16
9.673993863163108387e-01 4.314102932911840904e-16
9.656714417352678659e-01 4.379697164347213923e-16
9.639002385739049439e-01 4.469685944663510791e-16
9.620738725244275535e-01 4.578106161912061234e-16
9.601799420029982768e-01 4.704415715006622501e-16
9.582052519356067943e-01 4.848614603947194590e-16
9.561354967244267700e-01 5.044855197167070893e-16
9.539549066529902088e-01 5.276332360992726090e-16
9.516458399511444899e-01 5.542503994337917428e-16
9.491882992419204967e-01 5.816265042890507298e-16
9.465593458143621852e-01 6.168630748948296239e-16
9.437323775913010193e-01 6.609901033149896543e-16
9.406762260184955426e-01 7.058760732558895379e-16
9.373540122962648047e-01 7.645856208959796030e-16
9.337216829091409265e-01 8.320229960245779788e-16
9.297261163485796009e-01 9.117118557022625547e-16
9.253026550479312995e-01 1.005386923405010138e-15
9.203718670864248219e-01 1.123239699554184470e-15
9.148352822474227208e-01 1.275895365440143494e-15
9.085697874580629385e-01 1.459776053893685046e-15
9.014203479198832358e-01 1.697487380211131893e-15
8.931908673802184673e-01 1.990547227433963742e-15
8.836336804825321023e-01 2.395063057988305446e-15
8.724404499599816010e-01 2.952017713994109074e-15
8.592442920604216328e-01 3.713669740165175939e-15
8.436644974194885682e-01 4.818905434796899159e-15
8.254921918542259540e-01 6.514055531477985341e-15
8.053285761251854913e-01 9.173603460584927718e-15
7.866628923948899565e-01 1.349154703272569768e-14
7.822033836408628371e-01 2.029372304268250552e-14
8.280994917889847873e-01 2.876134200979429515e-14
9.776715117833068014e-01 3.101171203900520816e-14
1.176525954600526669e+00 2.118851509563479233e-14
1.273210019543687732e+00 1.228114372736288053e-14
1.273801754292679833e+00 8.008953486900998855e-15
1.243216308770291878e+00 5.714673269704422922e-15
1.210051308345971854e+00 4.294476843965660664e-15
1.181425375949066048e+00 3.325633782632613902e-15
1.157997155671842915e+00 2.634129637021359174e-15
1.138965680667209934e+00 2.135505057895275685e-15
1.123394562206215586e+00 1.763298452081002012e-15
1.110503307435971365e+00 1.487477419400689684e-15
1.099693118514252221e+00 1.274973793593530815e-15
1.090514562463888337e+00 1.107681398379017481e-15
1.082630542410504493e+00 9.732403289908149313e-16
1.075786260648244896e+00 8.669885160872354968e-16
1.069786990637518143e+00 7.786260390296668854e-16
1.064482101516831758e+00 7.056592328213924370e-16
1.059753646156157636e+00 6.463533739864353445e-16
1.055508177435507289e+00 5.969137549210963423e-16
1.051670829865996692e+00 5.530035669354334127e-16
1.048180994525639509e+00 5.172248952434117664e-16
1.044989122752034927e+00 4.869756546310661927e-16
1.042054337151502752e+00 4.605211216224198845e-16
1.039342626148682447e+00 4.380781366519699427e-16
1.036825464932330298e+00 4.185624975472308629e-16
1.034478751345284886e+00 4.021910447426997459e-16
1.032281976847046367e+00 3.876627356313939865e-16
1.030217574707499972e+00 3.753028308650592360e-16
1.028270403110810527e+00 3.645692293574527421e-16
1.026427331893663419e+00 3.561124524120658075e-16
1.024676909581227591e+00 3.487398776391643774e-16
1.023009093146983295e+00 3.421262443870028003e-16
1.021415027145226473e+00 3.367052335245752781e-16
1.019886861987559845e+00 3.321515844001361595e-16
1.018417603463781962e+00 3.286821374481825453e-16
1.017000987359421904e+00 3.262968926687144356e-16
1.015631374350252303e+00 3.247790096272347294e-16
1.014303661368520793e+00 3.234779670202521240e-16
1.013013206416002232e+00 3.230442861512579223e-16
1.011755764403281077e+00 3.232611265857550232e-16
1.010527432065607467e+00 3.241284883237434267e-16
1.009324600374794878e+00 3.247790096272347294e-16
1.008143913157476756e+00 3.271642544067028391e-16
1.006982230860325123e+00 3.291158183171767471e-16
1.005836598585881259e+00 3.315010630966448569e-16
1.004704217668629163e+00 3.351873504830955719e-16
1.003582420177604684e+00 3.390904783040433879e-16
1.002468645825116189e+00 3.427767656904941030e-16
1.001360420835662124e+00 3.479809361184245242e-16
1.000255338388352566e+00 3.531851065463549455e-16
9.991510402928495127e-01 3.588229578432795686e-16
9.980451995950742061e-01 3.651113304436954943e-16
9.969355038363030275e-01 3.716165434786085209e-16
9.958196387089699453e-01 3.787722778170128502e-16
9.946952718653515602e-01 3.863616930244113812e-16
9.935600366419150564e-01 3.943847891008041140e-16
9.924115154627877189e-01 4.026247256116939477e-16
9.912472226806446907e-01 4.128162260330576894e-16
9.900645866022126373e-01 4.219235242819359266e-16
9.888609304282051093e-01 4.331992268757851728e-16
9.876334518132624529e-01 4.440412486006402171e-16
9.863792007195659739e-01 4.557506320634836650e-16
9.850950551970630853e-01 4.678936963953213146e-16
9.837776946722383009e-01 4.822051650721299732e-16
9.824235702641500589e-01 4.965166337489386317e-16
9.810288715686069638e-01 5.125628259017240973e-16
9.795894892557737155e-01 5.281753371855153612e-16
9.781009727092558892e-01 5.450888910762892304e-16
9.765584817908462556e-01 5.637371684430399066e-16
9.749567316383187521e-01 5.836864884167731882e-16
9.732899291859160584e-01 6.036358083905064698e-16
9.715516998283133532e-01 6.266208944471991638e-16
9.697350023158062271e-01 6.513407039798686649e-16
9.678320295546412044e-01 6.756268326435439642e-16
9.658340924703842090e-01 7.042497699971612813e-16
9.637314834466068625e-01 7.354747925647438090e-16
9.615133150406706131e-01 7.658324533943379331e-16
9.591673286577246937e-01 8.022616463898508821e-16
9.566796665751616802e-01 8.369561159093870240e-16
9.540345990787117980e-01 8.777221175948419907e-16
9.512141964047725606e-01 9.219575662322505716e-16
9.481979325657303725e-01 9.696624618216127667e-16
9.449622048268195851e-01 1.020836804362928576e-15
9.414797484465762256e-01 1.081552126022116824e-15
9.377189211292961124e-01 1.144869532895270283e-15
9.336428253544913902e-01 1.214258471934342567e-15
9.292082293890120415e-01 1.292321028353298886e-15
9.243642397963709456e-01 1.375587755200185627e-15
9.190506710052446238e-01 1.474466993330863631e-15
9.131960544065376162e-01 1.587224019269356092e-15
9.067152383976532226e-01 1.708654662587732589e-15
8.995065693273641694e-01 1.849167264141853964e-15
8.914487499974221851e-01 2.008761823931720216e-15
8.823977321687647146e-01 2.185703618481354540e-15
8.721846009934036692e-01 2.400809329502478620e-15
8.606167772134725169e-01 2.643670616139231613e-15
8.474879699819699574e-01 2.928165266199427976e-15
8.326094211456478433e-01 3.261232173586974938e-15
8.158913933765808979e-01 3.628993550494058042e-15
7.975418392092891162e-01 4.052266078632398973e-15
7.785351775537723285e-01 4.496355288482461590e-15
7.616810555195452359e-01 4.940444498332524206e-15
7.538705230570262872e-01 5.287389193527885625e-15
7.697418758602696531e-01 5.620456100915432587e-15
8.328334860117605487e-01 6.314345491306155425e-15
9.584687523483307325e-01 8.284991360015808284e-15
1.114625659391026424e+00 1.067197086295989485e-14
1.234293082883667125e+00 1.097728219473181289e-14
1.289955890544249195e+00 8.951125174790902208e-15
1.299824600242984740e+00 6.342101066921784338e-15
1.287820764805840179e+00 4.232677320133986911e-15
1.268138494536642957e+00 2.636731722235324384e-15
1.247211129144966124e+00 1.582019848841425671e-15
1.227530146652821896e+00 8.603748828350739198e-16
1.209868108735745018e+00 3.746523095615679333e-16
1.194306619273102665e+00 3.117706131816012863e-17
1.180675810583449392e+00 -2.012758844627320220e-16
1.168734960956456348e+00 -3.608704442525982747e-16
1.158243242229318737e+00 -4.684232997631603146e-16
1.148984559021489549e+00 -5.447511327061398267e-16
1.140773619222309243e+00 -6.089359013172816892e-16
1.133454731975399143e+00 -6.453650943127946382e-16
1.126898168914090448e+00 -6.731206699284235517e-16
1.120996069707421716e+00 -6.887331812122148156e-16
1.115658647222389055e+00 -7.017436072820408688e-16
1.110810927226697498e+00 -7.043456924960060794e-16
1.106390044848393872e+00 -7.078151394479596936e-16
1.102343041192355155e+00 -7.086825011859480971e-16
1.098625081833930039e+00 -7.026109690200292723e-16
1.095198020353529422e+00 -7.008762455440524652e-16
1.092029239700648580e+00 -6.956720751161220439e-16
1.089090715609451143e+00 -6.887331812122148156e-16
1.086358257001834415e+00 -6.822279681773017889e-16
1.083810887475110674e+00 -6.757227551423887623e-16
1.081430339465666579e+00 -6.674828186314989286e-16
1.079200638668943224e+00 -6.614112864655801038e-16
1.077107761022774168e+00 -6.540387116926786737e-16
1.075139348268323580e+00 -6.462324560507830417e-16
1.073284471003251195e+00 -6.392935621468758134e-16
1.071533430410722465e+00 -6.310536256359859797e-16
1.069877591625541635e+00 -6.243315721665758522e-16
1.068309243094858862e+00 -6.171758378281715229e-16
1.066821477390965223e+00 -6.104537843587613954e-16
1.065408089803530522e+00 -6.039485713238483688e-16
1.064063491729128508e+00 -5.976601987234324431e-16
1.062782636426228056e+00 -5.913718261230165174e-16
1.061560955144241758e+00 -5.850834535226005917e-16
1.060394301989168175e+00 -5.792287617911788677e-16
1.059278906173947599e+00 -5.738077509287513455e-16
1.058211330533061156e+00 -5.679530591973296216e-16
1.057188435369130985e+00 -5.631825696383934021e-16
1.056207346853013540e+00 -5.578699789932144304e-16
1.055265429324907522e+00 -5.528826489997811100e-16
1.054360260947694528e+00 -5.482205796580934409e-16
1.053489612249393304e+00 -5.436669305336543223e-16
1.052651427162571318e+00 -5.395469622782094054e-16
1.051843806227596545e+00 -5.352101535882673877e-16
1.051064991675854543e+00 -5.317407066363137735e-16
1.050313354150269385e+00 -5.277291585981174071e-16
1.049587380855065977e+00 -5.242597116461637929e-16
1.048885664955839570e+00 -5.210071051287072796e-16
1.048206896075577044e+00 -5.173208177422565645e-16
1.047549851753083239e+00 -5.145018920937942530e-16
1.046913389747901935e+00 -5.112492855763377397e-16
1.046296441090817542e+00 -5.087014104709968043e-16
1.045698003791775355e+00 -5.060451151484073184e-16
1.045117137127932194e+00 -5.037140804775634839e-16
1.044552956443812741e+00 -5.013830458067196494e-16
1.044004628403443657e+00 -4.993772717876214662e-16
1.043471366641050890e+00 -4.974257078771475582e-16
1.042952427762604106e+00 -4.955825641839222006e-16
1.042447107655299243e+00 -4.940104710338182192e-16
1.041954738066077191e+00 -4.926552183182113387e-16
1.041474683413593283e+00 -4.913541757112287333e-16
1.041006337800695736e+00 -4.903783937559917793e-16
1.040549122196535947e+00 -4.892941915835062749e-16
1.040102481758891306e+00 -4.888605107145120731e-16
1.039665883268172886e+00 -4.882099894110207705e-16
1.039238812644892151e+00 -4.879118338135872568e-16
1.038820772522025093e+00 -4.877763085420265687e-16
1.038411279842694102e+00 -4.877492034877144311e-16
1.038009863451786474e+00 -4.881557793023964953e-16
1.037616061647414156e+00 -4.885623551170785594e-16
1.037229419654313700e+00 -4.894297168550669630e-16
1.036849486976156420e+00 -4.902970785930553665e-16
1.036475814576943932e+00 -4.916252262543501094e-16
1.036107951832796026e+00 -4.932786345673905037e-16
1.035745443183901937e+00 -4.950675681519915860e-16
1.035387824401418744e+00 -4.971817623883383197e-16
1.035034618364627068e+00 -4.997838476023035303e-16
1.034685330218233057e+00 -5.026569833593901171e-16
1.034339441746377597e+00 -5.059909050397830432e-16
1.033996404755942455e+00 -5.097449550620141023e-16
1.033655633203294899e+00 -5.138242657359908127e-16
1.033316493720285889e+00 -5.187167280393316515e-16
1.032978294089398785e+00 -5.239751085758863480e-16
1.032640269073241912e+00 -5.298840104159323472e-16
1.032301562803748629e+00 -5.366602739939667499e-16
1.031961206657184160e+00 -5.441141639298045929e-16
1.031618091145714455e+00 -5.525709408751915274e-16
1.031270929788744128e+00 -5.620306048301275536e-16
1.030918212099959375e+00 -5.727642063377340475e-16
1.030558141599941413e+00 -5.849885858325081100e-16
1.030188552913705813e+00 -5.985275604614208466e-16
1.029806799163113684e+00 -6.142281631717265577e-16
1.029409596378461966e+00 -6.321784853899396905e-16
1.028992804416677176e+00 -6.527444453492741027e-16
1.028551111873382995e+00 -6.767256421519378539e-16
1.028077571954388425e+00 -7.048403597372025908e-16
1.027562899929225448e+00 -7.379898411609468889e-16
1.026994375803126358e+00 -7.778884811084134520e-16
1.026354066538200716e+00 -8.262845555827351562e-16
1.025615818683433655e+00 -8.865594201093511683e-16
1.024739899804944621e+00 -9.629279106337988869e-16
1.023662822656113081e+00 -1.062871022146228293e-15
1.022276409026662503e+00 -1.199246714785959664e-15
1.020379978076826788e+00 -1.395111225377255058e-15
1.017554453658519042e+00 -1.700202328582886988e-15
1.012753989542200417e+00 -2.239338799510249154e-15
1.002433880476901296e+00 -3.445503552005005785e-15
9.620128313026093947e-01 -8.519583271764322605e-15
1.168513563170537450e+00 1.271812463671958505e-14
1.063298424244761398e+00 3.423455076612171285e-15
1.048410768487300526e+00 1.874479149704654221e-15
1.042379072447739752e+00 1.240764250436297760e-15
1.039063610566554496e+00 8.966726798446440454e-16
1.036935742865346954e+00 6.809296824098295115e-16
1.035433369517138269e+00 5.331821489367355305e-16
1.034301268366517590e+00 4.258173347404639453e-16
1.033406807340972566e+00 3.442921076331320463e-16
1.032674220487765915e+00 2.804029535205819346e-16
1.032057073355354015e+00 2.290880035100219115e-16
1.031525314926337256e+00 1.870582286672635286e-16
1.031058632329067581e+00 1.519165257515771162e-16
1.030642797551376999e+00 1.222686785317820957e-16
1.030267544200176966e+00 9.684921978468054252e-17
1.029925275475049418e+00 7.497544095478549056e-17
1.029610246962534781e+00 5.575456931569090727e-17
1.029318032416558504e+00 3.894265937858755414e-17
1.029045164433510573e+00 2.406198456122400578e-17
1.028788886674950387e+00 1.090248069268119571e-17
1.028546979223303959e+00 -8.645010105755445955e-19
1.028317633066353487e+00 -1.148629416914447085e-17
1.028099358307674294e+00 -2.102727328701690987e-17
1.027890915982810682e+00 -2.974154824836915175e-17
1.027691266689198635e+00 -3.759184960352200730e-17
1.027499531383327280e+00 -4.486955668633095581e-17
1.027314961110650016e+00 -5.135444093050987921e-17
1.027136913380729766e+00 -5.733110540633622240e-17
1.026964833546198053e+00 -6.295879230789379385e-17
1.026798239991938200e+00 -6.800710867352942387e-17
1.026636712255831307e+00 -7.256753406154657690e-17
1.026479881426868079e+00 -7.699921044158107627e-17
1.026327422328417116e+00 -8.095654837115316746e-17
1.026179047112692144e+00 -8.473770344769636417e-17
1.026034499979728620e+00 -8.811228270955749672e-17
1.025893552799236774e+00 -9.135133669985794122e-17
1.025756001462655664e+00 -9.431934014703700961e-17
1.025621662829923286e+00 -9.700274052393863308e-17
1.025490372163951447e+00 -9.959127321074777492e-17
1.025361980967807174e+00 -1.020239518352621255e-16
1.025236355156734724e+00 -1.042533425524354440e-16
1.025113373510609494e+00 -1.064420756881405561e-16
1.024992926363075485e+00 -1.083597582807242920e-16
1.024874914492137190e+00 -1.102029019739496496e-16
1.024759248183854554e+00 -1.118359814962559406e-16
1.024645846446412101e+00 -1.135774812358107821e-16
1.024534636356492445e+00 -1.149937203236199723e-16
1.024425552523820171e+00 -1.164438407293193345e-16
1.024318536663132662e+00 -1.178126459720822838e-16
1.024213537265858509e+00 -1.189917158346602699e-16
1.024110509366553456e+00 -1.200623654799897055e-16
1.024009414401808371e+00 -1.212753166604578636e-16
1.023910220162009388e+00 -1.220816920262439575e-16
1.023812900839137008e+00 -1.230845790357930491e-16
1.023717437176883571e+00 -1.239519407737814527e-16
1.023623816732909031e+00 -1.248057499846137874e-16
1.023532034267272683e+00 -1.256663354590241566e-16
1.023442092276240167e+00 -1.262965279717813560e-16
1.023354001697137416e+00 -1.270283644382090715e-16
1.023267782818215954e+00 -1.275975705787639613e-16
1.023183466438270184e+00 -1.282480918822552640e-16
1.023101095334996380e+00 -1.288172980228101538e-16
1.023020726120140500e+00 -1.293865041633650436e-16
1.022942431585328826e+00 -1.298676188774054862e-16
1.022866303677961497e+00 -1.303893911729141352e-16
1.022792457295924162e+00 -1.307349806153938898e-16
1.022721035159476433e+00 -1.312228715930123668e-16
1.022652214118266123e+00 -1.316768812527406718e-16
1.022586213396045274e+00 -1.321241146488909423e-16
1.022523305489284162e+00 -1.325239141999949721e-16
1.022463830757078584e+00 -1.330524627590816555e-16
1.022408217232377625e+00 -1.334590385737637197e-16
1.022357007956730124e+00 -1.339401532878041623e-16
1.022310899380568516e+00 -1.344754781104688801e-16
1.022270796416010485e+00 -1.349633690880873571e-16
1.022237893205376169e+00 -1.356613242366249006e-16
1.022213794783043417e+00 -1.364473708116768913e-16
1.022200705990498948e+00 -1.374028239761797421e-16
1.022201735394931754e+00 -1.384666973579311433e-16
1.022221405083975965e+00 -1.399100415000524711e-16
1.022266549716500661e+00 -1.417260801389656910e-16
1.022348002105645470e+00 -1.441045486548557663e-16
1.022484005091510717e+00 -1.472826162729539012e-16
1.022707836814635840e+00 -1.521547497855606368e-16
1.023087292930097814e+00 -1.597373887293811334e-16
1.023785059876773040e+00 -1.728630112800337714e-16
1.025313981447823375e+00 -2.013707521528245037e-16
1.030576040255542836e+00 -3.031095735134330260e-16
9.603465982007542978e-01 3.135033070333854832e-16
1.013055091236285454e+00 -2.290904493751786366e-18
1.016467359941927606e+00 -5.402767691204445108e-17
1.017662005982971074e+00 -7.329259426439625799e-17
1.018245789570576765e+00 -8.308429513465596991e-17
1.018575385439915770e+00 -8.891865807534359064e-17
1.018775145011281413e+00 -9.253718282601396169e-17
1.018899757006087370e+00 -9.503762408630865629e-17
1.018977030539999884e+00 -9.665037481788084414e-17
1.019022597123564244e+00 -9.766681435458600455e-17
1.019045914370511730e+00 -9.821569170440679117e-17
1.019053036465568107e+00 -9.858160993762064891e-17
1.019048015489382397e+00 -9.865614883697902734e-17
1.019033662898931825e+00 -9.858160993762064891e-17
1.019011987884747228e+00 -9.829700686734320400e-17
1.018984461984631995e+00 -9.779556336256865820e-17
1.018952185297242075e+00 -9.726701480348197479e-17
1.018915994475018350e+00 -9.654195460063229370e-17
1.018876534956958846e+00 -9.586432824282885342e-17
1.018834310513855979e+00 -9.492242760548207145e-17
1.018789717985557841e+00 -9.398052696813528947e-17
1.018743072107351377e+00 -9.282178589629140661e-17
1.018694623552278689e+00 -9.167659735160359255e-17
1.018644572234253198e+00 -9.036877848104295282e-17
1.018593077238080014e+00 -8.901352576543607228e-17
1.018540264306494025e+00 -8.760406294120491652e-17
1.018486231528224151e+00 -8.609295616330324471e-17
1.018431053679566878e+00 -8.441244279595071284e-17
1.018374785541369842e+00 -8.279291580080049059e-17
1.018317464422690666e+00 -8.084812815390461701e-17
1.018259112058364613e+00 -7.892366929774284664e-17
1.018199736001654587e+00 -7.687723769717645702e-17
1.018139330599340919e+00 -7.476981972440775778e-17
1.018077877611185844e+00 -7.246589010787606086e-17
1.018015346516035313e+00 -7.009419785556401991e-17
1.017951694531011420e+00 -6.746500758728667166e-17
1.017886866356938258e+00 -6.479515973754111699e-17
1.017820793651262656e+00 -6.192202398045453024e-17
1.017753394218440466e+00 -5.883882405244887700e-17
1.017684570896240537e+00 -5.572851907013108616e-17
1.017614210103953365e+00 -5.222519080028729996e-17
1.017542180004220143e+00 -4.857278473172675689e-17
1.017468328213148254e+00 -4.461544680215466571e-17
1.017392478972360736e+00 -4.047514975597564565e-17
1.017314429670002962e+00 -3.599603953089490546e-17
1.017233946563385283e+00 -3.132719392562920199e-17
1.017150759510917490e+00 -2.616368107916698712e-17
1.017064555461121511e+00 -2.066813131738108652e-17
1.016974970365911002e+00 -1.475922947733508736e-17
1.016881579075469277e+00 -8.213358860953854337e-18
1.016783882620419188e+00 -1.274464957046625960e-18
1.016681292075012788e+00 6.314950250351905078e-18
1.016573107894672923e+00 1.470396455995849564e-17
1.016458493189321910e+00 2.381126280883673288e-17
1.016336438763168593e+00 3.385368543148371770e-17
1.016205716814686966e+00 4.510228297102082621e-17
1.016064818772744571e+00 5.751639784597985197e-17
1.015911870555417096e+00 7.140773818095037754e-17
1.015744515080161170e+00 8.729807627144105190e-17
1.015559746254989459e+00 1.051738595902958063e-16
1.015353669357965227e+00 1.257940296582544937e-16
1.015121146696164267e+00 1.497820027244962793e-16
1.014855258921572467e+00 1.778560627282928097e-16
1.014546459506139309e+00 2.113443573309388280e-16
1.014181197088791953e+00 2.520019387991452442e-16
1.013739569214426206e+00 3.021869468580680307e-16
1.013191107501344224e+00 3.660871123989324483e-16
1.012486692373853803e+00 4.497739675876573218e-16
1.011541701535959792e+00 5.643470321650630029e-16
1.010196857763919764e+00 7.308940383859925527e-16
1.008112602587670992e+00 9.951141078207099833e-16
1.004413358924230559e+00 1.478193938298782553e-15
9.959402977721029115e-01 2.642532203858121833e-15
9.558688198534408542e-01 9.143659151833593692e-15
1.087582008792317367e+00 -6.171435147254162188e-15
1.039565072559703873e+00 -2.615963529177401257e-15
1.030459606531962224e+00 -1.683671633584272063e-15
1.026586742692214393e+00 -1.264288680739722879e-15
1.024431657025355547e+00 -1.026272422561264483e-15
1.023051613354298839e+00 -8.729797878989702253e-16
1.022087059227199779e+00 -7.659893622653850409e-16
1.021371070936272440e+00 -6.869781289455039052e-16
1.020815588498412918e+00 -6.263847800307202762e-16
1.020369759577014701e+00 -5.782326510452078105e-16
1.020002163979017329e+00 -5.391336101999493069e-16
1.019692339739301179e+00 -5.068040566691471715e-16
1.019426387734548412e+00 -4.794550568682003222e-16
1.019194534707202671e+00 -4.562395778498544585e-16
1.018989707042672332e+00 -4.360530886508899728e-16
1.018806657828243534e+00 -4.184890134566248010e-16
1.018641411983103540e+00 -4.029984749172381564e-16
1.018490901982250341e+00 -3.891884497452040436e-16
1.018352721923354798e+00 -3.768353212424473275e-16
1.018224957378443429e+00 -3.657900116102512511e-16
1.018106065107573288e+00 -3.557272601968701630e-16
1.017994786372323990e+00 -3.464505553585410657e-16
1.017890083377438248e+00 -3.381767375297610600e-16
1.017791091938568648e+00 -3.304992308958480817e-16
1.017697085730529416e+00 -3.233434965574437525e-16
1.017607448929392477e+00 -3.168111784682185883e-16
1.017521655024499649e+00 -3.106922124572535226e-16
1.017439250223645786e+00 -3.049730459973924867e-16
1.017359840317159314e+00 -2.996333502979013774e-16
1.017283080173799092e+00 -2.946663490952021602e-16
1.017208665257724354e+00 -2.899636221720462847e-16
1.017136324710059325e+00 -2.855454983191678542e-16
1.017065815649925264e+00 -2.813374386372084901e-16
1.016996918430961960e+00 -2.774139820255265709e-16
1.016929432649083642e+00 -2.736667082668735462e-16
1.016863173741446413e+00 -2.700414072526251407e-16
1.016797970049550415e+00 -2.666803805179200770e-16
1.016733660243964055e+00 -2.633803401554173229e-16
1.016670091026426581e+00 -2.601887200101631192e-16
1.016607115038489884e+00 -2.572884791987643948e-16
1.016544588915453406e+00 -2.543950146509437049e-16
1.016482371430814879e+00 -2.515218788938571181e-16
1.016420321680252092e+00 -2.488452547805335291e-16
1.016358297255538501e+00 -2.461889594579440432e-16
1.016296152357847982e+00 -2.436817419340713142e-16
1.016233735796523874e+00 -2.412829446274471356e-16
1.016170888813313411e+00 -2.388705947936668883e-16
1.016107442662821159e+00 -2.364853500141987785e-16
1.016043215866751392e+00 -2.342830643513375976e-16
1.015978011041318130e+00 -2.319926872619619695e-16
1.015911611172390483e+00 -2.297361914904765134e-16
1.015843775179293473e+00 -2.276694310991760206e-16
1.015774232562400403e+00 -2.254603691727368053e-16
1.015702676867113130e+00 -2.233732799907022093e-16
1.015628757610631538e+00 -2.212861908086676132e-16
1.015552070198036505e+00 -2.191516677815867764e-16
1.015472143185527365e+00 -2.170171447545059395e-16
1.015388422008276059e+00 -2.149368318360493779e-16
1.015300247942921397e+00 -2.127548749639223002e-16
1.015206830564640450e+00 -2.106677857818877042e-16
1.015107211196941250e+00 -2.084112900104022481e-16
1.015000213692883957e+00 -2.061751230296508952e-16
1.014884377084721567e+00 -2.038915222038533015e-16
1.014757861773784908e+00 -2.013571996256684349e-16
1.014618316257535735e+00 -1.988499821017957058e-16
1.014462683540253707e+00 -1.961801342520501512e-16
1.014286912755478998e+00 -1.932256833320271516e-16
1.014085517014978288e+00 -1.900476157139290167e-16
1.013850872461179664e+00 -1.865036298626170241e-16
1.013572062667403184e+00 -1.824582005065304857e-16
1.013232882604659046e+00 -1.777080397383283694e-16
1.012808190690957844e+00 -1.719888732784673335e-16
1.012256758701576498e+00 -1.645553121333635937e-16
1.011505949810303173e+00 -1.545603233557628497e-16
1.010414764476631477e+00 -1.399032652364744367e-16
1.008668658542373642e+00 -1.150547066958222819e-16
1.005393847609746372e+00 -6.287070088137934662e-17
9.969199321044239781e-01 1.100866506843707482e-16
9.207961372656500165e-01 4.242665532648009621e-15
1.047540496472236793e+00 -5.534227204618312520e-17
1.029425265604187789e+00 -2.305290143291065385e-16
1.024466264907408330e+00 -2.315115725479215269e-16
1.022139433195705216e+00 -2.244303771088755761e-16
1.020782650899779487e+00 -2.176473372672631390e-16
1.019890012659943501e+00 -2.118468556444656903e-16
1.019255402380214282e+00 -2.068663019146104043e-16
1.018779087389293236e+00 -2.024549543253100081e-16
1.018406930365220564e+00 -1.985518265043621921e-16
1.018107008532412650e+00 -1.949129729629577179e-16
1.017859282448581038e+00 -1.914841835924723101e-16
1.017650540333218334e+00 -1.882180245478597280e-16
1.017471721640806015e+00 -1.850467331933396275e-16
1.017316408678008877e+00 -1.819228756838657679e-16
1.017179931983643426e+00 -1.788464520194381490e-16
1.017058816734694560e+00 -1.757293707735423238e-16
1.016950427713167127e+00 -1.725851844733343609e-16
1.016852734591110918e+00 -1.694545507002824669e-16
1.016764152691554957e+00 -1.661138527563115063e-16
1.016683432568900924e+00 -1.626986159129821674e-16
1.016609582057936834e+00 -1.591614063252482092e-16
1.016541810492060272e+00 -1.553734749851269780e-16
1.016479488462728176e+00 -1.514500183734450589e-16
1.016422118791680873e+00 -1.472622874822197980e-16
1.016369315878269175e+00 -1.427899535207170922e-16
1.016320791593396056e+00 -1.380059114346248039e-16
1.016276346619126025e+00 -1.327204258437579698e-16
1.016235866711197477e+00 -1.270215881746310371e-16
1.016199323891378015e+00 -1.207806494192613522e-16
1.016166783153616082e+00 -1.138485317789321582e-16
1.016138416009908285e+00 -1.060693811913486639e-16
1.016114523286057336e+00 -9.730767238495018120e-17
1.016095571308490708e+00 -8.731268360734943720e-17
1.016082248567074187e+00 -7.579303552469095259e-17
1.016075555211449100e+00 -6.234215232229266321e-17
1.016076947663565377e+00 -4.632984148739736960e-17
1.016088580333576852e+00 -2.699716149926521866e-17
1.016113727994942817e+00 -3.036293487335570665e-18
1.016157566612766017e+00 2.752465524959958557e-17
1.016228723683324509e+00 6.771467453092162806e-17
1.016342654058420836e+00 1.232597070800696271e-16
1.016529957920947913e+00 2.051847337385055559e-16
1.016860801622704091e+00 3.383450893104596036e-16
1.017539126676822114e+00 5.933155589611600745e-16
1.019510902340425185e+00 1.277643641443276370e-15
1.061703250946471000e+00 4.185561959475913709e-15
1.010104870938903554e+00 -2.334084516858326173e-15
1.012778452664262252e+00 -1.177904872646940313e-15
1.013588326023935338e+00 -8.370926959897000285e-16
1.013968370874093194e+00 -6.739270452942096456e-16
1.014182020929816685e+00 -5.782258747816297761e-16
1.014314106584864650e+00 -5.152269522966439341e-16
1.014400271860248948e+00 -4.705984803717093578e-16
1.014458104492217849e+00 -4.372457110406240277e-16
1.014497280227843579e+00 -4.114823569169372286e-16
1.014523559222190396e+00 -3.908215292675103347e-16
1.014540582602407648e+00 -3.739554092217827063e-16
1.014550763184137061e+00 -3.598607809794711487e-16
1.014555761876323903e+00 -3.478938995006623935e-16
1.014556758418983407e+00 -3.377091753428766862e-16
1.014554613076842138e+00 -3.288254937920735843e-16
1.014549967297218469e+00 -3.209582517779756427e-16
1.014543308614832107e+00 -3.140938967734267928e-16
1.014535013786686202e+00 -3.079274969174154863e-16
1.014525378221280416e+00 -3.023980658377394137e-16
1.014514636524393998e+00 -2.973971833171500245e-16
1.014502977137734074e+00 -2.928570867198669747e-16
1.014490552959413927e+00 -2.886829083557977826e-16
1.014477489175242164e+00 -2.848814244885204827e-16
1.014463889118354611e+00 -2.813577674279425933e-16
1.014449838711994012e+00 -2.781051609104860800e-16
1.014435409878822414e+00 -2.751439337268850460e-16
1.014420663186083482e+00 -2.722843504969545280e-16
1.014405649918673546e+00 -2.697364753916135926e-16
1.014390413718976314e+00 -2.672902442399431732e-16
1.014374991895137468e+00 -2.649185519876311323e-16
1.014359416473108899e+00 -2.628111340148624331e-16
1.014343715048873440e+00 -2.608121362593422843e-16
1.014327911483533962e+00 -2.588402435581342731e-16
1.014312026473852546e+00 -2.571055200821574660e-16
1.014296078023351644e+00 -2.553030339704003148e-16
1.014280081833473179e+00 -2.536835069752500926e-16
1.014264051630061392e+00 -2.521385188794582488e-16
1.014247999437196235e+00 -2.505935307836664050e-16
1.014231935807933693e+00 -2.491976204865913180e-16
1.014215870019572474e+00 -2.478898016160306783e-16
1.014199810239585275e+00 -2.465413251640018321e-16
1.014183763667161786e+00 -2.452944926656435020e-16
1.014167736654396190e+00 -2.441357515937996192e-16
1.014151734810400107e+00 -2.429499054676435987e-16
