9.735130052077562990e-01
9.667955587811635221e-01
9.609680304709141696e-01
9.645277029362880894e-01
9.634942496398892775e-01
9.586140535180055489e-01
9.651592577285319496e-01
9.660778828808864738e-01
9.649296014404432631e-01
9.724508448753462764e-01
9.736852474238227861e-01
9.584131042659280730e-01
9.697810905263158920e-01
9.550830880886427288e-01
9.684605668698061942e-01
9.616569993351801182e-01
9.667381447091413227e-01
9.685753950138504820e-01
9.670539221052631973e-01
9.574083580055402498e-01
9.636951988919668644e-01
9.659056406648199866e-01
9.583556901939058736e-01
9.648721873684210637e-01
9.607383741828255941e-01
9.694940201662050061e-01
9.462413209972300177e-01
9.629775229916898160e-01
9.637526129639889527e-01
9.611976867590028561e-01
9.672548713573407841e-01
9.592456083102494091e-01
9.512363452631579230e-01
9.646712381163435879e-01
9.645564099722991891e-01
9.631784722437674029e-01
9.642693396121884142e-01
9.582982761218836743e-01
9.535903222160665438e-01
9.597049208864266712e-01
9.496287512465374503e-01
9.581260339058171871e-01
9.618866556232688048e-01
9.592169012742383094e-01
9.576954283656510247e-01
9.539348066481995181e-01
9.537338573961219312e-01
9.557720569529086774e-01
9.592456083102494091e-01
9.500880638227147124e-01
9.452078677008310947e-01
9.512363452631579230e-01
9.558294710249307657e-01
9.608819093628809815e-01
9.510066889750693475e-01
9.485665909141274277e-01
9.560304202770083526e-01
9.560017132409972529e-01
9.542218770083102930e-01
9.530448885318559826e-01
9.519253141274238716e-01
9.484804698060942396e-01
9.495426301385042622e-01
9.381459368421053435e-01
9.377440383379501698e-01
9.394951675346261410e-01
9.380311086980609447e-01
9.388349057063712921e-01
9.223570670360111690e-01
9.246249228808864906e-01
9.717331689750693391e-01
1.084092507922437720e+00
1.036725898504155197e+00
1.003540564875346375e+00
9.840771944598338816e-01
9.708145438227147039e-01
9.671974572853185848e-01
9.756086188365651335e-01
9.696949694182825930e-01
9.647573592243767759e-01
9.606522530747922950e-01
9.611402726869806568e-01
9.664797813850416475e-01
9.526429900277009200e-01
9.646425310803324882e-01
9.649870155124654625e-01
9.644989959002771007e-01
9.636377848199446650e-01
9.541931699722991933e-01
9.583556901939058736e-01
9.523272126315790453e-01
9.525281618836565212e-01
9.559155921329640648e-01
9.521836774515235469e-01
9.489971964542937011e-01
9.562026624930748397e-01
9.508631537950138490e-01
9.552553303047092159e-01
9.535903222160665438e-01
9.609967375069252693e-01
9.491694386703601882e-01
9.541357559002771049e-01
9.468154617174515675e-01
9.422223359556787248e-01
9.494565090304709631e-01
9.553988654847646034e-01
9.512076382271468233e-01
9.533319588919667575e-01
9.461264928531856189e-01
9.572648228254848624e-01
9.385191283102493065e-01
9.466145124653739806e-01
9.422797500277009242e-01
9.446624340166205336e-01
9.422510429916898245e-01
9.399257730747923034e-01
9.418491444875346508e-01
9.409592263711912263e-01
9.426242344598338985e-01
9.390071479224377793e-01
9.470738250415513537e-01
9.381172298060942438e-01
9.359067880332410105e-01
9.473608954016621286e-01
9.345288503047092243e-01
9.384330072022161184e-01
9.208930081994460837e-01
9.351316980609418739e-01
9.259167395013850888e-01
9.295625330747923076e-01
9.292754627146815327e-01
9.340982447645429509e-01
9.290170993905817465e-01
9.280697672022161226e-01
9.293615838227147208e-01
9.208355941274238843e-01
9.273807983379501740e-01
9.185390312465374629e-01
9.229886218282549182e-01
9.162137613296399419e-01
9.175629920221607394e-01
9.022047277562327272e-01
9.131995225484764722e-01
9.155822065373961927e-01
9.078887208864266922e-01
9.053050876454293849e-01
9.120799481440443612e-01
9.000229930193905936e-01
8.984441060387812206e-01
9.005971337396122545e-01
8.951427968975069760e-01
8.953724531855956625e-01
8.883966434349030994e-01
8.867603423822715270e-01
8.920998510803324066e-01
8.856981820498615043e-01
8.723207032686981499e-01
8.626751391689750914e-01
8.638808346814405015e-01
8.542926846537396424e-01
8.575652867590027872e-01
8.538046650415512806e-01
8.402262370083103393e-01
8.310973995567867423e-01
8.143037834903047445e-01
8.127536035457064711e-01
7.937208386703601404e-01
7.847642434349031415e-01
7.623153412742382784e-01
7.486794991689751377e-01
7.275224136288088728e-01
7.145755403878116807e-01
7.069107617728532800e-01
7.321442464265928152e-01
7.965915422714682226e-01
9.446050199445984452e-01
1.183275317340720223e+00
1.375842114903047086e+00
1.440404238891966893e+00
1.430586432576177458e+00
1.381066795457063900e+00
1.331116552797783958e+00
1.288630139501385052e+00
1.246115019168975158e+00
1.229378817174515248e+00
1.203169293296398878e+00
1.176931062382271520e+00
1.167371619390581872e+00
1.136281899390581884e+00
1.138865532631579081e+00
1.121440361772853223e+00
1.116962064155124779e+00
1.109842719224376717e+00
1.100168448088642670e+00
1.087479938171745264e+00
1.084523113462603883e+00
1.072006845761772853e+00
1.065834833019390748e+00
1.069624161772853244e+00
1.063595684210526304e+00
1.050964588365651098e+00
1.052715717562326958e+00
1.053318565318559719e+00
1.049586650637119201e+00
1.049615357673130189e+00
1.043730415290858859e+00
1.041720922770083213e+00
1.037615816620498732e+00
1.042266356454293774e+00
1.029663967645429334e+00
1.033883901939058214e+00
1.031472510914127394e+00
1.028659221385041622e+00
1.026448779612188389e+00
1.023520661939058218e+00
1.015855883324099818e+00
1.020219352797784085e+00
1.017578305484764689e+00
1.030065866149584508e+00
1.011262757562326975e+00
1.011434999778393351e+00
1.015741055180055419e+00
1.012812937506925248e+00
1.009913526869806066e+00
1.004545311135734087e+00
1.022257552354570720e+00
1.016630973296398954e+00
1.009856112797784089e+00
1.015855883324099818e+00
9.944404344598338774e-01
1.012640695290858872e+00
9.973398450969529483e-01
1.011750777174515337e+00
1.000009599445983444e+00
1.005320401108033224e+00
9.942968992797784900e-01
9.994641657617728825e-01
1.006009369972299172e+00
1.002191334182825466e+00
9.945265555678670655e-01
9.972250169529086605e-01
9.999808924099723439e-01
9.975982084210527345e-01
1.002535818614958441e+00
9.944117274238227777e-01
9.907372268144044591e-01
9.969092395567867859e-01
9.938950007756233163e-01
9.880387654293629751e-01
9.896176524099723482e-01
9.971101888088643728e-01
9.938662937396122166e-01
9.966508762326869997e-01
9.921725786149585558e-01
9.932060319113573676e-01
9.899621368421053225e-01
9.934069811634349545e-01
9.903640353462604962e-01
9.911391253185596328e-01
9.910530042105263338e-01
9.861728080886427161e-01
9.889860976177285989e-01
9.904788634903047839e-01
9.883832498614959494e-01
9.877516950692520892e-01
9.778477676454294665e-01
9.827566708033241838e-01
9.878665232132964880e-01
9.779338887534626545e-01
9.799146742382272013e-01
9.965647551246538116e-01
9.855699603324100666e-01
9.863450503047092033e-01
9.771300917451524182e-01
9.839336592797784942e-01
9.755224977285319454e-01
9.751780132963989711e-01
9.732259348476455241e-01
9.732546418836565127e-01
9.838475381717451951e-01
9.753502555124654583e-01
9.764411228808864696e-01
9.799720883102494007e-01
9.773310409972300050e-01
9.696662623822714933e-01
9.880387654293629751e-01
9.801156234903047881e-01
9.852254759002770923e-01
9.775319902493074808e-01
9.625756244875346423e-01
9.731972278116344244e-01
9.760392243767314069e-01
9.700107468144044676e-01
9.736565403878116864e-01
9.777329395013850677e-01
9.678577191135734337e-01
9.766133650969529567e-01
9.697810905263158920e-01
9.680299613296399208e-01
9.743455092520776351e-01
9.698097975623268807e-01
9.757808610526316206e-01
9.789673420498615775e-01
9.714748056509695529e-01
9.737139544598338858e-01
9.665371954570637358e-01
9.742019740720222476e-01
9.579824987257617996e-01
9.569490454293629877e-01
9.781348380055402414e-01
9.824983074792243976e-01
9.752641344044321592e-01
9.794553616620499392e-01
9.643554607202217133e-01
9.664797813850416475e-01
9.758095680886427203e-01
9.773597480332411047e-01
9.667094376731302230e-01
9.748909429362881962e-01
9.609393234349030699e-01
9.707858367867036042e-01
9.611689797229917565e-01
9.723934308033241880e-01
9.661640039889197729e-01
9.597623349584487595e-01
9.717044619390582394e-01
9.619727767313019928e-01
9.617431204432133063e-01
9.680299613296399208e-01
9.630062300277009157e-01
9.584992253739612611e-01
9.647286521883656762e-01
9.566906821052632015e-01
9.713025634349030657e-01
9.655324491966759126e-01
9.559442991689751645e-01
9.547673106925208542e-01
9.551979162326870165e-01
9.601068193905817338e-01
9.544515332963989795e-01
9.635229566759003772e-01
9.570064595013850761e-01
9.711303212188365785e-01
9.557433499168975777e-01
9.622885541274238674e-01
9.625756244875346423e-01
9.532745448199446692e-01
9.603938897506926198e-01
9.648721873684210637e-01
9.550830880886427288e-01
9.550830880886427288e-01
9.621163119113573803e-01
9.617431204432133063e-01
9.543941192243767802e-01
9.522410915235457463e-01
9.517243648753462848e-01
9.542218770083102930e-01
9.488823683102494133e-01
9.566619750692521018e-01
9.570351665373961758e-01
9.520401422714681594e-01
9.391506831024931667e-01
9.501741849307480114e-01
9.494565090304709631e-01
9.417343163434903630e-01
9.535903222160665438e-01
9.568629243213296887e-01
9.415046600554016765e-01
9.399544801108034031e-01
9.515521226592797976e-01
9.460690787811635305e-01
9.484517627700831399e-01
9.355910106371191359e-01
9.457533013850416559e-01
9.390358549584487680e-01
9.419926796675900382e-01
9.363373935734072839e-01
9.493416808864266754e-01
9.350455769529086858e-01
9.471886531855956415e-01
9.331796196121884268e-01
9.396674097506926282e-01
9.354187684210526488e-01
9.331796196121884268e-01
9.371124835457064206e-01
9.369402413296399335e-01
9.220412896398892943e-01
9.408443982271468276e-01
9.322609944598339027e-01
9.309117637673131052e-01
9.299357245429363816e-01
9.329499633240997403e-01
9.301940878670360568e-01
9.312562481994460795e-01
9.367392920775623466e-01
9.257444972853186016e-01
9.179648905263158021e-01
9.276965757340720486e-01
9.253138917451524392e-01
9.270363139058171997e-01
9.263186380055402624e-01
9.220699966759002830e-01
9.290745134626039459e-01
9.366818780055402582e-01
9.249694073130194649e-01
9.083193264265928546e-01
9.132856436565097713e-01
9.122521903601108484e-01
8.989608326869806820e-01
9.135152999445983468e-01
9.137736632686981331e-01
9.058505213296399461e-01
9.074581153462604188e-01
9.047309469252078351e-01
9.036113725207757241e-01
9.089221741828255041e-01
8.970374612742382237e-01
9.069988027700831568e-01
9.005110126315789554e-01
8.971522894182826224e-01
9.009416181717452288e-01
8.922146792243768054e-01
8.813060055401662485e-01
8.771147782825485795e-01
8.879373308587258373e-01
8.660051553462604357e-01
8.747608013296399587e-01
8.677275775069253072e-01
8.673830930747923329e-01
8.628186743490304789e-01
8.592590018836565591e-01
8.603211622160665817e-01
8.520248288088643207e-01
8.463982497506925551e-01
8.369249278670360948e-01
8.366665645429363085e-01
8.349441423822715480e-01
8.188394951800554988e-01
8.183801826038781257e-01
8.121220487534626109e-01
8.089068607202216654e-01
8.008114765650969913e-01
8.136722286980609953e-01
8.172319011634349151e-01
8.234039139058172418e-01
8.363220801108033342e-01
8.533740595013851182e-01
8.628186743490304789e-01
8.490105900277008510e-01
8.254995275346260764e-01
8.133277442659280210e-01
7.945533427146814764e-01
7.812619850415513101e-01
7.734536712465374109e-01
7.913094476454294313e-01
8.151075804986149809e-01
8.743014887534626967e-01
9.729101574515236495e-01
1.094082556454293753e+00
1.229206574958448872e+00
1.331805521662049907e+00
1.363641624598338042e+00
1.380607482880886527e+00
1.378741525540166268e+00
1.354053474570637183e+00
1.340561167645429430e+00
1.307433248088642808e+00
1.274592398891966738e+00
1.247894855401662229e+00
1.230383563434903182e+00
1.222029815955678833e+00
1.199523499722991771e+00
1.182586348476454274e+00
1.182270571080332511e+00
1.163410048421052778e+00
1.151525335512465498e+00
1.144520818725761835e+00
1.136769919002770246e+00
1.122330279889196758e+00
1.119717939612188351e+00
1.113632047977839434e+00
1.100886123988919829e+00
1.098044127423822847e+00
1.086475191911357330e+00
1.087192867811634489e+00
1.087652180387811640e+00
1.082513620941828236e+00
1.069882525096953030e+00
1.077805667036011217e+00
1.071145634681440528e+00
1.066408973739612298e+00
1.065633883767313161e+00
1.053433393462603895e+00
1.050792346149584500e+00
1.062677059058171780e+00
1.050132084321329762e+00
1.047290087756232779e+00
1.041720922770083213e+00
1.042754376066482136e+00
1.042036700166204977e+00
1.035979515567867049e+00
1.034946062271468126e+00
1.043701708254847649e+00
1.037099089972299160e+00
1.036668484432132997e+00
1.029319483213296360e+00
1.020908321662049811e+00
1.027884131412742486e+00
1.015080793351800681e+00
1.012812937506925248e+00
1.027482232908587312e+00
1.015999418504155205e+00
1.014707601883656496e+00
1.017061578836565117e+00
1.014391824487534732e+00
1.023434540831025030e+00
1.013760269695290983e+00
1.016458731080332578e+00
1.014707601883656496e+00
1.018066325096953051e+00
1.006755752908587320e+00
1.007904034349030420e+00
1.005550057396122021e+00
9.969379465927978856e-01
1.012554574182825462e+00
1.004172119667590124e+00
9.978278647091413101e-01
1.013128714903047234e+00
1.000153134626038831e+00
9.949858681440443275e-01
9.998660642659280562e-01
1.004143412631578913e+00
9.985455406094183584e-01
9.868904839889197644e-01
9.992919235457063953e-01
9.889573905817174992e-01
9.856560814404432547e-01
9.818667526869806483e-01
9.877229880332411005e-01
9.978565717451524097e-01
9.977130365650970223e-01
9.836465889196676082e-01
9.957609581163435752e-01
9.934931022714682536e-01
9.853403040443213801e-01
9.850532336842106051e-01
9.836178818836566196e-01
9.874646247091413143e-01
9.880100583933518754e-01
9.857996166204986421e-01
9.877804021052631889e-01
9.816658034349030615e-01
9.756086188365651335e-01
9.720202393351801140e-01
9.784506154016621160e-01
9.786515646537397028e-01
9.759818103047092075e-01
9.719915322991690143e-01
9.884406639335180378e-01
9.755224977285319454e-01
9.709293719667591027e-01
9.685179809418282826e-01
9.746038725761773103e-01
9.743742162880887347e-01
9.678577191135734337e-01
9.717044619390582394e-01
9.719341182271468149e-01
9.760392243767314069e-01
9.569777524653739764e-01
9.748909429362881962e-01
9.628052807756233289e-01
9.638674411080332405e-01
9.571787017174515633e-01
9.586427605540166486e-01
9.544802403324100792e-01
9.529874744598338943e-01
9.633794214958448787e-01
9.537051503601108315e-01
9.526142829916898203e-01
9.574083580055402498e-01
9.537051503601108315e-01
9.523272126315790453e-01
9.534180800000000566e-01
9.565471469252078140e-01
9.496574582825485500e-01
9.553127443767313043e-01
9.464422702493074935e-01
9.604225967867036085e-01
9.652740858725762374e-01
9.601642334626039332e-01
9.789673420498615775e-01
9.883545428254848497e-01
9.984307124653740706e-01
1.011578534958448738e+00
1.032936569750692479e+00
1.033539417506925240e+00
1.035032183379501536e+00
1.034285800443213388e+00
1.020334180941828262e+00
1.016516145152354555e+00
1.015367863711911456e+00
1.003397029695290987e+00
1.003942463379501548e+00
1.003971170415512537e+00
9.875794528531856020e-01
9.973111380609418486e-01
9.852541829362881920e-01
9.917132660387811827e-01
9.817232175069252609e-01
9.873210895290859268e-01
9.790534631578947655e-01
9.671400432132964964e-01
9.777616465373961674e-01
9.801156234903047881e-01
9.736852474238227861e-01
9.715322197229917522e-01
9.669678009972300092e-01
9.591594872022161100e-01
9.618005345152355057e-01
9.758956891966759084e-01
9.630923511357341038e-01
9.699820397783933679e-01
9.578676705817175119e-01
9.603077686426593207e-01
9.533319588919667575e-01
9.746612866481995097e-01
9.578963776177286116e-01
9.547386036565097545e-01
9.491407316343490885e-01
9.483656416620499519e-01
9.510353960110803362e-01
9.459829576731302314e-01
9.477627939058171913e-01
9.402989645429363774e-01
9.383755931301939190e-01
9.488249542382272139e-01
9.508918608310249487e-01
9.396674097506926282e-01
9.459829576731302314e-01
9.466719265373961800e-01
9.370550694736842212e-01
9.315433185595568544e-01
9.384904212742383178e-01
9.352465262049861616e-01
9.367967061495845460e-01
9.398970660387812037e-01
9.387487845983379930e-01
9.402702575069252777e-01
9.259454465373961884e-01
9.195437775069252861e-01
9.319452170637119170e-01
9.229599147922438185e-01
9.238785399445983426e-01
9.216393911357341207e-01
9.316007326315790538e-01
9.200605041551247476e-01
9.235914695844875677e-01
9.151516009972299193e-01
9.198882619390582605e-01
9.184242031024931752e-01
9.110752018836565380e-01
9.152377221052632184e-01
9.184816171745152635e-01
9.073432872022161311e-01
9.079174279224376809e-01
9.100130415512466264e-01
9.129698662603878967e-01
9.019463644321330520e-01
9.007406689196676419e-01
8.945686561772853151e-01
9.065107831578947950e-01
8.997359226592798187e-01
9.006258407756233542e-01
8.925304566204986800e-01
8.893439756232687232e-01
8.936787380609418907e-01
8.774879697506925424e-01
8.901477726315789596e-01
8.833154980609418949e-01
8.769712431024930810e-01
8.749330435457064459e-01
8.757942546260388816e-01
8.725216525207756257e-01
8.667228312465374840e-01
8.657754990581717491e-01
8.568763178947368386e-01
8.536324228254847934e-01
8.556132083102493402e-01
8.564170053185595766e-01
8.490967111357341501e-01
8.510200825484764975e-01
8.405707214404433136e-01
8.407142566204987011e-01
8.384751078116343681e-01
8.254421134626038770e-01
8.311261065927978420e-01
8.238632264819945039e-01
8.165142252631579778e-01
8.185524248199446129e-01
8.130980879778393344e-01
8.108589391689751125e-01
8.127823105817174598e-01
8.019023439335180026e-01
7.858551108033241528e-01
7.987158629362881568e-01
7.961035226592798608e-01
7.838743253185596060e-01
7.816351765096953841e-01
7.747454878670360090e-01
7.742574682548476472e-01
7.680567484764543318e-01
7.690327877008310553e-01
7.644396619390582126e-01
7.626598257063712527e-01
7.648989745152354747e-01
7.697217565650970039e-01
7.817787116897507715e-01
7.850800208310250161e-01
7.903621154570638074e-01
8.156530141828255420e-01
8.389631274238227299e-01
8.514506880886426599e-01
8.779759893628809042e-01
9.194002423268698987e-01
9.745751655401662106e-01
9.945839696398892649e-01
1.029807502825484722e+00
1.074590479002770049e+00
1.110072375512465515e+00
1.138463634127423907e+00
1.170012666703601267e+00
1.190136298947368498e+00
1.202652566648199528e+00
1.231129946371191108e+00
1.225618195457063742e+00
1.238335412409972358e+00
1.227943465373961374e+00
1.234488669584487663e+00
1.232393055955678829e+00
1.235062810304709213e+00
1.225876558781163528e+00
1.217436690193905990e+00
1.209169063822714829e+00
1.201705234459833793e+00
1.198260390138504272e+00
1.186777575734072165e+00
1.178108050858725830e+00
1.182873418836565271e+00
1.164701865041551265e+00
1.168749557119113547e+00
1.156520359778393514e+00
1.159907790027700836e+00
1.143171588033241148e+00
1.146185826814404507e+00
1.131401703268698045e+00
1.126177022714681453e+00
1.119316041108033399e+00
1.115182227922437708e+00
1.114866450526315944e+00
1.112627301717451500e+00
1.093364880554016594e+00
1.088570805540166164e+00
1.092762032797784055e+00
1.086360363767313153e+00
1.082283964653739661e+00
1.084666648642659270e+00
1.072494865373961215e+00
1.067385012963989022e+00
1.066810872243767472e+00
1.059375749916897647e+00
1.056849530747922428e+00
1.047605865152354543e+00
1.049098631024930839e+00
1.045165767091412734e+00
1.044103606759002822e+00
1.035118304487534724e+00
1.032965276786703690e+00
1.031673460166204981e+00
1.032190186814404553e+00
1.041606094626038814e+00
1.016430024044321367e+00
1.013645441551246584e+00
1.016343902936288179e+00
1.014334410415512533e+00
1.009425507257617705e+00
1.003597978947368574e+00
1.001645900498614905e+00
1.008018862493074819e+00
1.000526326094182794e+00
1.004803674459833873e+00
9.972537239889197602e-01
1.001387537174515341e+00
1.019243313573407361e+00
9.996651150138504693e-01
1.008851366537396155e+00
1.021396341274238395e+00
1.016142953684210593e+00
1.011234050526315764e+00
1.042811790138504113e+00
1.044103606759002822e+00
1.041405145373961227e+00
1.064485602326869840e+00
1.070944685429362941e+00
1.089747794016620475e+00
1.102723374293628877e+00
1.107058136731301934e+00
1.130856269584487706e+00
1.134875254626038776e+00
1.157410277894736828e+00
1.155056300941828429e+00
1.172022159224376692e+00
1.179600816731301904e+00
1.183447559556786821e+00
1.181150996675900400e+00
1.195590635789473666e+00
1.199667034903047158e+00
1.206901207977839396e+00
1.201877476675900391e+00
1.196652796121883799e+00
1.205839047645429485e+00
1.196021241329640050e+00
1.206039996897507072e+00
1.208393973850415470e+00
1.200499538947368494e+00
1.185284809861495869e+00
1.190796560775623236e+00
1.186576626481994579e+00
1.189361208975069362e+00
1.177160718670360096e+00
1.183390145484764622e+00
1.174490964321329711e+00
1.176471749806094147e+00
1.170098787811634455e+00
1.180950047423822813e+00
1.169438525983379495e+00
1.167429033462603849e+00
1.152042062160664848e+00
1.159333649307479286e+00
1.161170899612188334e+00
1.145353322770083171e+00
1.148137905263157954e+00
1.154166382825484893e+00
1.145181080554016795e+00
1.141908478448753428e+00
1.145898756454293732e+00
1.140243470360110978e+00
1.132349035457063779e+00
1.131028511800554082e+00
1.130741441440443307e+00
1.128703241883656672e+00
1.125832538282548478e+00
1.120493029584487488e+00
1.124741670914127578e+00
1.122272865817174559e+00
1.123708217617728655e+00
1.118196466703601066e+00
1.127755909695290937e+00
1.121899674349030596e+00
1.104818987922437712e+00
1.107000722659279734e+00
1.106340460831024997e+00
1.102522425041551291e+00
1.098589561108033408e+00
1.107316500055401720e+00
1.106570117119113572e+00
1.107460035235457108e+00
1.107804519667590082e+00
1.101546385817174567e+00
1.096092048975069400e+00
1.092848153905817243e+00
1.094312212742382329e+00
1.089805208088642674e+00
1.096321705263157975e+00
1.102378889861495903e+00
1.101402850637119180e+00
1.092991689085872631e+00
1.094513161994459916e+00
1.108637023711911418e+00
1.101460264709141379e+00
1.099967498836565083e+00
1.096608775623268750e+00
1.098388611855955821e+00
1.105622784930748059e+00
1.103297515013850427e+00
1.102063112465373917e+00
1.107517449307479307e+00
1.111995746925207751e+00
1.109125043324099780e+00
1.118799314459833827e+00
1.113144028365651073e+00
1.119373455180055377e+00
1.114321016842105383e+00
1.119660525540166374e+00
1.124655549806094168e+00
1.111852211745152363e+00
1.116273095290858830e+00
1.134272406869806238e+00
1.126550214182825638e+00
1.123995287977839430e+00
1.127440132299168951e+00
1.123306319113573482e+00
1.110933586592797839e+00
1.117478790803324129e+00
1.124397186481994604e+00
1.117105599335180166e+00
1.127325304155124774e+00
1.119890181828254949e+00
1.111938332853185551e+00
1.111191949916897626e+00
1.110474274016620466e+00
1.116502751578947406e+00
1.101632506925207755e+00
