1.000145350920521148e+00
1.000149010468222244e+00
1.000152914574731655e+00
1.000157094337766228e+00
1.000161586923356882e+00
1.000166437164795141e+00
1.000171699692040228e+00
1.000177441805155887e+00
1.000183747407589641e+00
1.000190722474874949e+00
1.000198502789295230e+00
1.000207265087594610e+00
1.000217243467150796e+00
1.000228754100952688e+00
1.000242233458876084e+00
1.000258299200700529e+00
1.000277850549087688e+00
1.000302240389284503e+00
1.000333584302526946e+00
1.000375346849752933e+00
1.000433530495407064e+00
1.000519294356282174e+00
1.000655364300873096e+00
1.000894083449584526e+00
1.001379290129426725e+00
1.002632945426739974e+00
1.007825763575846523e+00
1.074336552574585379e+00
1.016330267855593661e+00
1.003869451144999481e+00
1.001797602153428057e+00
1.001122441008235997e+00
1.000828073285046971e+00
1.000678740623878626e+00
1.000596850043201869e+00
1.000550949229432440e+00
1.000526407079662006e+00
1.000515740673147524e+00
1.000514872464236538e+00
1.000521503370886078e+00
1.000534341361284829e+00
1.000552711887219504e+00
1.000576353612369074e+00
1.000605311401351560e+00
1.000639884974657390e+00
1.000680613201730740e+00
1.000728284978652516e+00
1.000783974001084431e+00
1.000849099283125154e+00
1.000925517537260001e+00
1.001015658699178523e+00
1.001122723279785687e+00
1.001250971832136516e+00
1.001406156029407857e+00
1.001596173922726152e+00
1.001832090990280033e+00
1.002129778039355434e+00
1.002512628513738235e+00
1.003016246064613481e+00
1.003696908675894450e+00
1.004647698673260425e+00
1.006031289620611169e+00
1.008152015012146352e+00
1.011630275819399349e+00
1.017877905695659724e+00
1.030591969470021407e+00
1.061083789401386257e+00
1.141337628295912010e+00
1.205973374915093377e+00
1.102849536078956527e+00
1.046192125081605528e+00
1.024656644927890436e+00
1.015076960468840994e+00
1.010122654873135684e+00
1.007260721697259331e+00
1.005468021757051522e+00
1.004274535783835409e+00
1.003441593439129642e+00
1.002838092402955406e+00
1.002387349617225309e+00
1.002042158008026318e+00
1.001772197786929608e+00
1.001557288430360071e+00
1.001383583547742040e+00
1.001241330655823214e+00
1.001123502375738328e+00
1.001024932626391140e+00
1.000941755834998226e+00
1.000871033628803142e+00
1.000810500721128982e+00
1.000758388439601632e+00
1.000713299945085843e+00
1.000674120548755264e+00
1.000639952290992118e+00
1.000610065567228313e+00
1.000583862911631261e+00
1.000560851571629550e+00
1.000540622519788814e+00
1.000522834235276104e+00
1.000507200057971779e+00
1.000493478246028634e+00
1.000481464098721185e+00
1.000470983671259084e+00
1.000461888727141702e+00
1.000454052660300297e+00
1.000447367183069147e+00
1.000441739623438409e+00
1.000437090710552202e+00
1.000433352754288796e+00
1.000430468145210527e+00
1.000428388116899381e+00
1.000427071724855566e+00
1.000426485005639021e+00
1.000426600287398493e+00
1.000427395628866956e+00
1.000428854368653475e+00
1.000430964770514075e+00
1.000433719753454742e+00
1.000437116698156492e+00
1.000441157323473718e+00
1.000445847628715690e+00
1.000451197899193456e+00
1.000457222774155053e+00
1.000463941377816468e+00
1.000471377515785631e+00
1.000479559940827823e+00
1.000488522693710136e+00
1.000498305526843268e+00
1.000508954420713525e+00
1.000520522205735841e+00
1.000533069305315825e+00
1.000546664619683002e+00
1.000561386574684075e+00
1.000577324365401921e+00
1.000594579431516529e+00
1.000613267210158197e+00
1.000633519223110390e+00
1.000655485569345915e+00
1.000679337911910105e+00
1.000705273071385903e+00
1.000733517368275205e+00
1.000764331895949377e+00
1.000798018957589353e+00
1.000834929969260712e+00
1.000875475223305555e+00
1.000920136030645224e+00
1.000969479930448491e+00
1.001024179889982157e+00
1.001085038744545352e+00
1.001153020589479414e+00
1.001229291497718332e+00
1.001315272896887709e+00
1.001412712356490875e+00
1.001523778660316388e+00
1.001651191285052978e+00
1.001798399466376166e+00
1.001969834100632006e+00
1.002171268911471236e+00
1.002410349448013438e+00
1.002697386816643110e+00
1.003046581757829792e+00
1.003477972696395604e+00
1.004020650612434284e+00
1.004718293538712226e+00
1.005639177740433210e+00
1.006895371517734672e+00
1.008682131390280512e+00
1.011365340051598283e+00
1.015692191452574056e+00
1.023326909096575976e+00
1.038003864712406354e+00
1.063750599655880480e+00
1.078673915890936641e+00
1.066593380432698579e+00
1.067125198490931570e+00
1.092381333789447684e+00
1.137356286592749122e+00
1.142534720061513021e+00
1.093460856197159048e+00
1.054739686757528716e+00
1.033904762107693331e+00
1.022658885452688127e+00
1.016143812550258207e+00
1.012094027441854616e+00
1.009424081644409554e+00
1.007578172069073741e+00
1.006252116753923342e+00
1.005269380401128565e+00
1.004522242143145894e+00
1.003942113020768634e+00
1.003483708942747965e+00
1.003116190849610234e+00
1.002817989652482256e+00
1.002573669009645396e+00
1.002371960520444638e+00
1.002204497479453060e+00
1.002064978058671008e+00
1.001948599998443656e+00
1.001851671419425882e+00
1.001771338642636344e+00
1.001705393559493951e+00
1.001652136374430180e+00
1.001610277907434954e+00
1.001578871065737397e+00
1.001557264733826669e+00
1.001545075898321757e+00
1.001542177776194809e+00
1.001548703374756988e+00
1.001565065545768851e+00
1.001591996474306745e+00
1.001630612004726029e+00
1.001682509749024508e+00
1.001749915350814923e+00
1.001835899965917376e+00
1.001944706417392528e+00
1.002082246103242591e+00
1.002256872183066472e+00
1.002480613820342370e+00
1.002771206052510022e+00
1.003155544136673072e+00
1.003675793788599613e+00
1.004400676980897522e+00
1.005447323020902006e+00
1.007025654148618887e+00
1.009532072472328013e+00
1.013745575402717369e+00
1.021152335058775007e+00
1.033631599368989074e+00
1.047482162446867759e+00
1.045996972680908632e+00
1.031542017117628607e+00
1.019886189857197589e+00
1.013110866307848301e+00
1.009257753341345820e+00
1.006962742085022455e+00
1.005520976161010660e+00
1.004572502597228301e+00
1.003925360981095416e+00
1.003471707314306016e+00
1.003147912820054666e+00
1.002914787808081964e+00
1.002747296766699270e+00
1.002628954925330218e+00
1.002548643534729056e+00
1.002498730821120843e+00
1.002473926767576629e+00
1.002470565848959883e+00
1.002486148056258575e+00
1.002519041034791725e+00
1.002568286146701348e+00
1.002633474092194943e+00
1.002714669207582121e+00
1.002812369832324579e+00
1.002927497463284467e+00
1.003061411080741205e+00
1.003215945812612864e+00
1.003393477507596110e+00
1.003597017193258889e+00
1.003830342140958232e+00
1.004098173714182307e+00
1.004406416803499846e+00
1.004762482084962771e+00
1.005175721489473206e+00
1.005658020462410374e+00
1.006224609745204335e+00
1.006895187237311529e+00
1.007695480603878035e+00
1.008659437775317969e+00
1.009832307825251130e+00
1.011274962626446117e+00
1.013069873649151464e+00
1.015329071191156896e+00
1.018203795987346449e+00
1.021893368682881942e+00
1.026644465924990701e+00
1.032716065926333693e+00
1.040253060040519095e+00
1.048976501041761322e+00
1.057676203188845365e+00
1.063952370053855123e+00
1.065241005796857099e+00
1.060970523810392363e+00
1.053146659645928906e+00
1.044460948745684181e+00
1.036623522977080381e+00
1.030227236237808874e+00
1.025251197983276352e+00
1.021463027217949682e+00
1.018607815726257249e+00
1.016470982191809203e+00
1.014888677517754134e+00
1.013741369029165229e+00
1.012944289328802983e+00
1.012439073479595386e+00
1.012187493840200458e+00
1.012167140663290610e+00
1.012368666828010300e+00
1.012794237689607080e+00
1.013456892459200454e+00
1.014380550059544417e+00
1.015600326228766503e+00
1.017162594797104358e+00
1.019123694592663609e+00
1.021545153225480673e+00
1.024481566805969468e+00
1.027955013157623609e+00
1.031908809379843195e+00
1.036139160778441592e+00
1.040226268818532640e+00
1.043530347064780761e+00
1.045342450252640498e+00
1.045191059494070096e+00
1.043107502942890896e+00
1.039606662435355044e+00
1.035402171081392764e+00
1.031111461372920202e+00
1.027125925224475544e+00
1.023627079456287170e+00
1.020657730222478632e+00
1.018188142924532746e+00
1.016159503613961901e+00
1.014507433725827079e+00
1.013172801399268463e+00
1.012105673986070320e+00
1.011266004218746906e+00
1.010622980925294900e+00
1.010153991615141633e+00
1.009843621539288971e+00
1.009682852595440217e+00
1.009668496364356294e+00
1.009802822030324565e+00
1.010093273543695824e+00
1.010552071913392913e+00
1.011195325331995631e+00
1.012040972698747154e+00
1.013104431795390115e+00
1.014390288693871378e+00
1.015878186044085751e+00
1.017502478417556366e+00
1.019130420452934782e+00
1.020553836845504270e+00
1.021518099931483237e+00
1.021800929533850155e+00
1.021310011320180289e+00
1.020129816752668894e+00
1.018477466319102964e+00
1.016605543869233186e+00
1.014721820750382308e+00
1.012958611087025007e+00
1.011380189243492378e+00
1.010004362564336455e+00
1.008822862283644373e+00
