1.005802190000000040e+00
1.014073240000000098e+00
1.035980450000000053e+00
1.022676659999999904e+00
1.008434889999999973e+00
1.004119790000000068e+00
1.002528340000000018e+00
1.001650170000000006e+00
1.001380120000000096e+00
1.001072509999999971e+00
1.000835050000000059e+00
1.000719960000000075e+00
1.000448959999999943e+00
1.000700769999999906e+00
1.000723610000000097e+00
1.000597009999999898e+00
1.000612480000000026e+00
1.000614080000000072e+00
1.000532570000000065e+00
1.000708139999999968e+00
1.000500109999999943e+00
1.000767780000000107e+00
1.000676429999999950e+00
1.000712629999999992e+00
1.000692179999999931e+00
1.000653470000000045e+00
1.000757550000000107e+00
1.000665689999999941e+00
1.000752759999999908e+00
1.000811139999999932e+00
1.001103779999999999e+00
1.000862850000000082e+00
1.001177949999999983e+00
1.000901409999999991e+00
1.001147220000000004e+00
1.001168709999999962e+00
1.001316909999999893e+00
1.001403400000000055e+00
1.001540059999999954e+00
1.001833219999999969e+00
1.001887849999999913e+00
1.002383830000000087e+00
1.002768199999999998e+00
1.003054349999999983e+00
1.003839699999999890e+00
1.004402110000000015e+00
1.005407490000000070e+00
1.007054700000000080e+00
1.009117290000000056e+00
1.012922550000000088e+00
1.019333609999999890e+00
1.031581800000000104e+00
1.059610350000000034e+00
1.132357679999999922e+00
1.238495139999999939e+00
1.149012960000000083e+00
1.066419709999999910e+00
1.034304609999999958e+00
1.020445950000000046e+00
1.013594239999999980e+00
1.009926249999999914e+00
1.007494520000000060e+00
1.005791160000000017e+00
1.004815119999999951e+00
1.004017579999999965e+00
1.003639809999999910e+00
1.002984740000000041e+00
1.002826369999999967e+00
1.002500509999999956e+00
1.002234319999999901e+00
1.002303519999999892e+00
1.002069829999999939e+00
1.002040620000000049e+00
1.002039569999999991e+00
1.002012909999999923e+00
1.002121870000000081e+00
1.002035430000000060e+00
1.002002419999999949e+00
1.002132510000000032e+00
1.002150939999999935e+00
1.002464870000000063e+00
1.002394240000000103e+00
1.002434950000000047e+00
1.002760429999999925e+00
1.003053500000000042e+00
1.003381780000000001e+00
1.003390320000000058e+00
1.004163289999999931e+00
1.004510830000000077e+00
1.005433529999999909e+00
1.006116130000000108e+00
1.007214840000000056e+00
1.008439010000000025e+00
1.010553629999999981e+00
1.013266510000000009e+00
1.017019799999999918e+00
1.022827109999999928e+00
1.031238880000000080e+00
1.044759860000000096e+00
1.066097169999999927e+00
1.094415619999999922e+00
1.115252410000000083e+00
1.106565330000000014e+00
1.078726969999999952e+00
1.053512070000000023e+00
1.036838920000000108e+00
1.025933399999999995e+00
1.019116530000000020e+00
1.014772559999999935e+00
1.011545249999999951e+00
1.009293039999999975e+00
1.007650130000000033e+00
1.006489860000000069e+00
1.005569879999999916e+00
1.004833160000000003e+00
1.004028799999999944e+00
1.003766359999999969e+00
1.003357770000000038e+00
1.003256069999999944e+00
1.002590929999999991e+00
1.002337580000000061e+00
1.002555499999999933e+00
1.002114299999999902e+00
1.001911720000000061e+00
1.001765489999999925e+00
1.001681419999999934e+00
1.001518829999999971e+00
1.001659209999999911e+00
1.001428399999999996e+00
1.001483289999999915e+00
1.001368379999999947e+00
1.001200480000000059e+00
1.001301089999999894e+00
1.001299610000000007e+00
1.001133220000000046e+00
1.001188270000000102e+00
1.001077360000000027e+00
1.001058510000000012e+00
1.000996510000000006e+00
1.001038869999999914e+00
1.001030579999999892e+00
1.000858060000000105e+00
1.000918790000000058e+00
1.000937140000000003e+00
1.000966259999999997e+00
1.001084829999999926e+00
1.000981679999999985e+00
1.000895929999999989e+00
1.001030370000000058e+00
1.001130569999999942e+00
1.001097539999999952e+00
1.001100569999999967e+00
1.000970499999999985e+00
1.001162820000000009e+00
1.001094329999999921e+00
1.001025679999999918e+00
1.001185119999999928e+00
1.001198770000000016e+00
1.001131489999999902e+00
1.001287810000000000e+00
1.001224649999999938e+00
1.001317559999999940e+00
1.001293339999999921e+00
1.001403419999999933e+00
1.001637139999999926e+00
1.001508339999999997e+00
1.001753649999999940e+00
1.001630620000000027e+00
1.002095189999999914e+00
1.002181500000000058e+00
1.002224720000000069e+00
1.002494510000000005e+00
1.002498090000000008e+00
1.002968230000000016e+00
1.003316089999999994e+00
1.003658090000000058e+00
1.004093380000000035e+00
1.004692850000000082e+00
1.005253769999999935e+00
1.006175079999999999e+00
1.007246620000000092e+00
1.008538130000000033e+00
1.010378350000000092e+00
1.012593010000000016e+00
1.015952559999999893e+00
1.020614359999999943e+00
1.027125539999999893e+00
1.037105179999999960e+00
1.051682659999999991e+00
1.070252729999999985e+00
1.086788300000000040e+00
1.089340439999999965e+00
1.074942120000000001e+00
1.056024220000000069e+00
1.040641310000000042e+00
1.029620449999999909e+00
1.022248220000000041e+00
1.017045750000000082e+00
1.013669420000000043e+00
1.010961269999999912e+00
1.009187840000000058e+00
1.008035639999999900e+00
1.006960049999999995e+00
1.006311519999999904e+00
1.006113730000000039e+00
1.006032779999999960e+00
1.006422249999999963e+00
1.006272510000000064e+00
1.005691370000000084e+00
1.004690080000000041e+00
1.003861209999999948e+00
1.003272579999999969e+00
1.002752639999999973e+00
1.002471169999999967e+00
1.002315279999999920e+00
1.002226889999999981e+00
1.002036050000000067e+00
1.002005709999999938e+00
1.001983489999999977e+00
1.001812139999999962e+00
1.001661279999999987e+00
1.001786950000000065e+00
1.001791740000000042e+00
1.001530229999999966e+00
1.001362789999999947e+00
1.001352419999999910e+00
1.001457299999999995e+00
1.001474870000000017e+00
1.001319719999999913e+00
1.001185339999999924e+00
1.001359939999999948e+00
1.001190809999999987e+00
1.001242229999999900e+00
1.001131369999999965e+00
1.001391780000000065e+00
1.001325320000000074e+00
1.001338719999999904e+00
1.001454309999999959e+00
1.001232080000000080e+00
1.001453399999999938e+00
1.001514779999999938e+00
1.001591820000000022e+00
1.001365159999999976e+00
1.001691469999999917e+00
1.001650589999999896e+00
1.001596090000000050e+00
1.001787360000000016e+00
1.001775840000000084e+00
1.002052799999999966e+00
1.001955710000000055e+00
1.002122289999999971e+00
1.002265760000000006e+00
1.002361770000000041e+00
1.002403509999999942e+00
1.002482749999999978e+00
1.002926039999999963e+00
1.002874370000000015e+00
1.003007800000000005e+00
1.003263339999999948e+00
1.003607769999999899e+00
1.003911390000000070e+00
1.004218169999999910e+00
1.004490179999999899e+00
1.004769440000000014e+00
1.005373969999999950e+00
1.005970339999999963e+00
1.006532570000000071e+00
1.007351459999999976e+00
1.008336329999999892e+00
1.009186270000000052e+00
1.010408039999999952e+00
1.011860849999999923e+00
1.013797339999999991e+00
1.016025109999999954e+00
1.018754670000000084e+00
1.021465150000000044e+00
1.024740229999999919e+00
1.028685580000000099e+00
1.032329880000000033e+00
1.035574159999999910e+00
1.037572790000000023e+00
1.038099969999999983e+00
1.036802860000000104e+00
1.034060870000000021e+00
1.030689750000000071e+00
1.026841090000000012e+00
1.023412650000000035e+00
1.020090500000000011e+00
1.017283970000000037e+00
1.014824399999999960e+00
1.013069259999999971e+00
1.011247119999999944e+00
1.009778709999999968e+00
1.008862790000000009e+00
1.007753329999999892e+00
1.007041370000000047e+00
1.006366539999999921e+00
1.005667850000000030e+00
1.005298339999999957e+00
1.004713060000000047e+00
1.004389090000000095e+00
1.004118700000000031e+00
1.003876650000000037e+00
1.003597840000000074e+00
1.003352500000000092e+00
1.003171510000000044e+00
1.003159930000000033e+00
1.002895340000000024e+00
1.002772739999999940e+00
1.002623639999999927e+00
1.002613790000000060e+00
1.002482089999999992e+00
1.002435350000000058e+00
1.002448290000000020e+00
1.002527780000000091e+00
1.002428169999999952e+00
1.002286790000000094e+00
1.002440830000000060e+00
1.002369719999999909e+00
1.002427339999999889e+00
1.002363679999999979e+00
1.002438680000000026e+00
1.002483229999999947e+00
1.002491040000000000e+00
1.002859369999999917e+00
1.003016499999999978e+00
1.003224340000000048e+00
1.003336910000000026e+00
1.003514460000000108e+00
1.004017970000000037e+00
1.004246669999999897e+00
1.004572870000000062e+00
1.005098140000000084e+00
1.005824629999999997e+00
1.006372920000000004e+00
1.007225180000000053e+00
1.007789309999999938e+00
1.008444129999999994e+00
1.009146909999999897e+00
1.009690720000000042e+00
1.009928450000000089e+00
1.009823270000000051e+00
1.009601250000000006e+00
1.009123720000000057e+00
1.008567009999999931e+00
1.007705019999999951e+00
1.006831809999999994e+00
1.006058370000000091e+00
1.005435089999999976e+00
1.004862499999999992e+00
1.004469470000000086e+00
1.003985410000000078e+00
1.003519430000000101e+00
1.003240399999999921e+00
1.003101489999999929e+00
1.002652340000000031e+00
1.002462270000000100e+00
1.002354989999999946e+00
1.002133930000000062e+00
1.001976629999999924e+00
1.001827390000000095e+00
1.001815200000000017e+00
1.001928130000000028e+00
1.001722299999999954e+00
1.001571159999999905e+00
1.001416370000000056e+00
1.001612219999999942e+00
1.001199230000000107e+00
1.001427080000000025e+00
1.001238690000000098e+00
1.001276760000000099e+00
1.001249609999999901e+00
1.001288369999999928e+00
1.001367359999999929e+00
1.001042339999999919e+00
1.001255730000000010e+00
1.001110149999999921e+00
1.000992019999999982e+00
1.000869409999999959e+00
1.001314700000000002e+00
1.000975210000000004e+00
1.000878539999999983e+00
1.001082900000000109e+00
1.000926339999999914e+00
1.000904910000000037e+00
1.001034320000000033e+00
1.001129509999999945e+00
1.001076960000000016e+00
1.001062090000000016e+00
1.001227620000000096e+00
1.001187889999999969e+00
1.001289950000000095e+00
1.001021319999999992e+00
1.001038829999999935e+00
1.001119850000000033e+00
1.001189019999999985e+00
1.001395360000000068e+00
1.001268409999999998e+00
1.001479659999999994e+00
1.001440619999999893e+00
1.001515230000000090e+00
1.001691609999999955e+00
1.001504750000000055e+00
1.001649639999999897e+00
1.001808980000000071e+00
1.001847750000000037e+00
1.001958670000000051e+00
1.002096000000000098e+00
1.002258209999999927e+00
1.002386659999999985e+00
1.002493029999999896e+00
1.002604690000000076e+00
1.002929149999999936e+00
1.002850639999999904e+00
1.003245280000000017e+00
1.003678529999999958e+00
1.003942909999999911e+00
1.004305659999999989e+00
1.004804280000000105e+00
1.005071779999999970e+00
1.005762199999999940e+00
1.006309450000000050e+00
1.006741469999999916e+00
1.007628350000000061e+00
1.008190909999999940e+00
1.008894839999999959e+00
1.009434799999999965e+00
1.010167110000000035e+00
1.010307140000000103e+00
1.010599269999999938e+00
1.010482059999999960e+00
1.010246079999999935e+00
1.009906439999999961e+00
1.009328140000000040e+00
1.008704580000000073e+00
1.007811589999999979e+00
1.007415909999999970e+00
1.006608509999999956e+00
1.006218630000000003e+00
1.005770400000000064e+00
1.005142079999999938e+00
1.004484939999999993e+00
1.004257020000000056e+00
1.003821569999999941e+00
1.003679430000000039e+00
1.003315830000000020e+00
1.003107849999999912e+00
1.002886600000000072e+00
1.002738209999999963e+00
1.002610849999999942e+00
1.002441350000000009e+00
1.002494589999999963e+00
1.002214960000000099e+00
1.002184600000000092e+00
1.002276509999999954e+00
1.002019870000000035e+00
1.001806439999999965e+00
1.001911730000000000e+00
1.001938540000000044e+00
1.001871249999999991e+00
1.001884739999999940e+00
1.001887329999999965e+00
1.001585809999999910e+00
1.001805389999999907e+00
1.001789140000000078e+00
1.001813410000000015e+00
1.001764499999999947e+00
1.001730409999999960e+00
1.001784430000000059e+00
1.001825380000000099e+00
1.001844710000000083e+00
1.001745679999999972e+00
1.001932590000000012e+00
1.001734990000000103e+00
1.001915609999999957e+00
1.001865439999999996e+00
1.002073809999999954e+00
1.002004670000000042e+00
1.002054669999999925e+00
1.001968280000000044e+00
1.002179240000000027e+00
1.002261410000000019e+00
1.002347649999999923e+00
1.002463139999999919e+00
1.002611680000000005e+00
1.002641859999999996e+00
1.002589649999999999e+00
1.002787440000000085e+00
1.002976340000000022e+00
1.003107140000000008e+00
1.003201140000000047e+00
1.003470070000000103e+00
1.003725900000000060e+00
1.003962969999999899e+00
1.004156510000000058e+00
1.004499800000000054e+00
1.004889219999999916e+00
1.005044440000000039e+00
1.005622699999999980e+00
1.005951430000000091e+00
1.006395359999999961e+00
1.006897020000000031e+00
1.007362359999999901e+00
1.008193340000000049e+00
1.008759750000000066e+00
1.009607120000000080e+00
1.010436700000000076e+00
1.011552860000000109e+00
1.012713320000000028e+00
1.013829040000000070e+00
1.015343389999999957e+00
1.016692439999999920e+00
1.018183009999999999e+00
1.019881730000000042e+00
1.021548630000000069e+00
1.022692799999999957e+00
1.024300729999999993e+00
1.025021919999999920e+00
1.025810179999999905e+00
1.025783780000000034e+00
1.025656420000000013e+00
1.025026919999999953e+00
1.023854220000000037e+00
1.022579249999999940e+00
1.020975469999999996e+00
1.019528709999999894e+00
1.017867209999999911e+00
1.016475749999999900e+00
1.014914770000000077e+00
1.013624019999999959e+00
1.012429189999999979e+00
1.011374790000000079e+00
1.010232870000000061e+00
1.009389880000000073e+00
1.008504759999999889e+00
1.007948669999999991e+00
1.007165099999999924e+00
1.006657869999999955e+00
1.006215480000000051e+00
1.005859529999999946e+00
1.005039929999999915e+00
1.004926839999999988e+00
1.004578479999999940e+00
1.004423120000000003e+00
1.003995060000000050e+00
1.003818230000000034e+00
1.003501320000000030e+00
1.003286329999999893e+00
1.003078810000000098e+00
1.002964039999999946e+00
1.002751390000000020e+00
1.002758210000000094e+00
1.002372720000000106e+00
1.002340540000000058e+00
1.002082120000000076e+00
1.002396880000000046e+00
1.002012619999999909e+00
1.001841949999999981e+00
1.001681660000000029e+00
1.001735409999999993e+00
1.001790450000000110e+00
1.001722400000000013e+00
1.001567770000000079e+00
1.001474259999999949e+00
1.001315079999999913e+00
1.001359450000000040e+00
1.001274329999999990e+00
1.001302670000000061e+00
1.001208560000000025e+00
1.001235590000000064e+00
