9.464124936842104319e-01
9.533995828254847593e-01
1.015269130221606586e+00
9.931809129362880739e-01
9.556534825484763740e-01
9.662468112465373293e-01
9.407777443767312286e-01
9.630913516343490022e-01
9.706419157063711500e-01
9.543011427146813608e-01
9.776290048476453665e-01
9.407777443767312286e-01
9.633167416066481525e-01
9.362699449307478883e-01
9.341287401939057933e-01
9.265781761218836454e-01
9.541884477285318411e-01
9.449474588642658990e-01
9.246623613573407008e-01
9.298463307202216033e-01
9.370588098337949701e-01
9.209434268144043312e-01
9.375095897783932708e-01
9.201545619113572494e-01
9.255639212465373022e-01
9.111389630193905687e-01
9.449474588642658990e-01
9.331144853185594501e-01
9.069692485318558983e-01
9.078708084210526108e-01
9.047153488088641726e-01
9.159848474238226901e-01
8.872476259556786315e-01
8.819509616066480984e-01
8.614404741274237498e-01
8.288716231301939130e-01
8.201941091966759023e-01
7.601276815789472785e-01
7.116688375346259532e-01
7.116688375346259532e-01
1.339492605373961087e+00
1.404630307368420983e+00
1.258915690277008226e+00
1.164026511939058040e+00
1.127513336426592794e+00
1.088070091274238260e+00
1.038033517423822660e+00
1.055839325235456982e+00
1.036343092631578866e+00
1.048852236094182766e+00
1.018199199861495874e+00
9.985902722714681268e-01
9.932936079224375936e-01
1.006929701246537245e+00
9.779670898060941475e-01
9.834891441274237200e-01
9.749243251800553400e-01
9.691768808864265061e-01
9.692895758725761368e-01
9.662468112465373293e-01
9.593724170914126326e-01
9.543011427146813608e-01
9.503568181994459518e-01
9.284939908864265901e-01
9.353683850415511758e-01
9.176752722160663733e-01
9.231973265373960569e-01
9.034757039612187901e-01
9.020106691412741462e-01
8.760908223268697448e-01
8.461139560110803037e-01
8.413807665927977020e-01
8.216591440166204352e-01
8.369856621329639923e-01
9.734592903601106961e-01
1.207864861551246394e+00
1.302754039889196580e+00
1.237165557950138384e+00
1.211358406121883613e+00
1.165378851772853164e+00
1.133936950637119079e+00
1.127738726398891833e+00
1.112862988227146799e+00
1.091563635844875257e+00
1.087957396288088630e+00
1.074321302963988867e+00
1.064854924127423663e+00
1.054937765346260381e+00
1.042090536925207589e+00
1.045471386509695177e+00
1.051106135817174492e+00
1.042992096814404412e+00
1.039385857257617563e+00
1.020791184542936270e+00
1.027890968670360117e+00
1.040850892077562317e+00
1.023157779252077404e+00
1.044569826620498576e+00
1.018086504875346243e+00
1.008282041080332370e+00
9.970125424653738522e-01
1.002985376731301947e+00
1.005013886481994412e+00
1.003774241634348918e+00
9.866446037396121582e-01
1.001858426869806085e+00
1.009521685927977863e+00
9.961109825761772507e-01
9.837145340997229814e-01
9.840526190581716515e-01
9.654579463434902475e-01
9.887858084764542532e-01
9.833764491412742004e-01
9.565550424376730865e-01
9.766147499722991343e-01
9.847287889750692136e-01
9.736846803324099575e-01
9.588089421606648122e-01
9.571185173684210179e-01
9.708673056786703004e-01
9.722196455124653136e-01
9.515964630470913344e-01
9.536249727977839097e-01
9.399888794736841469e-01
9.566677374238226061e-01
9.439332039889196668e-01
9.351429950692520254e-01
9.139563376731301148e-01
9.201545619113572494e-01
9.059549936565096662e-01
8.922062053462603837e-01
8.989679045152354497e-01
8.927696802770082041e-01
8.703433780332409109e-01
8.476916858171744673e-01
8.366475771745152112e-01
8.204194991689750527e-01
7.848078835457062974e-01
7.771446244875346299e-01
8.323651677008310212e-01
1.001745731883656454e+00
1.221726344847645418e+00
1.327434241855955710e+00
1.327659631828254749e+00
1.273453343490304590e+00
1.236827472991689714e+00
1.205160181883656367e+00
1.187692459030470937e+00
1.179465725041551227e+00
1.155574387977839290e+00
1.109932918587257511e+00
1.119962772354570646e+00
1.107791713850415416e+00
1.115116887950138524e+00
1.110834478476454334e+00
1.076687897673130223e+00
1.077025982631578893e+00
1.077251372603878155e+00
1.091112855900276957e+00
1.086830446426592767e+00
1.043555571745152344e+00
1.060797904626038735e+00
1.046711031357340671e+00
1.064404144182825362e+00
1.052233085678670355e+00
1.041188977036010987e+00
1.038935077313019262e+00
1.037582737479224360e+00
1.041752451966758919e+00
1.039273162271468154e+00
1.040963587063711948e+00
1.050993440831024861e+00
1.040174722160664755e+00
1.031046428282548444e+00
1.033187633019390539e+00
1.029694088448753320e+00
1.014029485373961093e+00
1.008507431052631631e+00
1.018649979806094175e+00
1.029581393462603911e+00
1.024622814072022159e+00
1.037019262548476428e+00
1.022932389279778365e+00
1.027214798753462555e+00
1.007155091218836507e+00
1.005690056398891974e+00
1.019551539695290776e+00
1.032511463102492977e+00
9.988156622437672771e-01
9.860811288088642268e-01
1.021918134404432132e+00
1.004337716565096850e+00
1.004563106537396111e+00
9.991537472022160582e-01
1.006028141357340644e+00
9.930682179501384432e-01
9.981394923268697150e-01
9.768401399445982847e-01
9.769528349307479154e-01
9.618517067867035086e-01
9.929555229639888125e-01
9.865319087534625275e-01
9.931809129362880739e-01
9.830383641828254193e-01
9.927301329916896622e-01
1.025186289002770090e+00
1.051556915761772792e+00
1.075899032770083030e+00
1.069137333601108075e+00
1.088633566204986192e+00
1.118159652576177221e+00
1.105087034182825390e+00
1.091789025817174519e+00
1.104410864265927827e+00
1.095958740304709078e+00
1.072405488199445811e+00
1.067108823850415389e+00
1.068461163684210513e+00
1.083787681800553848e+00
1.050655355872576191e+00
1.072292793213296402e+00
1.065305704072022186e+00
1.054261595429362819e+00
1.062826414376731199e+00
1.031835293185595415e+00
1.045020606565096877e+00
1.023270474238227035e+00
1.046711031357340671e+00
1.067897688753462582e+00
1.037808127451523399e+00
1.037808127451523399e+00
1.049303016038781067e+00
1.037695432465373990e+00
1.052458475650969394e+00
1.043104791800554043e+00
1.036568482603878127e+00
1.038146212409972291e+00
1.023383169224376665e+00
1.033751107950138470e+00
1.020340404598337969e+00
1.048964931080332397e+00
1.034427277867036032e+00
1.013691400415512422e+00
1.010085160858725795e+00
1.045358691523545547e+00
1.026538628836564992e+00
1.012677145540166190e+00
1.025524373961218760e+00
1.046485641385041410e+00
1.035666922714681304e+00
1.041301672022160618e+00
1.023946644155124597e+00
1.037695432465373990e+00
1.044119046675900275e+00
1.025862458919667430e+00
1.040400112132964017e+00
1.024172034127423858e+00
1.035666922714681304e+00
1.042315926897506850e+00
1.008732821024930670e+00
1.043330181772853082e+00
1.038484297368420961e+00
1.012113670609418259e+00
1.027890968670360117e+00
1.024622814072022159e+00
1.000956866980609261e+00
1.042541316869806112e+00
1.014931045263157916e+00
1.028229053628808787e+00
1.037695432465373990e+00
1.030595648337950143e+00
1.011099415734072027e+00
1.008169346094182739e+00
1.017297639972299050e+00
1.030257563379501251e+00
1.010423245817174465e+00
1.030032173407202212e+00
1.016283385096952818e+00
1.015719910166204887e+00
1.015043740249307325e+00
1.018649979806094175e+00
1.013691400415512422e+00
1.026200543878116322e+00
1.007380481191135768e+00
9.974633224099722639e-01
1.009634380914127272e+00
1.036343092631578866e+00
1.014029485373961093e+00
1.030821038310249183e+00
1.026876713795013885e+00
1.001858426869806085e+00
1.008282041080332370e+00
1.010085160858725795e+00
1.021354659473684201e+00
1.025749763933518022e+00
1.012564450554016560e+00
1.007718566149584438e+00
1.008282041080332370e+00
9.935189978947367440e-01
1.018199199861495874e+00
1.025637068947368391e+00
1.025411678975069130e+00
1.023946644155124597e+00
1.000618782022160591e+00
1.020791184542936270e+00
1.006704311274238206e+00
1.008056651108033108e+00
9.954348126592796886e-01
1.021016574515235309e+00
1.010197855844875203e+00
1.008282041080332370e+00
1.012000975623268628e+00
1.018988064764542845e+00
1.009972465872576164e+00
1.023045084265927995e+00
1.029017918531855980e+00
1.019100759750692475e+00
1.014254875346260354e+00
1.030257563379501251e+00
1.018649979806094175e+00
1.028341748614958417e+00
1.025298983988919499e+00
1.008845516011080301e+00
1.013578705429362792e+00
1.029017918531855980e+00
1.014931045263157916e+00
1.017410334958448681e+00
1.032286073130193937e+00
1.035103447783933373e+00
9.940824728254846754e-01
1.017861114903046982e+00
1.013353315457063752e+00
1.004450411551246480e+00
1.023270474238227035e+00
1.007943956121883700e+00
1.009408990941828232e+00
1.000506087036010960e+00
1.014480265318559393e+00
9.978014073684210450e-01
1.013466010443213161e+00
9.930682179501384432e-01
9.963363725484764011e-01
1.010310550831024834e+00
1.017861114903046982e+00
1.003886936620498549e+00
1.014818350277008285e+00
9.911524031855954986e-01
1.014367570332409985e+00
9.987029672576176464e-01
1.005013886481994412e+00
9.948713377285317572e-01
9.872080786703600896e-01
1.005126581468144042e+00
9.921666580609417307e-01
9.867572987257616779e-01
1.000956866980609261e+00
9.837145340997229814e-01
9.899127583379501161e-01
9.989283572299167968e-01
9.873207736565096093e-01
9.886731134903046225e-01
1.009183600969528971e+00
9.888985034626037729e-01
9.992664421883655779e-01
9.902508432963987861e-01
1.004225021578947219e+00
9.859684338227145961e-01
9.873207736565096093e-01
9.746989352077561897e-01
9.845033990027700632e-01
9.741354602770082582e-01
9.959982875900276200e-01
9.659087262880885483e-01
9.765020549861495036e-01
9.945332527700830871e-01
1.002421901800554016e+00
9.864192137673130079e-01
1.004450411551246480e+00
9.925047430193905118e-01
1.009972465872576164e+00
1.012789840526315821e+00
1.032060683157894676e+00
1.049190321052631436e+00
1.044231741662049906e+00
1.075560947811634360e+00
1.045133301551246507e+00
1.064291449196675732e+00
1.078265627479224387e+00
1.036793872576177167e+00
1.063277194321329500e+00
1.062601024404432160e+00
1.071503928310249210e+00
1.034314582880886402e+00
1.075335557839335099e+00
1.038709687340720222e+00
1.061924854487534597e+00
1.041301672022160618e+00
1.057529750027700777e+00
1.056966275096952845e+00
1.064516839168974993e+00
1.048626846121883505e+00
1.039611247229916824e+00
1.043668266731301975e+00
1.048852236094182766e+00
1.039273162271468154e+00
1.051669610747922423e+00
1.040174722160664755e+00
1.028454443601108048e+00
1.034990752797783964e+00
1.017861114903046982e+00
1.051218830803324122e+00
1.037808127451523399e+00
1.058994784847645310e+00
1.038146212409972291e+00
1.034652667839335072e+00
1.032511463102492977e+00
1.052571170637119025e+00
1.023270474238227035e+00
1.035103447783933373e+00
1.030482953351800512e+00
