9.999426121052631400e-01
1.000618782022160591e+00
1.033863802936288101e+00
1.002083816842105124e+00
1.015945300138504148e+00
9.911524031855954986e-01
9.909270132132963482e-01
9.902508432963987861e-01
1.007943956121883700e+00
1.007605871163434808e+00
9.821368042936287068e-01
9.948713377285317572e-01
1.007493176177285177e+00
9.812352444044321054e-01
9.908143182271467175e-01
9.978014073684210450e-01
1.023045084265927995e+00
1.013578705429362792e+00
9.864192137673130079e-01
9.887858084764542532e-01
1.015494520193905847e+00
1.000618782022160591e+00
9.948713377285317572e-01
1.009972465872576164e+00
9.985902722714681268e-01
1.000506087036010960e+00
9.950967277008310186e-01
1.008732821024930670e+00
1.005239276454293673e+00
9.903635382825484168e-01
9.956602026315788390e-01
1.013240620470914122e+00
1.003436156675900248e+00
9.945332527700830871e-01
1.007042396232686876e+00
9.890111984487534036e-01
1.003436156675900248e+00
1.024622814072022159e+00
1.058093224958448708e+00
1.117708872631578920e+00
1.233446623407202125e+00
1.081308392105263083e+00
1.024172034127423858e+00
1.032511463102492977e+00
1.025637068947368391e+00
1.011550195678670327e+00
1.000280697063711921e+00
9.974633224099722639e-01
1.005464666426592713e+00
9.909270132132963482e-01
9.864192137673130079e-01
9.812352444044321054e-01
1.012677145540166190e+00
1.001294951939058153e+00
1.008732821024930670e+00
9.796575145983379418e-01
1.013127925484764491e+00
9.931809129362880739e-01
1.003323461689750618e+00
1.014142180360110723e+00
9.965617625207755514e-01
1.013804095401662053e+00
1.018311894847645283e+00
9.950967277008310186e-01
1.034652667839335072e+00
9.940824728254846754e-01
1.015719910166204887e+00
1.010085160858725795e+00
1.004337716565096850e+00
9.994918321606647282e-01
1.017748419916897351e+00
1.039160467285318523e+00
1.032060683157894676e+00
1.070602368421052608e+00
1.104861644210526350e+00
1.098325335013850435e+00
1.064629534155124624e+00
1.054712375373961120e+00
1.025862458919667430e+00
1.018537284819944544e+00
1.010986720747922396e+00
1.013353315457063752e+00
1.006366226315789314e+00
1.001294951939058153e+00
9.994918321606647282e-01
1.025862458919667430e+00
1.013353315457063752e+00
1.010761330775623135e+00
1.005690056398891974e+00
1.012339060581717298e+00
9.982521873130193457e-01
9.926174380055401425e-01
9.867572987257616779e-01
9.938570828531855250e-01
1.014142180360110723e+00
1.021918134404432132e+00
1.004112326592797810e+00
9.839399240720221318e-01
1.006478921301938945e+00
1.000956866980609261e+00
1.001407646925207784e+00
9.952094226869805382e-01
1.013578705429362792e+00
9.879969435734071714e-01
9.822494992797783375e-01
1.014931045263157916e+00
9.768401399445982847e-01
9.930682179501384432e-01
9.998299171191135093e-01
9.746989352077561897e-01
9.936316928808863747e-01
9.999426121052631400e-01
9.920539630747922111e-01
1.006591616288088575e+00
1.003436156675900248e+00
1.009183600969528971e+00
1.016396080083102449e+00
1.004337716565096850e+00
9.956602026315788390e-01
9.923920480332409921e-01
1.011888280637118998e+00
9.983648822991688654e-01
1.020227709612188338e+00
9.746989352077561897e-01
9.962236775623267704e-01
9.947586427423822375e-01
1.013127925484764491e+00
1.007831261135734069e+00
1.014931045263157916e+00
1.022706999307479103e+00
9.865319087534625275e-01
1.015832605152354517e+00
9.941951678116343061e-01
1.016846860027700750e+00
9.982521873130193457e-01
9.946459477562326068e-01
1.029919478421052581e+00
1.032962243047091278e+00
1.055726630249307352e+00
1.078491017451523426e+00
1.083336901855955547e+00
1.093479450609418313e+00
1.060572514653739473e+00
1.052909255595567917e+00
1.021692744432132871e+00
1.049415711024930697e+00
1.015494520193905847e+00
1.017297639972299050e+00
9.973506274238226332e-01
1.007831261135734069e+00
1.002083816842105124e+00
9.908143182271467175e-01
1.006478921301938945e+00
9.908143182271467175e-01
1.017184944986149420e+00
1.023270474238227035e+00
9.926174380055401425e-01
1.003323461689750618e+00
1.008845516011080301e+00
1.003774241634348918e+00
1.000731477008310222e+00
9.949840327146813879e-01
1.016508775069252080e+00
1.001069561966758892e+00
1.002421901800554016e+00
1.009747075900276903e+00
1.003098071717451356e+00
9.913777931578946490e-01
1.003999631606648180e+00
1.000506087036010960e+00
1.011775585650969367e+00
1.001407646925207784e+00
1.001520341911357193e+00
1.014705655290858655e+00
9.937443878670360053e-01
9.854049588919666647e-01
1.013015230498614860e+00
9.847287889750692136e-01
9.873207736565096093e-01
9.984775772853184961e-01
9.990410522160664275e-01
9.879969435734071714e-01
9.851795689196675143e-01
9.941951678116343061e-01
1.008394736066482000e+00
9.884477235180054722e-01
9.861938237950137465e-01
1.003098071717451356e+00
1.010648635789473726e+00
9.935189978947367440e-01
1.011437500692520697e+00
9.892365884210525540e-01
1.014592960304709024e+00
1.026538628836564992e+00
1.000956866980609261e+00
1.007380481191135768e+00
1.013691400415512422e+00
1.003886936620498549e+00
1.016170690110803188e+00
1.010761330775623135e+00
1.026651323822714623e+00
1.015945300138504148e+00
1.044006351689750645e+00
1.026764018808864254e+00
1.034990752797783964e+00
1.025073594016620460e+00
1.037582737479224360e+00
1.021805439418282502e+00
1.039273162271468154e+00
1.015043740249307325e+00
1.027552883711911225e+00
1.027552883711911225e+00
1.023608559196675927e+00
1.016057995124653779e+00
1.010761330775623135e+00
1.002421901800554016e+00
9.992664421883655779e-01
1.015494520193905847e+00
1.010761330775623135e+00
1.005351971440443082e+00
1.021354659473684201e+00
1.014592960304709024e+00
9.990410522160664275e-01
1.007605871163434808e+00
1.010761330775623135e+00
1.022030829390581763e+00
1.008732821024930670e+00
1.007267786204986137e+00
9.828129742105262689e-01
1.013691400415512422e+00
9.856303488642659261e-01
1.007267786204986137e+00
9.781924797783932979e-01
9.973506274238226332e-01
9.984775772853184961e-01
1.019326149722991737e+00
1.002647291772853055e+00
1.008169346094182739e+00
9.891238934349030343e-01
1.008620126038781040e+00
1.009408990941828232e+00
9.742481552631578889e-01
9.939697778393351557e-01
1.001971121855955715e+00
9.945332527700830871e-01
1.019326149722991737e+00
1.006140836343490275e+00
9.964490675346260318e-01
1.019664234681440407e+00
1.012113670609418259e+00
1.015494520193905847e+00
1.005915446371191013e+00
1.023608559196675927e+00
1.009296295955678602e+00
1.004901191495844781e+00
1.020903879529085900e+00
1.009859770886426533e+00
1.009747075900276903e+00
1.013127925484764491e+00
1.007943956121883700e+00
1.011662890664819958e+00
1.001182256952908523e+00
9.901381483102492664e-01
1.017748419916897351e+00
1.016170690110803188e+00
1.008169346094182739e+00
1.017297639972299050e+00
9.845033990027700632e-01
1.010423245817174465e+00
9.993791371745152086e-01
1.002872681745152317e+00
9.863065187811633772e-01
1.008620126038781040e+00
1.001520341911357193e+00
9.991537472022160582e-01
9.845033990027700632e-01
1.016734165041551119e+00
9.956602026315788390e-01
1.013916790387811684e+00
1.003886936620498549e+00
1.015043740249307325e+00
9.921666580609417307e-01
1.016057995124653779e+00
9.970125424653738522e-01
1.022030829390581763e+00
1.008056651108033108e+00
9.890111984487534036e-01
9.965617625207755514e-01
1.018875369778393214e+00
9.988156622437672771e-01
9.861938237950137465e-01
1.016621470055401710e+00
1.002534596786703647e+00
1.027890968670360117e+00
9.965617625207755514e-01
1.005464666426592713e+00
1.007831261135734069e+00
9.978014073684210450e-01
1.000844171994459852e+00
9.901381483102492664e-01
1.006478921301938945e+00
9.962236775623267704e-01
1.000731477008310222e+00
9.974633224099722639e-01
9.984775772853184961e-01
1.001182256952908523e+00
1.010085160858725795e+00
9.916031831301937993e-01
1.011550195678670327e+00
1.004450411551246480e+00
1.016508775069252080e+00
1.005464666426592713e+00
9.976887123822714143e-01
1.029694088448753320e+00
1.020002319639889077e+00
1.013015230498614860e+00
9.985902722714681268e-01
1.017973809889196612e+00
9.900254533240996357e-01
1.026313238864265953e+00
1.001294951939058153e+00
9.953221176731301689e-01
1.008845516011080301e+00
9.972379324376731136e-01
9.990410522160664275e-01
9.975760173961217836e-01
1.013353315457063752e+00
1.014480265318559393e+00
1.013804095401662053e+00
9.838272290858725011e-01
1.003436156675900248e+00
1.007831261135734069e+00
1.011324805706371066e+00
1.000055307091412660e+00
1.004337716565096850e+00
9.953221176731301689e-01
1.009408990941828232e+00
9.866446037396121582e-01
9.840526190581716515e-01
1.000506087036010960e+00
1.004901191495844781e+00
9.918285731024930607e-01
1.012000975623268628e+00
9.976887123822714143e-01
1.003774241634348918e+00
1.015381825207756217e+00
1.006478921301938945e+00
1.010423245817174465e+00
9.979141023545705647e-01
1.006253531329639905e+00
1.015381825207756217e+00
1.000956866980609261e+00
1.002759986759002686e+00
1.011212110720221657e+00
1.013240620470914122e+00
1.006478921301938945e+00
1.004563106537396111e+00
1.018424589833794913e+00
1.001745731883656454e+00
9.966744575069251821e-01
1.004675801523545742e+00
1.009521685927977863e+00
1.019100759750692475e+00
1.008394736066482000e+00
9.999426121052631400e-01
1.006929701246537245e+00
1.014705655290858655e+00
1.003210766703600987e+00
1.008620126038781040e+00
1.007042396232686876e+00
9.936316928808863747e-01
1.000280697063711921e+00
9.997172221329638786e-01
9.994918321606647282e-01
1.016959555013850380e+00
1.020002319639889077e+00
1.025637068947368391e+00
1.029130613518005388e+00
1.019664234681440407e+00
1.011775585650969367e+00
1.019551539695290776e+00
1.014705655290858655e+00
1.014818350277008285e+00
1.015719910166204887e+00
1.021918134404432132e+00
1.027440188725761816e+00
1.000618782022160591e+00
1.003774241634348918e+00
1.019776929667590037e+00
1.024284729113573267e+00
1.001971121855955715e+00
1.013804095401662053e+00
1.009183600969528971e+00
1.006028141357340644e+00
9.861938237950137465e-01
1.002083816842105124e+00
1.017523029944598312e+00
1.017861114903046982e+00
9.943078627977838257e-01
1.002309206814404385e+00
9.934063029085872243e-01
1.016734165041551119e+00
1.004675801523545742e+00
1.025186289002770090e+00
9.890111984487534036e-01
1.031835293185595415e+00
9.957728976177284697e-01
9.925047430193905118e-01
9.984775772853184961e-01
9.876588586149583904e-01
9.913777931578946490e-01
1.006478921301938945e+00
9.765020549861495036e-01
1.022256219362880802e+00
9.909270132132963482e-01
1.002083816842105124e+00
1.008732821024930670e+00
1.020453099584487378e+00
9.838272290858725011e-01
1.005915446371191013e+00
