9.809926881919103225e-01 -6.139956023948367761e-16
9.805036148251297101e-01 -6.226692197747208116e-16
9.799916282083115382e-01 -6.317765180235990488e-16
9.794549393461358111e-01 -6.409922364897258365e-16
9.788915631884854696e-01 -6.512921571283381286e-16
9.782992908198064885e-01 -6.614836575497018703e-16
9.776756567676501142e-01 -6.720004186228112633e-16
9.770179004008219259e-01 -6.836013818684061608e-16
9.763229201317683570e-01 -6.959612866347409113e-16
9.755872188083012375e-01 -7.094053935735611663e-16
9.748068382521294373e-01 -7.220905589916415682e-16
9.739772803423959457e-01 -7.362936074512016763e-16
9.730934113049454215e-01 -7.513640176487501879e-16
9.721493448870446308e-01 -7.675186300187842040e-16
9.711382987800960542e-01 -7.851911254302979262e-16
9.700524168666612157e-01 -8.029720410590601990e-16
9.688825474198946575e-01 -8.225961003810478292e-16
9.676179639894968432e-01 -8.435212023100180648e-16
9.662460109451413981e-01 -8.643378840217397499e-16
9.647516488749338093e-01 -8.886240126854149506e-16
9.631168652661381557e-01 -9.151869659113098093e-16
9.613199015828921556e-01 -9.429425415269387228e-16
9.593342265345551345e-01 -9.722160001840473425e-16
9.571271529804343814e-01 -1.003657863186126971e-15
9.546579458470259016e-01 -1.037376550750426159e-15
9.518751892118755276e-01 -1.076190988525407218e-15
9.487130522867108784e-01 -1.117173830645359285e-15
9.450858802021849803e-01 -1.157614571679068601e-15
9.408801686979351153e-01 -1.204343685313193842e-15
9.359423314137891303e-01 -1.249988596774833578e-15
9.300594717084150753e-01 -1.302247141488634892e-15
9.229280761936543565e-01 -1.346048909257049271e-15
9.141009423697119551e-01 -1.382803362904307872e-15
9.028929503726216277e-01 -1.395271687887891173e-15
8.882048448084054471e-01 -1.343663664477581162e-15
8.681753218591488075e-01 -1.163360843193241774e-15
8.394668649631660262e-01 -6.296081136786280400e-16
7.959105043809611146e-01 8.619288150096804099e-16
7.288416678779408020e-01 5.240045607723395963e-15
6.942604890533501383e-01 1.217850583076163014e-14
1.325268203425194580e+00 -2.964958030286013988e-14
1.413782323004094232e+00 1.466176248662242949e-14
1.271897175861007145e+00 1.179209617648779636e-14
1.192771446130617585e+00 7.946322650464463581e-15
1.146851893239566822e+00 5.682291673880233222e-15
1.117456074719646697e+00 4.307198058516867948e-15
1.097150863063138360e+00 3.410996542740349983e-15
1.082309796055755502e+00 2.790399219209647245e-15
1.070986995414917153e+00 2.339045854803931749e-15
1.062053614559793635e+00 1.999365314164223210e-15
1.054812543552081427e+00 1.733518941470777523e-15
1.048810949186669061e+00 1.520473214577375902e-15
1.043742157159046613e+00 1.349169271324666201e-15
1.039391067436251870e+00 1.204211440863354258e-15
1.035602188471346441e+00 1.083214478413971963e-15
1.032260077005825449e+00 9.797815911588548405e-16
1.029276899032731674e+00 8.910938534495405778e-16
1.026584236398339289e+00 8.132481374650812608e-16
1.024127501629023662e+00 7.438591984260089770e-16
1.021861986535723466e+00 6.824933554633294261e-16
1.019749935081551095e+00 6.291506085770426079e-16
1.017758231672941216e+00 5.790604682082123031e-16
1.015856396857546029e+00 5.341744982673124195e-16
1.014014609507873477e+00 4.938421774508516546e-16
1.012201425312396763e+00 4.563287822828532011e-16
1.010380696633933706e+00 4.207669510253286557e-16
1.008506806420202073e+00 3.869398432437809174e-16
1.006516412485080725e+00 3.548474589382099861e-16
1.004312627539640790e+00 3.223213937636448531e-16
1.001731342746156050e+00 2.902290094580739218e-16
9.984598608313668411e-01 2.520650929865841658e-16
9.938035730602032825e-01 2.041433569627248698e-16
9.858181662541659618e-01 1.217439918538265328e-16
9.661215139305447952e-01 -1.289235504248220923e-16
7.628691164252409118e-01 -8.609769784040934777e-15
1.068835645506898580e+00 -5.758304747527590058e-17
1.032991870565345360e+00 2.156358999910712168e-16
1.022239904922348730e+00 2.240926769364581514e-16
1.016756447908061523e+00 2.119496126046205017e-16
1.013252909097670962e+00 1.972044630588176414e-16
1.010709162050533738e+00 1.833266752510031847e-16
1.008704421882314906e+00 1.696657278776858288e-16
1.007032871497943960e+00 1.568721422423568765e-16
1.005581497023935622e+00 1.453795992140105295e-16
1.004282745688249712e+00 1.341038966201612834e-16
1.003093488541368039e+00 1.236955557643004408e-16
1.001984677459892836e+00 1.128535340394453964e-16
1.000935846120905914e+00 1.039630762250642601e-16
9.999319972105680243e-01 9.442209710719182107e-17
9.989617469664543448e-01 8.574847972730778559e-17
9.980161698238779744e-01 7.729170278192085101e-17
9.970880512663404804e-01 6.926860670552811820e-17
9.961713881160498829e-01 6.167919149812958716e-17
9.952610438380047331e-01 5.430661672522815701e-17
9.943525036917838511e-01 4.693404195232672686e-17
9.934416956902617502e-01 4.129619065540210380e-17
9.925248557140176064e-01 3.392361588250067365e-17
9.915984226127516621e-01 2.741840284758764704e-17
9.906589537585606120e-01 2.134687068166882221e-17
9.897030544445289957e-01 1.527533851574999738e-17
9.887273164008805182e-01 1.007116808781957610e-17
9.877282619146106057e-01 4.866997659889154817e-18
9.867022908177811580e-01 -1.638215375023871787e-18
9.856456280947520909e-01 -5.541343195971687750e-18
9.845542701351407411e-01 -1.161287536189051258e-17
9.834239277784789790e-01 -1.508232231384412677e-17
9.822499642871073133e-01 -2.072017361076874983e-17
9.810273262586004517e-01 -2.418962056272236401e-17
9.797504652483998155e-01 -2.939379099065278530e-17
9.784132475068115786e-01 -3.329691881160060126e-17
9.770088487204374728e-01 -3.763372750154261900e-17
9.755296299519645720e-01 -4.066949358450203141e-17
9.739669900435453664e-01 -4.327157879846724205e-17
9.723111885160494738e-01 -4.587366401243245269e-17
9.705511313585094557e-01 -4.934311096438606688e-17
9.686741099177625935e-01 -5.107783444036287398e-17
9.666654801685368170e-01 -5.454728139231648817e-17
9.645082656871201143e-01 -5.541464313030489171e-17
9.621826622652627226e-01 -5.628200486829329526e-17
9.596654147076532082e-01 -5.454728139231648817e-17
9.569290261212276549e-01 -5.367991965432808462e-17
9.539407457134199131e-01 -5.281255791633968107e-17
9.506612609971092365e-01 -4.847574922639766334e-17
9.470429917672016362e-01 -4.153685532249043496e-17
9.430278425244803531e-01 -3.286323794260639949e-17
9.385442118720922489e-01 -1.725072665881513564e-17
9.335029746560772335e-01 -5.107662326977485976e-18
9.277920368157002162e-01 2.091318981267462044e-17
9.212689078454485703e-01 5.040348890428034105e-17
9.137505508903817075e-01 9.724102275565413259e-17
9.049996254115628691e-01 1.527521739869119596e-16
8.947064048653915469e-01 2.429577947377059285e-16
8.824670707829396221e-01 3.678578850080360393e-16
8.677649040949073633e-01 5.621469143174384339e-16
8.499818601435003007e-01 8.501110113295884116e-16
8.285422229024284047e-01 1.301139115083558355e-15
8.035581925565205008e-01 2.022784081089910106e-15
7.783298837826098104e-01 3.188518256946324473e-15
7.683015307376968028e-01 4.867730581691873741e-15
8.247593379143258741e-01 6.033464757548288108e-15
1.022832781653358225e+00 4.035063313223006336e-15
1.248324955123659485e+00 2.619528956825931746e-15
1.319635579710266571e+00 3.368929498447912411e-15
1.298982567249795661e+00 3.368929498447912411e-15
1.259824787701038229e+00 2.883206925174406425e-15
1.223988147470256527e+00 2.383606564093085982e-15
1.194852586586689691e+00 1.953395142050837822e-15
1.171650418756909229e+00 1.632471298995128510e-15
1.153067001140116066e+00 1.391344735834352324e-15
1.137982842676957596e+00 1.202259876952880350e-15
1.125554872854186650e+00 1.048736849328932922e-15
1.115166328668042883e+00 9.281735677485448294e-16
1.106366167297654801e+00 8.323300957008261389e-16
1.098821244572015576e+00 7.534001775438814161e-16
1.092282128527235052e+00 6.881312067602540491e-16
1.086559325275093357e+00 6.335958374842331761e-16
1.081506792390301230e+00 5.886014473260847421e-16
1.077010422772959330e+00 5.488112275958667294e-16
1.072979907401715893e+00 5.164884503286426284e-16
1.069342909447966505e+00 4.885837969142969580e-16
1.066040836201336717e+00 4.642976682506216587e-16
1.063025729194166935e+00 4.438604572992699001e-16
1.060257946978681920e+00 4.267300629739989301e-16
1.057704416978302309e+00 4.118764932109475193e-16
1.055337300932173816e+00 3.991913277928671175e-16
1.053132964428629581e+00 3.895419284577461280e-16
1.051071172428271305e+00 3.808683110778620925e-16
1.049134454381390302e+00 3.746883586946947173e-16
1.047307597714714156e+00 3.699178691357584977e-16
1.045577239178197448e+00 3.669905232700476358e-16
1.043931531182734851e+00 3.654726402285679296e-16
1.042359865747852998e+00 3.656894806630650305e-16
1.040852642638568692e+00 3.676410445735389384e-16
1.039401071126547116e+00 3.711104915254925526e-16
1.037996996850241160e+00 3.758809810844287721e-16
1.036632746664526650e+00 3.834703962918273032e-16
1.035300985285447561e+00 3.921440136717113386e-16
1.033994578017464638e+00 4.040702375690518874e-16
1.032706453915114730e+00 4.172975040733750415e-16
1.031429463335396646e+00 4.337773770951547089e-16
1.030156222852689707e+00 4.535098566343908896e-16
1.028878938651017982e+00 4.769286235600777854e-16
1.027589196167127517e+00 5.046841991757066989e-16
1.026277697521580157e+00 5.382944665227573363e-16
1.024933915515569227e+00 5.783015266874724500e-16
1.023545602953612965e+00 6.285000872735513053e-16
1.022098011068407919e+00 6.919259143639533146e-16
1.020572365836877493e+00 7.777947264248052658e-16
1.018941639261433663e+00 9.076821466885687956e-16
1.017148864697881461e+00 1.171360115037043474e-15
1.014443573744284066e+00 3.470627662227052727e-15
1.013635843494337774e+00 2.835069559886637944e-16
1.011221671658029564e+00 7.625074757927596533e-16
1.008602602555610517e+00 1.021631795016795312e-15
1.005615941163493732e+00 1.273817220336923643e-15
1.002127061905382588e+00 1.569045471904726500e-15
9.979600623164891493e-01 1.952961461181843620e-15
9.928668576909756016e-01 2.476522690275093712e-15
9.864911527436104333e-01 3.237632615359917824e-15
9.783340378960416750e-01 4.403583631650829293e-15
9.678014746413324820e-01 6.315465742611767812e-15
9.547820374446088776e-01 9.655567375387861321e-15
9.429560353253845228e-01 1.561347515363020529e-14
9.521650459050109427e-01 2.410407920679868761e-14
1.013622841862286128e+00 2.594776500111028790e-14
1.074168289042094049e+00 1.702196219590612410e-14
1.089827799810593856e+00 9.401105125505513431e-15
1.086413700355209677e+00 5.339358526723068170e-15
1.079400295965552203e+00 3.224405348855594670e-15
1.072750029252726778e+00 2.060189056040660009e-15
1.067146015950215299e+00 1.360987075004758199e-15
1.062529101971560364e+00 9.199336312376549957e-16
1.058713614424029448e+00 6.334874172669846257e-16
1.055526169511926016e+00 4.348615792676402133e-16
1.052829328591958324e+00 2.933731957582818847e-16
1.050518743961521784e+00 1.893982074169220095e-16
1.048515815824390351e+00 1.128535340394453964e-16
1.046761042421343824e+00 5.452345715972525789e-17
1.045208926173248010e+00 9.854327653322475213e-18
1.043824264698541615e+00 -2.570750360420207022e-17
1.042579488148375200e+00 -5.465570160956503861e-17
1.041452746783567029e+00 -7.753236744900918217e-17
1.040426527859082739e+00 -9.639748525025695932e-17
1.039486645466550563e+00 -1.114678954478054710e-16
1.038621494633836351e+00 -1.246951619521286250e-16
1.037821494315280590e+00 -1.349950825907409172e-16
1.037078666791094284e+00 -1.434518595361278518e-16
1.036386316643085559e+00 -1.510412747435263828e-16
1.035738783209332325e+00 -1.570043866921966572e-16
1.035131247836494905e+00 -1.624253975546241794e-16
1.034559582416829215e+00 -1.669790466790632980e-16
1.034020229333973306e+00 -1.705569138482654626e-16
1.033510105526720846e+00 -1.738095203657219759e-16
1.033026525236051985e+00 -1.770621268831784892e-16
1.032567137346430908e+00 -1.796642120971436999e-16
1.032129874217537102e+00 -1.817241962248661583e-16
1.031712909630433828e+00 -1.836757601353400663e-16
1.031314624014705306e+00 -1.853020633940683229e-16
1.030933575530914581e+00 -1.870367868700451300e-16
1.030568475891800562e+00 -1.882294092597791849e-16
1.030218170041650838e+00 -1.892051912150161389e-16
1.029881618994866299e+00 -1.906146540392472946e-16
1.029557885275412810e+00 -1.913735955599871477e-16
1.029246120508567452e+00 -1.919156966462299000e-16
1.028945554802485507e+00 -1.931083190359639548e-16
1.028655487625128151e+00 -1.937588403394552575e-16
1.028375279936098341e+00 -1.943009414256980097e-16
1.028104347376094907e+00 -1.949514627291893124e-16
1.027842154351322757e+00 -1.954935638154320646e-16
1.027588208878175147e+00 -1.961440851189233672e-16
1.027342058076163633e+00 -1.965777659879175690e-16
1.027103284215560741e+00 -1.969030266396632204e-16
1.026871501241331863e+00 -1.973367075086574221e-16
1.026646351707365623e+00 -1.979872288121487248e-16
1.026427504065265728e+00 -1.980956490293972752e-16
1.026214650260470540e+00 -1.985293298983914770e-16
1.026007503595529391e+00 -1.987461703328885779e-16
1.025805796826271710e+00 -1.990714309846342292e-16
1.025609280461539097e+00 -1.995051118536284310e-16
1.025417721241317803e+00 -1.999387927226226328e-16
1.025230900771599618e+00 -2.002640533743682841e-16
1.025048614297272120e+00 -2.004808938088653850e-16
1.024870669596851691e+00 -2.008061544606110363e-16
1.024696885985010741e+00 -2.010229948951081372e-16
1.024527093410682266e+00 -2.013482555468537885e-16
1.024361131640082467e+00 -2.016735161985994399e-16
1.024198849515337129e+00 -2.019445667417208160e-16
1.024040104280550922e+00 -2.022156172848421921e-16
1.023884760968151619e+00 -2.024866678279635682e-16
1.023732691839205566e+00 -2.027035082624606691e-16
1.023583775872139334e+00 -2.029203486969577700e-16
1.023437898294959458e+00 -2.032998194573276965e-16
1.023294950156613536e+00 -2.036250801090733478e-16
1.023154827933639544e+00 -2.039503407608189992e-16
1.023017433168667001e+00 -2.041129710866918248e-16
1.022882672137723770e+00 -2.042213913039403753e-16
1.022750455543615544e+00 -2.046008620643103018e-16
1.022620698232950431e+00 -2.050345429333045036e-16
1.022493318934627027e+00 -2.051971732591773293e-16
1.022368240017829111e+00 -2.055224339109229806e-16
1.022245387267777472e+00 -2.057392743454200815e-16
1.022124689677651910e+00 -2.062271653230385585e-16
1.022006079255267208e+00 -2.064440057575356594e-16
1.021889490843211012e+00 -2.068234765179055859e-16
1.021774861951286084e+00 -2.072029472782755125e-16
1.021662132600199335e+00 -2.074739978213968886e-16
1.021551245175545075e+00 -2.076366281472697142e-16
1.021442144291209164e+00 -2.079076786903910904e-16
1.021334776661406263e+00 -2.085039898852581178e-16
1.021229090980622312e+00 -2.088292505370037691e-16
1.021125037810802993e+00 -2.091003010801251452e-16
1.021022569475180219e+00 -2.093713516232465213e-16
1.020921639958179750e+00 -2.098050324922407231e-16
1.020822204810893474e+00 -2.101302931439863744e-16
1.020724221061642734e+00 -2.104013436871077506e-16
1.020627647131189919e+00 -2.108350245561019523e-16
1.020532442752188906e+00 -2.112144953164718789e-16
1.020438568892489073e+00 -2.115939660768418054e-16
1.020345987681934519e+00 -2.119734368372117320e-16
1.020254662342316321e+00 -2.124613278148302090e-16
1.020164557120157189e+00 -2.130034289010729612e-16
1.020075637222018772e+00 -2.133286895528186125e-16
1.019987868752039173e+00 -2.138165805304370895e-16
1.019901218651410701e+00 -2.141418411821827409e-16
1.019815654639521618e+00 -2.146297321598012178e-16
1.019731145156487884e+00 -2.150634130287954196e-16
1.019647659306797571e+00 -2.154970938977896214e-16
1.019565166803802603e+00 -2.160391949840323736e-16
1.019483637914775143e+00 -2.165270859616508506e-16
1.019403043406249543e+00 -2.170149769392693276e-16
1.019323354489357181e+00 -2.175028679168878046e-16
1.019244542764851991e+00 -2.180991791117548320e-16
1.019166580167504721e+00 -2.185328599807490338e-16
1.019089438909528633e+00 -2.191291711756160612e-16
1.019013091422669604e+00 -2.196712722618588135e-16
1.018937510298568938e+00 -2.201049531308530152e-16
1.018862668226968360e+00 -2.207554744343443179e-16
1.018788537931284877e+00 -2.215686260637084462e-16
1.018715092101037500e+00 -2.221649372585754737e-16
1.018642303320541176e+00 -2.226528282361939507e-16
1.018570143993222654e+00 -2.233575596483095285e-16
1.018498586260827121e+00 -2.240622910604251064e-16
1.018427601916688685e+00 -2.247128123639164091e-16
1.018357162312127695e+00 -2.255259639932805374e-16
1.018287238254904414e+00 -2.261764852967718401e-16
1.018217799898500919e+00 -2.269896369261359684e-16
1.018148816620818797e+00 -2.278027885555000967e-16
1.018080256890661950e+00 -2.285075199676156746e-16
1.018012088120113345e+00 -2.294290918142283534e-16
1.017944276500600820e+00 -2.302964535522167569e-16
1.017876786820078649e+00 -2.312180253988294357e-16
1.017809582258309087e+00 -2.322480174626906649e-16
1.017742624156683595e+00 -2.331153792006790684e-16
1.017675871758390027e+00 -2.341453712645402977e-16
1.017609281913933961e+00 -2.351211532197772517e-16
1.017542808746076943e+00 -2.362595655008870313e-16
1.017476403267088436e+00 -2.372895575647482605e-16
1.017410012939764741e+00 -2.385363900631065906e-16
1.017343581171914257e+00 -2.396205922355920951e-16
1.017277046731802637e+00 -2.410300550598232508e-16
1.017210343069328227e+00 -2.424395178840544066e-16
1.017143397524262971e+00 -2.437947705996612871e-16
1.017076130398579137e+00 -2.453126536411409933e-16
1.017008453864400197e+00 -2.469389568998692500e-16
1.016940270672109570e+00 -2.485652601585975066e-16
1.016871472614162775e+00 -2.502999836345743137e-16
1.016801938688486562e+00 -2.521431273277996713e-16
1.016731532890143841e+00 -2.541489013468978545e-16
1.016660101539940353e+00 -2.561004652573717624e-16
1.016587470032079388e+00 -2.582688696023427713e-16
1.016513438847414852e+00 -2.606541143818108811e-16
1.016437778630707278e+00 -2.630935692699032660e-16
1.016360224064499995e+00 -2.658040747011170271e-16
1.016280466181207265e+00 -2.687314205668278891e-16
1.016198142627619427e+00 -2.718213967584115767e-16
1.016112825215265358e+00 -2.750197931672438148e-16
1.016024003829985700e+00 -2.787060805536945299e-16
1.015931065393893773e+00 -2.827176285918908963e-16
1.015833266007739377e+00 -2.870544372818329140e-16
1.015729693545785128e+00 -2.918249268407691335e-16
1.015619216652348555e+00 -2.971375174859481053e-16
1.015500413997633355e+00 -3.030464193259941044e-16
1.015371474259936235e+00 -3.095516323609071310e-16
1.015230051648666976e+00 -3.169784172424328364e-16
1.015073052056259417e+00 -3.254351941878197710e-16
1.014896307580274826e+00 -3.351388036315650357e-16
1.014694064921722205e+00 -3.463060860081657314e-16
1.014458150343130249e+00 -3.595875626211131607e-16
1.014176544403032842e+00 -3.754711244480258006e-16
1.013830814501387012e+00 -3.947157130096435043e-16
1.013391172124996631e+00 -4.190560517819430789e-16
1.012806122118649732e+00 -4.507147552185198084e-16
1.011978257014329641e+00 -4.933781107058244078e-16
1.010698332897735918e+00 -5.555571052978680871e-16
1.008419874398283289e+00 -6.569300084252627517e-16
1.003119843557581436e+00 -8.605973865266647596e-16
9.758996043036584078e-01 -1.509600806976487615e-15
1.053034559001116977e+00 1.466588366604846331e-15
1.028629977366775528e+00 -2.484014186621366668e-17
1.023495091669153867e+00 -4.655683249815712191e-16
1.021065954310303781e+00 -1.197296371192038063e-15
1.037660289827115445e+00 -2.227006663605479934e-14
1.019872237227892775e+00 1.037786407386829328e-15
1.019095602707954518e+00 4.865238127865744996e-16
1.018598360604160646e+00 2.864343018543746563e-16
1.018228443731858279e+00 1.805077496025408731e-16
1.017936000885846237e+00 1.142087867550522770e-16
1.017696032278406104e+00 6.834703485891543943e-17
1.017493769550545935e+00 3.457413718599197631e-17
1.017319699801864541e+00 8.499074937715594671e-18
1.017167345840464643e+00 -1.210076633950898958e-17
1.017032117615727094e+00 -2.890590001303430830e-17
1.016910660253145915e+00 -4.283789792947304028e-17
1.016800459514778376e+00 -5.481833193543786428e-17
1.016699591374615075e+00 -6.490141213955305551e-17
1.016606556988231436e+00 -7.379186995393419187e-17
1.016520170548881774e+00 -8.159812559582982380e-17
1.016439481091055308e+00 -8.842859928248850173e-17
1.016363716745344981e+00 -9.460855166565587700e-17
1.016292244224857422e+00 -9.997535241945912395e-17
1.016224538876189687e+00 -1.050711026301409948e-16
1.016160162201948713e+00 -1.094621214287072877e-16
1.016098744759554862e+00 -1.134736694669036542e-16
1.016039972989163598e+00 -1.173225871792271949e-16
1.015983578953631117e+00 -1.207920341311808091e-16
1.015929332264424056e+00 -1.238820103227644967e-16
1.015877033667658136e+00 -1.268635662970996339e-16
1.015826509904505182e+00 -1.296824919455619454e-16
1.015777609559546324e+00 -1.322303670509028809e-16
1.015730199682056467e+00 -1.345614017217467154e-16
1.015684163017153141e+00 -1.368382262839662747e-16
1.015639395721962490e+00 -1.388982104116887331e-16
1.015595805470369761e+00 -1.407955642135383659e-16
1.015553309871252807e+00 -1.426929180153879987e-16
1.015511835141260422e+00 -1.445089566543012186e-16
1.015471314985534113e+00 -1.462165750759658881e-16
1.015431689649295199e+00 -1.476531429545091814e-16
1.015392905110578781e+00 -1.491710259959888876e-16
1.015354912390178610e+00 -1.506618039831564562e-16
1.015317666959389298e+00 -1.519628465901390616e-16
