1.003383533933517979e+00
1.038660480609418402e+00
1.005169708448753640e+00
9.734651108033242073e-01
9.828425270083103182e-01
9.873079632963989161e-01
1.169497763850415595e+00
9.890941378116344662e-01
1.003830077562327006e+00
1.005169708448753640e+00
9.989180976454294925e-01
9.828425270083103182e-01
9.895406814404432705e-01
9.980250103878116619e-01
1.029283064404432180e+00
1.029729608033240984e+00
1.017226386426592910e+00
1.014100581024930836e+00
9.877545069252078314e-01
9.966853795013851380e-01
1.024371084487534667e+00
1.048037896814404624e+00
1.002936990304709175e+00
1.003830077562327006e+00
1.029283064404432180e+00
1.071258165512465554e+00
1.008295513850415492e+00
1.021245279085872593e+00
1.019459104570637153e+00
1.011421319252077566e+00
1.003830077562327006e+00
1.010081688365651154e+00
