1.000145350920521148e+00
1.000210337766023638e+00
1.000791891066553640e+00
1.000598821243420700e+00
1.000693696322833004e+00
1.002352399268229499e+00
1.209018899785104129e+00
1.002289607823247275e+00
1.000731429953129803e+00
1.000471935161975079e+00
1.000426721113244266e+00
1.000475770191484592e+00
1.000630813103049022e+00
1.001035450906557767e+00
1.002551722749669416e+00
1.034922367018744627e+00
1.021368824229526462e+00
1.002693818150584670e+00
1.001560703357623261e+00
1.002102483085949292e+00
1.026105202176710307e+00
1.003561007254911486e+00
1.002573900281633845e+00
1.004549423399183183e+00
1.017392822873356417e+00
1.043918509823090535e+00
1.012152966001081955e+00
1.030719829877933869e+00
1.023523056562936073e+00
1.009660995267859906e+00
1.020132294190704059e+00
1.008822862283644373e+00
