9.182287402346994698e-01
5.629149595745122952e-17
7.163772299622304107e-01
6.681125561052169999e-19
5.148320484477880710e-01
5.928013604685017211e-17
2.576896448818051799e-01
2.712720019966403389e-17
-9.749144253145516220e-03
1.402302068332862472e-18
-6.440003867728508746e-01
-1.083266381176584263e-17
-8.099357285507254867e-01
4.451599704801308122e-03
-8.099357285507253756e-01
-4.451599704801379245e-03
-3.300736812095986239e-01
9.007850450095389316e-03
-3.300736812095986794e-01
-9.007850450095096148e-03
