1.013307173684210749e+00
9.404201664542937156e-01
9.955298548476455567e-01
9.404201664542937156e-01
9.990853186149585285e-01
9.795302678947369612e-01
8.799772824099724167e-01
9.190873838504156623e-01
1.039973151939058260e+00
9.475310939889197703e-01
9.990853186149585285e-01
9.759748041274239894e-01
9.208651157340721483e-01
9.261983113850417171e-01
9.813079997783934472e-01
9.244205795013851201e-01
9.475310939889197703e-01
9.368647026869807437e-01
9.155319200831025794e-01
8.728663548753463619e-01
9.030877968975070669e-01
1.023973564986149665e+00
8.924214055955679292e-01
9.546420215235458251e-01
9.564197534072023110e-01
8.586444998060942524e-01
9.013100650138505809e-01
1.022195833102493179e+00
8.497558403878117117e-01
8.888659418282549574e-01
8.142012027146815489e-01
8.924214055955679292e-01
7.573137824376732219e-01
7.128704853462605184e-01
7.342032679501385717e-01
1.100416035983379670e+00
1.420407775041551357e+00
1.324410253324100006e+00
1.064861398310249507e+00
1.043528615706371232e+00
1.116415622936288266e+00
1.071972325844875451e+00
1.041750883822714746e+00
1.016862637451523721e+00
1.066639130193905993e+00
9.795302678947369612e-01
9.848634635457065301e-01
9.741970722437673924e-01
1.013307173684210749e+00
1.045306347590027940e+00
9.813079997783934472e-01
9.173096519667591764e-01
1.022195833102493179e+00
9.279760432686982030e-01
9.706416084764544205e-01
9.421978983379503125e-01
9.350869708033242578e-01
9.937521229639890707e-01
9.653084128254848517e-01
9.510865577562328532e-01
9.261983113850417171e-01
8.515335722714683087e-01
8.213121302493076037e-01
8.070902751800554942e-01
7.750911012742383033e-01
9.493088258725762563e-01
1.146637064958448970e+00
1.308410666371191411e+00
1.127082014238227403e+00
1.194635825817174757e+00
1.173303043213296482e+00
1.141303869307479291e+00
1.180413970747922647e+00
1.160858920027701080e+00
9.813079997783934472e-01
1.052417275124653884e+00
1.086194180914127561e+00
1.025751296869806151e+00
1.071972325844875451e+00
1.112860159168975294e+00
1.025751296869806151e+00
1.059528202659279827e+00
1.039973151939058260e+00
1.059528202659279827e+00
1.015084905567867235e+00
9.688638765927979346e-01
9.688638765927979346e-01
1.023973564986149665e+00
1.043528615706371232e+00
1.004418514265928097e+00
9.386424345706372296e-01
1.018640369335180207e+00
9.493088258725762563e-01
1.052417275124653884e+00
1.009751709916897555e+00
1.032862224404432316e+00
1.013307173684210749e+00
9.777525360110804753e-01
9.830857316620500441e-01
9.653084128254848517e-01
1.020418101218836693e+00
9.848634635457065301e-01
1.079083253379501617e+00
1.009751709916897555e+00
9.813079997783934472e-01
9.475310939889197703e-01
1.013307173684210749e+00
9.759748041274239894e-01
9.439756302216067985e-01
9.137541881994460935e-01
8.959768693628810121e-01
9.404201664542937156e-01
9.048655287811635528e-01
8.959768693628810121e-01
9.617529490581718798e-01
8.568667679224377665e-01
8.497558403878117117e-01
8.906436737119114433e-01
8.941991374792245262e-01
8.266453259002770615e-01
7.270923404155125169e-01
7.786465650415513862e-01
8.284230577839336584e-01
9.173096519667591764e-01
1.189302630166205077e+00
1.271078296814404540e+00
1.262189637396122111e+00
1.295966543185595787e+00
1.212413144653739838e+00
1.114637891052631780e+00
1.166192115678670538e+00
1.061305934542936535e+00
1.119971086703601237e+00
1.148414796842105456e+00
1.141303869307479291e+00
1.071972325844875451e+00
1.137748405540166319e+00
1.079083253379501617e+00
1.116415622936288266e+00
1.146637064958448970e+00
1.139526137423822805e+00
9.990853186149585285e-01
1.004418514265928097e+00
1.071972325844875451e+00
1.011529441800554041e+00
1.068416862077562479e+00
1.100416035983379670e+00
1.063083666426593021e+00
1.011529441800554041e+00
1.029306760637119345e+00
1.066639130193905993e+00
1.047084079473684426e+00
1.050639543240997398e+00
9.813079997783934472e-01
1.109304695401662100e+00
1.066639130193905993e+00
1.052417275124653884e+00
1.036417688171745288e+00
1.034639956288088802e+00
1.052417275124653884e+00
1.032862224404432316e+00
1.034639956288088802e+00
9.333092389196676608e-01
1.034639956288088802e+00
1.071972325844875451e+00
1.041750883822714746e+00
9.617529490581718798e-01
9.919743910803325848e-01
1.038195420055401774e+00
1.144859333074792485e+00
1.011529441800554041e+00
1.004418514265928097e+00
9.084209925484765247e-01
1.041750883822714746e+00
9.759748041274239894e-01
1.041750883822714746e+00
1.011529441800554041e+00
9.937521229639890707e-01
9.653084128254848517e-01
1.031084492520775830e+00
1.029306760637119345e+00
1.034639956288088802e+00
1.036417688171745288e+00
1.102193767867036156e+00
1.057750470775623342e+00
1.063083666426593021e+00
1.112860159168975294e+00
1.127082014238227403e+00
1.098638304099723184e+00
1.107526963518005614e+00
1.119971086703601237e+00
1.048861811357340912e+00
1.098638304099723184e+00
1.023973564986149665e+00
1.050639543240997398e+00
1.066639130193905993e+00
1.079083253379501617e+00
1.055972738891966856e+00
1.006196246149584583e+00
1.006196246149584583e+00
1.082638717146814589e+00
1.036417688171745288e+00
1.063083666426593021e+00
1.031084492520775830e+00
1.082638717146814589e+00
9.741970722437673924e-01
9.973075867313020426e-01
1.073750057728531937e+00
9.724193403601109065e-01
1.039973151939058260e+00
1.055972738891966856e+00
1.089749644681440532e+00
9.599752171745153939e-01
1.015084905567867235e+00
9.546420215235458251e-01
1.057750470775623342e+00
1.084416449030471075e+00
1.047084079473684426e+00
1.064861398310249507e+00
1.111082427285318808e+00
1.064861398310249507e+00
1.027529028753462637e+00
9.990853186149585285e-01
1.025751296869806151e+00
1.032862224404432316e+00
1.007973978033241069e+00
1.029306760637119345e+00
1.057750470775623342e+00
1.073750057728531937e+00
1.007973978033241069e+00
9.724193403601109065e-01
9.973075867313020426e-01
9.741970722437673924e-01
9.901966591966759879e-01
1.039973151939058260e+00
1.023973564986149665e+00
9.670861447091414487e-01
1.006196246149584583e+00
1.038195420055401774e+00
9.741970722437673924e-01
9.813079997783934472e-01
9.724193403601109065e-01
1.032862224404432316e+00
1.055972738891966856e+00
1.061305934542936535e+00
1.093305108448753504e+00
1.059528202659279827e+00
1.068416862077562479e+00
1.004418514265928097e+00
1.029306760637119345e+00
1.075527789612188423e+00
1.041750883822714746e+00
9.795302678947369612e-01
1.045306347590027940e+00
1.064861398310249507e+00
1.027529028753462637e+00
9.919743910803325848e-01
1.059528202659279827e+00
9.741970722437673924e-01
9.973075867313020426e-01
9.884189273130195019e-01
9.937521229639890707e-01
9.741970722437673924e-01
1.022195833102493179e+00
1.009751709916897555e+00
9.706416084764544205e-01
1.064861398310249507e+00
1.041750883822714746e+00
9.688638765927979346e-01
1.070194593961218965e+00
1.063083666426593021e+00
9.350869708033242578e-01
1.055972738891966856e+00
9.884189273130195019e-01
1.016862637451523721e+00
9.955298548476455567e-01
1.071972325844875451e+00
1.022195833102493179e+00
9.937521229639890707e-01
1.023973564986149665e+00
1.050639543240997398e+00
1.045306347590027940e+00
1.084416449030471075e+00
1.086194180914127561e+00
1.020418101218836693e+00
9.866411954293630160e-01
9.973075867313020426e-01
9.670861447091414487e-01
1.091527376565097018e+00
1.004418514265928097e+00
1.063083666426593021e+00
1.057750470775623342e+00
1.006196246149584583e+00
1.055972738891966856e+00
9.706416084764544205e-01
9.919743910803325848e-01
1.034639956288088802e+00
1.102193767867036156e+00
1.011529441800554041e+00
1.020418101218836693e+00
9.564197534072023110e-01
1.020418101218836693e+00
1.007973978033241069e+00
1.063083666426593021e+00
1.043528615706371232e+00
9.866411954293630160e-01
1.084416449030471075e+00
9.830857316620500441e-01
9.635306809418283658e-01
1.027529028753462637e+00
1.004418514265928097e+00
1.006196246149584583e+00
9.795302678947369612e-01
1.039973151939058260e+00
1.022195833102493179e+00
1.077305521495844909e+00
1.011529441800554041e+00
1.050639543240997398e+00
9.813079997783934472e-01
9.421978983379503125e-01
1.018640369335180207e+00
8.959768693628810121e-01
9.937521229639890707e-01
9.404201664542937156e-01
1.015084905567867235e+00
9.848634635457065301e-01
1.013307173684210749e+00
9.261983113850417171e-01
9.688638765927979346e-01
9.990853186149585285e-01
1.004418514265928097e+00
9.617529490581718798e-01
9.581974852908587970e-01
9.813079997783934472e-01
9.955298548476455567e-01
9.866411954293630160e-01
1.102193767867036156e+00
9.581974852908587970e-01
1.100416035983379670e+00
1.073750057728531937e+00
1.091527376565097018e+00
1.070194593961218965e+00
1.055972738891966856e+00
1.073750057728531937e+00
1.160858920027701080e+00
1.054195007008310370e+00
1.061305934542936535e+00
1.020418101218836693e+00
1.009751709916897555e+00
1.055972738891966856e+00
9.599752171745153939e-01
1.034639956288088802e+00
1.022195833102493179e+00
1.050639543240997398e+00
9.990853186149585285e-01
1.066639130193905993e+00
1.018640369335180207e+00
1.119971086703601237e+00
1.068416862077562479e+00
9.350869708033242578e-01
1.048861811357340912e+00
1.054195007008310370e+00
9.510865577562328532e-01
1.100416035983379670e+00
1.045306347590027940e+00
1.064861398310249507e+00
1.063083666426593021e+00
1.034639956288088802e+00
1.075527789612188423e+00
9.670861447091414487e-01
