9.105783866829560980e-01
1.159773188280559530e-01
9.105783866829443296e-01
-1.159773188280466966e-01
6.646402262619741652e-01
6.720424328103663247e-15
4.346597312872677032e-01
1.328572888310015114e-13
4.159551604954879744e-01
-1.644723973369465460e-13
-7.927902693617745467e-01
1.981129256637231796e-16
-6.134508868054555641e-01
-9.454419321319566320e-16
-4.441939173203957592e-01
6.129243713257145443e-15
-3.134026815694762602e-01
1.519720737889035863e-15
2.160901582460495254e-02
1.724507716586733668e-15
