1.010670741227120528e+00 0.000000000000000000e+00
1.010646473857568672e+00 0.000000000000000000e+00
1.010621698249166478e+00 0.000000000000000000e+00
1.010596397693604098e+00 0.000000000000000000e+00
1.010570554733167370e+00 0.000000000000000000e+00
1.010544151118054401e+00 0.000000000000000000e+00
1.010517167760734081e+00 0.000000000000000000e+00
1.010489584687105813e+00 0.000000000000000000e+00
1.010461380984197577e+00 0.000000000000000000e+00
1.010432534744106770e+00 0.000000000000000000e+00
1.010403023003871414e+00 0.000000000000000000e+00
1.010372821680918909e+00 0.000000000000000000e+00
1.010341905503706839e+00 0.000000000000000000e+00
1.010310247937136197e+00 0.000000000000000000e+00
1.010277821102268048e+00 0.000000000000000000e+00
1.010244595689828939e+00 0.000000000000000000e+00
1.010210540866939732e+00 0.000000000000000000e+00
1.010175624176435916e+00 0.000000000000000000e+00
1.010139811428086398e+00 0.000000000000000000e+00
1.010103066580935849e+00 0.000000000000000000e+00
1.010065351615918372e+00 0.000000000000000000e+00
1.010026626397783289e+00 0.000000000000000000e+00
1.009986848525278536e+00 0.000000000000000000e+00
1.009945973168402844e+00 0.000000000000000000e+00
1.009903952891409329e+00 0.000000000000000000e+00
1.009860737460080538e+00 0.000000000000000000e+00
1.009816273631616301e+00 0.000000000000000000e+00
1.009770504925281864e+00 0.000000000000000000e+00
1.009723371371720635e+00 0.000000000000000000e+00
1.009674809238581439e+00 0.000000000000000000e+00
1.009624750729808174e+00 0.000000000000000000e+00
1.009573123655587601e+00 0.000000000000000000e+00
1.009519851069562657e+00 0.000000000000000000e+00
1.009464850869455033e+00 0.000000000000000000e+00
1.009408035356716971e+00 0.000000000000000000e+00
1.009349310750219608e+00 0.000000000000000000e+00
1.009288576648281088e+00 0.000000000000000000e+00
1.009225725432508991e+00 0.000000000000000000e+00
1.009160641605982844e+00 0.000000000000000000e+00
1.009093201057171818e+00 0.000000000000000000e+00
1.009023270239681525e+00 0.000000000000000000e+00
1.008950705256372649e+00 0.000000000000000000e+00
1.008875350834585127e+00 0.000000000000000000e+00
1.008797039177049104e+00 0.000000000000000000e+00
1.008715588670522356e+00 0.000000000000000000e+00
1.008630802431156992e+00 0.000000000000000000e+00
1.008542466661991766e+00 0.000000000000000000e+00
1.008450348793622497e+00 0.000000000000000000e+00
1.008354195373898587e+00 0.000000000000000000e+00
1.008253729666202192e+00 0.000000000000000000e+00
1.008148648908235634e+00 0.000000000000000000e+00
1.008038621173969585e+00 0.000000000000000000e+00
1.007923281770045643e+00 0.000000000000000000e+00
1.007802229083997858e+00 0.000000000000000000e+00
1.007675019784445958e+00 0.000000000000000000e+00
1.007541163252078098e+00 0.000000000000000000e+00
1.007400115093624704e+00 0.000000000000000000e+00
1.007251269557651430e+00 0.000000000000000000e+00
1.007093950628901835e+00 0.000000000000000000e+00
1.006927401524483789e+00 0.000000000000000000e+00
1.006750772246930659e+00 0.000000000000000000e+00
1.006563104761351912e+00 0.000000000000000000e+00
1.006363315250098811e+00 0.000000000000000000e+00
1.006150172749774141e+00 0.000000000000000000e+00
1.005922273279777457e+00 0.000000000000000000e+00
1.005678008311734484e+00 0.000000000000000000e+00
1.005415526080818633e+00 0.000000000000000000e+00
1.005132683768334312e+00 0.000000000000000000e+00
1.004826987939509308e+00 0.000000000000000000e+00
1.004495519727044428e+00 0.000000000000000000e+00
1.004134839999035300e+00 0.000000000000000000e+00
1.003740867972051198e+00 0.000000000000000000e+00
1.003308724168973765e+00 0.000000000000000000e+00
1.002832524873384701e+00 0.000000000000000000e+00
1.002305109653852888e+00 0.000000000000000000e+00
1.001717675071831737e+00 0.000000000000000000e+00
1.001059274591939108e+00 0.000000000000000000e+00
1.000316123978167937e+00 0.000000000000000000e+00
9.994706177876602204e-01 0.000000000000000000e+00
9.984999063290626031e-01 0.000000000000000000e+00
9.973737854686007820e-01 0.000000000000000000e+00
9.960514782870371064e-01 0.000000000000000000e+00
9.944765645357367401e-01 0.000000000000000000e+00
9.925686823103473388e-01 0.000000000000000000e+00
9.902093202306870845e-01 0.000000000000000000e+00
9.872161291802554750e-01 0.000000000000000000e+00
9.832932464893944235e-01 0.000000000000000000e+00
9.779266830874159266e-01 0.000000000000000000e+00
9.701378751839926373e-01 0.000000000000000000e+00
9.578055504840201628e-01 0.000000000000000000e+00
9.353100051310623275e-01 0.000000000000000000e+00
8.812612362852136894e-01 0.000000000000000000e+00
5.731345768734225077e-01 0.000000000000000000e+00
1.337444049381674382e+00 0.000000000000000000e+00
1.130952306600095270e+00 0.000000000000000000e+00
1.084859320457650211e+00 0.000000000000000000e+00
1.064549917682316993e+00 0.000000000000000000e+00
1.053115175451323271e+00 0.000000000000000000e+00
1.045778957316886970e+00 0.000000000000000000e+00
1.040670915494014137e+00 0.000000000000000000e+00
1.036908378806054243e+00 0.000000000000000000e+00
1.034020420066852131e+00 0.000000000000000000e+00
1.031732835459377107e+00 0.000000000000000000e+00
1.029875125567541350e+00 0.000000000000000000e+00
1.028335694838522496e+00 0.000000000000000000e+00
1.027038427306088630e+00 0.000000000000000000e+00
1.025929615428587516e+00 0.000000000000000000e+00
1.024970269475729667e+00 0.000000000000000000e+00
1.024131389063503095e+00 0.000000000000000000e+00
1.023390945684850450e+00 0.000000000000000000e+00
1.022731894571742517e+00 0.000000000000000000e+00
1.022140827764225213e+00 0.000000000000000000e+00
1.021607038821478852e+00 0.000000000000000000e+00
1.021121858787611636e+00 0.000000000000000000e+00
1.020678174970397034e+00 0.000000000000000000e+00
1.020270075283992606e+00 0.000000000000000000e+00
1.019892580130225879e+00 0.000000000000000000e+00
1.019541435888879910e+00 0.000000000000000000e+00
1.019212951798617706e+00 0.000000000000000000e+00
1.018903866918730916e+00 0.000000000000000000e+00
1.018611236876594495e+00 0.000000000000000000e+00
1.018332331714645989e+00 0.000000000000000000e+00
1.018064536537707010e+00 0.000000000000000000e+00
1.017805245724471508e+00 0.000000000000000000e+00
1.017551738732237476e+00 0.000000000000000000e+00
1.017301019891963421e+00 0.000000000000000000e+00
1.017049593737336943e+00 0.000000000000000000e+00
1.016793126387931290e+00 0.000000000000000000e+00
1.016525901322657299e+00 0.000000000000000000e+00
1.016239888602732844e+00 0.000000000000000000e+00
1.015923044192994062e+00 0.000000000000000000e+00
1.015555955710898628e+00 0.000000000000000000e+00
1.015104570915631665e+00 0.000000000000000000e+00
1.014502350376246920e+00 0.000000000000000000e+00
1.013598112866297640e+00 0.000000000000000000e+00
1.011956287178451319e+00 0.000000000000000000e+00
1.007587045098729206e+00 0.000000000000000000e+00
9.321449690496712570e-01 0.000000000000000000e+00
1.027918593276201387e+00 0.000000000000000000e+00
1.021708179571089170e+00 0.000000000000000000e+00
1.019748167648959924e+00 0.000000000000000000e+00
1.018754760831175776e+00 0.000000000000000000e+00
1.018135587024800559e+00 0.000000000000000000e+00
1.017701114272273832e+00 0.000000000000000000e+00
1.017371902433316322e+00 0.000000000000000000e+00
1.017108756577091988e+00 0.000000000000000000e+00
1.016890072830499703e+00 0.000000000000000000e+00
1.016702941069083321e+00 0.000000000000000000e+00
1.016539153671126128e+00 0.000000000000000000e+00
1.016393229630576656e+00 0.000000000000000000e+00
1.016261358775577328e+00 0.000000000000000000e+00
1.016140802100158780e+00 0.000000000000000000e+00
1.016029533669165374e+00 0.000000000000000000e+00
1.015926017632869049e+00 0.000000000000000000e+00
1.015829064341193133e+00 0.000000000000000000e+00
1.015737734605374420e+00 0.000000000000000000e+00
1.015651274268175142e+00 0.000000000000000000e+00
1.015569068420699494e+00 0.000000000000000000e+00
1.015490608687507068e+00 0.000000000000000000e+00
1.015415469405765991e+00 0.000000000000000000e+00
1.015343289982717057e+00 0.000000000000000000e+00
1.015273761624631677e+00 0.000000000000000000e+00
1.015206617210667295e+00 0.000000000000000000e+00
1.015141623463494902e+00 0.000000000000000000e+00
1.015078574820383883e+00 0.000000000000000000e+00
1.015017288578961896e+00 0.000000000000000000e+00
1.014957601009281785e+00 0.000000000000000000e+00
1.014899364205860577e+00 0.000000000000000000e+00
1.014842443511488890e+00 0.000000000000000000e+00
1.014786715386297500e+00 0.000000000000000000e+00
1.014732065625820967e+00 0.000000000000000000e+00
1.014678387853972907e+00 0.000000000000000000e+00
1.014625582233245504e+00 0.000000000000000000e+00
1.014573554346665185e+00 0.000000000000000000e+00
1.014522214215191953e+00 0.000000000000000000e+00
1.014471475421133473e+00 0.000000000000000000e+00
1.014421254313306209e+00 0.000000000000000000e+00
1.014371469273548598e+00 0.000000000000000000e+00
1.014322040027015426e+00 0.000000000000000000e+00
1.014272886980712940e+00 0.000000000000000000e+00
1.014223930576083399e+00 0.000000000000000000e+00
1.014175090642215116e+00 0.000000000000000000e+00
1.014126285736518085e+00 0.000000000000000000e+00
1.014077432459462580e+00 0.000000000000000000e+00
1.014028444729258904e+00 0.000000000000000000e+00
1.013979233001099489e+00 0.000000000000000000e+00
1.013929703413753769e+00 0.000000000000000000e+00
1.013879756843798052e+00 0.000000000000000000e+00
1.013829287844433269e+00 0.000000000000000000e+00
1.013778183441516711e+00 0.000000000000000000e+00
1.013726321753853021e+00 0.000000000000000000e+00
1.013673570397593426e+00 0.000000000000000000e+00
1.013619784625336306e+00 0.000000000000000000e+00
1.013564805138551073e+00 0.000000000000000000e+00
1.013508455496414218e+00 0.000000000000000000e+00
1.013450539023861063e+00 0.000000000000000000e+00
1.013390835094968523e+00 0.000000000000000000e+00
1.013329094632426264e+00 0.000000000000000000e+00
1.013265034616575244e+00 0.000000000000000000e+00
1.013198331333686975e+00 0.000000000000000000e+00
1.013128612006174212e+00 0.000000000000000000e+00
1.013055444327519927e+00 0.000000000000000000e+00
1.012978323257478275e+00 0.000000000000000000e+00
1.012896654196785651e+00 0.000000000000000000e+00
1.012809731322098283e+00 0.000000000000000000e+00
1.012716709369448687e+00 0.000000000000000000e+00
1.012616566426427056e+00 0.000000000000000000e+00
1.012508054197124752e+00 0.000000000000000000e+00
1.012389630520622363e+00 0.000000000000000000e+00
1.012259366281978323e+00 0.000000000000000000e+00
1.012114814606776658e+00 0.000000000000000000e+00
1.011952823212884489e+00 0.000000000000000000e+00
1.011769258843171260e+00 0.000000000000000000e+00
1.011558591641992910e+00 0.000000000000000000e+00
1.011313248733440640e+00 0.000000000000000000e+00
1.011022572216545123e+00 0.000000000000000000e+00
1.010671067060904038e+00 0.000000000000000000e+00
1.010235301981466272e+00 0.000000000000000000e+00
1.009678077521723782e+00 0.000000000000000000e+00
1.008936565570822230e+00 0.000000000000000000e+00
1.007895636457648569e+00 0.000000000000000000e+00
1.006319118160302617e+00 0.000000000000000000e+00
1.003633977822338430e+00 0.000000000000000000e+00
9.979968083992736272e-01 0.000000000000000000e+00
9.783960819644410556e-01 0.000000000000000000e+00
1.158847862119796179e+00 0.000000000000000000e+00
1.037437542828556714e+00 0.000000000000000000e+00
1.026594546508903472e+00 0.000000000000000000e+00
1.022523684738930738e+00 0.000000000000000000e+00
1.020382772786589065e+00 0.000000000000000000e+00
1.019057431532199409e+00 0.000000000000000000e+00
1.018152723657189229e+00 0.000000000000000000e+00
1.017493245113022748e+00 0.000000000000000000e+00
1.016989193598015984e+00 0.000000000000000000e+00
1.016589824163458777e+00 0.000000000000000000e+00
1.016264295309862176e+00 0.000000000000000000e+00
1.015992779996781392e+00 0.000000000000000000e+00
1.015761949801873953e+00 0.000000000000000000e+00
1.015562512384784899e+00 0.000000000000000000e+00
1.015387789758514625e+00 0.000000000000000000e+00
1.015232857913691333e+00 0.000000000000000000e+00
1.015094005171114144e+00 0.000000000000000000e+00
1.014968379514480157e+00 0.000000000000000000e+00
1.014853752200610915e+00 0.000000000000000000e+00
1.014748355243899169e+00 0.000000000000000000e+00
1.014650767168520096e+00 0.000000000000000000e+00
1.014559831086590203e+00 0.000000000000000000e+00
1.014474594906244809e+00 0.000000000000000000e+00
1.014394266989990356e+00 0.000000000000000000e+00
1.014318182792091072e+00 0.000000000000000000e+00
1.014245779423278870e+00 0.000000000000000000e+00
1.014176576022892018e+00 0.000000000000000000e+00
1.014110158441967391e+00 0.000000000000000000e+00
1.014046167165222556e+00 0.000000000000000000e+00
1.013984287693416864e+00 0.000000000000000000e+00
1.013924242813612819e+00 0.000000000000000000e+00
1.013865786331425767e+00 0.000000000000000000e+00
1.013808697944906800e+00 0.000000000000000000e+00
1.013752779016614980e+00 0.000000000000000000e+00
1.013697849057048961e+00 0.000000000000000000e+00
1.013643742774722467e+00 0.000000000000000000e+00
1.013590307579732341e+00 0.000000000000000000e+00
1.013537401451557685e+00 0.000000000000000000e+00
1.013484891100017160e+00 0.000000000000000000e+00
1.013432650362241283e+00 0.000000000000000000e+00
1.013380558789250818e+00 0.000000000000000000e+00
1.013328500384021114e+00 0.000000000000000000e+00
1.013276362459316404e+00 0.000000000000000000e+00
1.013224034588516176e+00 0.000000000000000000e+00
1.013171407626447751e+00 0.000000000000000000e+00
1.013118372780084764e+00 0.000000000000000000e+00
1.013064820711071290e+00 0.000000000000000000e+00
1.013010640653481120e+00 0.000000000000000000e+00
1.012955719531127841e+00 0.000000000000000000e+00
1.012899941059143716e+00 0.000000000000000000e+00
1.012843184814487207e+00 0.000000000000000000e+00
1.012785325259521585e+00 0.000000000000000000e+00
1.012726230701827212e+00 0.000000000000000000e+00
1.012665762171924833e+00 0.000000000000000000e+00
1.012603772198550578e+00 0.000000000000000000e+00
1.012540103458445362e+00 0.000000000000000000e+00
1.012474587274201143e+00 0.000000000000000000e+00
1.012407041929378471e+00 0.000000000000000000e+00
1.012337270764690933e+00 0.000000000000000000e+00
1.012265060012284668e+00 0.000000000000000000e+00
1.012190176316673851e+00 0.000000000000000000e+00
1.012112363880314447e+00 0.000000000000000000e+00
1.012031341158509123e+00 0.000000000000000000e+00
1.011946797011601396e+00 0.000000000000000000e+00
1.011858386201222704e+00 0.000000000000000000e+00
1.011765724090381902e+00 0.000000000000000000e+00
1.011668380372638287e+00 0.000000000000000000e+00
1.011565871611055600e+00 0.000000000000000000e+00
1.011457652309805555e+00 0.000000000000000000e+00
1.011343104165622675e+00 0.000000000000000000e+00
1.011221523046500259e+00 0.000000000000000000e+00
1.011092103112192442e+00 0.000000000000000000e+00
1.010953917312670702e+00 0.000000000000000000e+00
1.010805893258604815e+00 0.000000000000000000e+00
1.010646783125921822e+00 0.000000000000000000e+00
1.010475125795848861e+00 0.000000000000000000e+00
1.010289198784665610e+00 0.000000000000000000e+00
1.010086956595865448e+00 0.000000000000000000e+00
1.009865950795907574e+00 0.000000000000000000e+00
1.009623225160045434e+00 0.000000000000000000e+00
1.009355176314999047e+00 0.000000000000000000e+00
1.009057365860435596e+00 0.000000000000000000e+00
1.008724263041638869e+00 0.000000000000000000e+00
1.008348886053077376e+00 0.000000000000000000e+00
1.007922292107448881e+00 0.000000000000000000e+00
1.007432836252194264e+00 0.000000000000000000e+00
1.006865066573985557e+00 0.000000000000000000e+00
1.006198029142902239e+00 0.000000000000000000e+00
1.005402578808285874e+00 0.000000000000000000e+00
1.004436941897841384e+00 0.000000000000000000e+00
1.003239044005106217e+00 0.000000000000000000e+00
1.001712470918639797e+00 0.000000000000000000e+00
9.996989090696950520e-01 0.000000000000000000e+00
9.969189697050195864e-01 0.000000000000000000e+00
9.928290783304829503e-01 0.000000000000000000e+00
9.862125349243987538e-01 0.000000000000000000e+00
9.736703524874839033e-01 0.000000000000000000e+00
9.407511177413969694e-01 0.000000000000000000e+00
6.218178539121055337e-01 0.000000000000000000e+00
1.131401116050339217e+00 0.000000000000000000e+00
1.065131593778049668e+00 0.000000000000000000e+00
1.046706168595478825e+00 0.000000000000000000e+00
1.038051330694944374e+00 0.000000000000000000e+00
1.033021917670652767e+00 0.000000000000000000e+00
1.029732939916630174e+00 0.000000000000000000e+00
1.027413158656848680e+00 0.000000000000000000e+00
1.025688374479463816e+00 0.000000000000000000e+00
1.024355061721662130e+00 0.000000000000000000e+00
1.023293021473269615e+00 0.000000000000000000e+00
1.022426696450015715e+00 0.000000000000000000e+00
1.021706206624697133e+00 0.000000000000000000e+00
1.021097295379433056e+00 0.000000000000000000e+00
1.020575656459151492e+00 0.000000000000000000e+00
1.020123565498711304e+00 0.000000000000000000e+00
1.019727793159144413e+00 0.000000000000000000e+00
1.019378264909695186e+00 0.000000000000000000e+00
1.019067173332965703e+00 0.000000000000000000e+00
1.018788374189974366e+00 0.000000000000000000e+00
1.018536965772997016e+00 0.000000000000000000e+00
1.018308989773239359e+00 0.000000000000000000e+00
1.018101214590724446e+00 0.000000000000000000e+00
1.017910975741602275e+00 0.000000000000000000e+00
1.017736056548133705e+00 0.000000000000000000e+00
1.017574597727300523e+00 0.000000000000000000e+00
1.017425028028044132e+00 0.000000000000000000e+00
1.017286010413043451e+00 0.000000000000000000e+00
1.017156399866558480e+00 0.000000000000000000e+00
1.017035209999454182e+00 0.000000000000000000e+00
1.016921586382705689e+00 0.000000000000000000e+00
1.016814785078519856e+00 0.000000000000000000e+00
1.016714155223674254e+00 0.000000000000000000e+00
1.016619124799282403e+00 0.000000000000000000e+00
1.016529188926272198e+00 0.000000000000000000e+00
1.016443900177860904e+00 0.000000000000000000e+00
1.016362860514061106e+00 0.000000000000000000e+00
1.016285714529153505e+00 0.000000000000000000e+00
1.016212143768496556e+00 0.000000000000000000e+00
1.016141861921275646e+00 0.000000000000000000e+00
1.016074610734666761e+00 0.000000000000000000e+00
1.016010156525162245e+00 0.000000000000000000e+00
1.015948287186557275e+00 0.000000000000000000e+00
1.015888809612848664e+00 0.000000000000000000e+00
1.015831547469171925e+00 0.000000000000000000e+00
1.015776339255791250e+00 0.000000000000000000e+00
1.015723036619696762e+00 0.000000000000000000e+00
1.015671502876048793e+00 0.000000000000000000e+00
1.015621611707942851e+00 0.000000000000000000e+00
1.015573246018038445e+00 0.000000000000000000e+00
1.015526296909717408e+00 0.000000000000000000e+00
1.015480662778834642e+00 0.000000000000000000e+00
1.015436248499882455e+00 0.000000000000000000e+00
1.015392964692674926e+00 0.000000000000000000e+00
1.015350727057512614e+00 0.000000000000000000e+00
1.015309455768321323e+00 0.000000000000000000e+00
1.015269074914483260e+00 0.000000000000000000e+00
1.015229511983081867e+00 0.000000000000000000e+00
1.015190697374054096e+00 0.000000000000000000e+00
1.015152563941342567e+00 0.000000000000000000e+00
1.015115046553559663e+00 0.000000000000000000e+00
1.015078081667942334e+00 0.000000000000000000e+00
1.015041606911482930e+00 0.000000000000000000e+00
1.015005560663075901e+00 0.000000000000000000e+00
1.014969881630309878e+00 0.000000000000000000e+00
1.014934508414139680e+00 0.000000000000000000e+00
1.014899379054089001e+00 0.000000000000000000e+00
1.014864430545800555e+00 0.000000000000000000e+00
1.014829598321649318e+00 0.000000000000000000e+00
1.014794815683687235e+00 0.000000000000000000e+00
1.014760013176320363e+00 0.000000000000000000e+00
1.014725117883725103e+00 0.000000000000000000e+00
1.014690052633941075e+00 0.000000000000000000e+00
1.014654735087656690e+00 0.000000000000000000e+00
1.014619076684646792e+00 0.000000000000000000e+00
1.014582981414327456e+00 0.000000000000000000e+00
1.014546344368448594e+00 0.000000000000000000e+00
1.014509050022935899e+00 0.000000000000000000e+00
1.014470970181440057e+00 0.000000000000000000e+00
1.014431961493978518e+00 0.000000000000000000e+00
1.014391862438478231e+00 0.000000000000000000e+00
1.014350489618509377e+00 0.000000000000000000e+00
1.014307633183493706e+00 0.000000000000000000e+00
1.014263051112938241e+00 0.000000000000000000e+00
1.014216462016035214e+00 0.000000000000000000e+00
1.014167535970653677e+00 0.000000000000000000e+00
1.014115882743565011e+00 0.000000000000000000e+00
1.014061036469094290e+00 0.000000000000000000e+00
1.014002435472626251e+00 0.000000000000000000e+00
1.013939395338005367e+00 0.000000000000000000e+00
1.013871072417424024e+00 0.000000000000000000e+00
1.013796413571847799e+00 0.000000000000000000e+00
1.013714085666736597e+00 0.000000000000000000e+00
1.013622374617751731e+00 0.000000000000000000e+00
1.013519037446121374e+00 0.000000000000000000e+00
1.013401079672027416e+00 0.000000000000000000e+00
1.013264410041369024e+00 0.000000000000000000e+00
1.013103285740010850e+00 0.000000000000000000e+00
1.012909383074728886e+00 0.000000000000000000e+00
1.012670161222137821e+00 0.000000000000000000e+00
1.012365800548387096e+00 0.000000000000000000e+00
1.011963020673002367e+00 0.000000000000000000e+00
1.011401309215191224e+00 0.000000000000000000e+00
1.010557894984755123e+00 0.000000000000000000e+00
1.009139934029334995e+00 0.000000000000000000e+00
1.006233945675438557e+00 0.000000000000000000e+00
9.968086115828916904e-01 0.000000000000000000e+00
1.154459655526184125e+00 0.000000000000000000e+00
1.028711664811447823e+00 0.000000000000000000e+00
1.021993269491749734e+00 0.000000000000000000e+00
1.019583366502962773e+00 0.000000000000000000e+00
1.018339170787285530e+00 0.000000000000000000e+00
1.017576715337185300e+00 0.000000000000000000e+00
1.017059602835160614e+00 0.000000000000000000e+00
1.016684377040977250e+00 0.000000000000000000e+00
1.016398588529033642e+00 0.000000000000000000e+00
1.016172807919738519e+00 0.000000000000000000e+00
1.015989244083365550e+00 0.000000000000000000e+00
1.015836507647618348e+00 0.000000000000000000e+00
1.015706968392020793e+00 0.000000000000000000e+00
1.015595321821446850e+00 0.000000000000000000e+00
1.015497765155695786e+00 0.000000000000000000e+00
1.015411500460952965e+00 0.000000000000000000e+00
1.015334422799134106e+00 0.000000000000000000e+00
1.015264917712637605e+00 0.000000000000000000e+00
1.015201725789415477e+00 0.000000000000000000e+00
1.015143849739982729e+00 0.000000000000000000e+00
1.015090489190259238e+00 0.000000000000000000e+00
1.015040994000628860e+00 0.000000000000000000e+00
1.014994830246223723e+00 0.000000000000000000e+00
1.014951555023452689e+00 0.000000000000000000e+00
1.014910797520111707e+00 0.000000000000000000e+00
1.014872244602741169e+00 0.000000000000000000e+00
1.014835629709868625e+00 0.000000000000000000e+00
1.014800724197153059e+00 0.000000000000000000e+00
1.014767330523419719e+00 0.000000000000000000e+00
1.014735276834412003e+00 0.000000000000000000e+00
1.014704412618772977e+00 0.000000000000000000e+00
1.014674605194384016e+00 0.000000000000000000e+00
1.014645736843384105e+00 0.000000000000000000e+00
1.014617702457997206e+00 0.000000000000000000e+00
1.014590407591545507e+00 0.000000000000000000e+00
1.014563766832994762e+00 0.000000000000000000e+00
1.014537702441362432e+00 0.000000000000000000e+00
1.014512143189922666e+00 0.000000000000000000e+00
1.014487023380522102e+00 0.000000000000000000e+00
1.014462281996296733e+00 0.000000000000000000e+00
1.014437861967235843e+00 0.000000000000000000e+00
1.014413709527832275e+00 0.000000000000000000e+00
1.014389773649798654e+00 0.000000000000000000e+00
1.014366005535758841e+00 0.000000000000000000e+00
1.014342358162112268e+00 0.000000000000000000e+00
1.014318785861076933e+00 0.000000000000000000e+00
1.014295243933308610e+00 0.000000000000000000e+00
1.014271688283573614e+00 0.000000000000000000e+00
1.014248075072772481e+00 0.000000000000000000e+00
1.014224360380190149e+00 0.000000000000000000e+00
1.014200499870265171e+00 0.000000000000000000e+00
1.014176448458381286e+00 0.000000000000000000e+00
1.014152159970268308e+00 0.000000000000000000e+00
1.014127586789510094e+00 0.000000000000000000e+00
1.014102679487421499e+00 0.000000000000000000e+00
1.014077386429165450e+00 0.000000000000000000e+00
1.014051653349402837e+00 0.000000000000000000e+00
1.014025422890005412e+00 0.000000000000000000e+00
1.013998634091362483e+00 0.000000000000000000e+00
1.013971221827544733e+00 0.000000000000000000e+00
1.013943116174004677e+00 0.000000000000000000e+00
1.013914241694496177e+00 0.000000000000000000e+00
1.013884516631430310e+00 0.000000000000000000e+00
1.013853851980788257e+00 0.000000000000000000e+00
1.013822150428865365e+00 0.000000000000000000e+00
1.013789305123286688e+00 0.000000000000000000e+00
1.013755198244664646e+00 0.000000000000000000e+00
1.013719699337593427e+00 0.000000000000000000e+00
1.013682663349923407e+00 0.000000000000000000e+00
1.013643928316800391e+00 0.000000000000000000e+00
1.013603312609913099e+00 0.000000000000000000e+00
1.013560611651625365e+00 0.000000000000000000e+00
1.013515593966553219e+00 0.000000000000000000e+00
1.013467996407463323e+00 0.000000000000000000e+00
1.013417518345022916e+00 0.000000000000000000e+00
1.013363814547492359e+00 0.000000000000000000e+00
1.013306486390657124e+00 0.000000000000000000e+00
1.013245070920995916e+00 0.000000000000000000e+00
1.013179027132901533e+00 0.000000000000000000e+00
1.013107718593792672e+00 0.000000000000000000e+00
1.013030391229045257e+00 0.000000000000000000e+00
1.012946144615614052e+00 0.000000000000000000e+00
1.012853894456686721e+00 0.000000000000000000e+00
1.012752322904486135e+00 0.000000000000000000e+00
1.012639811876839824e+00 0.000000000000000000e+00
1.012514352162926290e+00 0.000000000000000000e+00
1.012373417400869835e+00 0.000000000000000000e+00
1.012213785996440851e+00 0.000000000000000000e+00
1.012031284036859713e+00 0.000000000000000000e+00
1.011820405041222504e+00 0.000000000000000000e+00
1.011573731733927950e+00 0.000000000000000000e+00
1.011281028156226336e+00 0.000000000000000000e+00
1.010927759817077831e+00 0.000000000000000000e+00
1.010492572178672832e+00 0.000000000000000000e+00
1.009942758346865865e+00 0.000000000000000000e+00
1.009225558435982828e+00 0.000000000000000000e+00
1.008250008443480450e+00 0.000000000000000000e+00
1.006844715617809527e+00 0.000000000000000000e+00
1.004643740192322277e+00 0.000000000000000000e+00
1.000701189522885004e+00 0.000000000000000000e+00
9.915883918020766963e-01 0.000000000000000000e+00
9.476998704854000533e-01 0.000000000000000000e+00
1.088176559995032600e+00 0.000000000000000000e+00
1.038311632263412054e+00 0.000000000000000000e+00
1.028722174693616376e+00 0.000000000000000000e+00
1.024648839398334177e+00 0.000000000000000000e+00
1.022394626349069746e+00 0.000000000000000000e+00
1.020963010409306149e+00 0.000000000000000000e+00
1.019972978716346734e+00 0.000000000000000000e+00
1.019247376049182030e+00 0.000000000000000000e+00
1.018692650149485290e+00 0.000000000000000000e+00
1.018254739127325115e+00 0.000000000000000000e+00
1.017900223633607437e+00 0.000000000000000000e+00
1.017607333184809892e+00 0.000000000000000000e+00
1.017361277732544922e+00 0.000000000000000000e+00
1.017151657776948603e+00 0.000000000000000000e+00
1.016970947930747160e+00 0.000000000000000000e+00
1.016813568400598777e+00 0.000000000000000000e+00
1.016675294604294955e+00 0.000000000000000000e+00
1.016552869484544264e+00 0.000000000000000000e+00
1.016443741724250005e+00 0.000000000000000000e+00
1.016345884612599226e+00 0.000000000000000000e+00
1.016257667990734914e+00 0.000000000000000000e+00
1.016177765976296277e+00 0.000000000000000000e+00
1.016105089324050859e+00 0.000000000000000000e+00
1.016038735077017252e+00 0.000000000000000000e+00
1.015977948563415278e+00 0.000000000000000000e+00
1.015922094347532667e+00 0.000000000000000000e+00
1.015870633767528508e+00 0.000000000000000000e+00
1.015823107382402668e+00 0.000000000000000000e+00
1.015779121121751727e+00 0.000000000000000000e+00
1.015738335259385838e+00 0.000000000000000000e+00
1.015700455562650983e+00 0.000000000000000000e+00
1.015665226134082610e+00 0.000000000000000000e+00
1.015632423581146027e+00 0.000000000000000000e+00
1.015601852236920344e+00 0.000000000000000000e+00
1.015573340218961951e+00 0.000000000000000000e+00
1.015546736161635266e+00 0.000000000000000000e+00
1.015521906493397797e+00 0.000000000000000000e+00
1.015498733158061162e+00 0.000000000000000000e+00
1.015477111700131774e+00 0.000000000000000000e+00
1.015456949650648477e+00 0.000000000000000000e+00
1.015438165162619200e+00 0.000000000000000000e+00
1.015420685855119354e+00 0.000000000000000000e+00
1.015404447832982893e+00 0.000000000000000000e+00
1.015389394855277461e+00 0.000000000000000000e+00
1.015375477630782397e+00 0.000000000000000000e+00
1.015362653222746880e+00 0.000000000000000000e+00
1.015350884548521959e+00 0.000000000000000000e+00
1.015340139962378929e+00 0.000000000000000000e+00
1.015330392912109359e+00 0.000000000000000000e+00
1.015321621661903873e+00 0.000000000000000000e+00
1.015313809075667262e+00 0.000000000000000000e+00
1.015306942456345896e+00 0.000000000000000000e+00
1.015301013438147271e+00 0.000000000000000000e+00
1.015296017929701700e+00 0.000000000000000000e+00
1.015291956107347904e+00 0.000000000000000000e+00
1.015288832458824508e+00 0.000000000000000000e+00
1.015286655878770983e+00 0.000000000000000000e+00
1.015285439818630397e+00 0.000000000000000000e+00
1.015285202494822903e+00 0.000000000000000000e+00
1.015285967160508562e+00 0.000000000000000000e+00
1.015287762447907971e+00 0.000000000000000000e+00
1.015290622790083752e+00 0.000000000000000000e+00
1.015294588933400410e+00 0.000000000000000000e+00
1.015299708554673330e+00 0.000000000000000000e+00
1.015306037000439199e+00 0.000000000000000000e+00
1.015313638170013855e+00 0.000000000000000000e+00
1.015322585569299330e+00 0.000000000000000000e+00
1.015332963568957414e+00 0.000000000000000000e+00
1.015344868909049403e+00 0.000000000000000000e+00
1.015358412503076790e+00 0.000000000000000000e+00
1.015373721608374691e+00 0.000000000000000000e+00
1.015390942448033407e+00 0.000000000000000000e+00
1.015410243393480183e+00 0.000000000000000000e+00
1.015431818848556711e+00 0.000000000000000000e+00
1.015455894018358007e+00 0.000000000000000000e+00
1.015482730803376255e+00 0.000000000000000000e+00
1.015512635137695518e+00 0.000000000000000000e+00
1.015545966197928696e+00 0.000000000000000000e+00
1.015583148060433150e+00 0.000000000000000000e+00
1.015624684597910221e+00 0.000000000000000000e+00
1.015671178713141165e+00 0.000000000000000000e+00
1.015723357454787923e+00 0.000000000000000000e+00
1.015782105223188125e+00 0.000000000000000000e+00
1.015848508275317474e+00 0.000000000000000000e+00
1.015923915280734668e+00 0.000000000000000000e+00
1.016010021110531847e+00 0.000000000000000000e+00
1.016108984965168771e+00 0.000000000000000000e+00
1.016223600459424503e+00 0.000000000000000000e+00
1.016357546430932013e+00 0.000000000000000000e+00
1.016515767004540827e+00 0.000000000000000000e+00
1.016705065925090468e+00 0.000000000000000000e+00
1.016935070699441779e+00 0.000000000000000000e+00
1.017219866058696631e+00 0.000000000000000000e+00
1.017580909754262297e+00 0.000000000000000000e+00
1.018052581943372781e+00 0.000000000000000000e+00
1.018693635090015537e+00 0.000000000000000000e+00
1.019613440350948252e+00 0.000000000000000000e+00
1.021041462128395416e+00 0.000000000000000000e+00
1.023554452689179994e+00 0.000000000000000000e+00
1.029133350649135137e+00 0.000000000000000000e+00
1.052083033869369189e+00 0.000000000000000000e+00
9.464489344408326676e-01 0.000000000000000000e+00
9.964900070105316976e-01 0.000000000000000000e+00
1.004065942426660030e+00 0.000000000000000000e+00
1.007125520108584693e+00 0.000000000000000000e+00
1.008778496311522499e+00 0.000000000000000000e+00
1.009812631733225885e+00 0.000000000000000000e+00
1.010520008902149103e+00 0.000000000000000000e+00
1.011033905466082183e+00 0.000000000000000000e+00
1.011423806845164863e+00 0.000000000000000000e+00
1.011729494090288339e+00 0.000000000000000000e+00
1.011975384101638786e+00 0.000000000000000000e+00
1.012177293815803791e+00 0.000000000000000000e+00
1.012345920020979673e+00 0.000000000000000000e+00
1.012488756034905624e+00 0.000000000000000000e+00
1.012611207377561717e+00 0.000000000000000000e+00
1.012717271550480636e+00 0.000000000000000000e+00
1.012809968463439514e+00 0.000000000000000000e+00
1.012891622071175446e+00 0.000000000000000000e+00
1.012964049957565837e+00 0.000000000000000000e+00
1.013028694155914344e+00 0.000000000000000000e+00
1.013086713412073125e+00 0.000000000000000000e+00
1.013139049528023028e+00 0.000000000000000000e+00
1.013186475901436401e+00 0.000000000000000000e+00
1.013229633597105828e+00 0.000000000000000000e+00
1.013269058533579292e+00 0.000000000000000000e+00
1.013305202237824609e+00 0.000000000000000000e+00
1.013338447876265036e+00 0.000000000000000000e+00
1.013369122770966912e+00 0.000000000000000000e+00
1.013397508268754521e+00 0.000000000000000000e+00
1.013423847594562499e+00 0.000000000000000000e+00
1.013448352153981213e+00 0.000000000000000000e+00
1.013471206631340715e+00 0.000000000000000000e+00
1.013492573144061826e+00 0.000000000000000000e+00
1.013512594651491350e+00 0.000000000000000000e+00
1.013531397770302434e+00 0.000000000000000000e+00
1.013549095114145704e+00 0.000000000000000000e+00
1.013565787249370187e+00 0.000000000000000000e+00
1.013581564338989827e+00 0.000000000000000000e+00
1.013596507532047664e+00 0.000000000000000000e+00
1.013610690143941229e+00 0.000000000000000000e+00
1.013624178664273456e+00 0.000000000000000000e+00
1.013637033621763273e+00 0.000000000000000000e+00
1.013649310330205999e+00 0.000000000000000000e+00
1.013661059535101439e+00 0.000000000000000000e+00
1.013672327977079846e+00 0.000000000000000000e+00
1.013683158885466895e+00 0.000000000000000000e+00
1.013693592413105860e+00 0.000000000000000000e+00
1.013703666021737115e+00 0.000000000000000000e+00
1.013713414825800685e+00 0.000000000000000000e+00
1.013722871901341804e+00 0.000000000000000000e+00
1.013732068565755151e+00 0.000000000000000000e+00
1.013741034633344418e+00 0.000000000000000000e+00
1.013749798651058409e+00 0.000000000000000000e+00
1.013758388118291665e+00 0.000000000000000000e+00
1.013766829694263460e+00 0.000000000000000000e+00
1.013775149396216380e+00 0.000000000000000000e+00
1.013783372791492665e+00 0.000000000000000000e+00
1.013791525186439557e+00 0.000000000000000000e+00
1.013799631815067714e+00 0.000000000000000000e+00
1.013807718030439453e+00 0.000000000000000000e+00
1.013815809501899867e+00 0.000000000000000000e+00
1.013823932421483276e+00 0.000000000000000000e+00
1.013832113723159178e+00 0.000000000000000000e+00
1.013840381319015549e+00 0.000000000000000000e+00
1.013848764357066612e+00 0.000000000000000000e+00
1.013857293506119861e+00 0.000000000000000000e+00
1.013866001274092987e+00 0.000000000000000000e+00
1.013874922367396625e+00 0.000000000000000000e+00
1.013884094100543365e+00 0.000000000000000000e+00
1.013893556867112800e+00 0.000000000000000000e+00
1.013903354685717018e+00 0.000000000000000000e+00
1.013913535837819069e+00 0.000000000000000000e+00
1.013924153618401824e+00 0.000000000000000000e+00
1.013935267225837267e+00 0.000000000000000000e+00
1.013946942824296649e+00 0.000000000000000000e+00
1.013959254821215739e+00 0.000000000000000000e+00
1.013972287414486528e+00 0.000000000000000000e+00
1.013986136480283351e+00 0.000000000000000000e+00
1.014000911894338275e+00 0.000000000000000000e+00
1.014016740409332318e+00 0.000000000000000000e+00
1.014033769252198125e+00 0.000000000000000000e+00
1.014052170662490315e+00 0.000000000000000000e+00
1.014072147673973578e+00 0.000000000000000000e+00
1.014093941557596912e+00 0.000000000000000000e+00
1.014117841512682361e+00 0.000000000000000000e+00
1.014144197442444550e+00 0.000000000000000000e+00
1.014173437025083224e+00 0.000000000000000000e+00
1.014206088867422251e+00 0.000000000000000000e+00
1.014242814431140394e+00 0.000000000000000000e+00
1.014284452872780795e+00 0.000000000000000000e+00
1.014332085334236577e+00 0.000000000000000000e+00
1.014387129296365542e+00 0.000000000000000000e+00
1.014451480785339976e+00 0.000000000000000000e+00
1.014527735362691585e+00 0.000000000000000000e+00
1.014619544003530605e+00 0.000000000000000000e+00
1.014732210800076473e+00 0.000000000000000000e+00
1.014873748691095923e+00 0.000000000000000000e+00
1.015056862666444015e+00 0.000000000000000000e+00
1.015302974116423673e+00 0.000000000000000000e+00
1.015651244708948520e+00 0.000000000000000000e+00
1.016181738098935305e+00 0.000000000000000000e+00
1.017087693443766483e+00 0.000000000000000000e+00
1.018984803909231962e+00 0.000000000000000000e+00
1.025457130918013826e+00 0.000000000000000000e+00
9.559209702301791900e-01 0.000000000000000000e+00
1.005214933193045113e+00 0.000000000000000000e+00
1.009082621247209488e+00 0.000000000000000000e+00
1.010509699437614817e+00 0.000000000000000000e+00
1.011251838247035018e+00 0.000000000000000000e+00
1.011706442928174576e+00 0.000000000000000000e+00
1.012013295881826647e+00 0.000000000000000000e+00
1.012234201695830338e+00 0.000000000000000000e+00
1.012400707242438358e+00 0.000000000000000000e+00
1.012530599279433341e+00 0.000000000000000000e+00
1.012634669269407039e+00 0.000000000000000000e+00
1.012719844563462424e+00 0.000000000000000000e+00
1.012790775905002105e+00 0.000000000000000000e+00
1.012850701715933832e+00 0.000000000000000000e+00
1.012901946427483324e+00 0.000000000000000000e+00
1.012946221717316408e+00 0.000000000000000000e+00
1.012984815973166697e+00 0.000000000000000000e+00
1.013018717550790981e+00 0.000000000000000000e+00
1.013048697331548231e+00 0.000000000000000000e+00
1.013075365441255205e+00 0.000000000000000000e+00
1.013099211097509000e+00 0.000000000000000000e+00
1.013120631164079910e+00 0.000000000000000000e+00
1.013139950977989256e+00 0.000000000000000000e+00
1.013157439783786584e+00 0.000000000000000000e+00
1.013173322336863080e+00 0.000000000000000000e+00
1.013187787741226753e+00 0.000000000000000000e+00
1.013200996261488296e+00 0.000000000000000000e+00
1.013213084630995686e+00 0.000000000000000000e+00
1.013224170229831023e+00 0.000000000000000000e+00
1.013234354403907522e+00 0.000000000000000000e+00
1.013243725124476802e+00 0.000000000000000000e+00
1.013252359136212366e+00 0.000000000000000000e+00
1.013260323705198918e+00 0.000000000000000000e+00
1.013267678051305909e+00 0.000000000000000000e+00
1.013274474529657132e+00 0.000000000000000000e+00
1.013280759611197679e+00 0.000000000000000000e+00
1.013286574701301790e+00 0.000000000000000000e+00
1.013291956827002460e+00 0.000000000000000000e+00
1.013296939217018133e+00 0.000000000000000000e+00
1.013301551793827526e+00 0.000000000000000000e+00
1.013305821593226907e+00 0.000000000000000000e+00
1.013309773123815205e+00 0.000000000000000000e+00
1.013313428676511752e+00 0.000000000000000000e+00
1.013316808592359841e+00 0.000000000000000000e+00
1.013319931495392678e+00 0.000000000000000000e+00
1.013322814496168345e+00 0.000000000000000000e+00
1.013325473370637164e+00 0.000000000000000000e+00
1.013327922718247009e+00 0.000000000000000000e+00
1.013330176102587465e+00 0.000000000000000000e+00
1.013332246177376605e+00 0.000000000000000000e+00
1.013334144800210002e+00 0.000000000000000000e+00
1.013335883136167404e+00 0.000000000000000000e+00
1.013337471753134045e+00 0.000000000000000000e+00
1.013338920710498803e+00 0.000000000000000000e+00
1.013340239642750218e+00 0.000000000000000000e+00
1.013341437839399006e+00 0.000000000000000000e+00
1.013342524322600413e+00 0.000000000000000000e+00
1.013343507923838427e+00 0.000000000000000000e+00
1.013344397361064075e+00 0.000000000000000000e+00
1.013345201317760402e+00 0.000000000000000000e+00
1.013345928525531514e+00 0.000000000000000000e+00
1.013346587852006264e+00 0.000000000000000000e+00
1.013347188396108933e+00 0.000000000000000000e+00
1.013347739593103869e+00 0.000000000000000000e+00
1.013348251332292227e+00 0.000000000000000000e+00
1.013348734090851799e+00 0.000000000000000000e+00
1.013349199088126262e+00 0.000000000000000000e+00
1.013349658465736214e+00 0.000000000000000000e+00
1.013350125500286580e+00 0.000000000000000000e+00
1.013350614857320364e+00 0.000000000000000000e+00
1.013351142897664481e+00 0.000000000000000000e+00
1.013351728050686962e+00 0.000000000000000000e+00
1.013352391273574682e+00 0.000000000000000000e+00
1.013353156622051277e+00 0.000000000000000000e+00
1.013354051966753433e+00 0.000000000000000000e+00
1.013355109901846740e+00 0.000000000000000000e+00
1.013356368910159677e+00 0.000000000000000000e+00
1.013357874874724507e+00 0.000000000000000000e+00
1.013359683064361194e+00 0.000000000000000000e+00
1.013361860777499013e+00 0.000000000000000000e+00
1.013364490914885119e+00 0.000000000000000000e+00
1.013367676886765878e+00 0.000000000000000000e+00
1.013371549475818867e+00 0.000000000000000000e+00
1.013376276631049011e+00 0.000000000000000000e+00
1.013382077766044498e+00 0.000000000000000000e+00
1.013389245180237097e+00 0.000000000000000000e+00
1.013398177119028354e+00 0.000000000000000000e+00
1.013409430586208027e+00 0.000000000000000000e+00
1.013423809200515002e+00 0.000000000000000000e+00
1.013442516600170817e+00 0.000000000000000000e+00
1.013467440552830778e+00 0.000000000000000000e+00
1.013501719201115758e+00 0.000000000000000000e+00
1.013550981144052621e+00 0.000000000000000000e+00
1.013626426315860529e+00 0.000000000000000000e+00
1.013753983559263716e+00 0.000000000000000000e+00
1.014010375911586381e+00 0.000000000000000000e+00
1.014766856216546387e+00 0.000000000000000000e+00
1.051755300180666541e+00 0.000000000000000000e+00
1.011514499889224705e+00 0.000000000000000000e+00
1.012372822769595837e+00 0.000000000000000000e+00
1.012647512677002481e+00 0.000000000000000000e+00
1.012780841892133576e+00 0.000000000000000000e+00
1.012858265609209329e+00 0.000000000000000000e+00
1.012907865290625153e+00 0.000000000000000000e+00
1.012941577126603487e+00 0.000000000000000000e+00
1.012965335964703728e+00 0.000000000000000000e+00
1.012982424910041201e+00 0.000000000000000000e+00
1.012994806684107241e+00 0.000000000000000000e+00
1.013003725999366722e+00 0.000000000000000000e+00
1.013010009683417145e+00 0.000000000000000000e+00
1.013014227829962977e+00 0.000000000000000000e+00
1.013016785671811970e+00 0.000000000000000000e+00
1.013017978595921909e+00 0.000000000000000000e+00
1.013018026467818578e+00 0.000000000000000000e+00
1.013017095805668344e+00 0.000000000000000000e+00
1.013015314539690515e+00 0.000000000000000000e+00
1.013012782094160569e+00 0.000000000000000000e+00
1.013009576431996406e+00 0.000000000000000000e+00
1.013005759075870094e+00 0.000000000000000000e+00
1.013001378750309822e+00 0.000000000000000000e+00
1.012996474064632446e+00 0.000000000000000000e+00
1.012991075516295192e+00 0.000000000000000000e+00
1.012985207004561961e+00 0.000000000000000000e+00
1.012978886985789861e+00 0.000000000000000000e+00
1.012972129362593066e+00 0.000000000000000000e+00
1.012964944172659587e+00 0.000000000000000000e+00
1.012957338124728990e+00 0.000000000000000000e+00
1.012949315016456131e+00 0.000000000000000000e+00
1.012940876059797102e+00 0.000000000000000000e+00
1.012932020133015421e+00 0.000000000000000000e+00
1.012922743973639017e+00 0.000000000000000000e+00
1.012913042323171142e+00 0.000000000000000000e+00
1.012902908031724225e+00 0.000000000000000000e+00
1.012892332128746409e+00 0.000000000000000000e+00
1.012881303864472615e+00 0.000000000000000000e+00
1.012869810725529396e+00 0.000000000000000000e+00
1.012857838427168478e+00 0.000000000000000000e+00
1.012845370883821206e+00 0.000000000000000000e+00
1.012832390159023266e+00 0.000000000000000000e+00
1.012818876395192191e+00 0.000000000000000000e+00
1.012804807723250988e+00 0.000000000000000000e+00
1.012790160151622487e+00 0.000000000000000000e+00
1.012774907433688032e+00 0.000000000000000000e+00
1.012759020912350483e+00 0.000000000000000000e+00
1.012742469339895868e+00 0.000000000000000000e+00
1.012725218670849303e+00 0.000000000000000000e+00
1.012707231824994558e+00 0.000000000000000000e+00
1.012688468417115351e+00 0.000000000000000000e+00
1.012668884449339890e+00 0.000000000000000000e+00
1.012648431961169493e+00 0.000000000000000000e+00
1.012627058631347721e+00 0.000000000000000000e+00
1.012604707324626929e+00 0.000000000000000000e+00
1.012581315575187269e+00 0.000000000000000000e+00
1.012556814996896426e+00 0.000000000000000000e+00
1.012531130608723684e+00 0.000000000000000000e+00
1.012504180061327475e+00 0.000000000000000000e+00
1.012475872748073380e+00 0.000000000000000000e+00
1.012446108780319820e+00 0.000000000000000000e+00
1.012414777802635335e+00 0.000000000000000000e+00
1.012381757618418199e+00 0.000000000000000000e+00
1.012346912589946024e+00 0.000000000000000000e+00
1.012310091768809484e+00 0.000000000000000000e+00
1.012271126702531721e+00 0.000000000000000000e+00
1.012229828850306657e+00 0.000000000000000000e+00
1.012185986524395398e+00 0.000000000000000000e+00
1.012139361252675007e+00 0.000000000000000000e+00
1.012089683430631215e+00 0.000000000000000000e+00
1.012036647095653885e+00 0.000000000000000000e+00
1.011979903609973697e+00 0.000000000000000000e+00
1.011919053976959137e+00 0.000000000000000000e+00
1.011853639433155871e+00 0.000000000000000000e+00
1.011783129847309226e+00 0.000000000000000000e+00
1.011706909306074209e+00 0.000000000000000000e+00
1.011624258057121528e+00 0.000000000000000000e+00
1.011534329688685618e+00 0.000000000000000000e+00
1.011436122012194128e+00 0.000000000000000000e+00
1.011328439523341949e+00 0.000000000000000000e+00
1.011209844456156581e+00 0.000000000000000000e+00
1.011078592170540524e+00 0.000000000000000000e+00
1.010932544693528667e+00 0.000000000000000000e+00
1.010769053282252194e+00 0.000000000000000000e+00
1.010584796236887906e+00 0.000000000000000000e+00
1.010375550720371107e+00 0.000000000000000000e+00
1.010135864978231046e+00 0.000000000000000000e+00
1.009858576258547691e+00 0.000000000000000000e+00
1.009534082476347905e+00 0.000000000000000000e+00
1.009149207208281940e+00 0.000000000000000000e+00
1.008685365925680033e+00 0.000000000000000000e+00
1.008115474192308847e+00 0.000000000000000000e+00
1.007398460930076123e+00 0.000000000000000000e+00
1.006468901596452969e+00 0.000000000000000000e+00
1.005215826019439485e+00 0.000000000000000000e+00
1.003434733848393767e+00 0.000000000000000000e+00
1.000702749939677227e+00 0.000000000000000000e+00
9.959809811331733487e-01 0.000000000000000000e+00
9.858502944726971196e-01 0.000000000000000000e+00
9.485550434367695516e-01 0.000000000000000000e+00
1.204763896616857233e+00 0.000000000000000000e+00
1.052390451263445659e+00 0.000000000000000000e+00
1.035211347016977035e+00 0.000000000000000000e+00
1.028590444297606599e+00 0.000000000000000000e+00
1.025082139127637015e+00 0.000000000000000000e+00
1.022909202387811467e+00 0.000000000000000000e+00
1.021431079335680892e+00 0.000000000000000000e+00
1.020360423269766281e+00 0.000000000000000000e+00
1.019549137330641564e+00 0.000000000000000000e+00
1.018913137960826720e+00 0.000000000000000000e+00
1.018401141499394535e+00 0.000000000000000000e+00
1.017980091807165977e+00 0.000000000000000000e+00
1.017627722972222371e+00 0.000000000000000000e+00
1.017328488795810948e+00 0.000000000000000000e+00
1.017071205681577384e+00 0.000000000000000000e+00
1.016847622661186223e+00 0.000000000000000000e+00
1.016651519276144056e+00 0.000000000000000000e+00
1.016478117164659523e+00 0.000000000000000000e+00
1.016323685055588344e+00 0.000000000000000000e+00
1.016185266854723324e+00 0.000000000000000000e+00
1.016060490281675888e+00 0.000000000000000000e+00
1.015947429528203161e+00 0.000000000000000000e+00
1.015844504945624394e+00 0.000000000000000000e+00
1.015750408614769507e+00 0.000000000000000000e+00
1.015664048328482671e+00 0.000000000000000000e+00
1.015584504883050965e+00 0.000000000000000000e+00
1.015510999130063041e+00 0.000000000000000000e+00
1.015442866281818901e+00 0.000000000000000000e+00
1.015379535673206268e+00 0.000000000000000000e+00
1.015320514674412644e+00 0.000000000000000000e+00
1.015265375794074387e+00 0.000000000000000000e+00
1.015213746258304406e+00 0.000000000000000000e+00
1.015165299528262732e+00 0.000000000000000000e+00
1.015119748348207729e+00 0.000000000000000000e+00
1.015076839011268106e+00 0.000000000000000000e+00
1.015036346601143613e+00 0.000000000000000000e+00
