9.521409340777569064e-01
-2.889364320358910598e-17
6.809898633810318458e-01
2.218790656283787050e-17
4.975763878795993467e-01
9.288097591413024404e-17
-8.098165293735023473e-01
-3.261565629227206059e-17
-6.435786311373951074e-01
-8.568380856517041760e-03
-6.435786311373954405e-01
8.568380856516939412e-03
2.755151016316124690e-01
-1.310860189450802266e-17
1.054452516408649759e-01
-8.718259096014071036e-17
-3.296653856720359044e-01
-1.022181008458343879e-02
-3.296653856720359599e-01
1.022181008458335205e-02
