9.784480714681442759e-01
1.048784907922438059e+00
9.631271763988922263e-01
9.589487504709143240e-01
9.840193060387814050e-01
9.958581795013853322e-01
9.798408801108036137e-01
1.051570525207756512e+00
9.993402011080334546e-01
1.007000648642659479e+00
9.958581795013853322e-01
1.065498611634349224e+00
9.819300930747925094e-01
9.680020066481996865e-01
1.000733009750692792e+00
1.050177716565097175e+00
9.666091980055404598e-01
1.004911435678670584e+00
9.895905406094185341e-01
1.020232330747922633e+00
1.049481312243767617e+00
1.169262855512465782e+00
1.040428056066482254e+00
1.001429414072022350e+00
1.024410756675900647e+00
1.015357500498615284e+00
1.005607840000000364e+00
1.021625139390581971e+00
9.937689665373964365e-01
9.707876239335182511e-01
9.993402011080334546e-01
1.052266929529086070e+00
9.575559418282550972e-01
1.018143117783933738e+00
1.011875478891967051e+00
1.012571883213296609e+00
1.029285586925207996e+00
1.042517269030471150e+00
1.114943318448753828e+00
1.089176358559557078e+00
9.888941362880888652e-01
1.008393457285318817e+00
1.037642438781163801e+00
1.074551867811634587e+00
1.032767608531856229e+00
9.944653708587259944e-01
1.036946034459834021e+00
1.022321543711911529e+00
1.013964691855955946e+00
9.840193060387814050e-01
9.770552628254850491e-01
1.006304244321329922e+00
1.013268287534626388e+00
1.020232330747922633e+00
1.029285586925207996e+00
1.010482670249307713e+00
9.902869449307482030e-01
1.021625139390581971e+00
9.554667288642662015e-01
9.930725622160667676e-01
9.610379634349033307e-01
1.036946034459834021e+00
9.568595375069254283e-01
9.916797535734074298e-01
1.009089861606648375e+00
9.617343677562328885e-01
1.022321543711911529e+00
9.700912196121885822e-01
9.958581795013853322e-01
9.986437967867038967e-01
9.979473924653742278e-01
1.034856821495845125e+00
1.085694336952908845e+00
1.123996574626038969e+00
1.032071204210526671e+00
1.039731651745152696e+00
9.965545838227148900e-01
9.777516671468146070e-01
1.016053904819944842e+00
1.012571883213296609e+00
9.937689665373964365e-01
1.011179074570637493e+00
9.993402011080334546e-01
1.050874120886426955e+00
1.025803565318559762e+00
9.965545838227148900e-01
9.826264973961221783e-01
1.009786265927978155e+00
1.070373441883656795e+00
1.020928735069252413e+00
9.533775159002773059e-01
1.002822222714681688e+00
1.002822222714681688e+00
1.049481312243767617e+00
9.575559418282550972e-01
9.819300930747925094e-01
1.014661096177285504e+00
9.519847072576179681e-01
9.958581795013853322e-01
1.028589182603878438e+00
1.001429414072022350e+00
1.016053904819944842e+00
1.008393457285318817e+00
1.006304244321329922e+00
9.979473924653742278e-01
1.000733009750692792e+00
1.003518627036011246e+00
1.020232330747922633e+00
1.107282870914127804e+00
1.025107160997230205e+00
1.034160417174515567e+00
9.686984109695293554e-01
9.422350467590030476e-01
9.854121146814407428e-01
9.986437967867038967e-01
1.039035247423822916e+00
1.054356142493074966e+00
9.526811115789476370e-01
9.819300930747925094e-01
9.589487504709143240e-01
9.895905406094185341e-01
9.861085190027703007e-01
9.498954942936290724e-01
1.013964691855955946e+00
1.013964691855955946e+00
9.756624541828257113e-01
9.902869449307482030e-01
9.686984109695293554e-01
9.582523461495847661e-01
1.000036605429363235e+00
1.013268287534626388e+00
1.017446713462604180e+00
9.895905406094185341e-01
1.022321543711911529e+00
1.028589182603878438e+00
9.881977319667593074e-01
9.310925776177287894e-01
9.909833492520778719e-01
1.019535926426593075e+00
1.009786265927978155e+00
9.951617751800556633e-01
1.003518627036011246e+00
9.805372844321331716e-01
1.036946034459834021e+00
9.902869449307482030e-01
9.993402011080334546e-01
1.000036605429363235e+00
9.659127936842107909e-01
9.902869449307482030e-01
1.001429414072022350e+00
9.833229017174517361e-01
1.016053904819944842e+00
9.986437967867038967e-01
1.023017948033241309e+00
9.951617751800556633e-01
9.958581795013853322e-01
1.070373441883656795e+00
1.008393457285318817e+00
9.826264973961221783e-01
9.666091980055404598e-01
1.064105802991690108e+00
9.993402011080334546e-01
9.972509881440445589e-01
9.742696455401664846e-01
1.025107160997230205e+00
1.044606481994460045e+00
1.009786265927978155e+00
1.014661096177285504e+00
1.025107160997230205e+00
9.700912196121885822e-01
1.039731651745152696e+00
1.016053904819944842e+00
9.958581795013853322e-01
9.881977319667593074e-01
1.003518627036011246e+00
9.868049233240999696e-01
9.763588585041553802e-01
1.034856821495845125e+00
1.010482670249307713e+00
9.916797535734074298e-01
9.680020066481996865e-01
9.965545838227148900e-01
1.045302886315789825e+00
1.040428056066482254e+00
1.009786265927978155e+00
9.728768368975071468e-01
9.324853862603880161e-01
9.868049233240999696e-01
1.018143117783933738e+00
9.979473924653742278e-01
1.014661096177285504e+00
9.972509881440445589e-01
9.944653708587259944e-01
9.909833492520778719e-01
1.033464012853185787e+00
1.011179074570637493e+00
1.023714352354570867e+00
1.007000648642659479e+00
9.770552628254850491e-01
9.471098770083105078e-01
1.007000648642659479e+00
1.018839522105263518e+00
1.007697052963989259e+00
1.033464012853185787e+00
1.002822222714681688e+00
1.006304244321329922e+00
9.868049233240999696e-01
1.022321543711911529e+00
1.010482670249307713e+00
9.519847072576179681e-01
1.055052546814404746e+00
1.005607840000000364e+00
9.742696455401664846e-01
1.039035247423822916e+00
1.029285586925207996e+00
9.916797535734074298e-01
1.023017948033241309e+00
1.005607840000000364e+00
1.021625139390581971e+00
9.666091980055404598e-01
