9.842434950719995967e-01 -7.990412139566587705e-17
9.834622042548344378e-01 -8.351191564542523624e-17
9.826123331683990214e-01 -8.755061133529711489e-17
9.816831620488766230e-01 -9.116949075999328339e-17
9.806614912519433513e-01 -9.579769123002749162e-17
9.795308646003439979e-01 -1.002658378537986535e-16
9.782704786447938838e-01 -1.053602556711991001e-16
9.768536182826228487e-01 -1.102455841570936158e-16
9.752453590744564194e-01 -1.159343832976392431e-16
9.733990997188258776e-01 -1.218169741551392177e-16
9.712511628878948144e-01 -1.283691171032642636e-16
9.687120763100014464e-01 -1.350842250580796835e-16
9.656518730551926222e-01 -1.430558636188560226e-16
9.618739914169956995e-01 -1.507009711618650932e-16
9.570658933906314170e-01 -1.594917778083664967e-16
9.506978530578539255e-01 -1.664692927851299782e-16
9.417927115621175238e-01 -1.712847902238186925e-16
9.283217689588303401e-01 -1.658882160009896905e-16
9.052493781105246384e-01 -1.240750037774619727e-16
8.555401902610821896e-01 9.506138208368576496e-17
6.579978527666160426e-01 2.387012268123341809e-15
1.480312253324576055e+00 8.295779890356974446e-17
1.278810095454952833e+00 4.792515264604235670e-15
1.098540584310803814e+00 1.203328855722588287e-15
1.060071132495422397e+00 5.949391820644581690e-16
1.040792325705561350e+00 3.686898300903653603e-16
1.028726233731696471e+00 2.560492014142365858e-16
1.020156912243003866e+00 1.918620288203235036e-16
1.013491352678220103e+00 1.525449468828105182e-16
1.007900171993642013e+00 1.295121134673150692e-16
1.002873394571605292e+00 1.178297603300103726e-16
9.980322508777577095e-01 1.173458920670573814e-16
9.930202420085910697e-01 1.276507004702620843e-16
9.873997360558317560e-01 1.532345715153476561e-16
9.804818149270403405e-01 2.010244977566290638e-16
9.709139268086227625e-01 2.886985728702365798e-16
9.553347612591107652e-01 4.658955005778614776e-16
9.218913389384059132e-01 9.130298639918452219e-16
7.745377643439367299e-01 3.374128929323928119e-15
1.293219229106680190e+00 -2.800023837786312124e-15
1.088987130372891521e+00 -1.299781763770325266e-15
1.051274115204786419e+00 -9.252670061971586374e-16
1.034809321344138722e+00 -7.708294555244817103e-16
1.025231883972659075e+00 -6.919363076126067709e-16
1.018735813573846904e+00 -6.499446575945599835e-16
1.013873534082222250e+00 -6.292064950255995842e-16
1.009970598099115380e+00 -6.212509678645809527e-16
1.006667388873565105e+00 -6.220223633853411250e-16
1.003751982666581499e+00 -6.304638380020380739e-16
1.001088907037792408e+00 -6.455465758852936616e-16
9.985850852861756222e-01 -6.650154084785400893e-16
9.961720041070741827e-01 -6.899568298189237363e-16
9.937956051227717635e-01 -7.216502477985106431e-16
9.914100903682988575e-01 -7.571647341208222091e-16
9.889737799706986854e-01 -7.988591917890522000e-16
9.864460308961252588e-01 -8.482848153569064806e-16
9.837846309415121393e-01 -9.053006257145746864e-16
9.809432657560422930e-01 -9.697966350113244094e-16
9.778687189363493015e-01 -1.045155293930683528e-15
9.744974434400738295e-01 -1.135643752271586276e-15
9.707510393753041589e-01 -1.242072978458908099e-15
9.665299627779532221e-01 -1.370468395222292774e-15
9.617044093717594944e-01 -1.523394045650275154e-15
9.561006408404277845e-01 -1.717298157566648940e-15
9.494798056018264321e-01 -1.959960463854991586e-15
9.415040841893800305e-01 -2.273909985884312195e-15
9.316808929649114113e-01 -2.690352734465947009e-15
9.192685338381931803e-01 -3.268253064373616483e-15
9.031156005238625273e-01 -4.106476259186799092e-15
8.814058402145779070e-01 -5.395829851613577103e-15
8.514296135109439279e-01 -7.594270384755935283e-15
8.110228234979695028e-01 -1.170792836345797692e-14
7.776676664056265675e-01 -2.029724766442305420e-14
9.291553648233658036e-01 -3.503449471251414723e-14
1.318190391583708099e+00 -2.964901100906237725e-14
1.319523821440735878e+00 -1.085764038522892604e-14
1.244962078827808405e+00 -3.609171017567058351e-15
1.192209558002274461e+00 -1.063583916007871080e-15
1.157293319244727670e+00 -4.893334162704760995e-17
1.133193293934342760e+00 3.984230573267189765e-16
1.115747380867944560e+00 6.066763872715631273e-16
1.102595670845298415e+00 7.013800595012872228e-16
1.092348155473033877e+00 7.384814336276388576e-16
1.084145839601830641e+00 7.468225745178637006e-16
1.077433623745175595e+00 7.406086047513795137e-16
1.071838504952177695e+00 7.254792606157016394e-16
1.067101264748683498e+00 7.040383439203606263e-16
1.063036456008271236e+00 6.827926339950984094e-16
1.059508022572521080e+00 6.589246370209624596e-16
1.056413911730429200e+00 6.363387920794568932e-16
1.053676052668264473e+00 6.120005360059067017e-16
1.051233642177081817e+00 5.898141019819397242e-16
1.049038526768717894e+00 5.669615816978840207e-16
1.047051944682153568e+00 5.456123172666119334e-16
1.045242164163048049e+00 5.235987700466045148e-16
1.043582713945330642e+00 5.020059425311717276e-16
1.042050993668366621e+00 4.808345756186684348e-16
1.040627098220782143e+00 4.581337922015988860e-16
1.039292696773848279e+00 4.354221127995328991e-16
1.038029762539420142e+00 4.107485659352233775e-16
1.036818805724594394e+00 3.838968624094669788e-16
1.035635876352864804e+00 3.526991113783534421e-16
1.034446517309343783e+00 3.141200256496748391e-16
1.033191379124729803e+00 2.625222010290393920e-16
1.031744776154185583e+00 1.861966719213831290e-16
1.029757507030304886e+00 4.719675323670112707e-17
1.025672674469146006e+00 -3.162401530335992320e-16
9.733695317457620177e-01 -5.640776154830020223e-15
1.041062098266793301e+00 1.442074192235479966e-15
1.035333702594726457e+00 8.880151065674586071e-16
1.033214837068740177e+00 7.166735019074122519e-16
1.031922618338092290e+00 6.305445695994315707e-16
1.030962551373935776e+00 5.771531763506343357e-16
1.030176385232067782e+00 5.402365269169289557e-16
1.029497199567325660e+00 5.122054299366404956e-16
1.028891417385235707e+00 4.904580114757759840e-16
1.028340073422920664e+00 4.721755454565279327e-16
1.027831473278966845e+00 4.564908587903380983e-16
1.027357903740560019e+00 4.427536086279007866e-16
1.026914005388794848e+00 4.309639638976145931e-16
1.026495904894308975e+00 4.202547228820627534e-16
1.026100725907589828e+00 4.106260372649797509e-16
1.025726303501117043e+00 4.016443700523656781e-16
1.025371016857937301e+00 3.935266982338581800e-16
1.025033697732937066e+00 3.860563110632512612e-16
1.024713595167587199e+00 3.789080711303722810e-16
1.024410392003740844e+00 3.724073562718072251e-16
1.024124282767421512e+00 3.657953364572382459e-16
1.023856142035353134e+00 3.602647402092901182e-16
1.023607848575230017e+00 3.542977855753440289e-16
1.023382909381562733e+00 3.489787710646892045e-16
1.023187720863162786e+00 3.437656874479646149e-16
1.023034337559306728e+00 3.384417819214735785e-16
1.022947324119788171e+00 3.337660796476274830e-16
1.022983939437886791e+00 3.282207774588403882e-16
1.023312324719734656e+00 3.216975314509049575e-16
1.024720555588809701e+00 3.079080419691701872e-16
1.063466213050263454e+00 -1.002697685180922217e-15
1.016614919124598559e+00 3.158849035312784749e-16
1.018542803343008396e+00 3.162926024067518910e-16
1.018982595834682536e+00 3.131206067624481236e-16
1.019076655766799622e+00 3.099468423780082956e-16
1.019036178459596931e+00 3.072050462965992669e-16
1.018928735306751987e+00 3.046784319452737401e-16
1.018782054142264526e+00 3.022586307719737648e-16
1.018609042063924663e+00 3.003793732239137665e-16
1.018415898477085690e+00 2.988238664608261202e-16
1.018205233504630547e+00 2.974837359727022493e-16
1.017977354560910763e+00 2.965758661057105701e-16
1.017730733354950567e+00 2.964255597139076390e-16
1.017461993591332936e+00 2.968160169370835864e-16
1.017165483461458964e+00 2.979641172327799378e-16
1.016832308976604704e+00 3.004119992315587783e-16
1.016448452049768747e+00 3.044849597192858820e-16
1.015991075953871059e+00 3.107251345709117923e-16
1.015420800859152317e+00 3.203251796807469077e-16
1.014663853145877370e+00 3.355619518894493357e-16
1.013564435125486662e+00 3.607722909941695732e-16
1.011727222112868807e+00 4.057140465352671418e-16
1.007769906677714156e+00 5.018291104328825644e-16
9.911255029968537578e-01 7.694639517277704147e-16
1.057416816981639807e+00 -1.923099377888456551e-15
1.028674346707887377e+00 -2.495815123003154701e-16
1.023786956069600684e+00 -5.177215199464543226e-17
1.021693105869325269e+00 2.037727243085949299e-17
1.020486367327429811e+00 5.609662317219527360e-17
1.019672711607194415e+00 7.587734390111151771e-17
1.019066688312733060e+00 8.741729189793402854e-17
1.018582823046017216e+00 9.396909481068703177e-17
1.018176041017333722e+00 9.726749655029020367e-17
1.017820113466504583e+00 9.828829883937015186e-17
1.017498525813226751e+00 9.746520167349264092e-17
1.017200133778131566e+00 9.523190443287704688e-17
1.016916897522884389e+00 9.137158460318190384e-17
1.016642599199551578e+00 8.620952018838548132e-17
1.016372053502376138e+00 7.996256842937123476e-17
1.016100569693120903e+00 7.230548495599708967e-17
1.015823532398797857e+00 6.302144511069088915e-17
1.015536015331185649e+00 5.232730461939083063e-17
1.015232356310539208e+00 3.957255700289553190e-17
1.014905612337182905e+00 2.432353576686476216e-17
1.014546775840738269e+00 6.146573984062142083e-18
1.014143547966924297e+00 -1.604251699313273484e-17
1.013678280673132814e+00 -4.311108577943101115e-17
1.013124285753431275e+00 -7.744436441797037296e-17
1.012438706845828484e+00 -1.222407369541891668e-16
1.011547462610164816e+00 -1.829754123552704556e-16
1.010309523639926876e+00 -2.698398793853937203e-16
1.008417399423640726e+00 -4.054397420180823429e-16
1.005043995215562314e+00 -6.471834942862459091e-16
9.969214478257077960e-01 -1.203237942618212561e-15
9.435147905876615226e-01 -3.479975924665148407e-15
1.053766767295295503e+00 4.011242470196649244e-15
1.029990338082817480e+00 1.512296331169872647e-15
1.023830603171739906e+00 9.611731587141011295e-16
1.020668063641842371e+00 7.063620028769267516e-16
1.018323322734408620e+00 5.402381566608843311e-16
1.015797143212960219e+00 3.846848623277264189e-16
1.011138710675222763e+00 1.123625832723019201e-16
9.737691297339646779e-01 -3.770570173014919905e-15
1.033185409168240421e+00 7.584418619361800229e-16
1.024716838105707906e+00 6.265225810550465375e-16
1.022175039325563972e+00 5.478914582099143174e-16
1.020864645671719195e+00 4.992923642849918996e-16
1.020027032476730433e+00 4.652212155041715284e-16
1.019426230356936136e+00 4.393896463700461322e-16
1.018963598263092907e+00 4.188703179384163827e-16
1.018589982315320830e+00 4.020369336962760884e-16
1.018277829762034292e+00 3.879679283724388443e-16
1.018010335210046469e+00 3.759043668565875990e-16
1.017776577006700212e+00 3.652499442043710419e-16
1.017569098624759194e+00 3.560588766199325415e-16
1.017382605176064381e+00 3.477890689622836501e-16
1.017213214417249878e+00 3.403863169223505551e-16
1.017058003278997091e+00 3.335795756152554640e-16
1.016914721135452337e+00 3.276399011052959932e-16
1.016781601745305075e+00 3.221336179116764408e-16
1.016657235994544495e+00 3.168438908590646712e-16
1.016540483430136366e+00 3.120959857331442670e-16
1.016430409299474036e+00 3.077272772204260387e-16
