9.809341996675898789e-01
1.010919087867035771e+00
1.041155949916897416e+00
1.033092786703601051e+00
1.019486198781163200e+00
9.940368398891965551e-01
1.012682904819944385e+00
1.011926983268697899e+00
9.983203953462602698e-01
1.003107898504155049e+00
9.884934151800552904e-01
1.015958564875346193e+00
9.958006568421051696e-01
1.016210538725761614e+00
9.751388011080330820e-01
1.019234224930747779e+00
9.753907749584486142e-01
9.935328921883654907e-01
1.039896080664819866e+00
9.950447352908585730e-01
1.012682904819944385e+00
1.023013832686980429e+00
1.019486198781163200e+00
1.005123689307479085e+00
1.005627637008310149e+00
1.010415140166204928e+00
1.024273701939057979e+00
1.004871715457063663e+00
1.017470407977839164e+00
9.857217028254846580e-01
9.897532844321328405e-01
1.020494094182825329e+00
1.014194747922437578e+00
1.005627637008310149e+00
1.002603950803323984e+00
1.010667114016620349e+00
1.012934878670360028e+00
1.009407244764542799e+00
9.877374936288086937e-01
9.973124999445982519e-01
1.013942774072021935e+00
1.007895401662049828e+00
1.016210538725761614e+00
1.007139480110803120e+00
9.731230103047090463e-01
1.007643427811634185e+00
1.016966460277008100e+00
9.998322384487533521e-01
1.027045414293628722e+00
9.769026180609416965e-01
1.022257911135733943e+00
9.834539381717449791e-01
1.007391453961218764e+00
1.001344081551246434e+00
9.872335459279777403e-01
9.940368398891965551e-01
1.000588159999999949e+00
1.007643427811634185e+00
1.017470407977839164e+00
9.895013105817173082e-01
1.004871715457063663e+00
1.010415140166204928e+00
1.015958564875346193e+00
1.003107898504155049e+00
1.025029623490304465e+00
1.052998720886426431e+00
1.093566510803323899e+00
1.112968497285318437e+00
1.237695553240997004e+00
1.185284992354570521e+00
1.109944811080332272e+00
1.048463191578947296e+00
1.038132263711911252e+00
1.038888185263157737e+00
1.028305283545706272e+00
1.006887506260387699e+00
1.006383558559556635e+00
1.001848029252077499e+00
1.016462512576177257e+00
1.026541466592797658e+00
1.033848708254847537e+00
1.009155270914127378e+00
9.995802645983378198e-01
1.006383558559556635e+00
1.033092786703601051e+00
1.000840133850415370e+00
1.017722381828254807e+00
9.910131536842103905e-01
1.007139480110803120e+00
9.660677424930746993e-01
9.832019643213295579e-01
9.912651275346259228e-01
9.753907749584486142e-01
1.005123689307479085e+00
1.000336186149584305e+00
1.016714486426592678e+00
9.990763168975067554e-01
1.000840133850415370e+00
1.010667114016620349e+00
9.862256505263156114e-01
1.005879610858725570e+00
9.917690752354569872e-01
1.000588159999999949e+00
1.024021728088642558e+00
9.905092059833793261e-01
1.003863820055401535e+00
9.958006568421051696e-01
1.016462512576177257e+00
9.942888137396120873e-01
1.025029623490304465e+00
1.018730277229916714e+00
1.011171061717451414e+00
1.014698695623268643e+00
1.029313178947368179e+00
9.784144611634347788e-01
1.005123689307479085e+00
1.020242120332409907e+00
9.960526306925205908e-01
1.025029623490304465e+00
1.018478303379501293e+00
1.026037518891966593e+00
1.021753963434902879e+00
1.014698695623268643e+00
1.027045414293628722e+00
1.049975034681440267e+00
1.075928341274237976e+00
1.073156628919667455e+00
1.116496131191135666e+00
1.112968497285318437e+00
1.086511242991689663e+00
1.109692837229916851e+00
1.073408602770082876e+00
1.045187531523545488e+00
1.034352655955678602e+00
1.032084891301938923e+00
1.035864499058171573e+00
1.004367767756232599e+00
9.968085522437671875e-01
1.012682904819944385e+00
1.015454617174515128e+00
1.031832917451523501e+00
1.007643427811634185e+00
1.026289492742382237e+00
9.990763168975067554e-01
9.837059120221605113e-01
9.907611798337948583e-01
1.033092786703601051e+00
1.024273701939057979e+00
1.007895401662049828e+00
1.017218434127423743e+00
9.874855197783932725e-01
9.849657812742380614e-01
9.907611798337948583e-01
1.016462512576177257e+00
9.975644737950136731e-01
1.029817126648199244e+00
1.035360551357340508e+00
1.037880289861495609e+00
9.869815720775622081e-01
1.006131584709141213e+00
9.844618335734071080e-01
1.053502668587257496e+00
1.014194747922437578e+00
9.897532844321328405e-01
1.019234224930747779e+00
9.895013105817173082e-01
1.022257911135733943e+00
1.032336865152354344e+00
1.026289492742382237e+00
1.016462512576177257e+00
9.748868272576175498e-01
1.014446721772853000e+00
1.007139480110803120e+00
1.007139480110803120e+00
1.011171061717451414e+00
1.030573048199445951e+00
9.796743304155123289e-01
1.011675009418282478e+00
1.004367767756232599e+00
9.935328921883654907e-01
9.973124999445982519e-01
9.990763168975067554e-01
1.003863820055401535e+00
9.763986703601106321e-01
9.774065657617727609e-01
9.958006568421051696e-01
1.011171061717451414e+00
1.017218434127423743e+00
1.026793440443213079e+00
9.920210490858724084e-01
1.016714486426592678e+00
9.889973628808862438e-01
1.007391453961218764e+00
1.004367767756232599e+00
1.000588159999999949e+00
1.006383558559556635e+00
9.839578858725760435e-01
9.849657812742380614e-01
1.000840133850415370e+00
1.003863820055401535e+00
1.027045414293628722e+00
1.030321074349030308e+00
9.776585396121882932e-01
9.869815720775622081e-01
1.002351976952908563e+00
1.017470407977839164e+00
1.008399349362880670e+00
1.020746068033240972e+00
9.874855197783932725e-01
1.038384237562326673e+00
9.988243430470913342e-01
1.020242120332409907e+00
1.005375663157894506e+00
9.985723691966758020e-01
1.005123689307479085e+00
9.711072195013848996e-01
1.038384237562326673e+00
1.006887506260387699e+00
1.015454617174515128e+00
9.983203953462602698e-01
1.018982251080332357e+00
9.978164476454292053e-01
1.011171061717451414e+00
1.007391453961218764e+00
1.010919087867035771e+00
1.014950669473684064e+00
1.019738172631578843e+00
1.008903297063711735e+00
1.028557257396121694e+00
1.025029623490304465e+00
9.980684214958447376e-01
1.027297388144044143e+00
1.002855924653739406e+00
1.050982930083102396e+00
1.025533571191135529e+00
1.024525675789473622e+00
1.050227008531855910e+00
1.064085570304708961e+00
1.057534250193905789e+00
1.070384916565096711e+00
1.076432288975069040e+00
1.092054667700830928e+00
1.068621099612188319e+00
1.074920445872576069e+00
1.062573727202215990e+00
1.072400707368420969e+00
1.044683583822714645e+00
1.034352655955678602e+00
1.052746747036011010e+00
1.012934878670360028e+00
1.026037518891966593e+00
9.955486829916896374e-01
1.015454617174515128e+00
1.034352655955678602e+00
1.018478303379501293e+00
1.002100003102492920e+00
1.004871715457063663e+00
1.036620420609418058e+00
1.014446721772853000e+00
1.004367767756232599e+00
1.024777649639889043e+00
9.819420950692518968e-01
1.019990146481994264e+00
1.005123689307479085e+00
1.006383558559556635e+00
9.950447352908585730e-01
9.932809183379499585e-01
1.006383558559556635e+00
1.027297388144044143e+00
9.887453890304708226e-01
9.821940689196674290e-01
1.003611846204986113e+00
1.008651323213296314e+00
9.965565783933516553e-01
1.008147375512465249e+00
1.004619741606648020e+00
9.942888137396120873e-01
1.008903297063711735e+00
1.007139480110803120e+00
9.958006568421051696e-01
1.005627637008310149e+00
9.978164476454292053e-01
1.010163166315789285e+00
9.786664350138503110e-01
9.653118209418281026e-01
1.007643427811634185e+00
1.020242120332409907e+00
9.960526306925205908e-01
1.022257911135733943e+00
1.005627637008310149e+00
1.005627637008310149e+00
1.002351976952908563e+00
9.879894674792242260e-01
1.008651323213296314e+00
1.007895401662049828e+00
1.023265806537396072e+00
1.027549361994459787e+00
1.018226329529085650e+00
1.034856603656509666e+00
1.004871715457063663e+00
9.980684214958447376e-01
1.009659218614958220e+00
1.007391453961218764e+00
1.000336186149584305e+00
9.889973628808862438e-01
9.930289444875345373e-01
9.942888137396120873e-01
9.847138074238226402e-01
9.852177551246535936e-01
9.980684214958447376e-01
1.028305283545706272e+00
9.862256505263156114e-01
9.935328921883654907e-01
9.786664350138503110e-01
9.769026180609416965e-01
9.711072195013848996e-01
1.007643427811634185e+00
9.988243430470913342e-01
1.021501989584487458e+00
9.968085522437671875e-01
9.925249967867034728e-01
1.002100003102492920e+00
1.031832917451523501e+00
1.016714486426592678e+00
9.925249967867034728e-01
1.007391453961218764e+00
1.001344081551246434e+00
9.884934151800552904e-01
9.950447352908585730e-01
1.005627637008310149e+00
1.005879610858725570e+00
9.980684214958447376e-01
1.029817126648199244e+00
1.032084891301938923e+00
9.945407875900276196e-01
1.010919087867035771e+00
1.004115793905816956e+00
1.003107898504155049e+00
1.039644106814404223e+00
9.988243430470913342e-01
9.892493367313017760e-01
9.902572321329639049e-01
1.003863820055401535e+00
9.937848660387810229e-01
9.998322384487533521e-01
9.975644737950136731e-01
1.023013832686980429e+00
1.026541466592797658e+00
1.018730277229916714e+00
1.014194747922437578e+00
1.039896080664819866e+00
1.025029623490304465e+00
1.044935557673130067e+00
1.034352655955678602e+00
1.072148733518005326e+00
1.036116472908587216e+00
1.018226329529085650e+00
1.031328969750692437e+00
1.035864499058171573e+00
1.023013832686980429e+00
1.050982930083102396e+00
1.043675688421052516e+00
9.935328921883654907e-01
1.021501989584487458e+00
1.040148054515235287e+00
1.026793440443213079e+00
1.002351976952908563e+00
1.001344081551246434e+00
9.847138074238226402e-01
1.007643427811634185e+00
9.920210490858724084e-01
1.013438826371191093e+00
1.022509884986149364e+00
1.010919087867035771e+00
1.003611846204986113e+00
9.932809183379499585e-01
1.006383558559556635e+00
1.007139480110803120e+00
1.007391453961218764e+00
1.020998041883656393e+00
9.786664350138503110e-01
1.008651323213296314e+00
1.009659218614958220e+00
9.947927614404430408e-01
9.738789318559555319e-01
1.027801335844875208e+00
9.958006568421051696e-01
1.003107898504155049e+00
1.019234224930747779e+00
1.012682904819944385e+00
1.000084212299168884e+00
1.025785545041551172e+00
1.019990146481994264e+00
1.003863820055401535e+00
9.784144611634347788e-01
9.766506442105261643e-01
9.728710364542935141e-01
1.005627637008310149e+00
1.011171061717451414e+00
9.900052582825483727e-01
1.001596055401661856e+00
1.038132263711911252e+00
9.847138074238226402e-01
1.002351976952908563e+00
1.001596055401661856e+00
1.011423035567866835e+00
9.746348534072021286e-01
9.902572321329639049e-01
1.000840133850415370e+00
9.958006568421051696e-01
1.002351976952908563e+00
9.983203953462602698e-01
1.024273701939057979e+00
1.019486198781163200e+00
1.010163166315789285e+00
1.051738851634348881e+00
9.685874809972297994e-01
1.026037518891966593e+00
9.887453890304708226e-01
1.008399349362880670e+00
9.864776243767311437e-01
1.018478303379501293e+00
9.932809183379499585e-01
1.031076995900276794e+00
1.006131584709141213e+00
1.039140159113573381e+00
1.028557257396121694e+00
1.037376342160664766e+00
1.008651323213296314e+00
1.038132263711911252e+00
1.032588839002769987e+00
1.014950669473684064e+00
1.020494094182825329e+00
1.007643427811634185e+00
1.023013832686980429e+00
1.034352655955678602e+00
1.003611846204986113e+00
9.844618335734071080e-01
1.047959243878116231e+00
1.026037518891966593e+00
1.008147375512465249e+00
9.952967091412741052e-01
1.003107898504155049e+00
9.922730229362879406e-01
1.012430930969528964e+00
1.012430930969528964e+00
9.874855197783932725e-01
9.821940689196674290e-01
9.990763168975067554e-01
1.007895401662049828e+00
1.005879610858725570e+00
9.784144611634347788e-01
9.816901212188364756e-01
1.007643427811634185e+00
1.015454617174515128e+00
9.995802645983378198e-01
1.003359872354570470e+00
9.998322384487533521e-01
1.048715165429362717e+00
1.008147375512465249e+00
1.000084212299168884e+00
9.922730229362879406e-01
1.023517780387811493e+00
1.001848029252077499e+00
1.010415140166204928e+00
9.887453890304708226e-01
1.003359872354570470e+00
9.706032718005538351e-01
1.031076995900276794e+00
1.016462512576177257e+00
1.026037518891966593e+00
9.821940689196674290e-01
9.821940689196674290e-01
9.900052582825483727e-01
9.897532844321328405e-01
9.804302519667589255e-01
1.010415140166204928e+00
1.028053309695290629e+00
1.024273701939057979e+00
9.897532844321328405e-01
9.983203953462602698e-01
9.857217028254846580e-01
9.864776243767311437e-01
1.033344760554016473e+00
9.895013105817173082e-01
9.945407875900276196e-01
1.002855924653739406e+00
9.784144611634347788e-01
1.002351976952908563e+00
9.869815720775622081e-01
1.004619741606648020e+00
1.000336186149584305e+00
1.031328969750692437e+00
1.004619741606648020e+00
9.751388011080330820e-01
1.027045414293628722e+00
9.990763168975067554e-01
9.925249967867034728e-01
9.930289444875345373e-01
9.963046045429361230e-01
1.001596055401661856e+00
9.963046045429361230e-01
1.002351976952908563e+00
9.517052330193904730e-01
9.884934151800552904e-01
9.826980166204984934e-01
9.887453890304708226e-01
1.006635532409972278e+00
9.839578858725760435e-01
1.028557257396121694e+00
1.008651323213296314e+00
9.995802645983378198e-01
1.022257911135733943e+00
1.046447400775623038e+00
9.852177551246535936e-01
1.026289492742382237e+00
9.824460427700829612e-01
1.007139480110803120e+00
9.950447352908585730e-01
9.821940689196674290e-01
1.002100003102492920e+00
1.005879610858725570e+00
1.028305283545706272e+00
1.003611846204986113e+00
9.837059120221605113e-01
9.927769706371190050e-01
1.031580943601107858e+00
9.819420950692518968e-01
1.001848029252077499e+00
9.912651275346259228e-01
1.014698695623268643e+00
1.013942774072021935e+00
9.552328669252075910e-01
9.826980166204984934e-01
1.011926983268697899e+00
1.019234224930747779e+00
1.016210538725761614e+00
9.849657812742380614e-01
1.000588159999999949e+00
1.000840133850415370e+00
1.008651323213296314e+00
1.004367767756232599e+00
9.758947226592796786e-01
9.945407875900276196e-01
1.027549361994459787e+00
1.005627637008310149e+00
1.002351976952908563e+00
9.912651275346259228e-01
9.937848660387810229e-01
1.015706591024930550e+00
1.006131584709141213e+00
1.011171061717451414e+00
1.044683583822714645e+00
1.008147375512465249e+00
9.736269580055399997e-01
9.935328921883654907e-01
1.001848029252077499e+00
1.007391453961218764e+00
9.958006568421051696e-01
1.003107898504155049e+00
9.930289444875345373e-01
1.008903297063711735e+00
1.034100682105262958e+00
9.779105134626037144e-01
1.003611846204986113e+00
1.045187531523545488e+00
1.031580943601107858e+00
1.023517780387811493e+00
1.004115793905816956e+00
9.945407875900276196e-01
9.988243430470913342e-01
1.006383558559556635e+00
1.011171061717451414e+00
1.009911192465373864e+00
1.008651323213296314e+00
1.008903297063711735e+00
9.960526306925205908e-01
9.723670887534624496e-01
1.002603950803323984e+00
1.019990146481994264e+00
9.965565783933516553e-01
1.000840133850415370e+00
1.030321074349030308e+00
1.002100003102492920e+00
1.001344081551246434e+00
9.791703827146812644e-01
1.000840133850415370e+00
9.995802645983378198e-01
1.000084212299168884e+00
1.011926983268697899e+00
9.915171013850414550e-01
1.012430930969528964e+00
9.998322384487533521e-01
9.889973628808862438e-01
9.937848660387810229e-01
1.026793440443213079e+00
9.771545919113572287e-01
1.008903297063711735e+00
9.955486829916896374e-01
9.867295982271466759e-01
1.011675009418282478e+00
9.980684214958447376e-01
1.042667793019390388e+00
1.011171061717451414e+00
9.917690752354569872e-01
9.872335459279777403e-01
1.010415140166204928e+00
1.004115793905816956e+00
1.004367767756232599e+00
1.009659218614958220e+00
9.922730229362879406e-01
9.713591933518004318e-01
1.020242120332409907e+00
9.917690752354569872e-01
9.978164476454292053e-01
9.859736766759001902e-01
9.882414413296397582e-01
1.013690800221606514e+00
1.009659218614958220e+00
1.016462512576177257e+00
9.879894674792242260e-01
1.015706591024930550e+00
9.794223565650967966e-01
1.010667114016620349e+00
1.014698695623268643e+00
1.014950669473684064e+00
1.001344081551246434e+00
1.020746068033240972e+00
1.010919087867035771e+00
1.000588159999999949e+00
9.970605260941827197e-01
1.003359872354570470e+00
9.978164476454292053e-01
9.932809183379499585e-01
1.009407244764542799e+00
1.023265806537396072e+00
1.017974355678670229e+00
9.852177551246535936e-01
1.014950669473684064e+00
1.011171061717451414e+00
1.020746068033240972e+00
1.016966460277008100e+00
1.006887506260387699e+00
1.038384237562326673e+00
1.061565831800553861e+00
1.034856603656509666e+00
1.014194747922437578e+00
1.014698695623268643e+00
1.002603950803323984e+00
1.005375663157894506e+00
1.031328969750692437e+00
9.814381473684209434e-01
1.016210538725761614e+00
1.040148054515235287e+00
1.025785545041551172e+00
1.015958564875346193e+00
1.021250015734071814e+00
1.018982251080332357e+00
1.040903976066481773e+00
9.889973628808862438e-01
1.030069100498614887e+00
1.042919766869806031e+00
1.039644106814404223e+00
1.016966460277008100e+00
1.035612525207756152e+00
9.743828795567865964e-01
1.004367767756232599e+00
1.033848708254847537e+00
1.033092786703601051e+00
9.884934151800552904e-01
1.024021728088642558e+00
9.882414413296397582e-01
1.023769754238226914e+00
1.025785545041551172e+00
9.978164476454292053e-01
1.005375663157894506e+00
1.003107898504155049e+00
1.027297388144044143e+00
9.958006568421051696e-01
1.001092107700830791e+00
1.018982251080332357e+00
9.945407875900276196e-01
9.940368398891965551e-01
9.985723691966758020e-01
1.008399349362880670e+00
1.019234224930747779e+00
9.839578858725760435e-01
9.902572321329639049e-01
1.007139480110803120e+00
9.897532844321328405e-01
1.004619741606648020e+00
9.925249967867034728e-01
1.000084212299168884e+00
1.007139480110803120e+00
1.006887506260387699e+00
9.839578858725760435e-01
1.015958564875346193e+00
1.020998041883656393e+00
1.000840133850415370e+00
9.950447352908585730e-01
9.940368398891965551e-01
1.001596055401661856e+00
1.005123689307479085e+00
9.766506442105261643e-01
1.002603950803323984e+00
9.912651275346259228e-01
9.983203953462602698e-01
9.889973628808862438e-01
9.700993240997228817e-01
9.990763168975067554e-01
9.902572321329639049e-01
1.006383558559556635e+00
9.975644737950136731e-01
1.009659218614958220e+00
9.973124999445982519e-01
1.009659218614958220e+00
9.809341996675898789e-01
1.038384237562326673e+00
9.942888137396120873e-01
1.023769754238226914e+00
