-8.092813480350321553e-01
0.000000000000000000e+00
-5.710447394182344150e-01
0.000000000000000000e+00
-7.400686582754144593e-01
0.000000000000000000e+00
-2.838161359723827548e-01
0.000000000000000000e+00
-3.303702875074853718e-01
0.000000000000000000e+00
4.425269174874437578e-02
0.000000000000000000e+00
8.542537234087964615e-01
0.000000000000000000e+00
7.354788469408030105e-01
0.000000000000000000e+00
2.898386387348365623e-01
0.000000000000000000e+00
5.297396248013422904e-01
0.000000000000000000e+00
