1.014689035386862281e+00 0.000000000000000000e+00
1.014678555803993021e+00 0.000000000000000000e+00
1.014667806175146625e+00 0.000000000000000000e+00
1.014656776195110632e+00 0.000000000000000000e+00
1.014645455031825128e+00 0.000000000000000000e+00
1.014633831292392374e+00 0.000000000000000000e+00
1.014621892986424134e+00 0.000000000000000000e+00
1.014609627486483312e+00 0.000000000000000000e+00
1.014597021485344364e+00 0.000000000000000000e+00
1.014584060949771604e+00 0.000000000000000000e+00
1.014570731070482790e+00 0.000000000000000000e+00
1.014557016207920714e+00 0.000000000000000000e+00
1.014542899833423162e+00 0.000000000000000000e+00
1.014528364465324461e+00 0.000000000000000000e+00
1.014513391599477066e+00 0.000000000000000000e+00
1.014497961633612721e+00 0.000000000000000000e+00
1.014482053784901305e+00 0.000000000000000000e+00
1.014465645999977239e+00 0.000000000000000000e+00
1.014448714856626355e+00 0.000000000000000000e+00
1.014431235456212388e+00 0.000000000000000000e+00
1.014413181305811706e+00 0.000000000000000000e+00
1.014394524188892088e+00 0.000000000000000000e+00
1.014375234023213279e+00 0.000000000000000000e+00
1.014355278704453633e+00 0.000000000000000000e+00
1.014334623933865087e+00 0.000000000000000000e+00
1.014313233028019123e+00 0.000000000000000000e+00
1.014291066708437494e+00 0.000000000000000000e+00
1.014268082868583054e+00 0.000000000000000000e+00
1.014244236315322123e+00 0.000000000000000000e+00
1.014219478481529491e+00 0.000000000000000000e+00
1.014193757106020222e+00 0.000000000000000000e+00
1.014167015876383804e+00 0.000000000000000000e+00
1.014139194029616942e+00 0.000000000000000000e+00
1.014110225904622631e+00 0.000000000000000000e+00
1.014080040439669705e+00 0.000000000000000000e+00
1.014048560606762850e+00 0.000000000000000000e+00
1.014015702773483518e+00 0.000000000000000000e+00
1.013981375981228839e+00 0.000000000000000000e+00
1.013945481126788950e+00 0.000000000000000000e+00
1.013907910031827342e+00 0.000000000000000000e+00
1.013868544381944847e+00 0.000000000000000000e+00
1.013827254513502529e+00 0.000000000000000000e+00
1.013783898022111218e+00 0.000000000000000000e+00
1.013738318161449881e+00 0.000000000000000000e+00
1.013690341994627042e+00 0.000000000000000000e+00
1.013639778252313439e+00 0.000000000000000000e+00
1.013586414841934902e+00 0.000000000000000000e+00
1.013530015939789086e+00 0.000000000000000000e+00
1.013470318582306851e+00 0.000000000000000000e+00
1.013407028652887343e+00 0.000000000000000000e+00
1.013339816135516713e+00 0.000000000000000000e+00
1.013268309474044226e+00 0.000000000000000000e+00
1.013192088834215188e+00 0.000000000000000000e+00
1.013110678011207799e+00 0.000000000000000000e+00
1.013023534654112101e+00 0.000000000000000000e+00
1.012930038384449727e+00 0.000000000000000000e+00
1.012829476259896833e+00 0.000000000000000000e+00
1.012721024864602359e+00 0.000000000000000000e+00
1.012603728076290954e+00 0.000000000000000000e+00
1.012476469241938792e+00 0.000000000000000000e+00
1.012337936050092368e+00 0.000000000000000000e+00
1.012186575761548468e+00 0.000000000000000000e+00
1.012020537563618650e+00 0.000000000000000000e+00
1.011837597510559572e+00 0.000000000000000000e+00
1.011635059588726460e+00 0.000000000000000000e+00
1.011409623551800641e+00 0.000000000000000000e+00
1.011157205734450670e+00 0.000000000000000000e+00
1.010872692099093140e+00 0.000000000000000000e+00
1.010549591607198705e+00 0.000000000000000000e+00
1.010179539598271115e+00 0.000000000000000000e+00
1.009751569575545682e+00 0.000000000000000000e+00
1.009251016787741762e+00 0.000000000000000000e+00
1.008657816428661480e+00 0.000000000000000000e+00
1.007943766980228473e+00 0.000000000000000000e+00
1.007067941753205798e+00 0.000000000000000000e+00
1.005968600947702463e+00 0.000000000000000000e+00
1.004548037092447110e+00 0.000000000000000000e+00
1.002641922921859940e+00 0.000000000000000000e+00
9.999508733361545110e-01 0.000000000000000000e+00
9.958658262496433711e-01 0.000000000000000000e+00
9.889280159218460931e-01 0.000000000000000000e+00
9.745536916400430183e-01 0.000000000000000000e+00
9.270175592859210001e-01 0.000000000000000000e+00
1.595770215037406015e+00 0.000000000000000000e+00
1.083770457084286543e+00 0.000000000000000000e+00
1.051909413779651414e+00 0.000000000000000000e+00
1.040394017759855183e+00 0.000000000000000000e+00
1.034455551053576228e+00 0.000000000000000000e+00
1.030834753297144468e+00 0.000000000000000000e+00
1.028398221091076481e+00 0.000000000000000000e+00
1.026648207664067725e+00 0.000000000000000000e+00
1.025331832257510678e+00 0.000000000000000000e+00
1.024307032373418469e+00 0.000000000000000000e+00
1.023487894150418409e+00 0.000000000000000000e+00
1.022819450887643145e+00 0.000000000000000000e+00
1.022264949442241333e+00 0.000000000000000000e+00
1.021798940798990252e+00 0.000000000000000000e+00
1.021403312742957148e+00 0.000000000000000000e+00
1.021064907518474785e+00 0.000000000000000000e+00
1.020774042389378078e+00 0.000000000000000000e+00
1.020523572793338163e+00 0.000000000000000000e+00
1.020308302188476679e+00 0.000000000000000000e+00
1.020124634002149699e+00 0.000000000000000000e+00
1.019970419671488715e+00 0.000000000000000000e+00
1.019845006719740654e+00 0.000000000000000000e+00
1.019749555666976004e+00 0.000000000000000000e+00
1.019687816432376382e+00 0.000000000000000000e+00
1.019667842831497584e+00 0.000000000000000000e+00
1.019705922874586168e+00 0.000000000000000000e+00
1.019836616567966203e+00 0.000000000000000000e+00
1.020143399695248476e+00 0.000000000000000000e+00
1.020884212668512259e+00 0.000000000000000000e+00
1.023418459279332726e+00 0.000000000000000000e+00
9.381712511876013627e-01 0.000000000000000000e+00
1.013637214023520583e+00 0.000000000000000000e+00
1.015756699631181759e+00 0.000000000000000000e+00
1.016446559171036101e+00 0.000000000000000000e+00
1.016766272032090246e+00 0.000000000000000000e+00
1.016937482043105634e+00 0.000000000000000000e+00
1.017035332125583391e+00 0.000000000000000000e+00
1.017092244014919711e+00 0.000000000000000000e+00
1.017124437837054085e+00 0.000000000000000000e+00
1.017140886420387913e+00 0.000000000000000000e+00
1.017146927262341682e+00 0.000000000000000000e+00
1.017145913700115756e+00 0.000000000000000000e+00
1.017140043607085875e+00 0.000000000000000000e+00
1.017130806606274751e+00 0.000000000000000000e+00
1.017119239844653134e+00 0.000000000000000000e+00
1.017106081399437034e+00 0.000000000000000000e+00
1.017091866003870582e+00 0.000000000000000000e+00
1.017076986813700845e+00 0.000000000000000000e+00
1.017061736419600404e+00 0.000000000000000000e+00
1.017046334761904092e+00 0.000000000000000000e+00
1.017030948545798896e+00 0.000000000000000000e+00
1.017015705004701953e+00 0.000000000000000000e+00
1.017000701823954856e+00 0.000000000000000000e+00
1.016986014406086047e+00 0.000000000000000000e+00
1.016971701264449024e+00 0.000000000000000000e+00
1.016957808079603565e+00 0.000000000000000000e+00
1.016944370787866703e+00 0.000000000000000000e+00
1.016931417961632667e+00 0.000000000000000000e+00
1.016918972666694065e+00 0.000000000000000000e+00
1.016907053930691696e+00 0.000000000000000000e+00
1.016895677921214824e+00 0.000000000000000000e+00
1.016884858907016076e+00 0.000000000000000000e+00
1.016874610058010164e+00 0.000000000000000000e+00
1.016864944127017667e+00 0.000000000000000000e+00
1.016855874047166486e+00 0.000000000000000000e+00
1.016847413472458106e+00 0.000000000000000000e+00
1.016839577284602836e+00 0.000000000000000000e+00
1.016832382086369613e+00 0.000000000000000000e+00
1.016825846700097014e+00 0.000000000000000000e+00
1.016819992689524499e+00 0.000000000000000000e+00
1.016814844923623617e+00 0.000000000000000000e+00
1.016810432202698511e+00 0.000000000000000000e+00
1.016806787969761761e+00 0.000000000000000000e+00
1.016803951134289008e+00 0.000000000000000000e+00
1.016801967041259580e+00 0.000000000000000000e+00
1.016800888626372856e+00 0.000000000000000000e+00
1.016800777809219625e+00 0.000000000000000000e+00
1.016801707191024029e+00 0.000000000000000000e+00
1.016803762143846157e+00 0.000000000000000000e+00
1.016807043406052324e+00 0.000000000000000000e+00
1.016811670337638640e+00 0.000000000000000000e+00
1.016817785043480082e+00 0.000000000000000000e+00
1.016825557650070211e+00 0.000000000000000000e+00
1.016835193133116766e+00 0.000000000000000000e+00
1.016846940257121412e+00 0.000000000000000000e+00
1.016861103432082691e+00 0.000000000000000000e+00
1.016878058662850748e+00 0.000000000000000000e+00
1.016898275340604840e+00 0.000000000000000000e+00
1.016922346535713784e+00 0.000000000000000000e+00
1.016951031930441562e+00 0.000000000000000000e+00
1.016985320004070825e+00 0.000000000000000000e+00
1.017026520355631902e+00 0.000000000000000000e+00
1.017076404700789416e+00 0.000000000000000000e+00
1.017137429364257661e+00 0.000000000000000000e+00
1.017213100078543153e+00 0.000000000000000000e+00
1.017308597945667747e+00 0.000000000000000000e+00
1.017431914241863966e+00 0.000000000000000000e+00
1.017596052264086781e+00 0.000000000000000000e+00
1.017823684288977848e+00 0.000000000000000000e+00
1.018158186389881203e+00 0.000000000000000000e+00
1.018694255549631666e+00 0.000000000000000000e+00
1.019685678398758677e+00 0.000000000000000000e+00
1.022121299827909890e+00 0.000000000000000000e+00
1.037369918137682534e+00 0.000000000000000000e+00
1.003327525322536218e+00 0.000000000000000000e+00
1.011333805565993060e+00 0.000000000000000000e+00
1.013222059189313518e+00 0.000000000000000000e+00
1.014064055870626424e+00 0.000000000000000000e+00
1.014539412040011745e+00 0.000000000000000000e+00
1.014843938273730650e+00 0.000000000000000000e+00
1.015055110193615384e+00 0.000000000000000000e+00
1.015209726937920776e+00 0.000000000000000000e+00
1.015327508357426467e+00 0.000000000000000000e+00
1.015419973000710296e+00 0.000000000000000000e+00
1.015494299785817844e+00 0.000000000000000000e+00
1.015555195509912689e+00 0.000000000000000000e+00
1.015605874401984909e+00 0.000000000000000000e+00
1.015648606119726738e+00 0.000000000000000000e+00
1.015685038832879972e+00 0.000000000000000000e+00
1.015716398193430514e+00 0.000000000000000000e+00
1.015743614469899248e+00 0.000000000000000000e+00
1.015767406386123728e+00 0.000000000000000000e+00
1.015788337941973429e+00 0.000000000000000000e+00
1.015806857855994894e+00 0.000000000000000000e+00
1.015823327529731257e+00 0.000000000000000000e+00
1.015838041250282320e+00 0.000000000000000000e+00
1.015851241033161934e+00 0.000000000000000000e+00
1.015863127693913404e+00 0.000000000000000000e+00
1.015873869220752734e+00 0.000000000000000000e+00
1.015883607185676274e+00 0.000000000000000000e+00
1.015892461709831496e+00 0.000000000000000000e+00
1.015900535349540279e+00 0.000000000000000000e+00
1.015907916166944203e+00 0.000000000000000000e+00
1.015914680177930629e+00 0.000000000000000000e+00
1.015920893319658402e+00 0.000000000000000000e+00
1.015926613043985460e+00 0.000000000000000000e+00
1.015931889617021744e+00 0.000000000000000000e+00
1.015936767185928069e+00 0.000000000000000000e+00
1.015941284659952704e+00 0.000000000000000000e+00
1.015945476442127626e+00 0.000000000000000000e+00
1.015949373040079262e+00 0.000000000000000000e+00
1.015953001578345782e+00 0.000000000000000000e+00
1.015956386229931230e+00 0.000000000000000000e+00
1.015959548581242933e+00 0.000000000000000000e+00
1.015962507941737591e+00 0.000000000000000000e+00
1.015965281607417392e+00 0.000000000000000000e+00
1.015967885085566014e+00 0.000000000000000000e+00
1.015970332286739053e+00 0.000000000000000000e+00
1.015972635688908721e+00 0.000000000000000000e+00
1.015974806477770498e+00 0.000000000000000000e+00
1.015976854666490237e+00 0.000000000000000000e+00
1.015978789197572008e+00 0.000000000000000000e+00
1.015980618029031834e+00 0.000000000000000000e+00
1.015982348206652786e+00 0.000000000000000000e+00
1.015983985923735622e+00 0.000000000000000000e+00
1.015985536569470993e+00 0.000000000000000000e+00
1.015987004766775170e+00 0.000000000000000000e+00
1.015988394400212602e+00 0.000000000000000000e+00
1.015989708634386313e+00 0.000000000000000000e+00
1.015990949922989550e+00 0.000000000000000000e+00
1.015992120008484267e+00 0.000000000000000000e+00
1.015993219912180168e+00 0.000000000000000000e+00
1.015994249914253356e+00 0.000000000000000000e+00
1.015995209523013809e+00 0.000000000000000000e+00
1.015996097432456224e+00 0.000000000000000000e+00
1.015996911466825026e+00 0.000000000000000000e+00
1.015997648510571283e+00 0.000000000000000000e+00
1.015998304421647402e+00 0.000000000000000000e+00
1.015998873925585411e+00 0.000000000000000000e+00
1.015999350487180708e+00 0.000000000000000000e+00
1.015999726155841332e+00 0.000000000000000000e+00
1.015999991379728851e+00 0.000000000000000000e+00
1.016000134782625963e+00 0.000000000000000000e+00
1.016000142896003711e+00 0.000000000000000000e+00
1.015999999836867174e+00 0.000000000000000000e+00
1.015999686919580425e+00 0.000000000000000000e+00
1.015999182186782646e+00 0.000000000000000000e+00
1.015998459840532719e+00 0.000000000000000000e+00
1.015997489549616217e+00 0.000000000000000000e+00
1.015996235602121267e+00 0.000000000000000000e+00
1.015994655863318830e+00 0.000000000000000000e+00
1.015992700486766154e+00 0.000000000000000000e+00
1.015990310310169287e+00 0.000000000000000000e+00
1.015987414845195280e+00 0.000000000000000000e+00
1.015983929739608493e+00 0.000000000000000000e+00
1.015979753547098463e+00 0.000000000000000000e+00
1.015974763579396534e+00 0.000000000000000000e+00
1.015968810528245392e+00 0.000000000000000000e+00
1.015961711418248425e+00 0.000000000000000000e+00
1.015953240264731772e+00 0.000000000000000000e+00
1.015943115529736929e+00 0.000000000000000000e+00
1.015930983038568325e+00 0.000000000000000000e+00
1.015916392344893504e+00 0.000000000000000000e+00
1.015898763451095643e+00 0.000000000000000000e+00
1.015877339010459401e+00 0.000000000000000000e+00
1.015851114118953236e+00 0.000000000000000000e+00
1.015818730509970402e+00 0.000000000000000000e+00
1.015778312317059617e+00 0.000000000000000000e+00
1.015727202191956779e+00 0.000000000000000000e+00
1.015661519706850591e+00 0.000000000000000000e+00
1.015575385393188590e+00 0.000000000000000000e+00
1.015459473478063090e+00 0.000000000000000000e+00
1.015298103533017526e+00 0.000000000000000000e+00
1.015062805673684787e+00 0.000000000000000000e+00
1.014696114916368019e+00 0.000000000000000000e+00
1.014062439221926182e+00 0.000000000000000000e+00
1.012748047306426091e+00 0.000000000000000000e+00
1.008603200749560669e+00 0.000000000000000000e+00
1.186898855196690583e+00 0.000000000000000000e+00
1.024340390340930718e+00 0.000000000000000000e+00
1.020748505278693541e+00 0.000000000000000000e+00
1.019558021141836690e+00 0.000000000000000000e+00
1.018994305896174346e+00 0.000000000000000000e+00
1.018690785541192190e+00 0.000000000000000000e+00
1.018524840531894515e+00 0.000000000000000000e+00
1.018445151800154269e+00 0.000000000000000000e+00
1.018427998967619930e+00 0.000000000000000000e+00
1.018462834910843995e+00 0.000000000000000000e+00
1.018546916143136416e+00 0.000000000000000000e+00
1.018683555301375110e+00 0.000000000000000000e+00
1.018882444287947386e+00 0.000000000000000000e+00
1.019162017181212132e+00 0.000000000000000000e+00
1.019555137937912859e+00 0.000000000000000000e+00
1.020122031755049896e+00 0.000000000000000000e+00
1.020982229454659551e+00 0.000000000000000000e+00
1.022407104534313493e+00 0.000000000000000000e+00
1.025167196654237944e+00 0.000000000000000000e+00
1.032643135272383050e+00 0.000000000000000000e+00
1.122571520809682477e+00 0.000000000000000000e+00
9.926086185863105538e-01 0.000000000000000000e+00
1.005592138523064838e+00 0.000000000000000000e+00
1.009351075340495285e+00 0.000000000000000000e+00
1.011134428689332232e+00 0.000000000000000000e+00
1.012172950556196493e+00 0.000000000000000000e+00
1.012851159148082658e+00 0.000000000000000000e+00
1.013327929663187854e+00 0.000000000000000000e+00
1.013680811012032557e+00 0.000000000000000000e+00
1.013952145250340608e+00 0.000000000000000000e+00
1.014167001596326001e+00 0.000000000000000000e+00
1.014341163001647450e+00 0.000000000000000000e+00
1.014485057416985914e+00 0.000000000000000000e+00
1.014605848473366878e+00 0.000000000000000000e+00
1.014708618062950096e+00 0.000000000000000000e+00
1.014797069857269474e+00 0.000000000000000000e+00
1.014873965803583689e+00 0.000000000000000000e+00
1.014941406768707699e+00 0.000000000000000000e+00
1.015001018580759862e+00 0.000000000000000000e+00
1.015054078675974969e+00 0.000000000000000000e+00
1.015101604342428576e+00 0.000000000000000000e+00
1.015144415483376861e+00 0.000000000000000000e+00
1.015183180082790848e+00 0.000000000000000000e+00
1.015218447685517056e+00 0.000000000000000000e+00
1.015250674419130972e+00 0.000000000000000000e+00
1.015280241946835416e+00 0.000000000000000000e+00
1.015307471999771893e+00 0.000000000000000000e+00
1.015332637644928759e+00 0.000000000000000000e+00
1.015355972111952942e+00 0.000000000000000000e+00
1.015377675773332600e+00 0.000000000000000000e+00
1.015397921712690721e+00 0.000000000000000000e+00
1.015416860202892568e+00 0.000000000000000000e+00
1.015434622334636661e+00 0.000000000000000000e+00
1.015451322977414472e+00 0.000000000000000000e+00
1.015467063211597187e+00 0.000000000000000000e+00
1.015481932338453408e+00 0.000000000000000000e+00
1.015496009550979739e+00 0.000000000000000000e+00
1.015509365330367064e+00 0.000000000000000000e+00
1.015522062619171439e+00 0.000000000000000000e+00
1.015534157811697424e+00 0.000000000000000000e+00
1.015545701593937311e+00 0.000000000000000000e+00
1.015556739659041918e+00 0.000000000000000000e+00
1.015567313319317044e+00 0.000000000000000000e+00
1.015577460031797719e+00 0.000000000000000000e+00
1.015587213851323556e+00 0.000000000000000000e+00
1.015596605822548293e+00 0.000000000000000000e+00
1.015605664320307078e+00 0.000000000000000000e+00
1.015614415346151933e+00 0.000000000000000000e+00
1.015622882787546644e+00 0.000000000000000000e+00
1.015631088645154501e+00 0.000000000000000000e+00
1.015639053232767708e+00 0.000000000000000000e+00
1.015646795353711163e+00 0.000000000000000000e+00
1.015654332456964681e+00 0.000000000000000000e+00
1.015661680775749254e+00 0.000000000000000000e+00
1.015668855450918340e+00 0.000000000000000000e+00
1.015675870641154388e+00 0.000000000000000000e+00
1.015682739621683650e+00 0.000000000000000000e+00
1.015689474872983000e+00 0.000000000000000000e+00
1.015696088160753519e+00 0.000000000000000000e+00
1.015702590608261735e+00 0.000000000000000000e+00
1.015708992762007989e+00 0.000000000000000000e+00
1.015715304651559237e+00 0.000000000000000000e+00
1.015721535844276602e+00 0.000000000000000000e+00
1.015727695495587835e+00 0.000000000000000000e+00
1.015733792395368873e+00 0.000000000000000000e+00
1.015739835010948333e+00 0.000000000000000000e+00
1.015745831527180787e+00 0.000000000000000000e+00
1.015751789884002276e+00 0.000000000000000000e+00
1.015757717811832883e+00 0.000000000000000000e+00
1.015763622865165638e+00 0.000000000000000000e+00
1.015769512454649526e+00 0.000000000000000000e+00
1.015775393877957899e+00 0.000000000000000000e+00
1.015781274349711216e+00 0.000000000000000000e+00
1.015787161030713426e+00 0.000000000000000000e+00
1.015793061056749602e+00 0.000000000000000000e+00
1.015798981567191284e+00 0.000000000000000000e+00
1.015804929733644890e+00 0.000000000000000000e+00
1.015810912788890574e+00 0.000000000000000000e+00
1.015816938056355978e+00 0.000000000000000000e+00
1.015823012980380913e+00 0.000000000000000000e+00
1.015829145157539637e+00 0.000000000000000000e+00
1.015835342369306282e+00 0.000000000000000000e+00
1.015841612616366296e+00 0.000000000000000000e+00
1.015847964154906968e+00 0.000000000000000000e+00
1.015854405535245197e+00 0.000000000000000000e+00
1.015860945643197066e+00 0.000000000000000000e+00
1.015867593744629538e+00 0.000000000000000000e+00
1.015874359533694982e+00 0.000000000000000000e+00
1.015881253185313193e+00 0.000000000000000000e+00
1.015888285412530845e+00 0.000000000000000000e+00
1.015895467529493335e+00 0.000000000000000000e+00
1.015902811520852600e+00 0.000000000000000000e+00
1.015910330118571014e+00 0.000000000000000000e+00
1.015918036887223597e+00 0.000000000000000000e+00
1.015925946319075734e+00 0.000000000000000000e+00
1.015934073940427229e+00 0.000000000000000000e+00
1.015942436430956164e+00 0.000000000000000000e+00
1.015951051758106960e+00 0.000000000000000000e+00
1.015959939328912043e+00 0.000000000000000000e+00
1.015969120162086625e+00 0.000000000000000000e+00
1.015978617083752811e+00 0.000000000000000000e+00
1.015988454950793152e+00 0.000000000000000000e+00
1.015998660906617612e+00 0.000000000000000000e+00
1.016009264675086898e+00 0.000000000000000000e+00
1.016020298899516616e+00 0.000000000000000000e+00
1.016031799535156877e+00 0.000000000000000000e+00
1.016043806305367392e+00 0.000000000000000000e+00
1.016056363233986293e+00 0.000000000000000000e+00
1.016069519269281907e+00 0.000000000000000000e+00
1.016083329018512060e+00 0.000000000000000000e+00
1.016097853616769520e+00 0.000000000000000000e+00
1.016113161759763406e+00 0.000000000000000000e+00
1.016129330937895814e+00 0.000000000000000000e+00
1.016146448919054812e+00 0.000000000000000000e+00
1.016164615540738225e+00 0.000000000000000000e+00
1.016183944889622159e+00 0.000000000000000000e+00
1.016204567970052208e+00 0.000000000000000000e+00
1.016226635994501803e+00 0.000000000000000000e+00
1.016250324472076194e+00 0.000000000000000000e+00
1.016275838330503722e+00 0.000000000000000000e+00
1.016303418389936652e+00 0.000000000000000000e+00
1.016333349624074511e+00 0.000000000000000000e+00
1.016365971812219104e+00 0.000000000000000000e+00
1.016401693430641462e+00 0.000000000000000000e+00
1.016441009994037969e+00 0.000000000000000000e+00
1.016484528604251425e+00 0.000000000000000000e+00
1.016533001303774109e+00 0.000000000000000000e+00
1.016587371152802843e+00 0.000000000000000000e+00
1.016648837077242185e+00 0.000000000000000000e+00
1.016718947059229050e+00 0.000000000000000000e+00
1.016799735257921666e+00 0.000000000000000000e+00
1.016893929281319942e+00 0.000000000000000000e+00
1.017005273383394970e+00 0.000000000000000000e+00
1.017139051004929406e+00 0.000000000000000000e+00
1.017302966538747189e+00 0.000000000000000000e+00
1.017508711712374003e+00 0.000000000000000000e+00
1.017774928905019305e+00 0.000000000000000000e+00
1.018133278607458170e+00 0.000000000000000000e+00
1.018642207036680736e+00 0.000000000000000000e+00
1.019422873147128206e+00 0.000000000000000000e+00
1.020774099942372226e+00 0.000000000000000000e+00
1.023686509736969619e+00 0.000000000000000000e+00
1.034595234023163890e+00 0.000000000000000000e+00
9.653725579453281691e-01 0.000000000000000000e+00
1.004977198661607396e+00 0.000000000000000000e+00
1.009724155753619623e+00 0.000000000000000000e+00
1.011571437420912822e+00 0.000000000000000000e+00
1.012555263514612447e+00 0.000000000000000000e+00
1.013166983661565101e+00 0.000000000000000000e+00
1.013584598049596774e+00 0.000000000000000000e+00
1.013888200661005046e+00 0.000000000000000000e+00
1.014119157119147907e+00 0.000000000000000000e+00
1.014300988834280881e+00 0.000000000000000000e+00
1.014448058712039691e+00 0.000000000000000000e+00
1.014569633611461352e+00 0.000000000000000000e+00
1.014671960629875747e+00 0.000000000000000000e+00
1.014759404758241779e+00 0.000000000000000000e+00
1.014835108270864206e+00 0.000000000000000000e+00
1.014901391062187352e+00 0.000000000000000000e+00
1.014960003370539710e+00 0.000000000000000000e+00
1.015012290712905108e+00 0.000000000000000000e+00
1.015059304662418782e+00 0.000000000000000000e+00
1.015101879139598262e+00 0.000000000000000000e+00
1.015140684125575232e+00 0.000000000000000000e+00
1.015176264227183101e+00 0.000000000000000000e+00
1.015209066855017106e+00 0.000000000000000000e+00
1.015239463138933873e+00 0.000000000000000000e+00
1.015267763675659296e+00 0.000000000000000000e+00
1.015294230540121356e+00 0.000000000000000000e+00
1.015319086556207617e+00 0.000000000000000000e+00
1.015342522530585212e+00 0.000000000000000000e+00
1.015364702954145049e+00 0.000000000000000000e+00
1.015385770537756249e+00 0.000000000000000000e+00
1.015405849852136333e+00 0.000000000000000000e+00
1.015425050272650287e+00 0.000000000000000000e+00
1.015443468380101244e+00 0.000000000000000000e+00
1.015461189932281627e+00 0.000000000000000000e+00
1.015478291494303686e+00 0.000000000000000000e+00
1.015494841795795855e+00 0.000000000000000000e+00
1.015510902868081544e+00 0.000000000000000000e+00
1.015526531003098087e+00 0.000000000000000000e+00
1.015541777567135817e+00 0.000000000000000000e+00
1.015556689695793269e+00 0.000000000000000000e+00
1.015571310891363099e+00 0.000000000000000000e+00
1.015585681539817431e+00 0.000000000000000000e+00
1.015599839361387424e+00 0.000000000000000000e+00
1.015613819806231000e+00 0.000000000000000000e+00
1.015627656404693990e+00 0.000000000000000000e+00
1.015641381080103933e+00 0.000000000000000000e+00
1.015655024430772269e+00 0.000000000000000000e+00
1.015668615986891510e+00 0.000000000000000000e+00
1.015682184447217695e+00 0.000000000000000000e+00
1.015695757899808260e+00 0.000000000000000000e+00
1.015709364030595419e+00 0.000000000000000000e+00
1.015723030323214759e+00 0.000000000000000000e+00
1.015736784253226554e+00 0.000000000000000000e+00
1.015750653479696952e+00 0.000000000000000000e+00
1.015764666036995223e+00 0.000000000000000000e+00
1.015778850529635235e+00 0.000000000000000000e+00
1.015793236333035754e+00 0.000000000000000000e+00
1.015807853803184058e+00 0.000000000000000000e+00
1.015822734498384783e+00 0.000000000000000000e+00
1.015837911416547223e+00 0.000000000000000000e+00
1.015853419251836032e+00 0.000000000000000000e+00
1.015869294674981216e+00 0.000000000000000000e+00
1.015885576642151289e+00 0.000000000000000000e+00
1.015902306738035721e+00 0.000000000000000000e+00
1.015919529559721646e+00 0.000000000000000000e+00
1.015937293149097531e+00 0.000000000000000000e+00
1.015955649482945367e+00 0.000000000000000000e+00
1.015974655031648632e+00 0.000000000000000000e+00
1.015994371399629337e+00 0.000000000000000000e+00
1.016014866063366107e+00 0.000000000000000000e+00
1.016036213226250373e+00 0.000000000000000000e+00
1.016058494813829816e+00 0.000000000000000000e+00
1.016081801638405668e+00 0.000000000000000000e+00
1.016106234768833216e+00 0.000000000000000000e+00
1.016131907150169988e+00 0.000000000000000000e+00
1.016158945529141544e+00 0.000000000000000000e+00
1.016187492756069011e+00 0.000000000000000000e+00
1.016217710553068088e+00 0.000000000000000000e+00
1.016249782863569484e+00 0.000000000000000000e+00
1.016283919931725732e+00 0.000000000000000000e+00
1.016320363305209806e+00 0.000000000000000000e+00
1.016359392015745211e+00 0.000000000000000000e+00
1.016401330274959491e+00 0.000000000000000000e+00
1.016446557138370954e+00 0.000000000000000000e+00
1.016495518751772797e+00 0.000000000000000000e+00
1.016548744023512807e+00 0.000000000000000000e+00
1.016606864896368201e+00 0.000000000000000000e+00
1.016670642875832975e+00 0.000000000000000000e+00
1.016741004190609976e+00 0.000000000000000000e+00
1.016819087051216375e+00 0.000000000000000000e+00
1.016906306159693019e+00 0.000000000000000000e+00
1.017004442294232369e+00 0.000000000000000000e+00
1.017115769128563274e+00 0.000000000000000000e+00
1.017243236686696584e+00 0.000000000000000000e+00
1.017390743314996682e+00 0.000000000000000000e+00
1.017563550358597801e+00 0.000000000000000000e+00
1.017768935272120867e+00 0.000000000000000000e+00
1.018017260065656959e+00 0.000000000000000000e+00
1.018323799767243187e+00 0.000000000000000000e+00
1.018712046462793230e+00 0.000000000000000000e+00
1.019220094076130234e+00 0.000000000000000000e+00
1.019914071805119171e+00 0.000000000000000000e+00
1.020919751768154304e+00 0.000000000000000000e+00
1.022509368299499455e+00 0.000000000000000000e+00
1.025402375478811301e+00 0.000000000000000000e+00
1.032323825109628057e+00 0.000000000000000000e+00
1.071063122841259041e+00 0.000000000000000000e+00
9.727093394901473733e-01 0.000000000000000000e+00
1.000042027473852624e+00 0.000000000000000000e+00
1.006065875787663044e+00 0.000000000000000000e+00
1.008712043934163027e+00 0.000000000000000000e+00
1.010200217407492218e+00 0.000000000000000000e+00
1.011154653823647553e+00 0.000000000000000000e+00
1.011819263522724999e+00 0.000000000000000000e+00
1.012308992065918734e+00 0.000000000000000000e+00
1.012685105204532698e+00 0.000000000000000000e+00
1.012983249120977369e+00 0.000000000000000000e+00
1.013225575067137063e+00 0.000000000000000000e+00
1.013426573721752488e+00 0.000000000000000000e+00
1.013596123570674745e+00 0.000000000000000000e+00
1.013741190956995331e+00 0.000000000000000000e+00
1.013866829809338288e+00 0.000000000000000000e+00
1.013976795999818936e+00 0.000000000000000000e+00
1.014073939179643835e+00 0.000000000000000000e+00
1.014160460771516004e+00 0.000000000000000000e+00
1.014238088584770159e+00 0.000000000000000000e+00
1.014308197884108420e+00 0.000000000000000000e+00
1.014371897138370393e+00 0.000000000000000000e+00
1.014430089914336808e+00 0.000000000000000000e+00
1.014483520315901721e+00 0.000000000000000000e+00
1.014532806856667468e+00 0.000000000000000000e+00
1.014578468062170336e+00 0.000000000000000000e+00
1.014620942066496667e+00 0.000000000000000000e+00
1.014660601786047112e+00 0.000000000000000000e+00
1.014697766793887013e+00 0.000000000000000000e+00
1.014732712703511286e+00 0.000000000000000000e+00
1.014765678652028713e+00 0.000000000000000000e+00
1.014796873318375647e+00 0.000000000000000000e+00
1.014826479801803183e+00 0.000000000000000000e+00
1.014854659606023946e+00 0.000000000000000000e+00
1.014881555915958522e+00 0.000000000000000000e+00
1.014907296310808338e+00 0.000000000000000000e+00
1.014931995024899392e+00 0.000000000000000000e+00
1.014955754843421154e+00 0.000000000000000000e+00
1.014978668701689957e+00 0.000000000000000000e+00
1.015000821042408630e+00 0.000000000000000000e+00
1.015022288974447129e+00 0.000000000000000000e+00
1.015043143268188341e+00 0.000000000000000000e+00
1.015063449215821034e+00 0.000000000000000000e+00
1.015083267379750298e+00 0.000000000000000000e+00
1.015102654248153380e+00 0.000000000000000000e+00
1.015121662813442294e+00 0.000000000000000000e+00
1.015140343086774033e+00 0.000000000000000000e+00
1.015158742559673977e+00 0.000000000000000000e+00
1.015176906622177411e+00 0.000000000000000000e+00
1.015194878945569812e+00 0.000000000000000000e+00
1.015212701836766485e+00 0.000000000000000000e+00
1.015230416570553018e+00 0.000000000000000000e+00
1.015248063705289860e+00 0.000000000000000000e+00
1.015265683387218454e+00 0.000000000000000000e+00
1.015283315648202622e+00 0.000000000000000000e+00
1.015301000701552825e+00 0.000000000000000000e+00
1.015318779240529823e+00 0.000000000000000000e+00
1.015336692744188696e+00 0.000000000000000000e+00
1.015354783795423543e+00 0.000000000000000000e+00
1.015373096416391174e+00 0.000000000000000000e+00
1.015391676426974588e+00 0.000000000000000000e+00
1.015410571832580322e+00 0.000000000000000000e+00
1.015429833248401970e+00 0.000000000000000000e+00
1.015449514368345296e+00 0.000000000000000000e+00
1.015469672488158448e+00 0.000000000000000000e+00
1.015490369093996481e+00 0.000000000000000000e+00
1.015511670529766208e+00 0.000000000000000000e+00
1.015533648759247232e+00 0.000000000000000000e+00
1.015556382242306599e+00 0.000000000000000000e+00
1.015579956948712947e+00 0.000000000000000000e+00
1.015604467538346434e+00 0.000000000000000000e+00
1.015630018743324481e+00 0.000000000000000000e+00
1.015656726996153836e+00 0.000000000000000000e+00
1.015684722359064818e+00 0.000000000000000000e+00
1.015714150823983308e+00 0.000000000000000000e+00
1.015745177071241789e+00 0.000000000000000000e+00
1.015777987799642679e+00 0.000000000000000000e+00
1.015812795772973676e+00 0.000000000000000000e+00
1.015849844771542276e+00 0.000000000000000000e+00
1.015889415695994780e+00 0.000000000000000000e+00
1.015931834150819446e+00 0.000000000000000000e+00
1.015977479945526785e+00 0.000000000000000000e+00
1.016026799106006795e+00 0.000000000000000000e+00
1.016080319207240734e+00 0.000000000000000000e+00
1.016138669152429896e+00 0.000000000000000000e+00
1.016202604981101487e+00 0.000000000000000000e+00
1.016273043966763767e+00 0.000000000000000000e+00
1.016351110288016502e+00 0.000000000000000000e+00
1.016438197132759624e+00 0.000000000000000000e+00
1.016536052575825133e+00 0.000000000000000000e+00
1.016646900572716339e+00 0.000000000000000000e+00
1.016773615049207713e+00 0.000000000000000000e+00
1.016919976417508087e+00 0.000000000000000000e+00
1.017091059953188159e+00 0.000000000000000000e+00
1.017293842524623182e+00 0.000000000000000000e+00
1.017538185707587806e+00 0.000000000000000000e+00
1.017838499106399786e+00 0.000000000000000000e+00
1.018216704519127935e+00 0.000000000000000000e+00
1.018707865768859744e+00 0.000000000000000000e+00
1.019371774063924319e+00 0.000000000000000000e+00
1.020319412237199908e+00 0.000000000000000000e+00
1.021782662768865535e+00 0.000000000000000000e+00
1.024340553588430902e+00 0.000000000000000000e+00
1.029957455317743076e+00 0.000000000000000000e+00
1.052292732044118218e+00 0.000000000000000000e+00
9.384956735472683720e-01 0.000000000000000000e+00
9.960631640676534948e-01 0.000000000000000000e+00
1.004177114847495389e+00 0.000000000000000000e+00
1.007415185932404977e+00 0.000000000000000000e+00
1.009156987616926182e+00 0.000000000000000000e+00
1.010244948600527604e+00 0.000000000000000000e+00
1.010989000074063116e+00 0.000000000000000000e+00
1.011529899792310783e+00 0.000000000000000000e+00
1.011940799467804242e+00 0.000000000000000000e+00
1.012263482439182738e+00 0.000000000000000000e+00
1.012523549517484689e+00 0.000000000000000000e+00
1.012737561575178802e+00 0.000000000000000000e+00
1.012916705895399616e+00 0.000000000000000000e+00
1.013068812019199072e+00 0.000000000000000000e+00
1.013199523442317451e+00 0.000000000000000000e+00
1.013313010665104263e+00 0.000000000000000000e+00
1.013412422220967501e+00 0.000000000000000000e+00
1.013500179531305667e+00 0.000000000000000000e+00
1.013578175233561751e+00 0.000000000000000000e+00
1.013647909941016279e+00 0.000000000000000000e+00
1.013710588635188925e+00 0.000000000000000000e+00
1.013767189939438707e+00 0.000000000000000000e+00
1.013818516775466749e+00 0.000000000000000000e+00
1.013865233988879622e+00 0.000000000000000000e+00
1.013907896693019062e+00 0.000000000000000000e+00
1.013946971896029670e+00 0.000000000000000000e+00
1.013982855196728705e+00 0.000000000000000000e+00
1.014015883812101615e+00 0.000000000000000000e+00
1.014046346842598423e+00 0.000000000000000000e+00
1.014074493434171664e+00 0.000000000000000000e+00
1.014100539322152938e+00 0.000000000000000000e+00
1.014124672118136505e+00 0.000000000000000000e+00
1.014147055611613002e+00 0.000000000000000000e+00
1.014167833292814791e+00 0.000000000000000000e+00
1.014187131255046337e+00 0.000000000000000000e+00
1.014205060598867725e+00 0.000000000000000000e+00
1.014221719433463509e+00 0.000000000000000000e+00
1.014237194550002386e+00 0.000000000000000000e+00
1.014251562826076203e+00 0.000000000000000000e+00
1.014264892408155649e+00 0.000000000000000000e+00
1.014277243709548859e+00 0.000000000000000000e+00
1.014288670253927549e+00 0.000000000000000000e+00
1.014299219388603790e+00 0.000000000000000000e+00
1.014308932887058701e+00 0.000000000000000000e+00
1.014317847456431831e+00 0.000000000000000000e+00
1.014325995162603355e+00 0.000000000000000000e+00
1.014333403782948340e+00 0.000000000000000000e+00
1.014340097094705850e+00 0.000000000000000000e+00
1.014346095105066903e+00 0.000000000000000000e+00
1.014351414227476322e+00 0.000000000000000000e+00
1.014356067407174322e+00 0.000000000000000000e+00
1.014360064197621147e+00 0.000000000000000000e+00
1.014363410788094111e+00 0.000000000000000000e+00
1.014366109981333475e+00 0.000000000000000000e+00
1.014368161118615497e+00 0.000000000000000000e+00
1.014369559947922106e+00 0.000000000000000000e+00
1.014370298428902251e+00 0.000000000000000000e+00
1.014370364465929208e+00 0.000000000000000000e+00
1.014369741557618720e+00 0.000000000000000000e+00
1.014368408347451345e+00 0.000000000000000000e+00
1.014366338055382677e+00 0.000000000000000000e+00
1.014363497764106503e+00 0.000000000000000000e+00
1.014359847525440506e+00 0.000000000000000000e+00
1.014355339241325371e+00 0.000000000000000000e+00
1.014349915259086687e+00 0.000000000000000000e+00
1.014343506600244638e+00 0.000000000000000000e+00
1.014336030713913539e+00 0.000000000000000000e+00
1.014327388606099722e+00 0.000000000000000000e+00
1.014317461139535359e+00 0.000000000000000000e+00
1.014306104216637250e+00 0.000000000000000000e+00
1.014293142437432405e+00 0.000000000000000000e+00
1.014278360643411370e+00 0.000000000000000000e+00
1.014261492482040117e+00 0.000000000000000000e+00
1.014242204695709137e+00 0.000000000000000000e+00
1.014220075150530365e+00 0.000000000000000000e+00
1.014194561491591040e+00 0.000000000000000000e+00
1.014164955404965207e+00 0.000000000000000000e+00
1.014130314138521172e+00 0.000000000000000000e+00
1.014089354898378481e+00 0.000000000000000000e+00
1.014040286306420624e+00 0.000000000000000000e+00
1.013980528324107677e+00 0.000000000000000000e+00
1.013906223848361599e+00 0.000000000000000000e+00
1.013811335590180551e+00 0.000000000000000000e+00
1.013685849635749481e+00 0.000000000000000000e+00
1.013511851240899597e+00 0.000000000000000000e+00
1.013253809324869525e+00 0.000000000000000000e+00
1.012829845632865933e+00 0.000000000000000000e+00
1.011999547294180291e+00 0.000000000000000000e+00
1.009620069551380395e+00 0.000000000000000000e+00
9.348203082374438866e-01 0.000000000000000000e+00
1.020102344842311437e+00 0.000000000000000000e+00
1.017204874821743266e+00 0.000000000000000000e+00
1.016276916258211482e+00 0.000000000000000000e+00
1.015816303700052270e+00 0.000000000000000000e+00
1.015538547047454498e+00 0.000000000000000000e+00
1.015350889823631197e+00 0.000000000000000000e+00
1.015214059559343740e+00 0.000000000000000000e+00
1.015108561851956415e+00 0.000000000000000000e+00
1.015023609665406390e+00 0.000000000000000000e+00
1.014952738599415261e+00 0.000000000000000000e+00
1.014891827865470830e+00 0.000000000000000000e+00
1.014838115882203295e+00 0.000000000000000000e+00
1.014789672156145794e+00 0.000000000000000000e+00
1.014745096169749061e+00 0.000000000000000000e+00
1.014703336804371414e+00 0.000000000000000000e+00
1.014663579266324556e+00 0.000000000000000000e+00
1.014625171519329294e+00 0.000000000000000000e+00
1.014587574694171046e+00 0.000000000000000000e+00
1.014550328482236807e+00 0.000000000000000000e+00
1.014513026097824788e+00 0.000000000000000000e+00
1.014475295425371737e+00 0.000000000000000000e+00
1.014436784154505222e+00 0.000000000000000000e+00
1.014397147412643418e+00 0.000000000000000000e+00
1.014356036827344543e+00 0.000000000000000000e+00
1.014313090196077516e+00 0.000000000000000000e+00
1.014267921068652933e+00 0.000000000000000000e+00
1.014220107588192477e+00 0.000000000000000000e+00
1.014169179903315898e+00 0.000000000000000000e+00
1.014114605356851273e+00 0.000000000000000000e+00
1.014055770461887107e+00 0.000000000000000000e+00
1.013991958366699420e+00 0.000000000000000000e+00
1.013922320037520031e+00 0.000000000000000000e+00
1.013845836671846135e+00 0.000000000000000000e+00
1.013761269762033290e+00 0.000000000000000000e+00
1.013667093537023334e+00 0.000000000000000000e+00
1.013561401839701448e+00 0.000000000000000000e+00
1.013441777183759385e+00 0.000000000000000000e+00
1.013305102576747885e+00 0.000000000000000000e+00
1.013147284452669217e+00 0.000000000000000000e+00
1.012962833371813698e+00 0.000000000000000000e+00
1.012744209171610121e+00 0.000000000000000000e+00
1.012480760084593756e+00 0.000000000000000000e+00
1.012156928095375497e+00 0.000000000000000000e+00
1.011749051130012900e+00 0.000000000000000000e+00
1.011219290179989461e+00 0.000000000000000000e+00
1.010503133903213335e+00 0.000000000000000000e+00
1.009480860450980622e+00 0.000000000000000000e+00
1.007902384213569702e+00 0.000000000000000000e+00
1.005143423883478659e+00 0.000000000000000000e+00
9.990873256742418551e-01 0.000000000000000000e+00
9.750415959433711421e-01 0.000000000000000000e+00
1.098171933270899236e+00 0.000000000000000000e+00
1.035690965391056872e+00 0.000000000000000000e+00
1.026916344865600239e+00 0.000000000000000000e+00
1.023416852684841283e+00 0.000000000000000000e+00
1.021534954934727235e+00 0.000000000000000000e+00
1.020359652550569152e+00 0.000000000000000000e+00
1.019555910708810798e+00 0.000000000000000000e+00
1.018971603594223563e+00 0.000000000000000000e+00
1.018527682425264924e+00 0.000000000000000000e+00
1.018178999522900696e+00 0.000000000000000000e+00
1.017897894172480777e+00 0.000000000000000000e+00
1.017666473362588420e+00 0.000000000000000000e+00
1.017472649838592869e+00 0.000000000000000000e+00
1.017307963907796653e+00 0.000000000000000000e+00
1.017166317462229852e+00 0.000000000000000000e+00
1.017043203593556377e+00 0.000000000000000000e+00
1.016935219318199080e+00 0.000000000000000000e+00
1.016839747036553110e+00 0.000000000000000000e+00
1.016754740277614477e+00 0.000000000000000000e+00
1.016678575957831399e+00 0.000000000000000000e+00
1.016609950248565042e+00 0.000000000000000000e+00
1.016547803738791833e+00 0.000000000000000000e+00
1.016491266708347663e+00 0.000000000000000000e+00
1.016439618476938644e+00 0.000000000000000000e+00
1.016392256778700043e+00 0.000000000000000000e+00
1.016348674391431617e+00 0.000000000000000000e+00
1.016308441091620773e+00 0.000000000000000000e+00
1.016271189571053002e+00 0.000000000000000000e+00
1.016236604336073546e+00 0.000000000000000000e+00
1.016204412877611984e+00 0.000000000000000000e+00
1.016174378587858307e+00 0.000000000000000000e+00
1.016146295033331315e+00 0.000000000000000000e+00
1.016119981290646290e+00 0.000000000000000000e+00
1.016095278121794898e+00 0.000000000000000000e+00
1.016072044817758258e+00 0.000000000000000000e+00
1.016050156578036878e+00 0.000000000000000000e+00
1.016029502322848055e+00 0.000000000000000000e+00
1.016009982856856286e+00 0.000000000000000000e+00
1.015991509320250064e+00 0.000000000000000000e+00
1.015974001876024158e+00 0.000000000000000000e+00
1.015957388592476640e+00 0.000000000000000000e+00
1.015941604487862193e+00 0.000000000000000000e+00
1.015926590710391597e+00 0.000000000000000000e+00
1.015912293831713997e+00 0.000000000000000000e+00
1.015898665235970943e+00 0.000000000000000000e+00
1.015885660589662676e+00 0.000000000000000000e+00
1.015873239380123083e+00 0.000000000000000000e+00
1.015861364512459897e+00 0.000000000000000000e+00
1.015850001956492221e+00 0.000000000000000000e+00
1.015839120436595966e+00 0.000000000000000000e+00
1.015828691158491504e+00 0.000000000000000000e+00
1.015818687567936474e+00 0.000000000000000000e+00
1.015809085137059586e+00 0.000000000000000000e+00
1.015799861174708330e+00 0.000000000000000000e+00
1.015790994657718382e+00 0.000000000000000000e+00
1.015782466080459523e+00 0.000000000000000000e+00
1.015774257320387841e+00 0.000000000000000000e+00
1.015766351517652488e+00 0.000000000000000000e+00
1.015758732967068978e+00 0.000000000000000000e+00
1.015751387021004204e+00 0.000000000000000000e+00
1.015744300001905076e+00 0.000000000000000000e+00
1.015737459123373876e+00 0.000000000000000000e+00
1.015730852418827990e+00 0.000000000000000000e+00
1.015724468676910242e+00 0.000000000000000000e+00
