9.606370543820349495e-01 -1.605052896147540764e-15
9.595973317541839354e-01 -1.623050652210800138e-15
9.584878008711199548e-01 -1.640397886970568209e-15
9.573002018822368564e-01 -1.659479845206313087e-15
9.560248346980178002e-01 -1.678778643876555066e-15
9.546502214029760625e-01 -1.700462687326265154e-15
9.531626677270658154e-01 -1.722146730775975243e-15
9.515456863017139888e-01 -1.743613933791188231e-15
9.497792277866866639e-01 -1.768116902889360631e-15
9.478386404624841166e-01 -1.793704074160018536e-15
9.456932389852139575e-01 -1.821025968906653247e-15
9.433042990586919530e-01 -1.848781544522282161e-15
9.406221895688793300e-01 -1.880873928827853092e-15
9.375821754489285231e-01 -1.917736802692360243e-15
9.340981122958454952e-01 -1.954599676556867394e-15
9.300526859890283493e-01 -2.000569848670252782e-15
9.252817730518116957e-01 -2.055213638163522205e-15
9.195483494260201507e-01 -2.122867853726617682e-15
9.124968411647811362e-01 -2.212639793608417449e-15
9.035685780474618234e-01 -2.340141969092712770e-15
8.918340340460078064e-01 -2.529226827974184744e-15
8.756307702832160089e-01 -2.863594777968714311e-15
8.516993690159495589e-01 -3.536233805778721262e-15
8.129025523091267802e-01 -5.198966257502490862e-15
7.429192184285934308e-01 -1.082163872401231686e-14
6.923412810896798497e-01 -4.895996802423141503e-14
1.481207709468656430e+00 -9.309957318959227734e-14
1.246871991163944760e+00 -2.225086434548551040e-14
1.135146810614822366e+00 -1.106493369151806405e-14
1.082539194454177345e+00 -7.742938235022478466e-15
1.052075143152542580e+00 -6.368169880310858844e-15
1.031843224820877314e+00 -5.700301342059788112e-15
1.017038181216411097e+00 -5.375908052052125186e-15
1.005360755437560094e+00 -5.228456556594096583e-15
9.955584524049451156e-01 -5.201568342716456073e-15
9.868689291346002257e-01 -5.264018387851621128e-15
9.787742598016334616e-01 -5.395857372025858467e-15
9.708768588970231317e-01 -5.594483210025202879e-15
9.628260628055487214e-01 -5.865100072277584786e-15
9.542638516581133379e-01 -6.210310043996969398e-15
9.447716619175469122e-01 -6.643990912991171172e-15
9.338030531791055022e-01 -7.167877402736166914e-15
9.205844313336830620e-01 -7.827072323607353610e-15
9.039663105536976939e-01 -8.586881206085195117e-15
8.822661288028840199e-01 -9.357098429418897467e-15
8.536865798654541537e-01 -9.620776397767372146e-15
8.225558961471137742e-01 -7.171346849688120528e-15
8.545074882929246662e-01 2.362693374280411263e-15
1.163405252718211713e+00 -1.154285000914967441e-14
1.281427952269358350e+00 7.806255641895631925e-16
1.213940084489078863e+00 9.291178937331778798e-15
1.157887908742340155e+00 9.162809400109495073e-15
1.121149795643788583e+00 7.729494128083658211e-15
1.096220035061351572e+00 6.384649753332638511e-15
1.078333897711624356e+00 5.292207644336244243e-15
1.064851825946722563e+00 4.422243821133875485e-15
1.054265589951126625e+00 3.721849217708239621e-15
1.045667399093040739e+00 3.148523108897904876e-15
1.038482647109661094e+00 2.674509919087242338e-15
1.032330950682423865e+00 2.269018306577663679e-15
1.026950357519125667e+00 1.920338887906325454e-15
1.022153994337987370e+00 1.614593875265413203e-15
1.017804160076129172e+00 1.342675970406048691e-15
1.013796215470031070e+00 1.098947322031307294e-15
1.010048189257231943e+00 8.729995892853281703e-16
1.006493831331052524e+00 6.661338147750939243e-16
1.003077799154628025e+00 4.705437428587089244e-16
9.997521871225604206e-01 2.853620117981847670e-16
9.964739036264389505e-01 1.036497276896142239e-16
9.932025700253497291e-01 -7.025630077706068732e-17
9.898987127112425233e-01 -2.476317761956892127e-16
9.865220718942872002e-01 -4.202367620553815186e-16
9.830298728438195965e-01 -5.997806418189810529e-16
9.793749031641759695e-01 -7.836613302725226049e-16
9.755032134569496804e-01 -9.775166787129307977e-16
9.713512030449535928e-01 -1.181780368009199833e-15
9.668417548742769263e-01 -1.401656568589260132e-15
9.618789210485920727e-01 -1.643433653053527621e-15
9.563403914344920098e-01 -1.910147387484961712e-15
9.500665300911382838e-01 -2.212856634042914550e-15
9.428440127592236930e-01 -2.562837095321235381e-15
9.343808356608790389e-01 -2.967027665223831434e-15
9.242673949217568019e-01 -3.456002845014793934e-15
9.119152857924643918e-01 -4.053831922923301079e-15
8.964628977491784223e-01 -4.803449304979778844e-15
8.766464687345764117e-01 -5.770123961967854598e-15
8.507285980258538771e-01 -7.047314121155778821e-15
8.171966190877333336e-01 -8.783989161043059823e-15
7.810376023049402372e-01 -1.086630785351871964e-14
7.950323394203230309e-01 -1.137913548110436324e-14
1.051773882520692815e+00 3.081302574203803601e-16
1.317040963730092384e+00 1.615938285959295229e-14
1.304170055934835926e+00 1.596964747940798901e-14
1.243727589594737282e+00 1.278296045403859438e-14
1.196285344513059457e+00 1.030230588339176023e-14
1.162464533824147495e+00 8.569100290456432845e-15
1.137919067518894600e+00 7.325737239050056360e-15
1.119490092767617462e+00 6.410020084168799315e-15
1.105191496896968495e+00 5.707023395529198240e-15
1.093774683144493221e+00 5.156248691906561987e-15
1.084432272412013010e+00 4.711292120318510968e-15
1.076624642158014122e+00 4.345265466887404671e-15
1.069979458422716245e+00 4.040821496853475026e-15
1.064232218927011919e+00 3.782564539367427869e-15
1.059190005050757222e+00 3.562471498352870469e-15
1.054708694036888827e+00 3.372736118167907193e-15
1.050678205690235734e+00 3.208587909253601822e-15
1.047012683970768077e+00 3.062003775533561623e-15
1.043643791427211420e+00 2.936236323525243108e-15
1.040516014543630297e+00 2.824129818890241950e-15
1.037583295040111375e+00 2.724600059456072643e-15
1.034806549893462657e+00 2.636671263267498233e-15
1.032151793547201324e+00 2.557958185545050611e-15
1.029588669447447202e+00 2.487810304985238474e-15
1.027089257459652849e+00 2.427094983326050226e-15
1.024627062382374998e+00 2.373860656657011958e-15
1.022176115252928730e+00 2.327239963240135268e-15
1.019710139835710683e+00 2.284305557209709292e-15
1.017201758116361932e+00 2.248960566386681847e-15
1.014621740406894013e+00 2.219903948164070329e-15
1.011938365961364550e+00 2.196051500369389231e-15
1.009117087293391224e+00 2.173391674964442188e-15
1.006120971676075282e+00 2.158321264766893677e-15
1.002913025309633221e+00 2.144768737610824871e-15
9.994629611315943851e-01 2.130023588065022011e-15
9.957643942470545406e-01 2.109098486136051775e-15
9.918766333954341929e-01 2.083294474430896770e-15
9.880247909301406173e-01 2.019543386688749109e-15
9.848361880372115129e-01 1.905051637274279841e-15
9.838691932425593922e-01 1.646577839353735584e-15
9.885757945410229564e-01 1.171480447370587541e-15
1.004812463329278094e+00 3.848917712323540741e-16
1.036105050278684381e+00 -5.870954764009006510e-16
1.071754113268889474e+00 -1.246073556837590246e-15
1.093333338000999966e+00 -1.369781024718186302e-15
1.098007373326005398e+00 -1.120739785698265933e-15
1.093756665216691681e+00 -8.050201130704870423e-16
1.086743257194901613e+00 -5.285485590866834116e-16
1.079616459380877025e+00 -2.957703526540456096e-16
1.073213489220439909e+00 -1.082033768140533425e-16
1.067683454225619499e+00 4.044074103370931539e-17
1.062955290723943680e+00 1.601366608761090049e-16
1.058906028124152909e+00 2.560885531410761473e-16
1.055415710319279388e+00 3.333921680392926135e-16
1.052382234034738406e+00 3.982274579539257786e-16
1.049722791294072088e+00 4.513533644057154959e-16
1.047371367215093052e+00 4.969982758673552325e-16
1.045275528831656198e+00 5.365716551630761444e-16
1.043393518287371258e+00 5.705071831618724332e-16
1.041691885205302981e+00 5.998890620362296033e-16
1.040143637427502377e+00 6.260183343931302602e-16
1.038726820844099619e+00 6.497623619705628073e-16
1.037423434363748731e+00 6.712295649857757951e-16
1.036218600215426555e+00 6.907452040905148749e-16
1.035099926887546706e+00 7.079840186330343954e-16
1.034057017108655607e+00 7.243554714375655124e-16
1.033081085270917798e+00 7.405100838075995284e-16
1.032164657809349073e+00 7.550383929189052878e-16
1.031301336828183590e+00 7.688077605094711942e-16
1.030485612264387729e+00 7.825771281000371005e-16
1.029712711556187266e+00 7.956959743871117041e-16
1.028978478494502413e+00 8.084895600224406564e-16
1.028279274939424948e+00 8.211747254405210583e-16
1.027611900573531800e+00 8.339683110758500106e-16
1.026973526977422946e+00 8.460029551904391099e-16
1.026361643150473402e+00 8.585797003912709613e-16
1.025774010233849953e+00 8.711564455921028127e-16
1.025208623675903707e+00 8.831910897066919119e-16
1.024663681450425079e+00 8.958762551247723138e-16
1.024137557224029660e+00 9.088866811945983670e-16
1.023628777590788852e+00 9.222223679161700716e-16
1.023136002665471889e+00 9.359917355067359779e-16
1.022658009462843687e+00 9.493274222283076824e-16
1.022193677597942330e+00 9.638557313396134418e-16
1.021741976927596163e+00 9.777335191474278986e-16
1.021301956821545787e+00 9.930207697794735111e-16
1.020872736806152092e+00 1.008416440628767674e-15
1.020453498367669187e+00 1.023920531695310387e-15
1.020043477737657467e+00 1.040888295694708532e-15
1.019641959512026519e+00 1.057639219259609575e-15
1.019248270978765358e+00 1.074823823693504821e-15
1.018861777048698514e+00 1.092875789865388469e-15
1.018481875699400296e+00 1.111795117775260522e-15
1.018107993855394966e+00 1.131148126554126776e-15
1.017739583638439971e+00 1.151964808265848461e-15
1.017376118930479301e+00 1.172510439434448770e-15
1.017017092199068218e+00 1.194302903101407409e-15
1.016662011540975463e+00 1.217233779049475828e-15
1.016310397904474527e+00 1.240760966192411274e-15
1.015961782454705364e+00 1.265155515073335124e-15
1.015615704049545043e+00 1.291067946995738680e-15
1.015271706795783935e+00 1.317088799135390786e-15
1.014929337657132002e+00 1.345061215185516801e-15
1.014588144086742805e+00 1.373900992973631219e-15
1.014247671657576344e+00 1.404041813368728242e-15
1.013907461664059095e+00 1.435917357239802072e-15
1.013567048668148729e+00 1.468009741545373004e-15
1.013225957962082369e+00 1.502866841390781971e-15
1.012883702918753626e+00 1.539079193951797819e-15
1.012539782198827787e+00 1.576755219445669098e-15
1.012193676781319773e+00 1.616653859393135662e-15
1.011844846781383866e+00 1.657853541947584830e-15
1.011492728015467968e+00 1.701438469281502108e-15
1.011136728269685481e+00 1.746866540308644744e-15
1.010776223222219272e+00 1.794354595463509838e-15
1.010410551964714632e+00 1.845257887461704271e-15
1.010039012060891306e+00 1.898221163587621163e-15
1.009660854072984781e+00 1.954165995687873192e-15
1.009275275478081824e+00 2.012821333219338982e-15
1.008881413887046330e+00 2.076247160309740991e-15
1.008478339468670937e+00 2.141516131093368358e-15
1.008065046471327442e+00 2.211555591435931944e-15
1.007640443724331369e+00 2.286202911011558925e-15
1.007203343992614020e+00 2.363994416887393868e-15
1.006752452052913638e+00 2.447206933625656333e-15
1.006286351360541120e+00 2.536707822964334724e-15
1.005803489187598654e+00 2.631304462513694986e-15
1.005302160143920043e+00 2.732623155532465375e-15
1.004780488053011567e+00 2.842019154736252773e-15
1.004236406265988091e+00 2.957974577083577472e-15
1.003667636687298970e+00 3.083633608874647436e-15
1.003071668105325109e+00 3.217207316524861582e-15
1.002445734946355804e+00 3.363845660353526057e-15
1.001786798427251046e+00 3.519428672105195943e-15
1.001091533474003370e+00 3.690190514271662892e-15
1.000356327034525039e+00 3.875209615006314223e-15
9.995772970977341298e-01 4.076762798871369498e-15
9.987503477633972171e-01 4.297885831949788127e-15
9.978712856546821941e-01 4.538416083915697286e-15
9.969360395071240610e-01 4.803340884762530294e-15
9.959410525354444044e-01 5.093256545685154180e-15
9.948839642590577848e-01 5.416077742542713125e-15
9.937647790796129144e-01 5.769690281098860396e-15
9.925878581409522949e-01 6.157672028522798158e-15
9.913653129027535371e-01 6.592545519906733986e-15
9.901227990657421874e-01 7.063956624503431314e-15
9.889094306929611111e-01 7.576892672306323462e-15
9.878147273632400527e-01 8.126420543430601384e-15
9.869972998099498795e-01 8.700126123001306055e-15
9.867319894668932223e-01 9.246292967390878914e-15
9.874817816733109099e-01 9.702145770812409253e-15
9.899880184575320374e-01 9.967395832310987913e-15
9.953196266336710174e-01 9.843688364430391857e-15
1.004686872160911015e+00 9.085451575102654331e-15
1.018672521947698861e+00 7.556834932115341630e-15
1.035891848994646924e+00 5.202544124671693027e-15
1.052538939002313656e+00 2.258447335395930011e-15
1.064559290935062741e+00 -7.411606051110908311e-16
1.070467530676705525e+00 -3.331102754744463823e-15
1.071409050101996607e+00 -5.185955831432664809e-15
1.069364872102954944e+00 -6.324042851890698813e-15
1.065926072617958464e+00 -6.901868399716848401e-15
1.062050100410938835e+00 -7.113667294111891692e-15
1.058224044291455224e+00 -7.099735296195452960e-15
1.054661265449417407e+00 -6.949031194219967844e-15
1.051433946503525840e+00 -6.733925483198843764e-15
1.048547363415523570e+00 -6.484938454287547671e-15
1.045978081824468608e+00 -6.226139395715257763e-15
1.043692594697024800e+00 -5.968749799967199010e-15
1.041655969705564289e+00 -5.721551704640503999e-15
1.039835559779759278e+00 -5.485900362450779610e-15
1.038202340048890004e+00 -5.264452068720615330e-15
1.036731145306080570e+00 -5.057477873993132533e-15
1.035400432252107761e+00 -4.864489887290712744e-15
1.034191866833628737e+00 -4.683807595246003430e-15
1.033089876540101981e+00 -4.516189939379744445e-15
1.032081228673138895e+00 -4.360173246759080357e-15
1.031154657437094002e+00 -4.214998575863271313e-15
1.030300544789213069e+00 -4.079256463868086158e-15
1.029510652101981671e+00 -3.952730070339027790e-15
