8.700000000000001066e-01
9.700000000000000844e-01
9.100000000000001421e-01
1.110000000000000098e+00
9.300000000000001599e-01
9.200000000000001510e-01
1.140000000000000124e+00
1.140000000000000124e+00
9.800000000000000933e-01
7.600000000000001199e-01
1.250000000000000222e+00
1.090000000000000080e+00
1.050000000000000044e+00
9.800000000000000933e-01
1.030000000000000249e+00
9.900000000000001021e-01
9.700000000000000844e-01
9.600000000000001865e-01
1.090000000000000080e+00
1.070000000000000062e+00
1.020000000000000240e+00
1.070000000000000062e+00
9.300000000000001599e-01
1.030000000000000249e+00
8.200000000000000622e-01
1.000000000000000222e+00
8.700000000000001066e-01
1.100000000000000089e+00
1.130000000000000115e+00
9.500000000000001776e-01
