-8.042219392027289970e-01
1.387778780781445676e-16
-5.748237009948600207e-01
3.307648481086211678e-02
-5.748237009948578002e-01
-3.307648481086222780e-02
-3.486230105670292123e-01
-3.862649846441808536e-17
-9.691554534562524248e-02
-9.554326874878854243e-17
2.066069829969666427e-01
2.343129147809294542e-16
9.554584486201328497e-01
2.319144167586660405e-16
4.988188962514636948e-01
-5.126282858498135720e-17
6.498230639977333745e-01
-1.168026343190242618e-17
8.130923972993707727e-01
-2.789466742031569282e-17
