1.006704311274238206e+00
1.019776929667590037e+00
1.023833949168974966e+00
1.010085160858725795e+00
9.964490675346260318e-01
1.007267786204986137e+00
1.026538628836564992e+00
1.013691400415512422e+00
9.874334686426592400e-01
9.956602026315788390e-01
9.950967277008310186e-01
1.011550195678670327e+00
9.896873683656509657e-01
9.934063029085872243e-01
1.001633036897506823e+00
9.978014073684210450e-01
9.989283572299167968e-01
9.941951678116343061e-01
9.806717694736841739e-01
1.012226365595567890e+00
9.937443878670360053e-01
9.999426121052631400e-01
1.006478921301938945e+00
1.006253531329639905e+00
1.000956866980609261e+00
9.882223335457063218e-01
9.869826886980609393e-01
9.974633224099722639e-01
9.930682179501384432e-01
1.000393392049861330e+00
1.007718566149584438e+00
9.921666580609417307e-01
1.003323461689750618e+00
9.963363725484764011e-01
1.003098071717451356e+00
9.923920480332409921e-01
1.008282041080332370e+00
9.895746733795013350e-01
9.903635382825484168e-01
1.004563106537396111e+00
9.836018391135733507e-01
9.864192137673130079e-01
1.007831261135734069e+00
9.968998474792243325e-01
1.002985376731301947e+00
9.982521873130193457e-01
9.949840327146813879e-01
9.926174380055401425e-01
1.023721254182825335e+00
9.836018391135733507e-01
1.019551539695290776e+00
1.010761330775623135e+00
1.014705655290858655e+00
1.009859770886426533e+00
1.003210766703600987e+00
1.003886936620498549e+00
9.994918321606647282e-01
1.033638412963988840e+00
1.003098071717451356e+00
1.019100759750692475e+00
1.035328837756232634e+00
1.053585425512465257e+00
1.123794401883656535e+00
1.217669325346260267e+00
1.219472445124653692e+00
1.118723127506925152e+00
1.067672298781163320e+00
1.040512807119113425e+00
1.034427277867036032e+00
1.031159123268698075e+00
1.013015230498614860e+00
1.005239276454293673e+00
1.027552883711911225e+00
9.968998474792243325e-01
1.015381825207756217e+00
9.869826886980609393e-01
1.009408990941828232e+00
1.003098071717451356e+00
9.909270132132963482e-01
1.005802751385041383e+00
9.983648822991688654e-01
1.010310550831024834e+00
1.003661546648199288e+00
1.008958210997229932e+00
1.005577361412742343e+00
1.011212110720221657e+00
1.000168002077562290e+00
1.003098071717451356e+00
1.003999631606648180e+00
1.000055307091412660e+00
9.859684338227145961e-01
9.833764491412742004e-01
9.766147499722991343e-01
1.005802751385041383e+00
1.002421901800554016e+00
1.005126581468144042e+00
9.923920480332409921e-01
9.982521873130193457e-01
9.937443878670360053e-01
1.004563106537396111e+00
1.004112326592797810e+00
9.812352444044321054e-01
1.006478921301938945e+00
1.001069561966758892e+00
9.998299171191135093e-01
1.012789840526315821e+00
1.011662890664819958e+00
1.013578705429362792e+00
9.931809129362880739e-01
1.005013886481994412e+00
9.993791371745152086e-01
1.015156435235456955e+00
1.019100759750692475e+00
1.012902535512465230e+00
1.042090536925207589e+00
1.050768050858725600e+00
1.059783649750692502e+00
1.082548036952908577e+00
1.113313768171745100e+00
1.126273691578947300e+00
1.112074123324099606e+00
1.098550724986149474e+00
1.068799248642659183e+00
1.046823726343490302e+00
1.017410334958448681e+00
1.041414367008310249e+00
1.020678489556786639e+00
1.023833949168974966e+00
1.021580049445983240e+00
1.003661546648199288e+00
1.028003663656509525e+00
1.007493176177285177e+00
9.993791371745152086e-01
1.028454443601108048e+00
1.011550195678670327e+00
9.876588586149583904e-01
1.004112326592797810e+00
1.016959555013850380e+00
1.004112326592797810e+00
1.013804095401662053e+00
1.012113670609418259e+00
1.009747075900276903e+00
9.987029672576176464e-01
1.005126581468144042e+00
1.010986720747922396e+00
1.001745731883656454e+00
9.970125424653738522e-01
1.002083816842105124e+00
9.972379324376731136e-01
9.912650981717451293e-01
1.003323461689750618e+00
9.961109825761772507e-01
1.002534596786703647e+00
9.935189978947367440e-01
1.019664234681440407e+00
1.016621470055401710e+00
1.007493176177285177e+00
9.904762332686980475e-01
1.006478921301938945e+00
1.009296295955678602e+00
9.935189978947367440e-01
9.753751051246536408e-01
1.015269130221606586e+00
9.730085104155123954e-01
9.998299171191135093e-01
9.957728976177284697e-01
9.900254533240996357e-01
1.033525717977839209e+00
9.963363725484764011e-01
1.004112326592797810e+00
1.004788496509695150e+00
9.832637541551245697e-01
9.901381483102492664e-01
9.956602026315788390e-01
9.932936079224375936e-01
1.010874025761772765e+00
1.009296295955678602e+00
9.793194296398891607e-01
9.860811288088642268e-01
1.016508775069252080e+00
1.003098071717451356e+00
9.987029672576176464e-01
9.976887123822714143e-01
1.027102103767312924e+00
1.003999631606648180e+00
9.966744575069251821e-01
1.001633036897506823e+00
9.972379324376731136e-01
9.987029672576176464e-01
1.006929701246537245e+00
9.989283572299167968e-01
9.831510591689750500e-01
9.956602026315788390e-01
1.008056651108033108e+00
9.860811288088642268e-01
9.980267973407201954e-01
9.811225494182824747e-01
9.870953836842104590e-01
1.005690056398891974e+00
9.956602026315788390e-01
1.005351971440443082e+00
1.012677145540166190e+00
9.973506274238226332e-01
1.017297639972299050e+00
1.013353315457063752e+00
9.940824728254846754e-01
9.937443878670360053e-01
9.978014073684210450e-01
1.030821038310249183e+00
1.013015230498614860e+00
1.005690056398891974e+00
1.007155091218836507e+00
1.011324805706371066e+00
1.017635724930747942e+00
1.036117702659279827e+00
1.004563106537396111e+00
1.018311894847645283e+00
1.020791184542936270e+00
1.028454443601108048e+00
1.034089192908587140e+00
1.034089192908587140e+00
1.050768050858725600e+00
1.049190321052631436e+00
1.064967619113573294e+00
1.110271003545706403e+00
1.084238461745152371e+00
1.095620655346260408e+00
1.063502584293628761e+00
1.041977841939058180e+00
1.040963587063711948e+00
1.024059339141274227e+00
1.010423245817174465e+00
1.037470042493074729e+00
1.000844171994459852e+00
1.022932389279778365e+00
1.016170690110803188e+00
9.881096385595566911e-01
1.010648635789473726e+00
1.020903879529085900e+00
1.010874025761772765e+00
1.004225021578947219e+00
1.018762674792243805e+00
1.006366226315789314e+00
1.017297639972299050e+00
1.007155091218836507e+00
1.008282041080332370e+00
1.002872681745152317e+00
1.007267786204986137e+00
9.989283572299167968e-01
1.026989408781163293e+00
1.011662890664819958e+00
1.005690056398891974e+00
1.018311894847645283e+00
1.021692744432132871e+00
1.003774241634348918e+00
1.000393392049861330e+00
9.891238934349030343e-01
9.902508432963987861e-01
9.901381483102492664e-01
1.004450411551246480e+00
9.954348126592796886e-01
9.997172221329638786e-01
9.883350285318559525e-01
1.005802751385041383e+00
1.007155091218836507e+00
9.931809129362880739e-01
1.011888280637118998e+00
1.006478921301938945e+00
9.927301329916896622e-01
9.964490675346260318e-01
1.031609903213296375e+00
9.982521873130193457e-01
9.968998474792243325e-01
1.021918134404432132e+00
9.963363725484764011e-01
1.013916790387811684e+00
1.004112326592797810e+00
9.858557388365650764e-01
1.017523029944598312e+00
1.006478921301938945e+00
9.938570828531855250e-01
1.014367570332409985e+00
9.873207736565096093e-01
9.955475076454293193e-01
1.023383169224376665e+00
1.005915446371191013e+00
9.929555229639888125e-01
9.947586427423822375e-01
1.011324805706371066e+00
1.008507431052631631e+00
1.011662890664819958e+00
1.024960899030470829e+00
1.013353315457063752e+00
1.018199199861495874e+00
9.910397081994459789e-01
9.908143182271467175e-01
9.895746733795013350e-01
9.966744575069251821e-01
1.004225021578947219e+00
1.023833949168974966e+00
1.001520341911357193e+00
1.013240620470914122e+00
1.017523029944598312e+00
9.955475076454293193e-01
9.905889282548475672e-01
1.004337716565096850e+00
9.982521873130193457e-01
1.009070905983379340e+00
1.002421901800554016e+00
1.015719910166204887e+00
1.015043740249307325e+00
1.006366226315789314e+00
1.015156435235456955e+00
1.011437500692520697e+00
1.019213454736842106e+00
1.004901191495844781e+00
9.886731134903046225e-01
9.920539630747922111e-01
1.000956866980609261e+00
1.028003663656509525e+00
1.017973809889196612e+00
9.997172221329638786e-01
1.020565794570637008e+00
1.018311894847645283e+00
1.034427277867036032e+00
1.013240620470914122e+00
1.015494520193905847e+00
1.033187633019390539e+00
1.024284729113573267e+00
1.023946644155124597e+00
1.042879401828254782e+00
1.050768050858725600e+00
1.022368914349030433e+00
1.040400112132964017e+00
1.024622814072022159e+00
1.027778273684210486e+00
1.042090536925207589e+00
1.038822382326869853e+00
1.012902535512465230e+00
1.024848204044321198e+00
1.023721254182825335e+00
1.020002319639889077e+00
1.018537284819944544e+00
1.018988064764542845e+00
1.010310550831024834e+00
1.009183600969528971e+00
1.006028141357340644e+00
1.025073594016620460e+00
9.921666580609417307e-01
1.002309206814404385e+00
1.012902535512465230e+00
9.939697778393351557e-01
1.002872681745152317e+00
1.000055307091412660e+00
1.009183600969528971e+00
1.001633036897506823e+00
9.996045271468143589e-01
1.004675801523545742e+00
1.008620126038781040e+00
1.025975153905817061e+00
1.005915446371191013e+00
9.958855926038781003e-01
1.008732821024930670e+00
9.822494992797783375e-01
9.856303488642659261e-01
1.010874025761772765e+00
1.012677145540166190e+00
1.001745731883656454e+00
9.980267973407201954e-01
1.017297639972299050e+00
9.981394923268697150e-01
1.022256219362880802e+00
9.985902722714681268e-01
9.890111984487534036e-01
1.003999631606648180e+00
1.001745731883656454e+00
1.016734165041551119e+00
1.010197855844875203e+00
9.918285731024930607e-01
1.002421901800554016e+00
9.903635382825484168e-01
1.013804095401662053e+00
1.012789840526315821e+00
1.000956866980609261e+00
1.016508775069252080e+00
9.895746733795013350e-01
9.875461636288087597e-01
9.886731134903046225e-01
1.000055307091412660e+00
9.945332527700830871e-01
9.916031831301937993e-01
1.009972465872576164e+00
9.937443878670360053e-01
1.016959555013850380e+00
1.005690056398891974e+00
9.943078627977838257e-01
1.002309206814404385e+00
1.017523029944598312e+00
1.010874025761772765e+00
1.001407646925207784e+00
1.014367570332409985e+00
1.013916790387811684e+00
1.007718566149584438e+00
1.016734165041551119e+00
1.003436156675900248e+00
1.014142180360110723e+00
9.976887123822714143e-01
9.944205577839334564e-01
1.026425933850415362e+00
9.821368042936287068e-01
1.004675801523545742e+00
1.012113670609418259e+00
1.018988064764542845e+00
1.017523029944598312e+00
1.023721254182825335e+00
1.008056651108033108e+00
1.015156435235456955e+00
1.003436156675900248e+00
9.988156622437672771e-01
1.003548851662049879e+00
9.876588586149583904e-01
1.011212110720221657e+00
9.849541789473683639e-01
9.732339003878115458e-01
9.927301329916896622e-01
1.012113670609418259e+00
1.005351971440443082e+00
1.006253531329639905e+00
1.012564450554016560e+00
1.008845516011080301e+00
1.001858426869806085e+00
9.868699937119113086e-01
1.019213454736842106e+00
1.012902535512465230e+00
9.971252374515234829e-01
1.001069561966758892e+00
9.932936079224375936e-01
1.000956866980609261e+00
9.996045271468143589e-01
1.014480265318559393e+00
1.008732821024930670e+00
1.013127925484764491e+00
1.008958210997229932e+00
1.000055307091412660e+00
1.001858426869806085e+00
1.006929701246537245e+00
9.744735452354570393e-01
1.005464666426592713e+00
1.014592960304709024e+00
1.014480265318559393e+00
1.025186289002770090e+00
9.999426121052631400e-01
9.996045271468143589e-01
1.005013886481994412e+00
1.005802751385041383e+00
9.859684338227145961e-01
1.006591616288088575e+00
1.005915446371191013e+00
9.962236775623267704e-01
1.000731477008310222e+00
1.002647291772853055e+00
1.004450411551246480e+00
9.991537472022160582e-01
9.966744575069251821e-01
1.000844171994459852e+00
9.943078627977838257e-01
9.980267973407201954e-01
1.011550195678670327e+00
1.020903879529085900e+00
9.903635382825484168e-01
9.804463795013850236e-01
1.006366226315789314e+00
1.005464666426592713e+00
9.910397081994459789e-01
1.023157779252077404e+00
1.004901191495844781e+00
1.005802751385041383e+00
9.780797847922436672e-01
9.926174380055401425e-01
9.991537472022160582e-01
1.013804095401662053e+00
1.007267786204986137e+00
1.012451755567866929e+00
1.013691400415512422e+00
1.025862458919667430e+00
9.886731134903046225e-01
9.938570828531855250e-01
1.009634380914127272e+00
9.981394923268697150e-01
1.004450411551246480e+00
9.961109825761772507e-01
1.016734165041551119e+00
9.957728976177284697e-01
1.016170690110803188e+00
1.007493176177285177e+00
1.011099415734072027e+00
1.010761330775623135e+00
1.011212110720221657e+00
1.013466010443213161e+00
1.004337716565096850e+00
1.023946644155124597e+00
1.020678489556786639e+00
1.013578705429362792e+00
1.014705655290858655e+00
1.014592960304709024e+00
1.017410334958448681e+00
1.025862458919667430e+00
1.005351971440443082e+00
1.030032173407202212e+00
1.008282041080332370e+00
1.018649979806094175e+00
1.020002319639889077e+00
9.932936079224375936e-01
1.004337716565096850e+00
1.003098071717451356e+00
1.017635724930747942e+00
1.002759986759002686e+00
1.005464666426592713e+00
1.019326149722991737e+00
1.007943956121883700e+00
9.807844644598336936e-01
1.017748419916897351e+00
9.872080786703600896e-01
1.002196511828254755e+00
9.759385800554015722e-01
9.801082945429362425e-01
1.003210766703600987e+00
1.007042396232686876e+00
9.878842485872575407e-01
1.023721254182825335e+00
1.006253531329639905e+00
1.008620126038781040e+00
9.983648822991688654e-01
1.023495864210526296e+00
9.930682179501384432e-01
1.001182256952908523e+00
1.000731477008310222e+00
1.004788496509695150e+00
9.943078627977838257e-01
9.991537472022160582e-01
9.944205577839334564e-01
9.761639700277007226e-01
1.000280697063711921e+00
1.007267786204986137e+00
1.000055307091412660e+00
1.012564450554016560e+00
1.003548851662049879e+00
9.971252374515234829e-01
1.008394736066482000e+00
9.988156622437672771e-01
9.965617625207755514e-01
1.012451755567866929e+00
9.958855926038781003e-01
9.949840327146813879e-01
1.007267786204986137e+00
9.813479393905816250e-01
9.922793530470913614e-01
1.004225021578947219e+00
9.864192137673130079e-01
1.000844171994459852e+00
1.012451755567866929e+00
9.806717694736841739e-01
9.956602026315788390e-01
1.006140836343490275e+00
1.001294951939058153e+00
1.019889624653739446e+00
1.015494520193905847e+00
1.000393392049861330e+00
9.967871524930747018e-01
9.857430438504154457e-01
1.003886936620498549e+00
1.016508775069252080e+00
1.009408990941828232e+00
1.008620126038781040e+00
1.000055307091412660e+00
9.976887123822714143e-01
9.973506274238226332e-01
9.875461636288087597e-01
1.001633036897506823e+00
1.003098071717451356e+00
1.024059339141274227e+00
9.922793530470913614e-01
1.015945300138504148e+00
9.980267973407201954e-01
1.024622814072022159e+00
1.002421901800554016e+00
9.945332527700830871e-01
1.007831261135734069e+00
1.021467354459833832e+00
1.002196511828254755e+00
1.010423245817174465e+00
1.003886936620498549e+00
1.012000975623268628e+00
9.967871524930747018e-01
1.004788496509695150e+00
9.973506274238226332e-01
1.035103447783933373e+00
1.007267786204986137e+00
1.008958210997229932e+00
1.012339060581717298e+00
1.030144868393351842e+00
1.009296295955678602e+00
1.023833949168974966e+00
1.020340404598337969e+00
1.024284729113573267e+00
1.015156435235456955e+00
1.021692744432132871e+00
1.035666922714681304e+00
9.981394923268697150e-01
1.049303016038781067e+00
1.029694088448753320e+00
1.025749763933518022e+00
1.029468698476454280e+00
1.036455787617728497e+00
1.040287417146814386e+00
1.009070905983379340e+00
1.010310550831024834e+00
1.024510119085872528e+00
1.014705655290858655e+00
1.016621470055401710e+00
1.015269130221606586e+00
1.019100759750692475e+00
1.006591616288088575e+00
1.011888280637118998e+00
1.008732821024930670e+00
9.959982875900276200e-01
1.031159123268698075e+00
1.024510119085872528e+00
1.005013886481994412e+00
1.009183600969528971e+00
9.984775772853184961e-01
1.008169346094182739e+00
9.925047430193905118e-01
1.004675801523545742e+00
1.006704311274238206e+00
9.992664421883655779e-01
1.019100759750692475e+00
1.000393392049861330e+00
1.024059339141274227e+00
9.861938237950137465e-01
1.013578705429362792e+00
1.006704311274238206e+00
1.006366226315789314e+00
1.001971121855955715e+00
1.009070905983379340e+00
1.015381825207756217e+00
9.934063029085872243e-01
1.005915446371191013e+00
1.015607215180055256e+00
1.010197855844875203e+00
9.873207736565096093e-01
1.020791184542936270e+00
1.002647291772853055e+00
9.916031831301937993e-01
1.010986720747922396e+00
1.004112326592797810e+00
9.918285731024930607e-01
1.020340404598337969e+00
9.949840327146813879e-01
1.002083816842105124e+00
1.015043740249307325e+00
9.979141023545705647e-01
1.011099415734072027e+00
1.008056651108033108e+00
1.004337716565096850e+00
1.005239276454293673e+00
1.011212110720221657e+00
1.012677145540166190e+00
1.017523029944598312e+00
9.878842485872575407e-01
