1.013775817250746725e+00 -5.812026204144588417e-316
1.013765401394309595e+00 -5.825886030081114570e-316
1.013754796413010251e+00 -5.839937010016016701e-316
1.013743996154767846e+00 -5.854182750628509451e-316
1.013732994176258284e+00 -5.868626908004372046e-316
1.013721783724876868e+00 -5.883272150098092029e-316
1.013710357719321387e+00 -5.898122676467659049e-316
1.013698708728671072e+00 -5.913182242011981501e-316
1.013686828949823093e+00 -5.928453909938063600e-316
1.013674710183131378e+00 -5.943941385738249155e-316
1.013662343806079669e+00 -5.959648276091752808e-316
1.013649720744796312e+00 -5.975577644205578775e-316
1.013636831443204933e+00 -5.991733986077104210e-316
1.013623665829570974e+00 -6.008120167287074992e-316
1.013610213280188521e+00 -6.024739349855624507e-316
1.013596462579910984e+00 -6.041595634527613236e-316
1.013582401879202566e+00 -6.058691541037834970e-316
1.013568018647341029e+00 -6.076030676065504349e-316
1.013553299621366088e+00 -6.093615411125721412e-316
1.013538230750306024e+00 -6.111449501117394552e-316
1.013522797134166931e+00 -6.129535169335930055e-316
1.013506982957095737e+00 -6.147874490857040453e-316
1.013490771414053082e+00 -6.166469886602390370e-316
1.013474144630247320e+00 -6.185323036395175665e-316
1.013457083572472550e+00 -6.204435027179817189e-316
1.013439567951384124e+00 -6.223807538779510803e-316
1.013421576113604283e+00 -6.243439879502352328e-316
1.013403084922394282e+00 -6.263332988073068863e-316
1.013384069625449024e+00 -6.283484888229077043e-316
1.013364503708149789e+00 -6.303894838871908106e-316
1.013344358730372319e+00 -6.324559134509218243e-316
1.013323604144639845e+00 -6.345475255406213663e-316
1.013302207093081497e+00 -6.366637668027660944e-316
1.013280132180235826e+00 -6.388039603674212062e-316
1.013257341218269936e+00 -6.409673848987437734e-316
1.013233792940604117e+00 -6.431529830962516957e-316
1.013209442679259498e+00 -6.453596433122418304e-316
1.013184242000422453e+00 -6.475858734684637369e-316
1.013158138291757382e+00 -6.498299640977828044e-316
1.013131074293805334e+00 -6.520898500057994165e-316
1.013102987566403490e+00 -6.543631102708489512e-316
1.013073809879314613e+00 -6.566469089561242798e-316
1.013043466514166324e+00 -6.589378024240738886e-316
1.013011875462205280e+00 -6.612319073187214655e-316
1.012978946499208499e+00 -6.635246485921865205e-316
1.012944580114951698e+00 -6.658106063443341753e-316
1.012908666269765945e+00 -6.680834120689895360e-316
1.012871082944586609e+00 -6.703357535945941524e-316
1.012831694443240504e+00 -6.725589600690635104e-316
1.012790349395980671e+00 -6.747429723158482823e-316
1.012746878400926365e+00 -6.768759920473257792e-316
1.012701091224205152e+00 -6.789442348319770303e-316
1.012652773459129962e+00 -6.809313174529859397e-316
1.012601682518135870e+00 -6.828182974334909542e-316
1.012547542796308431e+00 -6.845825712701948368e-316
1.012490039799208708e+00 -6.861975878752900787e-316
1.012428812966163383e+00 -6.876316282343136720e-316
1.012363446837287961e+00 -6.888472322899979334e-316
1.012293460099706222e+00 -6.897995586443263114e-316
1.012218291893181688e+00 -6.904346454474600249e-316
1.012137284539213145e+00 -6.906876910492905362e-316
1.012049661552771429e+00 -6.904800698429386691e-316
1.011954499359863924e+00 -6.897156959416012182e-316
1.011850690511241657e+00 -6.882769076117210905e-316
1.011736895248755763e+00 -6.860180543009042865e-316
1.011611476878264693e+00 -6.827573643173893533e-316
1.011472414254630081e+00 -6.782661050297776273e-316
1.011317181321928604e+00 -6.722527974696486067e-316
1.011142578262171243e+00 -6.643420703219179461e-316
1.010944489932652735e+00 -6.540431385366327848e-316
1.010717532220618109e+00 -6.407045123312174797e-316
1.010454520533474065e+00 -6.234443240530970733e-316
1.010145646476393155e+00 -6.010433530860597461e-316
1.009777156927290420e+00 -5.717713024878661182e-316
1.009329145267537475e+00 -5.330955621139952092e-316
1.008771670612417237e+00 -4.811644900619413709e-316
1.008057515048764508e+00 -4.098400370773135849e-316
1.007107607170264485e+00 -3.087285244059237140e-316
1.005778689113732804e+00 -1.587659745625930863e-316
1.003781562080706236e+00 7.911175265271438640e-317
1.000431649350431718e+00 4.993109678801670143e-316
9.936222205070097679e-01 1.402460720479277119e-315
9.721396790028081769e-01 4.520798538792503489e-315
1.525299597390268769e+00 2.625144585190290319e-314
1.048984491090408477e+00 -5.312793303577120778e-315
1.031811992364413788e+00 -3.522457686859401462e-315
1.025791754585066995e+00 -2.871163677795923125e-315
1.022711770424379552e+00 -2.549207612904395052e-315
1.020832810230969612e+00 -2.368322645460815613e-315
1.019560738953668944e+00 -2.261947624194081856e-315
1.018637201781700252e+00 -2.200787603503971869e-315
1.017931675023719951e+00 -2.170134575197117997e-315
1.017371001687960907e+00 -2.161994952376325546e-315
1.016910883764785112e+00 -2.171865509484040513e-315
1.016522808722987614e+00 -2.197257657624786373e-315
1.016187458863231807e+00 -2.236973139387704352e-315
1.015891127604984900e+00 -2.290742471606926799e-315
1.015623640128667127e+00 -2.359061231769171236e-315
1.015377069685646783e+00 -2.443149351945179493e-315
1.015144888183608707e+00 -2.545011770288401183e-315
1.014921350390365573e+00 -2.667599145648929397e-315
1.014700985751073148e+00 -2.815096994670759924e-315
1.014478100335803878e+00 -2.993404965112196005e-315
1.014246186516211790e+00 -3.210924786559805332e-315
1.013997093793788329e+00 -3.479880364427543272e-315
1.013719699636910887e+00 -3.818628011154080704e-315
1.013397545153042145e+00 -4.255913296044746366e-315
1.013004210918042602e+00 -4.839296549296972426e-315
1.012493288612858811e+00 -5.653397293273464609e-315
1.011773636503230156e+00 -6.864541062645452081e-315
1.010636366208989001e+00 -8.850423879818031298e-315
1.008470475777148323e+00 -1.269116382859567574e-314
1.002387101732663321e+00 -2.320333033481287487e-314
8.292200869772713423e-01 -5.112678318006764799e-315
1.029169751534506183e+00 2.958280206944579220e-314
1.021637981109515758e+00 1.341306515435884330e-314
1.019216574131277309e+00 8.532668232590377585e-315
1.018003751030106319e+00 6.181709069712258407e-315
1.017264666192269074e+00 4.799575464829630607e-315
1.016760219409829080e+00 3.890289239045539717e-315
1.016389278918838235e+00 3.246998451159349981e-315
1.016101675397421022e+00 2.768112656084562399e-315
1.015869667103827201e+00 2.397910557167052009e-315
1.015676649349668947e+00 2.103279365934923252e-315
1.015512062386452419e+00 1.863307047414071814e-315
1.015368860211747437e+00 1.664137545388849312e-315
1.015242153723288521e+00 1.496226929550006427e-315
1.015128438063918281e+00 1.352787765580227782e-315
1.015025130260976516e+00 1.228861363625027704e-315
1.014930280824397846e+00 1.120740665152499529e-315
1.014842387393345424e+00 1.025599367635608405e-315
1.014760270605423953e+00 9.412448917292706732e-316
1.014682989191768803e+00 8.659505076452099277e-316
1.014609780530525418e+00 7.983378611633453420e-316
1.014540018151863121e+00 7.372930664631584503e-316
1.014473180789431384e+00 6.819068500706994810e-316
1.014408829457616124e+00 6.314289733027585013e-316
1.014346590209764809e+00 5.852354658332332255e-316
1.014286140983972073e+00 5.428027959411644352e-316
1.014227201433685055e+00 5.036885476033271279e-316
1.014169524967122538e+00 4.675163070261242329e-316
1.014112892440971470e+00 4.339636766130185033e-316
1.014057107106397293e+00 4.027531347500844525e-316
1.014001990512088502e+00 3.736440517051715597e-316
1.013947379144666483e+00 3.464271017454498056e-316
1.013893121641044281e+00 3.209191495579752154e-316
1.013839076446683585e+00 2.969591890300810436e-316
1.013785109822543218e+00 2.744051466446491814e-316
1.013731094124835641e+00 2.531310455433030277e-316
1.013676906297567015e+00 2.330248563408480799e-316
1.013622426529702025e+00 2.139862985331479402e-316
1.013567537037681543e+00 1.959257436713905480e-316
1.013512120940665451e+00 1.787623280313210665e-316
1.013456061200795011e+00 1.624229447193243665e-316
1.013399239604354740e+00 1.468415420992079317e-316
1.013341535762214862e+00 1.319579083907130894e-316
1.013282826109554557e+00 1.177170936127093762e-316
1.013222982885726431e+00 1.040686091968482750e-316
1.013161873075297592e+00 9.096622542064842043e-317
1.013099357290843994e+00 7.836714137721058532e-317
1.013035288576974446e+00 6.623172312042538486e-317
1.012969511113306131e+00 5.452296019276285126e-317
1.012901858791624532e+00 4.320634210886097345e-317
1.012832153639164900e+00 3.224934452725402218e-317
1.012760204055683788e+00 2.162136502183859063e-317
1.012685802826577941e+00 1.129337723592150557e-317
1.012608724867493537e+00 1.237372588040026732e-318
1.012528724647316691e+00 -8.573155543705228759e-318
1.012445533225718064e+00 -1.816417030900321841e-317
1.012358854827946741e+00 -2.756065660756413406e-317
1.012268362862603022e+00 -3.678736712824462216e-317
1.012173695266638918e+00 -4.586846662178277808e-317
1.012074449034518153e+00 -5.482819888942003178e-317
1.011970173753520941e+00 -6.369063975007822722e-317
1.011860363922201245e+00 -7.248026521585233974e-317
1.011744449770675791e+00 -8.122169951853109707e-317
1.011621786225266773e+00 -8.994037715756240658e-317
1.011491639559735756e+00 -9.866229092657397627e-317
1.011353171142176821e+00 -1.074144464537674886e-316
1.011205417508147519e+00 -1.162247880920717246e-316
1.011047265749021928e+00 -1.251223866640879832e-316
1.010877422874056908e+00 -1.341378347146067543e-316
1.010694377347364892e+00 -1.433027870295570865e-316
1.010496350360470919e+00 -1.526501137963567982e-316
1.010281233492000386e+00 -1.622135300546780958e-316
1.010046508097051765e+00 -1.720270423429242324e-316
1.009789139854498252e+00 -1.821234862639178173e-316
1.009505439052975628e+00 -1.925331974483135029e-316
1.009190872881281953e+00 -2.032798268185777098e-316
1.008839809314891145e+00 -2.143752665348058368e-316
1.008445161631704501e+00 -2.258098724355910627e-316
1.007997885461087595e+00 -2.375369108514932640e-316
1.007486251690239198e+00 -2.494454591043646225e-316
1.006894769332866479e+00 -2.613125503088934419e-316
1.006202544601753734e+00 -2.727208076887859541e-316
1.005380698984071453e+00 -2.829028435422650766e-316
1.004388150226144472e+00 -2.904466577787681938e-316
1.003164402107012521e+00 -2.927047304658645686e-316
1.001616537282439268e+00 -2.845339271621630758e-316
9.995941344057504008e-01 -2.554056101416575833e-316
9.968366357281218670e-01 -1.820898601560618620e-316
9.928499530248896532e-01 -7.583448182612502094e-318
9.865692676187611809e-01 4.317600450194373755e-316
9.752003222340438482e-01 1.739196037830303155e-315
9.483079715817861466e-01 7.460526468088776649e-315
8.052632402146080448e-01 1.000294566793181191e-313
1.194704128113187602e+00 9.332035535356251144e-314
1.077439910734957262e+00 1.375136066185024557e-314
1.052598391721359494e+00 5.921483330426491330e-315
1.041793370146550268e+00 3.501863677000868701e-315
1.035743791359090338e+00 2.409037656609865643e-315
1.031873087787043231e+00 1.809079938670695160e-315
1.029181238615786587e+00 1.438024296884085891e-315
1.027198927485558411e+00 1.189421876813189562e-315
1.025676723866802531e+00 1.013076073262242617e-315
1.024469804950818963e+00 8.825599274765976195e-316
1.023488318086696935e+00 7.827714929608318563e-316
1.022673557521424970e+00 7.045147604334974143e-316
1.021985542339803432e+00 6.418992915199295326e-316
1.021396100119990935e+00 5.909927979822518962e-316
1.020884805174907761e+00 5.490789711281632910e-316
1.020436485297302909e+00 5.142259500538904837e-316
1.020039633077918007e+00 4.850265913341694783e-316
1.019685360733024737e+00 4.604332040637116196e-316
1.019366693199587059e+00 4.396518593342452332e-316
1.019078078297388279e+00 4.220715115769632406e-316
1.018815039969283465e+00 4.072149674878298738e-316
1.018573928093585046e+00 3.947057539853705614e-316
1.018351734870398984e+00 3.842433012932813227e-316
1.018145957979358140e+00 3.755861743524089157e-316
1.017954497162111727e+00 3.685385601253370791e-316
1.017775575063559090e+00 3.629414188806695158e-316
1.017607675928526856e+00 3.586646828964820590e-316
1.017449497610294351e+00 3.556022120500786339e-316
1.017299913620476781e+00 3.536670013812265969e-316
1.017157942834888251e+00 3.527886070101419031e-316
1.017022725094130164e+00 3.529100631678590567e-316
1.016893501383558496e+00 3.539859454588994136e-316
1.016769597599706199e+00 3.559810764092790770e-316
1.016650411145969990e+00 3.588689098718469967e-316
1.016535399774500581e+00 3.626307602838774568e-316
1.016424072221042474e+00 3.672551653223869403e-316
1.016315980277057607e+00 3.727369521200634894e-316
1.016210712017368012e+00 3.790771384521375371e-316
1.016107885957848289e+00 3.862825671278039847e-316
1.016007145960781344e+00 3.943657231859332403e-316
1.015908156738532186e+00 4.033445955566903839e-316
1.015810599831508343e+00 4.132427758746643350e-316
1.015714169955657775e+00 4.240895474106841041e-316
1.015618571629245404e+00 4.359201370452981723e-316
1.015523515999222637e+00 4.487760561740701210e-316
1.015428717794813140e+00 4.627052637492417601e-316
1.015333892340387179e+00 4.777630555978956418e-316
1.015238752561523627e+00 4.940123756833119410e-316
1.015143005917492403e+00 5.115247301264132612e-316
1.015046351190115548e+00 5.303812049809950679e-316
1.014948475052942056e+00 5.506732468574461175e-316
1.014849048335453086e+00 5.725043921525089014e-316
1.014747721884073250e+00 5.959915071540507081e-316
1.014644121904203722e+00 6.212667494816776128e-316
1.014537844644176623e+00 6.484797913821407626e-316
1.014428450251286806e+00 6.778005272090755870e-316
1.014315455589647419e+00 7.094222008585399728e-316
1.014198325756433317e+00 7.435653731161503691e-316
1.014076463962753527e+00 7.804822644941087325e-316
1.013949199351922070e+00 8.204628915265238746e-316
1.013815772202664389e+00 8.638418700533546964e-316
1.013675315795595777e+00 9.110070416065865765e-316
1.013526833990503917e+00 9.624101995754025844e-316
1.013369173243705124e+00 1.018580779765229741e-315
1.013200987350797444e+00 1.080143014356962629e-315
1.013020692572936143e+00 1.147837562100938318e-315
1.012826409906353975e+00 1.222550188827677454e-315
1.012615889948500714e+00 1.305348723558193182e-315
1.012386413883205938e+00 1.397531620216320881e-315
1.012134661201372854e+00 1.500694483567930690e-315
1.011856530313490765e+00 1.616819025740461226e-315
1.011546891213747301e+00 1.748397491715168238e-315
1.011199238112176158e+00 1.898607929114986795e-315
1.010805191389870794e+00 2.071567055942729289e-315
1.010353766647850593e+00 2.272704465901245602e-315
1.009830273002007894e+00 2.509329311807890091e-315
1.009214600927898164e+00 2.791521516028459410e-315
1.008478464838406641e+00 3.133579180252592566e-315
1.007580771524671848e+00 3.556480727055225559e-315
1.006459438463736866e+00 4.092296426870277252e-315
1.005016022200945214e+00 4.792622696384590915e-315
1.003084520371850807e+00 5.746074799049643980e-315
1.000361399100293536e+00 7.118634256568122810e-315
9.962259334799480337e-01 9.261200344217190090e-315
9.891793184240671444e-01 1.306401527054785002e-314
9.744423625722028470e-01 2.161399938743660370e-314
9.241363084054431409e-01 5.677822132025106310e-314
1.457141670257769306e+00 1.518486524175958492e-313
1.080877480164206039e+00 -2.251249815920611452e-314
1.050997759988327118e+00 -1.430495667261142058e-314
1.039944250008135063e+00 -1.045314170385069063e-314
1.034180920783111191e+00 -8.273872126598073197e-315
1.030639582787894248e+00 -6.879097461854736890e-315
1.028240361626459043e+00 -5.911717352194031580e-315
1.026505614566456615e+00 -5.202171970888670468e-315
1.025191477039230525e+00 -4.659937701226832013e-315
1.024160427386957561e+00 -4.232364462362726071e-315
1.023329016742812847e+00 -3.886769999568899601e-315
1.022643669871724725e+00 -3.601803873661067520e-315
1.022068414191265262e+00 -3.362931799808252871e-315
1.021578198178992203e+00 -3.159918481880354847e-315
1.021155038473150034e+00 -2.985348656581261763e-315
1.020785690611042407e+00 -2.833718709293063804e-315
1.020460183920281594e+00 -2.700858809956020643e-315
1.020170868307794132e+00 -2.583551267119774910e-315
1.019911775763788331e+00 -2.479274285736793089e-315
1.019678181675509165e+00 -2.386023184567761406e-315
1.019466296614740752e+00 -2.302184577424215895e-315
1.019273045461572380e+00 -2.226444901854871351e-315
1.019095906291231257e+00 -2.157724570076343607e-315
1.018932790970016544e+00 -2.095127435938892894e-315
1.018781955381330873e+00 -2.037903893163335956e-315
1.018641931041507798e+00 -1.985421893450261002e-315
1.018511472383789807e+00 -1.937144748110560062e-315
1.018389515673224333e+00 -1.892613811064542248e-315
1.018275146661536068e+00 -1.851434916739955414e-315
1.018167574883652282e+00 -1.813267075850009306e-315
1.018066113053729627e+00 -1.777814239319059392e-315
1.017970160414086278e+00 -1.744817808247415904e-315
1.017879189175311838e+00 -1.714050724886219581e-315
1.017792733393360960e+00 -1.685313312604703683e-315
1.017710379782261976e+00 -1.658428616851153709e-315
1.017631760074723113e+00 -1.633239687791855270e-315
1.017556544628223758e+00 -1.609606571451310916e-315
1.017484437038734146e+00 -1.587404101238803227e-315
1.017415169573437472e+00 -1.566519827813338733e-315
1.017348499271607309e+00 -1.546852556649336232e-315
1.017284204591961227e+00 -1.528310806551811758e-315
1.017222082507389214e+00 -1.510811643661454399e-315
1.017161945965481262e+00 -1.494279579688236071e-315
1.017103621646845424e+00 -1.478645731999813588e-315
1.017046947963628378e+00 -1.463846870074832187e-315
1.016991773248520969e+00 -1.449825084478942815e-315
1.016937954090262775e+00 -1.436526576403969819e-315
1.016885353775529577e+00 -1.423901613202002819e-315
1.016833840799239663e+00 -1.411903866337431282e-315
1.016783287405796044e+00 -1.400489754279635551e-315
1.016733568122488940e+00 -1.389618289342636637e-315
1.016684558243017067e+00 -1.379250376111879121e-315
1.016636132213418087e+00 -1.369348747215697198e-315
1.016588161864041773e+00 -1.359877192582907163e-315
1.016540514418571961e+00 -1.350800376638518451e-315
1.016493050193127523e+00 -1.342083329416118417e-315
1.016445619873043160e+00 -1.333690804272532748e-315
1.016398061218931836e+00 -1.325586936982529827e-315
1.016350195002363677e+00 -1.317734509581008434e-315
1.016301819897743375e+00 -1.310093986934988351e-315
1.016252705949555191e+00 -1.302622622484791394e-315
1.016202586075359626e+00 -1.295273336715025351e-315
1.016151144826224595e+00 -1.287992780417252283e-315
1.016098003260520244e+00 -1.280719343605435788e-315
1.016042698214619344e+00 -1.273380028080402821e-315
1.015984653336801324e+00 -1.265886391150891341e-315
1.015923137741350235e+00 -1.258128409338228960e-315
1.015857205581257361e+00 -1.249965777880309682e-315
1.015785605351872789e+00 -1.241215193481869944e-315
1.015706639563792146e+00 -1.231630127266947883e-315
1.015617939853893814e+00 -1.220867939769496136e-315
1.015516091374043084e+00 -1.208436274810808065e-315
1.015395973704340538e+00 -1.193597363924574773e-315
1.015249532684704636e+00 -1.175189861344338282e-315
1.015063313419918511e+00 -1.151268996230999528e-315
1.014813001853404284e+00 -1.118306655688919086e-315
1.014449670897947797e+00 -1.069157810567634601e-315
1.013858033426528138e+00 -9.868173389193476684e-316
1.012686108971565302e+00 -8.184441244756471659e-316
1.009096792910316731e+00 -2.762736090447480660e-316
1.142474164239070111e+00 -4.537458921495259705e-316
1.022242029375663774e+00 -2.136354887035153006e-315
1.019168536450794305e+00 -1.743215568179922117e-315
1.018092610127935949e+00 -1.603224330251462861e-315
1.017535390395448269e+00 -1.531893899072520396e-315
1.017188907176195922e+00 -1.489033773464982676e-315
1.016948728128361346e+00 -1.460759261168368359e-315
1.016769647390084907e+00 -1.440995054324651805e-315
1.016628908306163925e+00 -1.426663790948863935e-315
1.016513803373974678e+00 -1.416037861815878745e-315
1.016416675687465521e+00 -1.408074111543036401e-315
1.016332634010608027e+00 -1.402104370691557662e-315
1.016258405364163231e+00 -1.397681450564078697e-315
1.016191715060388523e+00 -1.394495255798643707e-315
1.016130931438109508e+00 -1.392323427210685380e-315
1.016074852198094680e+00 -1.391002913255763189e-315
1.016022570589097063e+00 -1.390411472211783091e-315
1.015973388664813015e+00 -1.390455933179252345e-315
1.015926759358714238e+00 -1.391064320674884797e-315
1.015882246788120113e+00 -1.392180148173391419e-315
1.015839498423254827e+00 -1.393758445819687739e-315
1.015798225175437386e+00 -1.395763774284997566e-315
1.015758186889923032e+00 -1.398167601278273567e-315
1.015719181601461019e+00 -1.400946873696480789e-315
1.015681037456654723e+00 -1.404083202416281023e-315
1.015643606557077971e+00 -1.407561884044054031e-315
1.015606760206089199e+00 -1.411371115351520666e-315
1.015570385195074588e+00 -1.415501815412110367e-315
1.015534380868617026e+00 -1.419946943790369896e-315
1.015498656779691533e+00 -1.424701332559643753e-315
1.015463130796130597e+00 -1.429761538082380425e-315
1.015427727555204607e+00 -1.435125351885143001e-315
1.015392377188738093e+00 -1.440792032869462720e-315
1.015357014259789192e+00 -1.446761996050482088e-315
1.015321576865568565e+00 -1.453036669277917587e-315
1.015286005871416153e+00 -1.459618517939341963e-315
1.015250244248215639e+00 -1.466510995553619648e-315
1.015214236491333688e+00 -1.473718524008280921e-315
1.015177928103494498e+00 -1.481246305814576490e-315
1.015141265127280201e+00 -1.489100650190803748e-315
1.015104193715455461e+00 -1.497288592631759473e-315
1.015066659729217946e+00 -1.505818181466814421e-315
1.015028608355923678e+00 -1.514698453156631027e-315
1.014989983738903367e+00 -1.523939214904279240e-315
1.014950728612782571e+00 -1.533551449789066111e-315
1.014910783938252292e+00 -1.543547178428154958e-315
1.014870088530586800e+00 -1.553939542967725158e-315
1.014828578676366444e+00 -1.564742802142315688e-315
1.014786187732879874e+00 -1.575972514079114091e-315
1.014742845704529994e+00 -1.587645531357300010e-315
1.014698478790293956e+00 -1.599780376497936035e-315
1.014653008895839204e+00 -1.612396871414733315e-315
1.014606353103316261e+00 -1.625516690767574907e-315
1.014558423091071804e+00 -1.639163342199889938e-315
1.014509124494565651e+00 -1.653362373846224857e-315
1.014458356198585820e+00 -1.668141512670624275e-315
1.014406009549399634e+00 -1.683530975727987844e-315
1.014351967473707594e+00 -1.699563697434267341e-315
1.014296103489129131e+00 -1.716275507430099173e-315
1.014238280588332763e+00 -1.733705634527763134e-315
1.014178349975774607e+00 -1.751896889515471370e-315
1.014116149632155794e+00 -1.770896198748265881e-315
1.014051502677020489e+00 -1.790755192086137078e-315
1.013984215494167840e+00 -1.811530306647809406e-315
1.013914075577497131e+00 -1.833284234423083662e-315
1.013840849046180770e+00 -1.856085833341020739e-315
1.013764277767258859e+00 -1.880011485950467694e-315
1.013684076010275659e+00 -1.905146062848067138e-315
1.013599926541694396e+00 -1.931583757649198703e-315
1.013511476045558135e+00 -1.959430137360409288e-315
1.013418329729891543e+00 -1.988803120629391824e-315
1.013320044943922138e+00 -2.019835329497459477e-315
1.013216123586992312e+00 -2.052676317635608392e-315
1.013106003032828939e+00 -2.087495450747232948e-315
1.012989045218255724e+00 -2.124485117994823727e-315
1.012864523447409182e+00 -2.163864872270079662e-315
1.012731606332556655e+00 -2.205886622823845829e-315
1.012589338118742743e+00 -2.250840682629618545e-315
1.012436614404548019e+00 -2.299063406638430072e-315
1.012272151950475818e+00 -2.350946529619555017e-315
1.012094450823531000e+00 -2.406949675902663034e-315
1.011901746507467115e+00 -2.467615299922949061e-315
1.011691948731508583e+00 -2.533588270983334468e-315
1.011462562511258989e+00 -2.605641707947088097e-315
1.011210585059197253e+00 -2.684710294084325333e-315
1.010932369498823702e+00 -2.771934856615232367e-315
1.010623442203072209e+00 -2.868723042912031952e-315
1.010278254238233808e+00 -2.976831804758556602e-315
1.009889837405371305e+00 -3.098483172753038575e-315
1.009449319237524678e+00 -3.236529106251501257e-315
1.008945224525525486e+00 -3.394692335548137398e-315
1.008362445075344338e+00 -3.577924752154145893e-315
1.007680678038485933e+00 -3.792960539991533351e-315
1.006871982921448971e+00 -4.049196452154309441e-315
1.005896816763405477e+00 -4.360147550630675836e-315
1.004697313339525389e+00 -4.745974579351701274e-315
1.003185278556154802e+00 -5.238123240605770865e-315
1.001219324836977842e+00 -5.888456642774696525e-315
9.985576448010693440e-01 -6.788904424466547729e-315
9.947496077821983418e-01 -8.118958421401355978e-315
9.888482638716865614e-01 -1.028058204391958016e-314
9.784674022345333233e-01 -1.438586842498768963e-314
9.553714017655187130e-01 -2.492322324268212990e-314
8.591806565419092268e-01 -8.977056267457928383e-314
1.285387492659386677e+00 -5.979835610141815077e-314
1.088584273130555724e+00 8.936448584165387031e-315
1.057977313228876559e+00 6.884481507645696665e-315
1.045540104911355961e+00 5.064776761371032375e-315
1.038794093539032515e+00 3.835739950094509986e-315
1.034558781806192096e+00 2.974543426084744326e-315
1.031651394682245648e+00 2.341412544851756482e-315
1.029531248801490051e+00 1.856638910187601264e-315
1.027916104421650934e+00 1.473005636687896587e-315
1.026644229292118737e+00 1.161117048648546426e-315
1.025616284817147505e+00 9.018199798539848484e-316
1.024767883892643505e+00 6.821372526439810879e-316
1.024055461300191316e+00 4.929771796982066107e-316
1.023448485815073639e+00 3.277860938596758249e-316
1.022924924435944405e+00 1.817215984456211721e-316
1.022468477443639667e+00 5.112861557073494401e-317
1.022066826980315923e+00 -6.680469599056393689e-317
1.021710490664716753e+00 -1.742778621463396577e-316
1.021392049668215618e+00 -2.730374988271137348e-316
1.021105615914760900e+00 -3.644901022321541119e-316
1.020846456223818643e+00 -4.497817169148670615e-316
1.020610721982835978e+00 -5.298576930226616831e-316
1.020395251323698682e+00 -6.055063073528212271e-316
1.020197422083696681e+00 -6.773913074565946578e-316
1.020015040961844477e+00 -7.460774548330866456e-316
1.019846258882068701e+00 -8.120496897356597494e-316
1.019689505605124058e+00 -8.757285657827104965e-316
1.019543438664915591e+00 -9.374820433046356138e-316
1.019406903093456052e+00 -9.976350001075144713e-316
1.019278899361700574e+00 -1.056477200751976502e-315
1.019158557641088647e+00 -1.114269467433117758e-315
1.019045116973780418e+00 -1.171248749094027242e-315
1.018937908288360505e+00 -1.227632632245133441e-315
1.018836340452466516e+00 -1.283622789542412291e-315
1.018739888741757804e+00 -1.339408141807520570e-315
1.018648085244720836e+00 -1.395167659380007810e-315
1.018560510828190990e+00 -1.451072323557930291e-315
1.018476788368407160e+00 -1.507287557400828580e-315
1.018396577013551463e+00 -1.563974841324389430e-315
1.018319567290809413e+00 -1.621293644897121019e-315
1.018245476907489788e+00 -1.679402815164817767e-315
1.018174047124219106e+00 -1.738462315761633695e-315
1.018105039600519568e+00 -1.798634417608288900e-315
1.018038233630639722e+00 -1.860085497311020424e-315
1.017973423701318714e+00 -1.922987529239832688e-315
1.017910417314076499e+00 -1.987519463971649389e-315
1.017849033023162875e+00 -2.053868962460730411e-315
1.017789098646970647e+00 -2.122234288310095385e-315
1.017730449615799060e+00 -2.192825967832093726e-315
1.017672927422632601e+00 -2.265869285079916126e-315
1.017616378146197764e+00 -2.341606218584926251e-315
1.017560651017129114e+00 -2.420298277293467874e-315
1.017505596998625750e+00 -2.502229603299120753e-315
1.017451067352542093e+00 -2.587710020227735477e-315
1.017396912160347666e+00 -2.677079346430521654e-315
1.017342978765708672e+00 -2.770711619245319858e-315
1.017289110101396554e+00 -2.869020470430828382e-315
1.017235142857520591e+00 -2.972465247639955207e-315
1.017180905440327132e+00 -3.081558351294658749e-315
1.017126215660446364e+00 -3.196873732515056324e-315
1.017070878075712947e+00 -3.319057070871728484e-315
1.017014680895497847e+00 -3.448838269305902335e-315
1.016957392329343568e+00 -3.587045866024340731e-315
1.016898756230537160e+00 -3.734625611367625903e-315
1.016838486842129186e+00 -3.892661915199845428e-315
1.016776262394615493e+00 -4.062404971112548912e-315
1.016711717224975109e+00 -4.245304639446739786e-315
1.016644431977169694e+00 -4.443052284771765139e-315
1.016573921291408444e+00 -4.657634100390471368e-315
1.016499618173826835e+00 -4.891398162928657745e-315
1.016420853929599133e+00 -5.147142623052859089e-315
1.016336832094271614e+00 -5.428228179514621518e-315
1.016246594136412273e+00 -5.738728601190164445e-315
1.016148973710336634e+00 -6.083630714972504200e-315
1.016042534713950340e+00 -6.469105889903187336e-315
1.015925486020855750e+00 -6.902884509287899542e-315
1.015795561929436319e+00 -7.394782792894626165e-315
1.015649851068809895e+00 -7.957457383414545544e-315
1.015484545803703842e+00 -8.607513219503637591e-315
1.015294565396259951e+00 -9.367175088319632645e-315
1.015072971898701271e+00 -1.026688530411208974e-314
1.014810032320912381e+00 -1.134948812804065865e-314
1.014491649073034019e+00 -1.267726406239233978e-314
1.014096599409078703e+00 -1.434435965291268751e-314
1.013591376808917532e+00 -1.650015462490591584e-314
1.012919792443626177e+00 -1.939672068294211020e-314
1.011979861598409025e+00 -2.349534942567872325e-314
1.010565193283288421e+00 -2.974031776148501943e-314
1.008185403439725292e+00 -4.041438906107546692e-314
1.003321453983448741e+00 -6.280482368790336932e-314
9.877541708888242233e-01 -1.392996061619519220e-313
1.306267731165288826e+00 -9.331810704361257689e-315
1.042010934738741401e+00 9.629801961446840242e-314
1.030244246582978196e+00 5.270072683827539730e-314
1.026080390921194629e+00 3.630910796650976795e-314
1.023947259905611196e+00 2.772830248326730937e-314
1.022648915540444126e+00 2.245158988966584294e-314
1.021774523730269557e+00 1.887921487809830260e-314
1.021144929406699431e+00 1.630048838928036455e-314
1.020669523784274668e+00 1.435159450813822027e-314
1.020297556113789694e+00 1.282700271156628807e-314
1.019998388825374525e+00 1.160183743327517290e-314
1.019752432177534640e+00 1.059585225933123427e-314
1.019546576679190908e+00 9.755128951070249648e-315
1.019371718635529112e+00 9.042098648088008552e-315
1.019221339173181029e+00 8.429782248567353668e-315
1.019090648155918322e+00 7.898304687214954582e-315
1.018976047282760700e+00 7.432701026879636816e-315
1.018874781657822970e+00 7.021488766936907295e-315
1.018784706915936811e+00 6.655710383592565674e-315
1.018704129539888648e+00 6.328275432068702140e-315
1.018631694872374149e+00 6.033498298785448337e-315
1.018566306996118165e+00 5.766766698134587267e-315
1.018507070386616142e+00 5.524299866871165668e-315
1.018453246739454032e+00 5.302969070064359886e-315
1.018404222565198136e+00 5.100163363461500812e-315
1.018359484550058314e+00 4.913686338708749516e-315
1.018318600601094914e+00 4.741676964153320567e-315
1.018281205109531129e+00 4.582548414575870423e-315
1.018246987383613744e+00 4.434938847430202274e-315
1.018215682491108831e+00 4.297673344966566883e-315
1.018187063953896798e+00 4.169732778214661679e-315
1.018160937880973504e+00 4.050228693626852640e-315
1.018137138229741723e+00 3.938383486223806686e-315
1.018115522960956643e+00 3.833513013424414527e-315
1.018095970908320380e+00 3.735013620881930868e-315
1.018078379225189734e+00 3.642350428187511518e-315
1.018062661302104432e+00 3.555047576014364480e-315
1.018048745072620553e+00 3.472680889242909211e-315
1.018036571643274435e+00 3.394870589492500461e-315
1.018026094197772347e+00 3.321275949331140273e-315
1.018017277136806786e+00 3.251590237983921026e-315
1.018010095423963701e+00 3.185536877502300789e-315
1.018004534115624748e+00 3.122865707627820765e-315
1.018000588059012612e+00 3.063349823771971903e-315
1.017998261747923960e+00 3.006783245026346528e-315
1.017997569330554297e+00 2.952978404309157471e-315
1.017998534768350227e+00 2.901764236331188656e-315
1.018001192149283529e+00 2.852984492831942791e-315
1.018005586163510667e+00 2.806496181332200502e-315
1.018011772754301880e+00 2.762168226216120106e-315
1.018019819962624029e+00 2.719880455896663637e-315
1.018029808990126073e+00 2.679522145321941612e-315
1.018041835512845550e+00 2.640991867755519283e-315
1.018056011287175266e+00 2.604195740843373895e-315
1.018072466101021867e+00 2.569047708231312821e-315
1.018091350137431350e+00 2.535468077130661868e-315
1.018112836836187585e+00 2.503383533140234652e-315
1.018137126362363087e+00 2.472726409029176756e-315
1.018164449821294282e+00 2.443434294425105515e-315
1.018195074399519173e+00 2.415449586214372298e-315
1.018229309664314686e+00 2.388719439135497924e-315
1.018267515325608219e+00 2.363195227247618698e-315
1.018310110860327189e+00 2.338832440176700783e-315
1.018357587531012021e+00 2.315590223634489565e-315
1.018410523512959909e+00 2.293431957475315292e-315
1.018469603099941834e+00 2.272324440487777431e-315
1.018535641321979490e+00 2.252238176952819261e-315
1.018609615832608339e+00 2.233147391465697243e-315
1.018692708690397408e+00 2.215030434069810614e-315
1.018786361802684448e+00 2.197869365241558879e-315
1.018892351534921081e+00 2.181651349155463081e-315
1.019012890678413275e+00 2.166368332541496009e-315
1.019150770233225645e+00 2.152018294671166171e-315
1.019309560397151815e+00 2.138606709791829489e-315
1.019493901752826170e+00 2.126147713121613481e-315
1.019709937685516543e+00 2.114667776697822321e-315
1.019965974965120425e+00 2.104208515669805217e-315
1.020273526479169357e+00 2.094833407591739852e-315
1.020649021549409508e+00 2.086636705366883361e-315
1.021116742017759149e+00 2.079758125819223190e-315
1.021714148032270453e+00 2.074406634013667894e-315
1.022502218794275164e+00 2.070900087083469440e-315
1.023587343151549423e+00 2.069731083299500925e-315
1.025173252911070199e+00 2.071665864131241080e-315
1.027705367061203301e+00 2.077784758460542833e-315
1.032380272371264729e+00 2.088329230990498177e-315
1.043883422724359633e+00 2.082779248311726161e-315
1.117295665714441055e+00 6.749404651764604038e-316
9.569226733789929495e-01 5.874563946650752554e-316
9.935452492358534116e-01 1.624223226906762524e-315
1.002291674960740231e+00 1.779571645643286081e-315
1.006212227775365342e+00 1.836497118614706996e-315
1.008435179703102813e+00 1.864889569321640077e-315
1.009865479236887298e+00 1.881630277217097163e-315
1.010861945580446619e+00 1.892716833633013065e-315
1.011595240571615539e+00 1.900796160682387051e-315
1.012156906254445099e+00 1.907211375823438550e-315
1.012600452892577385e+00 1.912717342193822570e-315
1.012959251116616333e+00 1.917770986524782470e-315
1.013255191880178652e+00 1.922666554552355463e-315
1.013503231805350513e+00 1.927603485755798286e-315
1.013713937364706164e+00 1.932723260773454037e-315
1.013894985518736691e+00 1.938130073109374177e-315
1.014052088224094428e+00 1.943904406057266245e-315
1.014189583348364510e+00 1.950110226296297307e-315
1.014310824459353944e+00 1.956800453197793419e-315
1.014418445067387431e+00 1.964020575385767186e-315
1.014514542094930194e+00 1.971810903676262793e-315
1.014600805983491005e+00 1.980208423823527917e-315
1.014678614709145998e+00 1.989248026743471867e-315
1.014749102871901121e+00 1.998963249612134346e-315
1.014813213243832335e+00 2.009387343047480470e-315
1.014871735762115978e+00 2.020553621896009315e-315
1.014925337396660021e+00 2.032496176687283926e-315
1.014974585291692710e+00 2.045250036675594449e-315
1.015019964885965909e+00 2.058851698490199175e-315
1.015061894239936313e+00 2.073339709132786639e-315
1.015100735466684112e+00 2.088754369538088112e-315
1.015136803929179932e+00 2.105138895628145326e-315
1.015170375699004257e+00 2.122539052703732558e-315
1.015201693650331416e+00 2.141003945949389968e-315
1.015230972474185256e+00 2.160586198297056107e-315
1.015258402832263984e+00 2.181342498838934801e-315
1.015284154820545348e+00 2.203333820216379317e-315
1.015308380875888927e+00 2.226626090549170711e-315
1.015331218230734134e+00 2.251290731967071795e-315
1.015352790999465515e+00 2.277405273251227975e-315
1.015373211963426447e+00 2.305053740146027474e-315
1.015392584108695928e+00 2.334327801591399676e-315
1.015411001960720760e+00 2.365327194619270553e-315
1.015428552752077218e+00 2.398161078093432271e-315
1.015445317453502527e+00 2.432948951671644452e-315
1.015461371693569648e+00 2.469821722987429192e-315
1.015476786588678015e+00 2.508923441820487965e-315
1.015491629502209836e+00 2.550412604430006644e-315
1.015505964749622958e+00 2.594464297799558448e-315
1.015519854264803179e+00 2.641272294475442316e-315
1.015533358242126427e+00 2.691051463607034605e-315
1.015546535768360181e+00 2.744040829213136852e-315
1.015559445458761756e+00 2.800506998997557910e-315
1.015572146112543983e+00 2.860748200865440472e-315
1.015584697404368297e+00 2.925099282867596986e-315
1.015597160630796081e+00 2.993936782314035981e-315
1.015609599533884966e+00 3.067686707307884073e-315
1.015622081228611195e+00 3.146831883501539620e-315
1.015634677266932018e+00 3.231922102205038302e-315
1.015647464879594786e+00 3.323586402858008737e-315
1.015660528448032229e+00 3.422546966155633532e-315
1.015673961273969139e+00 3.529638189923235219e-315
1.015687867735270755e+00 3.645827963582986174e-315
1.015702365945451158e+00 3.772246689569945337e-315
1.015717591074549064e+00 3.910221823461358968e-315
1.015733699545980695e+00 4.061323214380979503e-315
1.015750874405362492e+00 4.227420965026850018e-315
1.015769332275453962e+00 4.410760732216386899e-315
1.015789332485635521e+00 4.614062609184738504e-315
1.015811189225961364e+00 4.840653703160190204e-315
1.015835287976265766e+00 5.094647155110278503e-315
1.015862108087003168e+00 5.381189128098803532e-315
1.015892254391263849e+00 5.706803931902074998e-315
1.015926502376355733e+00 6.079888933507007811e-315
1.015965864236755722e+00 6.511438422570157023e-315
1.016011688024411885e+00 7.016131840409247745e-315
1.016065811022770493e+00 7.614017491495668166e-315
1.016130805426763706e+00 8.333215665534683258e-315
1.016210388384058083e+00 9.214434446874988355e-315
1.016310140801237605e+00 1.031890004124061034e-314
1.016438845119263634e+00 1.174314742134419870e-314
1.016611168115785668e+00 1.364876075171747665e-314
1.016853584067586747e+00 1.632825919176973080e-314
1.017219255256399224e+00 2.037140320636476059e-314
1.017832998690014534e+00 2.717126021146604145e-314
1.019073376385832397e+00 4.099763256785976678e-314
1.022883945483386903e+00 8.433231887534267190e-314
7.914818989839391694e-01 -3.239713095013827566e-314
1.008339737199921426e+00 -7.342491976823865940e-314
1.011796023843237080e+00 -3.770799209143157924e-314
1.012969934333318944e+00 -2.528948200605392296e-314
1.013559329130979902e+00 -1.898193914949478622e-314
1.013912532302408742e+00 -1.516636425652443317e-314
1.014146899122132739e+00 -1.261019005615888424e-314
1.014313032755986388e+00 -1.077863760087497748e-314
1.014436335675970247e+00 -9.402150845181645334e-315
1.014530959583594072e+00 -8.330115734631012149e-315
1.014605412430040543e+00 -7.471773714415345958e-315
1.014665116046425730e+00 -6.769175681654889659e-315
1.014713688399866420e+00 -6.183585629848292630e-315
1.014753635505608154e+00 -5.688126827580215855e-315
1.014786747484209162e+00 -5.263566079881780038e-315
1.014814336530753813e+00 -4.895777659626523723e-315
1.014837385818859961e+00 -4.574152717530838453e-315
1.014856645942725955e+00 -4.290569333146022269e-315
1.014872699261544442e+00 -4.038704093668677431e-315
1.014886003950696169e+00 -3.813560290892870787e-315
1.014896924849932658e+00 -3.611137465402912845e-315
1.014905755501813056e+00 -3.428194867704754825e-315
1.014912734178364806e+00 -3.262079320814321107e-315
1.014918055722001888e+00 -3.110597652507753024e-315
1.014921880418775180e+00 -2.971921414761608372e-315
1.014924340732627828e+00 -2.844513969544848165e-315
1.014925546474545026e+00 -2.727074437071315943e-315
1.014925588810510870e+00 -2.618494341539315201e-315
1.014924543396756862e+00 -2.517823026536400505e-315
1.014922472851129021e+00 -2.424240970553845605e-315
1.014919428713582761e+00 -2.337037336643696407e-315
1.014915453009165303e+00 -2.255593080314339662e-315
1.014910579498301102e+00 -2.179366251077539190e-315
1.014904834678403978e+00 -2.107880456015605487e-315
1.014898238585499657e+00 -2.040715294670492235e-315
1.014890805433107390e+00 -1.977498157554075341e-315
1.014882544117002405e+00 -1.917897966336420129e-315
1.014873458607892021e+00 -1.861619091897681029e-315
1.014863548248950309e+00 -1.808397041135013389e-315
1.014852807971164284e+00 -1.757994410564934031e-315
1.014841228436272891e+00 -1.710197329050671196e-315
1.014828796114501719e+00 -1.664812824432272211e-315
1.014815493302162697e+00 -1.621666180275398236e-315
1.014801298082364633e+00 -1.580598643406727560e-315
1.014786184230485944e+00 -1.541466159105902252e-315
1.014770121064589858e+00 -1.504136965005832910e-315
1.014753073239588410e+00 -1.468490948807359069e-315
1.014735000482570815e+00 -1.434417859761611253e-315
1.014715857265315435e+00 -1.401816760257144097e-315
1.014695592408475067e+00 -1.370594578207594026e-315
1.014674148610261284e+00 -1.340665553698155918e-315
1.014651461890565987e+00 -1.311950562115648295e-315
1.014627460939250270e+00 -1.284376279177571860e-315
1.014602066354761689e+00 -1.257874746154341147e-315
1.014575189756139695e+00 -1.232382757227883688e-315
1.014546732747741320e+00 -1.207841493883062081e-315
1.014516585711456198e+00 -1.184195877681677943e-315
1.014484626395570910e+00 -1.161394535677876704e-315
1.014450718262482898e+00 -1.139389143310838629e-315
1.014414708548766475e+00 -1.118134266303772158e-315
1.014376425980156649e+00 -1.097586886360893894e-315
1.014335678070156677e+00 -1.077706376464146311e-315
1.014292247913297640e+00 -1.058454095739368165e-315
1.014245890361360258e+00 -1.039792939856556778e-315
1.014196327441455381e+00 -1.021687459605623041e-315
1.014143242836482717e+00 -1.004103203789082444e-315
1.014086275197980447e+00 -9.870069464922521636e-316
1.014025009994348858e+00 -9.703657977650885470e-316
1.013958969507614327e+00 -9.541472382067823238e-316
1.013887600470354311e+00 -9.383187879417758905e-316
1.013810258668182307e+00 -9.228475520793691369e-316
1.013726189603222139e+00 -9.076998699271108988e-316
1.013634503991958091e+00 -8.928401588771876896e-316
1.013534146413823445e+00 -8.782312454304064141e-316
1.013423854768960464e+00 -8.638323345863899603e-316
1.013302107241585093e+00 -8.495988369206011559e-316
1.013167052034711357e+00 -8.354800662384331474e-316
1.013016412974398595e+00 -8.214175893959522905e-316
1.012847360729855151e+00 -8.073425385827847739e-316
1.012656334094279797e+00 -7.931712091972121735e-316
1.012438787173213450e+00 -7.787996794712882417e-316
1.012188823985536779e+00 -7.640955151086452322e-316
1.011898657292356063e+00 -7.488845530284676472e-316
1.011557784411286853e+00 -7.329321219302938115e-316
1.011151690855101482e+00 -7.159103894954822243e-316
1.010659732887645212e+00 -6.973444054780292369e-316
1.010051520663769020e+00 -6.765174090828871193e-316
1.009280397458887757e+00 -6.522891659686446922e-316
1.008270874698577790e+00 -6.227310019549443984e-316
1.006892292344744533e+00 -5.843068151046535601e-316
1.004897148500875081e+00 -5.297963399507611171e-316
1.001752889140741010e+00 -4.420094220204446598e-316
9.960656001132838222e-01 -2.689071248498502889e-316
9.826563528528357017e-01 2.348949343356088654e-316
9.125579356365587369e-01 5.264905724058509202e-315
1.108532953119087283e+00 1.461473872777856680e-315
1.047813598056828166e+00 -7.573150718202185081e-316
1.035152509342761595e+00 -8.293264835601368801e-316
1.029671190004522341e+00 -8.155960237723177993e-316
1.026611570253246564e+00 -7.943413443915096650e-316
1.024659145516130021e+00 -7.745454531179253121e-316
1.023305002069748726e+00 -7.571817383243753309e-316
1.022310676676954522e+00 -7.419761566190809571e-316
1.021549570155135367e+00 -7.285151454125343169e-316
1.020948237862545627e+00 -7.164445683311093216e-316
1.020461142713007030e+00 -7.054894976055211512e-316
1.020058549777712154e+00 -6.954413238981262562e-316
1.019720218995469496e+00 -6.861416645848373080e-316
1.019431895546070610e+00 -6.774692216089438223e-316
1.019183249792822599e+00 -6.693295098563351192e-316
1.018966613284748579e+00 -6.616485627591723055e-316
1.018776173646094296e+00 -6.543668454071315111e-316
1.018607445080050411e+00 -6.474365026017565528e-316
1.018456910351701161e+00 -6.408186414954068077e-316
1.018321772778388867e+00 -6.344808316190892564e-316
1.018199780713219926e+00 -6.283959141842520055e-316
1.018089100948797343e+00 -6.225412263997203172e-316
1.017988225839730587e+00 -6.168971835032930443e-316
1.017895904111512095e+00 -6.114471552453311705e-316
1.017811088595649727e+00 -6.061766556210986304e-316
1.017732896249526897e+00 -6.010730711346570971e-316
1.017660577219254403e+00 -5.961253890627607691e-316
1.017593490645907872e+00 -5.913237330331492800e-316
1.017531085560443138e+00 -5.866595013629285336e-316
1.017472885660900994e+00 -5.821247395952004858e-316
1.017418477081667438e+00 -5.777125505735491929e-316
1.017367498490455491e+00 -5.734165262665480939e-316
1.017319633012063296e+00 -5.692308910467973046e-316
