7.483213828254848821e-01
1.091302016620498749e+00
1.085066005096953168e+00
8.169175095844877221e-01
1.072593982049861783e+00
8.543335787257619884e-01
9.042216709141276398e-01
1.078829993573407364e+00
1.066357970526315979e+00
9.603457746260389838e-01
9.541097631024932912e-01
1.141190108808864512e+00
1.228494270138504429e+00
1.053885947479224594e+00
1.091302016620498749e+00
1.060121959002770398e+00
1.134954097285318708e+00
1.035177912908587405e+00
1.047649935955678790e+00
1.022705889861496020e+00
