-8.651155096093774421e-01
0.000000000000000000e+00
8.580324774306906654e-01
0.000000000000000000e+00
7.356689685527909583e-01
0.000000000000000000e+00
5.315530812888752399e-01
0.000000000000000000e+00
-7.343314653976030781e-01
0.000000000000000000e+00
-5.449497661098505752e-01
0.000000000000000000e+00
-3.298125356943109043e-01
0.000000000000000000e+00
3.167463741715634273e-01
0.000000000000000000e+00
1.008068059288355633e-01
0.000000000000000000e+00
-1.014639636573155396e-01
0.000000000000000000e+00
