1.010275459719517377e+00 0.000000000000000000e+00
1.010226767258000535e+00 0.000000000000000000e+00
1.010173584945214920e+00 0.000000000000000000e+00
1.010115326772737188e+00 0.000000000000000000e+00
1.010051305754271489e+00 0.000000000000000000e+00
1.009980711774563611e+00 0.000000000000000000e+00
1.009902583412121357e+00 0.000000000000000000e+00
1.009815771743230339e+00 0.000000000000000000e+00
1.009718893346468027e+00 0.000000000000000000e+00
1.009610268569970604e+00 0.000000000000000000e+00
1.009487839396096209e+00 0.000000000000000000e+00
1.009349058609093408e+00 0.000000000000000000e+00
1.009190737886412004e+00 0.000000000000000000e+00
1.009008835938971504e+00 0.000000000000000000e+00
1.008798157229402026e+00 0.000000000000000000e+00
1.008551914006501571e+00 0.000000000000000000e+00
1.008261073539491459e+00 0.000000000000000000e+00
1.007913356912751635e+00 0.000000000000000000e+00
1.007491651502661290e+00 0.000000000000000000e+00
1.006971393682973615e+00 0.000000000000000000e+00
1.006316048683867592e+00 0.000000000000000000e+00
1.005468852184323580e+00 0.000000000000000000e+00
1.004336631915665690e+00 0.000000000000000000e+00
1.002755165343993671e+00 0.000000000000000000e+00
1.000405720593982917e+00 0.000000000000000000e+00
9.965779031156100087e-01 0.000000000000000000e+00
9.893024028570064354e-01 0.000000000000000000e+00
9.703483553009903950e-01 0.000000000000000000e+00
8.040155096149949054e-01 0.000000000000000000e+00
1.086441134104933370e+00 0.000000000000000000e+00
1.044670641825046875e+00 0.000000000000000000e+00
1.033452162495039239e+00 0.000000000000000000e+00
1.028297453302325692e+00 0.000000000000000000e+00
1.025377093975690324e+00 0.000000000000000000e+00
1.023530520150635725e+00 0.000000000000000000e+00
1.022286875963757335e+00 0.000000000000000000e+00
1.021419810191568356e+00 0.000000000000000000e+00
1.020807914930218718e+00 0.000000000000000000e+00
1.020381209050046811e+00 0.000000000000000000e+00
1.020097627371578053e+00 0.000000000000000000e+00
1.019931673339374845e+00 0.000000000000000000e+00
1.019868618597469023e+00 0.000000000000000000e+00
1.019901520558832431e+00 0.000000000000000000e+00
1.020029866931379647e+00 0.000000000000000000e+00
1.020259355960664527e+00 0.000000000000000000e+00
1.020602719790179025e+00 0.000000000000000000e+00
1.021081838890427695e+00 0.000000000000000000e+00
1.021731866560570579e+00 0.000000000000000000e+00
1.022608982490777141e+00 0.000000000000000000e+00
1.023805436717949657e+00 0.000000000000000000e+00
1.025480789390704528e+00 0.000000000000000000e+00
1.027933597081237771e+00 0.000000000000000000e+00
1.031790877611840740e+00 0.000000000000000000e+00
1.038625510347652492e+00 0.000000000000000000e+00
1.053808698661122589e+00 0.000000000000000000e+00
1.115390594305642580e+00 0.000000000000000000e+00
8.169567451412307335e-01 0.000000000000000000e+00
9.630617229995607209e-01 0.000000000000000000e+00
9.843862089364073809e-01 0.000000000000000000e+00
9.929319342983680130e-01 0.000000000000000000e+00
9.975310953763443234e-01 0.000000000000000000e+00
1.000402951373748239e+00 0.000000000000000000e+00
1.002367118270902191e+00 0.000000000000000000e+00
1.003796730871367338e+00 0.000000000000000000e+00
1.004886078050145404e+00 0.000000000000000000e+00
1.005746356354453974e+00 0.000000000000000000e+00
1.006445876658249805e+00 0.000000000000000000e+00
1.007029006065319532e+00 0.000000000000000000e+00
1.007525906800272653e+00 0.000000000000000000e+00
1.007957902040146125e+00 0.000000000000000000e+00
1.008340604982713051e+00 0.000000000000000000e+00
1.008685834071443965e+00 0.000000000000000000e+00
1.009002837282968024e+00 0.000000000000000000e+00
1.009299108140557344e+00 0.000000000000000000e+00
1.009580954147949461e+00 0.000000000000000000e+00
1.009853913677391413e+00 0.000000000000000000e+00
1.010123082094888103e+00 0.000000000000000000e+00
1.010393388700652428e+00 0.000000000000000000e+00
1.010669856372004238e+00 0.000000000000000000e+00
1.010957872585015016e+00 0.000000000000000000e+00
1.011263502813454895e+00 0.000000000000000000e+00
1.011593885887942523e+00 0.000000000000000000e+00
1.011957768480708397e+00 0.000000000000000000e+00
1.012366268491230015e+00 0.000000000000000000e+00
1.012834017161540867e+00 0.000000000000000000e+00
1.013380943228206821e+00 0.000000000000000000e+00
1.014035186155406443e+00 0.000000000000000000e+00
1.014838091509702389e+00 0.000000000000000000e+00
1.015853280003711889e+00 0.000000000000000000e+00
1.017184296393903287e+00 0.000000000000000000e+00
1.019012103147663328e+00 0.000000000000000000e+00
1.021684481190228810e+00 0.000000000000000000e+00
1.025966355902145910e+00 0.000000000000000000e+00
1.033933891801511518e+00 0.000000000000000000e+00
1.053892931079530193e+00 0.000000000000000000e+00
1.193911513935615787e+00 0.000000000000000000e+00
9.139501417605006006e-01 0.000000000000000000e+00
9.698234922731302499e-01 0.000000000000000000e+00
9.837555913033242394e-01 0.000000000000000000e+00
9.900548017250181410e-01 0.000000000000000000e+00
9.936241172567702451e-01 0.000000000000000000e+00
9.959056268575828819e-01 0.000000000000000000e+00
9.974760422523621939e-01 0.000000000000000000e+00
9.986110223397702823e-01 0.000000000000000000e+00
9.994588223963173368e-01 0.000000000000000000e+00
1.000106161059167720e+00 0.000000000000000000e+00
1.000607034363765635e+00 0.000000000000000000e+00
1.000996707177234990e+00 0.000000000000000000e+00
1.001299072321032435e+00 0.000000000000000000e+00
1.001530773255590478e+00 0.000000000000000000e+00
1.001703633687643480e+00 0.000000000000000000e+00
1.001826149061828097e+00 0.000000000000000000e+00
1.001904432131438538e+00 0.000000000000000000e+00
1.001942826716607726e+00 0.000000000000000000e+00
1.001944311373824448e+00 0.000000000000000000e+00
1.001910764382410557e+00 0.000000000000000000e+00
1.001843132765033451e+00 0.000000000000000000e+00
1.001741530902529487e+00 0.000000000000000000e+00
1.001605283426719062e+00 0.000000000000000000e+00
1.001432919586932258e+00 0.000000000000000000e+00
1.001222120461467746e+00 0.000000000000000000e+00
1.000969615046905181e+00 0.000000000000000000e+00
1.000671015409945630e+00 0.000000000000000000e+00
1.000320573632492938e+00 0.000000000000000000e+00
9.999108327172055999e-01 0.000000000000000000e+00
9.994321275773976332e-01 0.000000000000000000e+00
9.988718666663972678e-01 0.000000000000000000e+00
9.982134824318237287e-01 0.000000000000000000e+00
9.974348659440517295e-01 0.000000000000000000e+00
9.965059709415700073e-01 0.000000000000000000e+00
9.953850300475325374e-01 0.000000000000000000e+00
9.940123514898997481e-01 0.000000000000000000e+00
9.922996822914752491e-01 0.000000000000000000e+00
9.901109475390499348e-01 0.000000000000000000e+00
9.872249406003760219e-01 0.000000000000000000e+00
9.832565868171989631e-01 0.000000000000000000e+00
9.774709397402873146e-01 0.000000000000000000e+00
9.682693434029335799e-01 0.000000000000000000e+00
9.513932791282739831e-01 0.000000000000000000e+00
9.104538343051299387e-01 0.000000000000000000e+00
6.669049496705343749e-01 0.000000000000000000e+00
1.241047201548617807e+00 0.000000000000000000e+00
1.095598187643388233e+00 0.000000000000000000e+00
1.062219321626764135e+00 0.000000000000000000e+00
1.047405434057269824e+00 0.000000000000000000e+00
1.039035773103352822e+00 0.000000000000000000e+00
1.033653832631425074e+00 0.000000000000000000e+00
1.029899262902063350e+00 0.000000000000000000e+00
1.027128031548976583e+00 0.000000000000000000e+00
1.024995740515060927e+00 0.000000000000000000e+00
1.023301484678541540e+00 0.000000000000000000e+00
1.021920126666998829e+00 0.000000000000000000e+00
1.020769613304770784e+00 0.000000000000000000e+00
1.019793859188853569e+00 0.000000000000000000e+00
1.018953182015328807e+00 0.000000000000000000e+00
1.018218667474301009e+00 0.000000000000000000e+00
1.017568699475612348e+00 0.000000000000000000e+00
1.016986741807310191e+00 0.000000000000000000e+00
1.016459872697634159e+00 0.000000000000000000e+00
1.015977788047770058e+00 0.000000000000000000e+00
1.015532104923269729e+00 0.000000000000000000e+00
1.015115862032149208e+00 0.000000000000000000e+00
1.014723151820138503e+00 0.000000000000000000e+00
1.014348841498424969e+00 0.000000000000000000e+00
1.013988354188115171e+00 0.000000000000000000e+00
1.013637489935456548e+00 0.000000000000000000e+00
1.013292271596049510e+00 0.000000000000000000e+00
1.012948803613805904e+00 0.000000000000000000e+00
1.012603133124111432e+00 0.000000000000000000e+00
1.012251102839176298e+00 0.000000000000000000e+00
1.011888183797262197e+00 0.000000000000000000e+00
1.011509272952251681e+00 0.000000000000000000e+00
1.011108435021037755e+00 0.000000000000000000e+00
1.010678558623381740e+00 0.000000000000000000e+00
1.010210881030127572e+00 0.000000000000000000e+00
1.009694309123201350e+00 0.000000000000000000e+00
1.009114417579945799e+00 0.000000000000000000e+00
1.008451921216773073e+00 0.000000000000000000e+00
1.007680260322481702e+00 0.000000000000000000e+00
1.006761625636895419e+00 0.000000000000000000e+00
1.005640096518162885e+00 0.000000000000000000e+00
1.004229101128014889e+00 0.000000000000000000e+00
1.002386831217382923e+00 0.000000000000000000e+00
9.998635292303345024e-01 0.000000000000000000e+00
9.961742453691891930e-01 0.000000000000000000e+00
9.902362053693688493e-01 0.000000000000000000e+00
9.790362777170916742e-01 0.000000000000000000e+00
9.498678234237593054e-01 0.000000000000000000e+00
6.811209132908033759e-01 0.000000000000000000e+00
1.122639189016669148e+00 0.000000000000000000e+00
1.061475853147061166e+00 0.000000000000000000e+00
1.044682072920023685e+00 0.000000000000000000e+00
1.036828526697078257e+00 0.000000000000000000e+00
1.032279106886191844e+00 0.000000000000000000e+00
1.029313952165641144e+00 0.000000000000000000e+00
1.027231419967504333e+00 0.000000000000000000e+00
1.025691756498153140e+00 0.000000000000000000e+00
1.024510478917421974e+00 0.000000000000000000e+00
1.023578821590838128e+00 0.000000000000000000e+00
1.022828559054184350e+00 0.000000000000000000e+00
1.022214784127430942e+00 0.000000000000000000e+00
1.021706789271656035e+00 0.000000000000000000e+00
1.021282928667280654e+00 0.000000000000000000e+00
1.020927573617510298e+00 0.000000000000000000e+00
1.020629232398285957e+00 0.000000000000000000e+00
1.020379349457744000e+00 0.000000000000000000e+00
1.020171517828239338e+00 0.000000000000000000e+00
1.020000952658232762e+00 0.000000000000000000e+00
1.019864136065518068e+00 0.000000000000000000e+00
1.019758579077869154e+00 0.000000000000000000e+00
1.019682667677823007e+00 0.000000000000000000e+00
1.019635573388787853e+00 0.000000000000000000e+00
1.019617218021351190e+00 0.000000000000000000e+00
1.019628289314131520e+00 0.000000000000000000e+00
1.019670310790437240e+00 0.000000000000000000e+00
1.019745776614444432e+00 0.000000000000000000e+00
1.019858372291422066e+00 0.000000000000000000e+00
1.020013317368538619e+00 0.000000000000000000e+00
1.020217891524102027e+00 0.000000000000000000e+00
1.020482249474388814e+00 0.000000000000000000e+00
1.020820710944818632e+00 0.000000000000000000e+00
1.021253867964409645e+00 0.000000000000000000e+00
1.021812170331208858e+00 0.000000000000000000e+00
1.022542344751944832e+00 0.000000000000000000e+00
1.023519642127751039e+00 0.000000000000000000e+00
1.024873171374023784e+00 0.000000000000000000e+00
1.026844149990388866e+00 0.000000000000000000e+00
1.029940737602226264e+00 0.000000000000000000e+00
1.035447592240579695e+00 0.000000000000000000e+00
1.047823821127769950e+00 0.000000000000000000e+00
1.100343454630685613e+00 0.000000000000000000e+00
8.769215015475176900e-01 0.000000000000000000e+00
9.770146729192079604e-01 0.000000000000000000e+00
9.930014321100616437e-01 0.000000000000000000e+00
9.995134984629728825e-01 0.000000000000000000e+00
1.003040864366403495e+00 0.000000000000000000e+00
1.005249087730158752e+00 0.000000000000000000e+00
1.006759631798411547e+00 0.000000000000000000e+00
1.007857163623137930e+00 0.000000000000000000e+00
1.008690492673687489e+00 0.000000000000000000e+00
1.009344991035858952e+00 0.000000000000000000e+00
1.009873156714219844e+00 0.000000000000000000e+00
1.010309064813539992e+00 0.000000000000000000e+00
1.010675816351096934e+00 0.000000000000000000e+00
1.010989648101607852e+00 0.000000000000000000e+00
1.011262329011427541e+00 0.000000000000000000e+00
1.011502623302471093e+00 0.000000000000000000e+00
1.011717219476417906e+00 0.000000000000000000e+00
1.011911340782718050e+00 0.000000000000000000e+00
1.012089159019298856e+00 0.000000000000000000e+00
1.012254083391579851e+00 0.000000000000000000e+00
1.012408968210823934e+00 0.000000000000000000e+00
1.012556267106845098e+00 0.000000000000000000e+00
1.012698151904658284e+00 0.000000000000000000e+00
1.012836608600752752e+00 0.000000000000000000e+00
1.012973519475578232e+00 0.000000000000000000e+00
1.013110738481910467e+00 0.000000000000000000e+00
1.013250166236038918e+00 0.000000000000000000e+00
1.013393831049997695e+00 0.000000000000000000e+00
1.013543983528646164e+00 0.000000000000000000e+00
1.013703214598654201e+00 0.000000000000000000e+00
1.013874611058395825e+00 0.000000000000000000e+00
1.014061970037085425e+00 0.000000000000000000e+00
1.014270106409840055e+00 0.000000000000000000e+00
1.014505309670692856e+00 0.000000000000000000e+00
1.014776047980169293e+00 0.000000000000000000e+00
1.015094096060858986e+00 0.000000000000000000e+00
1.015476422884290741e+00 0.000000000000000000e+00
1.015948516847788641e+00 0.000000000000000000e+00
1.016550616435058618e+00 0.000000000000000000e+00
1.017350318809218557e+00 0.000000000000000000e+00
1.018470756496776097e+00 0.000000000000000000e+00
1.020162587176564717e+00 0.000000000000000000e+00
1.023027093618094296e+00 0.000000000000000000e+00
1.028959589185270751e+00 0.000000000000000000e+00
1.048687248154948959e+00 0.000000000000000000e+00
7.899854366956206020e-01 0.000000000000000000e+00
9.845111638021296629e-01 0.000000000000000000e+00
9.973821222824906796e-01 0.000000000000000000e+00
1.002062498941885593e+00 0.000000000000000000e+00
1.004484392100740697e+00 0.000000000000000000e+00
1.005964950321583062e+00 0.000000000000000000e+00
1.006963467429454084e+00 0.000000000000000000e+00
1.007681977217636415e+00 0.000000000000000000e+00
1.008223237881754164e+00 0.000000000000000000e+00
1.008645024855338246e+00 0.000000000000000000e+00
1.008982302341332460e+00 0.000000000000000000e+00
1.009257454372191498e+00 0.000000000000000000e+00
1.009485459257633000e+00 0.000000000000000000e+00
1.009676700680744776e+00 0.000000000000000000e+00
1.009838585069934958e+00 0.000000000000000000e+00
1.009976516857566287e+00 0.000000000000000000e+00
1.010094509788312722e+00 0.000000000000000000e+00
1.010195582543389037e+00 0.000000000000000000e+00
1.010282021466195834e+00 0.000000000000000000e+00
1.010355558448985169e+00 0.000000000000000000e+00
1.010417492787119231e+00 0.000000000000000000e+00
1.010468774691179350e+00 0.000000000000000000e+00
1.010510061468012033e+00 0.000000000000000000e+00
1.010541753186744884e+00 0.000000000000000000e+00
1.010564011853825495e+00 0.000000000000000000e+00
1.010576766096341839e+00 0.000000000000000000e+00
1.010579701683395060e+00 0.000000000000000000e+00
1.010572236585899120e+00 0.000000000000000000e+00
1.010553477377833076e+00 0.000000000000000000e+00
1.010522151228250287e+00 0.000000000000000000e+00
1.010476503932653092e+00 0.000000000000000000e+00
1.010414148381860722e+00 0.000000000000000000e+00
1.010331837743629002e+00 0.000000000000000000e+00
1.010225119950411754e+00 0.000000000000000000e+00
1.010087797846358715e+00 0.000000000000000000e+00
1.009911057753608343e+00 0.000000000000000000e+00
1.009682005121029791e+00 0.000000000000000000e+00
1.009381079781766832e+00 0.000000000000000000e+00
1.008977208110202861e+00 0.000000000000000000e+00
1.008417989327422770e+00 0.000000000000000000e+00
1.007607764448959387e+00 0.000000000000000000e+00
1.006351595893234752e+00 0.000000000000000000e+00
1.004181733505114860e+00 0.000000000000000000e+00
9.996244000765813764e-01 0.000000000000000000e+00
9.843533198751371893e-01 0.000000000000000000e+00
1.188571281947463643e+00 0.000000000000000000e+00
1.034489896660084174e+00 0.000000000000000000e+00
1.024486387498744877e+00 0.000000000000000000e+00
1.020891672527155736e+00 0.000000000000000000e+00
1.019062348696226916e+00 0.000000000000000000e+00
1.017968961742075074e+00 0.000000000000000000e+00
1.017252884152106907e+00 0.000000000000000000e+00
1.016756535287891783e+00 0.000000000000000000e+00
1.016399894415781047e+00 0.000000000000000000e+00
1.016138082831920419e+00 0.000000000000000000e+00
1.015944048549348278e+00 0.000000000000000000e+00
1.015800579847001783e+00 0.000000000000000000e+00
1.015696268933860891e+00 0.000000000000000000e+00
1.015623321931893974e+00 0.000000000000000000e+00
1.015576301833065465e+00 0.000000000000000000e+00
1.015551373900085652e+00 0.000000000000000000e+00
1.015545836621092324e+00 0.000000000000000000e+00
1.015557822864651794e+00 0.000000000000000000e+00
1.015586107144112793e+00 0.000000000000000000e+00
1.015629982197722381e+00 0.000000000000000000e+00
1.015689183381341065e+00 0.000000000000000000e+00
1.015763848418266502e+00 0.000000000000000000e+00
1.015854505798852836e+00 0.000000000000000000e+00
1.015962089181605466e+00 0.000000000000000000e+00
1.016087978498168232e+00 0.000000000000000000e+00
1.016234071827234020e+00 0.000000000000000000e+00
1.016402896173012937e+00 0.000000000000000000e+00
1.016597770951481294e+00 0.000000000000000000e+00
1.016823046627828742e+00 0.000000000000000000e+00
1.017084454932766002e+00 0.000000000000000000e+00
1.017389630776828424e+00 0.000000000000000000e+00
1.017748907823220028e+00 0.000000000000000000e+00
1.018176566822056373e+00 0.000000000000000000e+00
1.018692864984519941e+00 0.000000000000000000e+00
1.019327479459142261e+00 0.000000000000000000e+00
1.020125662529015154e+00 0.000000000000000000e+00
1.021159973743353655e+00 0.000000000000000000e+00
1.022554530914156379e+00 0.000000000000000000e+00
1.024540735644081657e+00 0.000000000000000000e+00
1.027605289233683772e+00 0.000000000000000000e+00
1.032976824101355051e+00 0.000000000000000000e+00
1.044911909493318802e+00 0.000000000000000000e+00
1.095009500334302777e+00 0.000000000000000000e+00
8.799182346145497657e-01 0.000000000000000000e+00
9.772588413086737980e-01 0.000000000000000000e+00
9.927804865717169136e-01 0.000000000000000000e+00
9.991684112236388637e-01 0.000000000000000000e+00
1.002689533868918126e+00 0.000000000000000000e+00
1.004950144695520020e+00 0.000000000000000000e+00
1.006550196708078104e+00 0.000000000000000000e+00
1.007765630325955675e+00 0.000000000000000000e+00
1.008742090619345166e+00 0.000000000000000000e+00
1.009564805318326819e+00 0.000000000000000000e+00
1.010288203975210575e+00 0.000000000000000000e+00
1.010950112090860165e+00 0.000000000000000000e+00
1.011579338517524906e+00 0.000000000000000000e+00
1.012200258050409252e+00 0.000000000000000000e+00
1.012836082637918356e+00 0.000000000000000000e+00
1.013511801680177626e+00 0.000000000000000000e+00
1.014257604110693434e+00 0.000000000000000000e+00
1.015113833690779233e+00 0.000000000000000000e+00
1.016139369402307757e+00 0.000000000000000000e+00
1.017427543595015749e+00 0.000000000000000000e+00
1.019139836689884726e+00 0.000000000000000000e+00
1.021586730964402889e+00 0.000000000000000000e+00
1.025457185472840926e+00 0.000000000000000000e+00
1.032657636022904724e+00 0.000000000000000000e+00
1.051152833553480770e+00 0.000000000000000000e+00
1.212468574777457953e+00 0.000000000000000000e+00
9.392888098139191566e-01 0.000000000000000000e+00
9.797896744169861671e-01 0.000000000000000000e+00
9.907949231680305280e-01 0.000000000000000000e+00
9.959468861927627259e-01 0.000000000000000000e+00
9.989461539421359282e-01 0.000000000000000000e+00
1.000915740491768791e+00 0.000000000000000000e+00
1.002312576818283008e+00 0.000000000000000000e+00
1.003357651743643553e+00 0.000000000000000000e+00
1.004170939393767670e+00 0.000000000000000000e+00
1.004823230455722527e+00 0.000000000000000000e+00
1.005359015243817433e+00 0.000000000000000000e+00
1.005807675441213078e+00 0.000000000000000000e+00
1.006189406976906398e+00 0.000000000000000000e+00
1.006518557716832074e+00 0.000000000000000000e+00
1.006805607355199417e+00 0.000000000000000000e+00
1.007058393172688637e+00 0.000000000000000000e+00
1.007282896892970125e+00 0.000000000000000000e+00
1.007483765743528270e+00 0.000000000000000000e+00
1.007664666947409637e+00 0.000000000000000000e+00
1.007828534671120879e+00 0.000000000000000000e+00
1.007977745694430327e+00 0.000000000000000000e+00
1.008114246728389007e+00 0.000000000000000000e+00
1.008239648246602949e+00 0.000000000000000000e+00
1.008355294688709325e+00 0.000000000000000000e+00
1.008462317709413414e+00 0.000000000000000000e+00
1.008561677074251817e+00 0.000000000000000000e+00
1.008654192428148466e+00 0.000000000000000000e+00
1.008740568233622570e+00 0.000000000000000000e+00
1.008821413537081435e+00 0.000000000000000000e+00
1.008897257776261380e+00 0.000000000000000000e+00
