1.012226365595567890e+00
1.003323461689750618e+00
1.046372946398892001e+00
1.011437500692520697e+00
1.013578705429362792e+00
1.004563106537396111e+00
1.009859770886426533e+00
1.015043740249307325e+00
9.964490675346260318e-01
1.006929701246537245e+00
1.004788496509695150e+00
9.916031831301937993e-01
1.003774241634348918e+00
9.869826886980609393e-01
1.004112326592797810e+00
9.863065187811633772e-01
9.868699937119113086e-01
1.009408990941828232e+00
9.874334686426592400e-01
9.999426121052631400e-01
9.892365884210525540e-01
1.005464666426592713e+00
9.927301329916896622e-01
1.015494520193905847e+00
9.939697778393351557e-01
9.892365884210525540e-01
9.823621942659279682e-01
9.950967277008310186e-01
9.990410522160664275e-01
9.914904881440442797e-01
1.010535940803324095e+00
1.003548851662049879e+00
1.003436156675900248e+00
9.937443878670360053e-01
9.961109825761772507e-01
1.001745731883656454e+00
9.957728976177284697e-01
9.911524031855954986e-01
9.860811288088642268e-01
9.949840327146813879e-01
1.007718566149584438e+00
1.003886936620498549e+00
9.888985034626037729e-01
1.001633036897506823e+00
1.013916790387811684e+00
1.019889624653739446e+00
1.016283385096952818e+00
9.882223335457063218e-01
9.950967277008310186e-01
1.011775585650969367e+00
1.028567138587257457e+00
9.902508432963987861e-01
9.874334686426592400e-01
1.007493176177285177e+00
1.037131957534626059e+00
1.020340404598337969e+00
1.050429965900276930e+00
1.081646477063711753e+00
1.170562821135733955e+00
1.221050174930747856e+00
1.136867020277008145e+00
1.078265627479224387e+00
1.043668266731301975e+00
1.014705655290858655e+00
1.026764018808864254e+00
1.003548851662049879e+00
9.984775772853184961e-01
1.017748419916897351e+00
9.877715536011080211e-01
1.004337716565096850e+00
1.014705655290858655e+00
9.856303488642659261e-01
1.016170690110803188e+00
1.016508775069252080e+00
9.935189978947367440e-01
1.020903879529085900e+00
1.014705655290858655e+00
9.914904881440442797e-01
1.003548851662049879e+00
1.000506087036010960e+00
9.990410522160664275e-01
9.929555229639888125e-01
1.002421901800554016e+00
9.907016232409971979e-01
9.952094226869805382e-01
1.008394736066482000e+00
9.972379324376731136e-01
1.002759986759002686e+00
1.002759986759002686e+00
1.005013886481994412e+00
1.012789840526315821e+00
9.992664421883655779e-01
9.998299171191135093e-01
1.015607215180055256e+00
1.006817006260387837e+00
1.019551539695290776e+00
1.005802751385041383e+00
1.008620126038781040e+00
1.006478921301938945e+00
1.002534596786703647e+00
1.001971121855955715e+00
9.916031831301937993e-01
1.002647291772853055e+00
1.020340404598337969e+00
1.015607215180055256e+00
1.028567138587257457e+00
1.044569826620498576e+00
1.050993440831024861e+00
1.068348468698060882e+00
1.115905752853185495e+00
1.099339589889196667e+00
1.099226894903047036e+00
1.079956052271468181e+00
1.074433997950138497e+00
1.045922166454293478e+00
1.022143524376731172e+00
1.034878057811634333e+00
1.001971121855955715e+00
1.018311894847645283e+00
1.028567138587257457e+00
9.950967277008310186e-01
1.009408990941828232e+00
1.002309206814404385e+00
1.006366226315789314e+00
1.028341748614958417e+00
9.976887123822714143e-01
1.006028141357340644e+00
1.013804095401662053e+00
9.968998474792243325e-01
9.962236775623267704e-01
1.000956866980609261e+00
1.029581393462603911e+00
1.013691400415512422e+00
1.001745731883656454e+00
9.955475076454293193e-01
1.015719910166204887e+00
1.015945300138504148e+00
9.872080786703600896e-01
1.007380481191135768e+00
1.007267786204986137e+00
1.011324805706371066e+00
9.937443878670360053e-01
9.994918321606647282e-01
9.795448196121883111e-01
9.930682179501384432e-01
1.012451755567866929e+00
1.006028141357340644e+00
1.001971121855955715e+00
1.012339060581717298e+00
1.014931045263157916e+00
1.021129269501384940e+00
1.006140836343490275e+00
9.992664421883655779e-01
1.007718566149584438e+00
9.847287889750692136e-01
1.006366226315789314e+00
9.860811288088642268e-01
1.003098071717451356e+00
1.004450411551246480e+00
1.000731477008310222e+00
9.925047430193905118e-01
9.932936079224375936e-01
1.002083816842105124e+00
9.990410522160664275e-01
9.996045271468143589e-01
9.991537472022160582e-01
9.916031831301937993e-01
1.003886936620498549e+00
1.011099415734072027e+00
1.003323461689750618e+00
9.900254533240996357e-01
1.016170690110803188e+00
9.893492834072021846e-01
9.870953836842104590e-01
9.868699937119113086e-01
9.993791371745152086e-01
1.004563106537396111e+00
9.983648822991688654e-01
9.920539630747922111e-01
9.987029672576176464e-01
1.015494520193905847e+00
9.762766650138503532e-01
9.869826886980609393e-01
1.019551539695290776e+00
1.004225021578947219e+00
1.023045084265927995e+00
1.016057995124653779e+00
9.999426121052631400e-01
9.828129742105262689e-01
1.002985376731301947e+00
1.004337716565096850e+00
1.005351971440443082e+00
1.018199199861495874e+00
1.006817006260387837e+00
9.944205577839334564e-01
9.959982875900276200e-01
1.003774241634348918e+00
1.020227709612188338e+00
1.003774241634348918e+00
1.003999631606648180e+00
1.010197855844875203e+00
1.003999631606648180e+00
1.028905223545706349e+00
1.041527061994459880e+00
1.033300328005540170e+00
1.049077626066482027e+00
1.075335557839335099e+00
1.106664763988919553e+00
1.104523559252077458e+00
1.076124422742382292e+00
1.048288761163434835e+00
1.046372946398892001e+00
1.020565794570637008e+00
1.025975153905817061e+00
1.017410334958448681e+00
1.016283385096952818e+00
1.005802751385041383e+00
1.027214798753462555e+00
9.940824728254846754e-01
9.914904881440442797e-01
1.002534596786703647e+00
1.012000975623268628e+00
1.003323461689750618e+00
9.998299171191135093e-01
1.002421901800554016e+00
1.003999631606648180e+00
1.014931045263157916e+00
9.998299171191135093e-01
9.964490675346260318e-01
1.004563106537396111e+00
1.017410334958448681e+00
1.010986720747922396e+00
1.023721254182825335e+00
1.015156435235456955e+00
1.005802751385041383e+00
1.002534596786703647e+00
9.898000633518004854e-01
1.006591616288088575e+00
1.008732821024930670e+00
9.999426121052631400e-01
1.008169346094182739e+00
9.848414839612187333e-01
1.002083816842105124e+00
1.012000975623268628e+00
9.975760173961217836e-01
9.953221176731301689e-01
9.949840327146813879e-01
9.860811288088642268e-01
9.930682179501384432e-01
9.746989352077561897e-01
1.003661546648199288e+00
1.001971121855955715e+00
9.882223335457063218e-01
9.970125424653738522e-01
1.002196511828254755e+00
9.970125424653738522e-01
9.978014073684210450e-01
9.957728976177284697e-01
9.936316928808863747e-01
9.797702095844874615e-01
9.763893599999999839e-01
1.006478921301938945e+00
1.012000975623268628e+00
9.911524031855954986e-01
1.012000975623268628e+00
9.954348126592796886e-01
1.013015230498614860e+00
9.892365884210525540e-01
1.014142180360110723e+00
1.001069561966758892e+00
9.949840327146813879e-01
1.016396080083102449e+00
1.002872681745152317e+00
1.010761330775623135e+00
9.966744575069251821e-01
9.934063029085872243e-01
1.005239276454293673e+00
1.018649979806094175e+00
1.001971121855955715e+00
9.967871524930747018e-01
1.006140836343490275e+00
1.008056651108033108e+00
1.009070905983379340e+00
1.003774241634348918e+00
9.987029672576176464e-01
1.024397424099722897e+00
9.940824728254846754e-01
1.014705655290858655e+00
1.019776929667590037e+00
9.965617625207755514e-01
1.010197855844875203e+00
1.015832605152354517e+00
1.005239276454293673e+00
1.010874025761772765e+00
1.028229053628808787e+00
1.016508775069252080e+00
1.012000975623268628e+00
1.028116358642659156e+00
1.034539972853185441e+00
1.029694088448753320e+00
1.012226365595567890e+00
1.033074938033240908e+00
1.037019262548476428e+00
1.033638412963988840e+00
1.037695432465373990e+00
1.058318614930747970e+00
1.018762674792243805e+00
1.020565794570637008e+00
1.020002319639889077e+00
1.041188977036010987e+00
1.044907911578947246e+00
1.028003663656509525e+00
1.045809471468144070e+00
1.000618782022160591e+00
1.046936421329639932e+00
1.014705655290858655e+00
1.026425933850415362e+00
1.022594304321329473e+00
1.028905223545706349e+00
1.041639756980609288e+00
1.011324805706371066e+00
1.001069561966758892e+00
1.018086504875346243e+00
9.980267973407201954e-01
1.025862458919667430e+00
9.991537472022160582e-01
9.925047430193905118e-01
1.000168002077562290e+00
9.989283572299167968e-01
1.012789840526315821e+00
9.959982875900276200e-01
1.028341748614958417e+00
1.010535940803324095e+00
9.866446037396121582e-01
1.013353315457063752e+00
1.009747075900276903e+00
9.830383641828254193e-01
1.009634380914127272e+00
1.001294951939058153e+00
1.010874025761772765e+00
9.965617625207755514e-01
1.005577361412742343e+00
1.014592960304709024e+00
1.006817006260387837e+00
1.010648635789473726e+00
1.006366226315789314e+00
1.002421901800554016e+00
1.020565794570637008e+00
1.007380481191135768e+00
1.012451755567866929e+00
1.009521685927977863e+00
9.973506274238226332e-01
1.004112326592797810e+00
1.000844171994459852e+00
1.010986720747922396e+00
1.003548851662049879e+00
1.003098071717451356e+00
1.017973809889196612e+00
9.952094226869805382e-01
9.879969435734071714e-01
1.021016574515235309e+00
1.012000975623268628e+00
1.014705655290858655e+00
1.016057995124653779e+00
1.008620126038781040e+00
1.002309206814404385e+00
1.011099415734072027e+00
9.979141023545705647e-01
9.962236775623267704e-01
9.984775772853184961e-01
1.011212110720221657e+00
9.982521873130193457e-01
1.018988064764542845e+00
1.022819694293628734e+00
1.022481609335180064e+00
1.008056651108033108e+00
9.931809129362880739e-01
1.002421901800554016e+00
1.009634380914127272e+00
1.000055307091412660e+00
1.005013886481994412e+00
1.002534596786703647e+00
1.007831261135734069e+00
1.001407646925207784e+00
1.012677145540166190e+00
1.001858426869806085e+00
9.955475076454293193e-01
9.858557388365650764e-01
1.010423245817174465e+00
9.955475076454293193e-01
9.811225494182824747e-01
1.002759986759002686e+00
1.003210766703600987e+00
9.821368042936287068e-01
1.001294951939058153e+00
1.000731477008310222e+00
9.907016232409971979e-01
9.876588586149583904e-01
9.921666580609417307e-01
1.003548851662049879e+00
9.919412680886425804e-01
9.888985034626037729e-01
9.978014073684210450e-01
1.006704311274238206e+00
9.836018391135733507e-01
1.010761330775623135e+00
1.002759986759002686e+00
9.976887123822714143e-01
9.928428279778392929e-01
9.921666580609417307e-01
1.015945300138504148e+00
1.002196511828254755e+00
1.004675801523545742e+00
1.002985376731301947e+00
9.983648822991688654e-01
9.886731134903046225e-01
9.838272290858725011e-01
9.956602026315788390e-01
1.011662890664819958e+00
1.018424589833794913e+00
1.000956866980609261e+00
9.979141023545705647e-01
9.950967277008310186e-01
9.930682179501384432e-01
9.965617625207755514e-01
9.998299171191135093e-01
1.007493176177285177e+00
9.989283572299167968e-01
1.002985376731301947e+00
1.017410334958448681e+00
1.002759986759002686e+00
9.918285731024930607e-01
1.009972465872576164e+00
1.002421901800554016e+00
9.753751051246536408e-01
1.001182256952908523e+00
9.956602026315788390e-01
1.010648635789473726e+00
1.005802751385041383e+00
1.002083816842105124e+00
9.943078627977838257e-01
1.003774241634348918e+00
9.824748892520774879e-01
9.978014073684210450e-01
1.003098071717451356e+00
1.005464666426592713e+00
1.009296295955678602e+00
1.025975153905817061e+00
9.751497151523544904e-01
1.004450411551246480e+00
1.016508775069252080e+00
9.972379324376731136e-01
9.990410522160664275e-01
1.005464666426592713e+00
1.012789840526315821e+00
9.921666580609417307e-01
1.003436156675900248e+00
1.016846860027700750e+00
1.023270474238227035e+00
9.927301329916896622e-01
1.016396080083102449e+00
9.936316928808863747e-01
1.012677145540166190e+00
1.000618782022160591e+00
1.010761330775623135e+00
1.012902535512465230e+00
9.787559547091412293e-01
1.024397424099722897e+00
1.014254875346260354e+00
1.032511463102492977e+00
1.023270474238227035e+00
9.993791371745152086e-01
1.010423245817174465e+00
1.008732821024930670e+00
1.004901191495844781e+00
1.017748419916897351e+00
9.978014073684210450e-01
1.012339060581717298e+00
9.944205577839334564e-01
1.008394736066482000e+00
1.008394736066482000e+00
9.863065187811633772e-01
9.914904881440442797e-01
1.011212110720221657e+00
1.010197855844875203e+00
1.015269130221606586e+00
1.013240620470914122e+00
1.017748419916897351e+00
1.003886936620498549e+00
1.023383169224376665e+00
9.999426121052631400e-01
1.002872681745152317e+00
9.898000633518004854e-01
9.987029672576176464e-01
1.017297639972299050e+00
1.017072250000000011e+00
1.007831261135734069e+00
9.943078627977838257e-01
1.011550195678670327e+00
1.001407646925207784e+00
1.015381825207756217e+00
9.996045271468143589e-01
1.000731477008310222e+00
1.024059339141274227e+00
9.943078627977838257e-01
1.010535940803324095e+00
9.939697778393351557e-01
1.003886936620498549e+00
1.009634380914127272e+00
1.003886936620498549e+00
9.982521873130193457e-01
9.997172221329638786e-01
1.003999631606648180e+00
1.016846860027700750e+00
1.010197855844875203e+00
9.840526190581716515e-01
9.864192137673130079e-01
9.964490675346260318e-01
1.000731477008310222e+00
9.971252374515234829e-01
1.012564450554016560e+00
1.000956866980609261e+00
1.006929701246537245e+00
1.021580049445983240e+00
9.976887123822714143e-01
9.946459477562326068e-01
1.000393392049861330e+00
1.006140836343490275e+00
9.992664421883655779e-01
1.000956866980609261e+00
1.001069561966758892e+00
1.002759986759002686e+00
9.859684338227145961e-01
9.908143182271467175e-01
1.003436156675900248e+00
1.004112326592797810e+00
1.001745731883656454e+00
9.952094226869805382e-01
1.008169346094182739e+00
1.004675801523545742e+00
1.001294951939058153e+00
1.004675801523545742e+00
1.006591616288088575e+00
1.010648635789473726e+00
1.016959555013850380e+00
1.025975153905817061e+00
9.955475076454293193e-01
9.989283572299167968e-01
1.003323461689750618e+00
1.030032173407202212e+00
1.001182256952908523e+00
1.009859770886426533e+00
1.018424589833794913e+00
1.028454443601108048e+00
1.007267786204986137e+00
1.031271818254847483e+00
1.005239276454293673e+00
1.009859770886426533e+00
1.005239276454293673e+00
1.015381825207756217e+00
1.003436156675900248e+00
1.013015230498614860e+00
1.025975153905817061e+00
1.031497208227146745e+00
1.029806783434902950e+00
1.009972465872576164e+00
1.041076282049861357e+00
1.004563106537396111e+00
1.026538628836564992e+00
1.013916790387811684e+00
1.019664234681440407e+00
1.014142180360110723e+00
1.036568482603878127e+00
1.009521685927977863e+00
1.009183600969528971e+00
1.018311894847645283e+00
1.027327493739612185e+00
9.964490675346260318e-01
1.007718566149584438e+00
1.016057995124653779e+00
1.019100759750692475e+00
1.016396080083102449e+00
1.002647291772853055e+00
9.959982875900276200e-01
1.008732821024930670e+00
9.869826886980609393e-01
1.001745731883656454e+00
1.019213454736842106e+00
9.820241093074791872e-01
1.018762674792243805e+00
1.006591616288088575e+00
1.015156435235456955e+00
9.982521873130193457e-01
9.961109825761772507e-01
1.009183600969528971e+00
9.929555229639888125e-01
1.001745731883656454e+00
9.972379324376731136e-01
1.009183600969528971e+00
1.005126581468144042e+00
9.938570828531855250e-01
1.003436156675900248e+00
1.012451755567866929e+00
1.001520341911357193e+00
9.904762332686980475e-01
9.870953836842104590e-01
1.014367570332409985e+00
9.876588586149583904e-01
9.799955995567866118e-01
1.001745731883656454e+00
1.000055307091412660e+00
1.011099415734072027e+00
1.000618782022160591e+00
1.005013886481994412e+00
9.975760173961217836e-01
9.963363725484764011e-01
1.016621470055401710e+00
9.802209895290857622e-01
1.003436156675900248e+00
9.949840327146813879e-01
