9.651365499999999820e-01
9.651184200000000324e-01
9.650083299999999698e-01
9.648242799999999786e-01
9.648202799999999746e-01
9.643375100000000089e-01
9.646803400000000250e-01
9.644439500000000498e-01
9.644029699999999705e-01
9.640503599999999951e-01
9.640732600000000430e-01
9.639313600000000148e-01
9.638096299999999728e-01
9.637288400000000310e-01
9.633969500000000297e-01
9.631988999999999690e-01
9.633484100000000439e-01
9.632025699999999802e-01
9.630789800000000289e-01
9.628714800000000018e-01
9.626926999999999568e-01
9.627829900000000052e-01
9.623750699999999991e-01
9.622688200000000247e-01
9.621338499999999572e-01
9.618905300000000214e-01
9.616423800000000188e-01
9.616809600000000291e-01
9.615238900000000477e-01
9.611328599999999778e-01
9.611943200000000465e-01
9.609795899999999946e-01
9.608292099999999891e-01
9.605672600000000338e-01
9.605034900000000153e-01
9.602360199999999679e-01
9.601724200000000264e-01
9.598613200000000178e-01
9.597769800000000018e-01
9.596947000000000116e-01
9.593518899999999849e-01
9.590617700000000356e-01
9.590440599999999760e-01
9.585622200000000204e-01
9.584053700000000342e-01
9.582532299999999559e-01
9.578464599999999551e-01
9.576207399999999703e-01
9.575397799999999515e-01
9.570897299999999719e-01
9.567562299999999853e-01
9.565965199999999502e-01
9.562653500000000140e-01
9.559042599999999501e-01
9.555833500000000535e-01
9.550212700000000332e-01
9.547086000000000183e-01
9.545000000000000151e-01
9.539418400000000409e-01
9.535978999999999983e-01
9.530140099999999670e-01
9.525046400000000135e-01
9.519666799999999540e-01
9.511478700000000064e-01
9.504280299999999793e-01
9.497297099999999492e-01
9.488789800000000385e-01
9.477688199999999563e-01
9.466029500000000541e-01
9.451378099999999671e-01
9.434553199999999862e-01
9.414463699999999768e-01
9.388279499999999667e-01
9.356233499999999648e-01
9.322110599999999803e-01
9.313466599999999929e-01
9.588291399999999687e-01
1.074458789999999997e+00
1.052719959999999899e+00
1.014762839999999944e+00
9.959579299999999913e-01
9.857248299999999963e-01
9.791075399999999984e-01
9.747084400000000093e-01
9.714195799999999492e-01
9.690617799999999837e-01
9.669377900000000192e-01
9.655296399999999668e-01
9.641156499999999907e-01
9.629186299999999976e-01
9.617177900000000168e-01
9.609345200000000142e-01
9.602056300000000322e-01
9.594070399999999887e-01
9.587510200000000093e-01
9.580528299999999664e-01
9.574093000000000186e-01
9.568078599999999545e-01
9.561309799999999637e-01
9.557350900000000093e-01
9.552425399999999733e-01
9.546137000000000095e-01
9.540339500000000195e-01
9.535182899999999906e-01
9.532257200000000541e-01
9.525426000000000171e-01
9.522476500000000010e-01
9.516758899999999688e-01
9.511936899999999806e-01
9.506577499999999681e-01
9.502025499999999791e-01
9.496341099999999757e-01
9.492173400000000205e-01
9.486650899999999886e-01
9.482774499999999662e-01
9.477799900000000166e-01
9.473100500000000146e-01
9.466697800000000163e-01
9.462762599999999802e-01
9.458591499999999819e-01
9.451887900000000009e-01
9.445997200000000316e-01
9.439766600000000230e-01
9.434097599999999861e-01
9.428529300000000335e-01
9.422483799999999965e-01
9.415341200000000299e-01
9.412028000000000061e-01
9.404388399999999981e-01
9.398587099999999861e-01
9.391789000000000387e-01
9.385219200000000095e-01
9.377505000000000424e-01
9.369564999999999699e-01
9.363466499999999471e-01
9.356577200000000261e-01
9.347698599999999525e-01
9.338484700000000416e-01
9.330552699999999922e-01
9.323384399999999905e-01
9.312966499999999481e-01
9.304936799999999897e-01
9.295421900000000459e-01
9.283758500000000025e-01
9.274745699999999982e-01
9.266172700000000484e-01
9.253372699999999895e-01
9.242834199999999667e-01
9.230885599999999469e-01
9.218051499999999621e-01
9.205505499999999675e-01
9.192882300000000395e-01
9.178095299999999845e-01
9.163429800000000292e-01
9.147258999999999807e-01
9.132780900000000424e-01
9.115241299999999880e-01
9.096625699999999481e-01
9.078009700000000404e-01
9.056026400000000143e-01
9.036825099999999944e-01
9.016337399999999613e-01
8.991944899999999574e-01
8.967120600000000330e-01
8.939283599999999774e-01
8.913052599999999881e-01
8.882066299999999970e-01
8.849053999999999531e-01
8.813260800000000117e-01
8.775250199999999889e-01
8.735407600000000272e-01
8.691968300000000314e-01
8.642301100000000513e-01
8.590112800000000437e-01
8.533857799999999827e-01
8.470916699999999633e-01
8.400874799999999976e-01
8.323943599999999998e-01
8.239189700000000283e-01
8.145156300000000460e-01
8.039086100000000235e-01
7.920657399999999626e-01
7.792187099999999811e-01
7.647433599999999831e-01
7.494946099999999500e-01
7.336183899999999536e-01
7.199632799999999833e-01
7.126892099999999619e-01
7.223057400000000294e-01
7.700885600000000331e-01
8.866424600000000211e-01
1.081203370000000108e+00
1.288378199999999918e+00
1.412252709999999967e+00
1.439694299999999982e+00
1.414584120000000000e+00
1.372282910000000022e+00
1.329239889999999980e+00
1.290573210000000026e+00
1.257151939999999968e+00
1.229031409999999935e+00
1.205361789999999989e+00
1.185045499999999974e+00
1.167583110000000035e+00
1.152814269999999919e+00
1.139665809999999890e+00
1.128440490000000018e+00
1.118511629999999979e+00
1.109354120000000110e+00
1.101474899999999923e+00
1.094467470000000109e+00
1.087845979999999990e+00
1.082117089999999893e+00
1.076679930000000063e+00
1.071795660000000039e+00
1.067316689999999957e+00
1.063323100000000077e+00
1.059620350000000100e+00
1.055992119999999979e+00
1.052873109999999945e+00
1.049680720000000012e+00
1.046632049999999925e+00
1.044237890000000002e+00
1.041584379999999976e+00
1.039217969999999935e+00
1.036909740000000024e+00
1.035011109999999901e+00
1.033005589999999918e+00
1.031108469999999944e+00
1.029383820000000060e+00
1.027728109999999973e+00
1.025951920000000017e+00
1.024521140000000052e+00
1.022811059999999994e+00
1.021508080000000040e+00
1.020080080000000056e+00
1.018734269999999942e+00
1.017623029999999984e+00
1.016365100000000021e+00
1.015324370000000087e+00
1.014030409999999938e+00
1.013033230000000007e+00
1.011980309999999994e+00
1.011030340000000027e+00
1.010036280000000009e+00
1.009119660000000085e+00
1.008247380000000026e+00
1.007462400000000091e+00
1.006636670000000011e+00
1.005709729999999968e+00
1.005060650000000111e+00
1.004212639999999990e+00
1.003806739999999920e+00
1.002758169999999893e+00
1.001944319999999999e+00
1.001625849999999929e+00
1.000827050000000051e+00
1.000218220000000047e+00
9.994443600000000316e-01
9.988081199999999660e-01
9.981295799999999607e-01
9.977275199999999789e-01
9.969432099999999686e-01
9.963850600000000446e-01
9.958861700000000150e-01
9.955490599999999857e-01
9.948433800000000549e-01
9.943288999999999600e-01
9.938312900000000338e-01
9.936225499999999933e-01
9.929312599999999822e-01
9.922732699999999850e-01
9.917638800000000421e-01
9.914095099999999938e-01
9.909159100000000109e-01
9.906039100000000319e-01
9.899985799999999614e-01
9.896641400000000255e-01
9.893449199999999610e-01
9.886335699999999616e-01
9.882651799999999653e-01
9.881671199999999544e-01
9.876693100000000225e-01
9.869914899999999713e-01
9.866041500000000131e-01
9.863540800000000219e-01
9.859355199999999542e-01
9.856157700000000021e-01
9.851737699999999487e-01
9.850175100000000405e-01
9.844564599999999777e-01
9.841819000000000539e-01
9.836891399999999619e-01
9.834030400000000061e-01
9.829529900000000264e-01
9.826439099999999538e-01
9.824007300000000553e-01
9.820677700000000065e-01
9.817680300000000138e-01
9.813585599999999909e-01
9.812421300000000457e-01
9.806621800000000500e-01
9.802675400000000483e-01
9.800182699999999691e-01
9.799078900000000036e-01
9.793687399999999599e-01
9.789037900000000514e-01
9.787846399999999836e-01
9.783992500000000536e-01
9.782188299999999836e-01
9.777769200000000493e-01
9.776562800000000442e-01
9.771213499999999996e-01
9.768643399999999977e-01
9.764221100000000098e-01
9.760442900000000366e-01
9.759929600000000205e-01
9.756097200000000136e-01
9.755581100000000339e-01
9.750624399999999747e-01
9.749019599999999564e-01
9.744527899999999576e-01
9.742254700000000378e-01
9.738815100000000058e-01
9.734275100000000513e-01
9.732503300000000523e-01
9.729997099999999621e-01
9.725727800000000256e-01
9.724390200000000428e-01
9.721760499999999583e-01
9.716683499999999585e-01
9.714368599999999576e-01
9.712621099999999563e-01
9.708423000000000469e-01
9.704751000000000349e-01
9.701846699999999712e-01
9.699647599999999814e-01
9.696450800000000481e-01
9.694251299999999683e-01
9.689707699999999813e-01
9.687545899999999710e-01
9.684716100000000383e-01
9.682030900000000440e-01
9.678696599999999650e-01
9.674939999999999651e-01
9.672607899999999814e-01
9.669715800000000527e-01
9.667009199999999636e-01
9.663447899999999535e-01
9.660094799999999760e-01
9.656856900000000410e-01
9.656296899999999850e-01
9.651223399999999675e-01
9.649298899999999568e-01
9.644881299999999991e-01
9.643279300000000553e-01
9.640150199999999447e-01
9.636340500000000198e-01
9.632317599999999924e-01
9.629328700000000518e-01
9.625094800000000284e-01
9.621478700000000162e-01
9.620709100000000014e-01
9.615180599999999522e-01
9.612261300000000119e-01
9.609358999999999540e-01
9.605692700000000306e-01
9.603124600000000344e-01
9.600096999999999658e-01
9.596561799999999698e-01
9.591944399999999815e-01
9.588564299999999818e-01
9.585344799999999665e-01
9.582805399999999585e-01
9.576809299999999858e-01
9.574847899999999745e-01
9.569617900000000343e-01
9.567560200000000403e-01
9.564093000000000178e-01
9.557987000000000011e-01
9.556610300000000224e-01
9.552874199999999982e-01
9.547427099999999944e-01
9.545026199999999683e-01
9.542723199999999517e-01
9.535882399999999759e-01
9.532429700000000228e-01
9.528044100000000460e-01
9.524785199999999952e-01
9.519736500000000046e-01
9.515079199999999515e-01
9.510935900000000442e-01
9.507683999999999580e-01
9.504072999999999549e-01
9.499284199999999956e-01
9.493394200000000449e-01
9.488613299999999473e-01
9.485837900000000378e-01
9.479435600000000184e-01
9.473903500000000477e-01
9.469210900000000208e-01
9.466078999999999466e-01
9.460433499999999496e-01
9.455296600000000495e-01
9.450032800000000011e-01
9.445888999999999536e-01
9.440142599999999939e-01
9.433884900000000240e-01
9.429012900000000030e-01
9.422566199999999892e-01
9.415303200000000317e-01
9.413126499999999730e-01
9.406963699999999484e-01
9.398975899999999495e-01
9.394515700000000136e-01
9.387489900000000054e-01
9.380536000000000429e-01
9.373279700000000103e-01
9.366190500000000085e-01
9.360728000000000382e-01
9.355252400000000357e-01
9.346962399999999560e-01
9.338350699999999893e-01
9.333083100000000298e-01
9.324475300000000244e-01
9.316514999999999658e-01
9.309621900000000227e-01
9.302954599999999630e-01
9.294456300000000226e-01
9.285096800000000039e-01
9.276039299999999654e-01
9.268934800000000473e-01
9.258125099999999774e-01
9.248109100000000415e-01
9.242108500000000282e-01
9.229258700000000371e-01
9.219533300000000153e-01
9.207956400000000263e-01
9.198166199999999737e-01
9.186113599999999879e-01
9.175014799999999804e-01
9.163943700000000137e-01
9.153379299999999663e-01
9.141019599999999912e-01
9.126939899999999550e-01
9.113840800000000408e-01
9.099530799999999697e-01
9.085352500000000164e-01
9.069586600000000276e-01
9.056468300000000138e-01
9.041543399999999453e-01
9.023673100000000336e-01
9.006090900000000010e-01
8.990686399999999745e-01
8.972451099999999569e-01
8.951137000000000121e-01
8.930715599999999865e-01
8.909994300000000367e-01
8.887127799999999800e-01
8.865165600000000090e-01
8.842465200000000358e-01
8.818119700000000005e-01
8.788267100000000109e-01
8.761169899999999844e-01
8.732763700000000240e-01
8.700732899999999992e-01
8.672360700000000255e-01
8.636949299999999718e-01
8.599627499999999980e-01
8.560906799999999928e-01
8.521841399999999789e-01
8.479667600000000416e-01
8.435719299999999699e-01
8.389841700000000291e-01
8.340707299999999824e-01
8.290832599999999886e-01
8.240197999999999690e-01
8.190855200000000114e-01
8.143397700000000183e-01
8.106564200000000442e-01
8.084946100000000024e-01
8.091190400000000116e-01
8.135737100000000055e-01
8.233919200000000549e-01
8.369649599999999801e-01
8.496464400000000028e-01
8.554889399999999755e-01
8.518578500000000275e-01
8.405275199999999725e-01
8.249303300000000450e-01
8.084061900000000245e-01
7.936717599999999484e-01
7.829473300000000524e-01
7.796272800000000336e-01
7.886364900000000233e-01
8.168121499999999591e-01
8.721068299999999995e-01
9.597455499999999473e-01
1.073804299999999934e+00
1.193829449999999959e+00
1.292985569999999917e+00
1.355536440000000065e+00
1.382754899999999898e+00
1.384153669999999892e+00
1.370293720000000048e+00
1.349484190000000083e+00
1.325993680000000063e+00
1.302149460000000092e+00
1.279961700000000091e+00
1.259304310000000093e+00
1.240562299999999896e+00
1.223624770000000028e+00
1.208269110000000035e+00
1.194153950000000020e+00
1.181426810000000049e+00
1.170234360000000029e+00
1.159729360000000042e+00
1.150105860000000035e+00
1.141749190000000080e+00
1.133529339999999941e+00
1.126323170000000040e+00
1.119625300000000045e+00
1.113359709999999891e+00
1.107412330000000056e+00
1.101994329999999911e+00
1.097051309999999891e+00
1.092202990000000096e+00
1.087920329999999991e+00
1.083808560000000032e+00
1.079977280000000039e+00
1.076110279999999975e+00
1.072631530000000000e+00
1.069569910000000013e+00
1.066396530000000009e+00
1.063312110000000033e+00
1.060692500000000038e+00
1.057814419999999922e+00
1.055035860000000048e+00
1.052603069999999974e+00
1.050424940000000085e+00
1.048302700000000032e+00
1.045944659999999971e+00
1.044128610000000013e+00
1.041961429999999966e+00
1.039838129999999916e+00
1.038113199999999958e+00
1.036570299999999945e+00
1.034842320000000093e+00
1.033016710000000060e+00
1.031600789999999934e+00
1.029977209999999976e+00
1.028498630000000080e+00
1.027107750000000097e+00
1.025644199999999895e+00
1.024236010000000086e+00
1.022883079999999945e+00
1.021471989999999996e+00
1.020285310000000001e+00
1.019044030000000101e+00
1.017809490000000094e+00
1.016710419999999893e+00
1.015494490000000027e+00
1.014327119999999915e+00
1.013478139999999916e+00
1.012323169999999939e+00
1.011125309999999944e+00
1.010073680000000085e+00
1.009093580000000046e+00
1.008091290000000084e+00
1.007094879999999915e+00
1.006157369999999940e+00
1.005412320000000026e+00
1.004461129999999924e+00
1.003570560000000000e+00
1.002703029999999940e+00
1.001847860000000034e+00
1.000771470000000107e+00
9.999175799999999725e-01
9.991647700000000354e-01
9.981740900000000138e-01
9.974606099999999698e-01
9.967651699999999781e-01
9.957504799999999934e-01
9.951262699999999795e-01
9.943630300000000366e-01
9.933883199999999913e-01
9.925144299999999475e-01
9.918519300000000483e-01
9.912143100000000429e-01
9.904018500000000280e-01
9.894334299999999471e-01
9.887942100000000067e-01
9.880180299999999916e-01
9.872556000000000109e-01
9.865478800000000437e-01
9.857149899999999576e-01
9.850646400000000469e-01
9.843820399999999582e-01
9.835805600000000481e-01
9.829187000000000340e-01
9.822795699999999908e-01
9.814839100000000149e-01
9.804553099999999688e-01
9.798107499999999526e-01
9.790501099999999735e-01
9.785541899999999904e-01
9.773322300000000240e-01
9.767142500000000060e-01
9.759435600000000433e-01
9.751957999999999460e-01
9.744755299999999787e-01
9.735645099999999941e-01
9.729477699999999896e-01
9.719447500000000240e-01
9.711617299999999453e-01
9.701938199999999846e-01
9.693953199999999493e-01
9.685468999999999884e-01
9.677454500000000071e-01
9.668509100000000078e-01
9.659533500000000439e-01
9.651046500000000083e-01
9.640004599999999479e-01
9.629951700000000114e-01
9.621105699999999983e-01
9.609779400000000305e-01
9.601122600000000507e-01
9.590808899999999637e-01
9.580798499999999551e-01
9.571096799999999627e-01
9.559799799999999514e-01
9.551865999999999968e-01
9.543086699999999700e-01
9.532555499999999515e-01
9.527989900000000123e-01
9.523230900000000387e-01
9.521338400000000091e-01
9.527097399999999716e-01
9.539929299999999612e-01
9.566440600000000183e-01
9.610550100000000429e-01
9.677572399999999631e-01
9.771665999999999963e-01
9.887542799999999854e-01
1.002744410000000030e+00
1.015424579999999910e+00
1.025416349999999976e+00
1.030918510000000010e+00
1.032032850000000002e+00
1.030350820000000001e+00
1.026542349999999937e+00
1.021914709999999893e+00
1.017165689999999900e+00
1.012161700000000053e+00
1.007919749999999892e+00
1.003635009999999994e+00
9.998202699999999554e-01
9.964915600000000540e-01
9.933387399999999978e-01
9.908249900000000165e-01
9.880797700000000239e-01
9.854388200000000486e-01
9.834011200000000175e-01
9.811743299999999834e-01
9.793101100000000114e-01
9.774043700000000223e-01
9.757025000000000281e-01
9.739757399999999787e-01
9.724310800000000032e-01
9.709897299999999953e-01
9.697053100000000425e-01
9.685173999999999728e-01
9.668312300000000414e-01
9.656096400000000468e-01
9.645093999999999612e-01
9.632892100000000069e-01
9.619099300000000241e-01
9.608446400000000276e-01
9.597188599999999514e-01
9.585583600000000537e-01
9.574119199999999719e-01
9.564364800000000333e-01
9.553179899999999503e-01
9.541323299999999730e-01
9.531764799999999926e-01
9.521324199999999793e-01
9.508761000000000019e-01
9.500779200000000202e-01
9.488348599999999466e-01
9.478327399999999514e-01
9.469416000000000500e-01
9.458879900000000118e-01
9.449367800000000317e-01
9.438433200000000411e-01
9.425712000000000534e-01
9.417676600000000064e-01
9.406650399999999523e-01
9.394102199999999625e-01
9.386103000000000085e-01
9.373969599999999458e-01
9.362368899999999883e-01
9.350764400000000087e-01
9.340990500000000418e-01
9.330858899999999734e-01
9.318712099999999499e-01
9.306718999999999964e-01
9.294865900000000014e-01
9.284750899999999474e-01
9.271791400000000127e-01
9.260799899999999640e-01
9.247028600000000154e-01
9.236808100000000188e-01
9.222542599999999924e-01
9.210394499999999818e-01
9.198018199999999922e-01
9.185447300000000315e-01
9.171300700000000194e-01
9.157883399999999785e-01
9.143591800000000491e-01
9.128852699999999709e-01
9.114354300000000464e-01
9.101955999999999936e-01
9.086308899999999689e-01
9.070567899999999462e-01
9.055411899999999958e-01
9.039003500000000191e-01
9.023556600000000039e-01
9.007536900000000513e-01
8.992326400000000275e-01
8.973225799999999808e-01
8.955480399999999896e-01
8.937372000000000094e-01
8.919610900000000120e-01
8.902382699999999982e-01
8.883465099999999781e-01
8.862395899999999660e-01
8.841055899999999967e-01
8.820712899999999523e-01
8.799803800000000065e-01
8.778454900000000061e-01
8.755409499999999845e-01
8.732671199999999523e-01
8.710073699999999475e-01
8.683475800000000078e-01
8.659549199999999614e-01
8.635793800000000076e-01
8.610296100000000008e-01
8.582510399999999651e-01
8.553463199999999933e-01
8.526048400000000305e-01
8.495903299999999492e-01
8.467113600000000240e-01
8.436241899999999960e-01
8.402391500000000457e-01
8.370956499999999689e-01
8.336769299999999827e-01
8.300715400000000521e-01
8.265694199999999991e-01
8.228838899999999512e-01
8.191751800000000028e-01
8.154469699999999932e-01
8.115114199999999833e-01
8.074992699999999912e-01
8.032727100000000009e-01
7.994764199999999654e-01
7.953721999999999737e-01
7.912059500000000467e-01
7.872929699999999809e-01
7.833853400000000411e-01
7.794455900000000215e-01
7.757320199999999666e-01
7.722922800000000532e-01
7.694600799999999907e-01
7.670475700000000119e-01
7.652916699999999794e-01
7.644227599999999789e-01
7.647527899999999601e-01
7.663165499999999852e-01
7.697629499999999458e-01
7.753574399999999534e-01
7.832744499999999555e-01
7.939075700000000069e-01
8.081560300000000252e-01
8.256817600000000423e-01
8.475484199999999690e-01
8.731124099999999499e-01
9.022567299999999513e-01
9.350695599999999663e-01
9.700155000000000305e-01
1.006573050000000080e+00
1.043053610000000075e+00
1.078894559999999947e+00
1.112013799999999941e+00
1.141889769999999915e+00
1.167775779999999930e+00
1.189055600000000101e+00
1.206198609999999949e+00
1.219212600000000091e+00
1.228062280000000062e+00
1.233939829999999960e+00
1.236851139999999960e+00
1.237388170000000009e+00
1.235869160000000022e+00
1.233432609999999929e+00
1.229073010000000021e+00
1.224105109999999996e+00
1.218782269999999945e+00
1.212877280000000058e+00
1.206394409999999917e+00
1.199848470000000056e+00
1.193505100000000096e+00
1.186746960000000017e+00
1.180209990000000042e+00
1.173715569999999930e+00
1.167439150000000092e+00
1.161140000000000061e+00
1.155075999999999992e+00
1.149189100000000074e+00
1.143071710000000074e+00
1.137507779999999968e+00
1.131936639999999938e+00
1.126488680000000020e+00
1.121299999999999963e+00
1.116334399999999949e+00
1.111533459999999973e+00
1.106599010000000050e+00
1.101766360000000056e+00
1.097014429999999985e+00
1.092533900000000058e+00
1.088340249999999898e+00
1.083955070000000021e+00
1.079799670000000100e+00
1.075735679999999972e+00
1.071887440000000025e+00
1.067599610000000032e+00
1.063918010000000081e+00
1.060323609999999972e+00
1.056480740000000029e+00
1.053065429999999969e+00
1.049463550000000023e+00
1.045711269999999971e+00
1.042560520000000102e+00
1.039106859999999966e+00
1.035942609999999986e+00
1.032518859999999927e+00
1.029704270000000088e+00
1.026561229999999991e+00
1.023639799999999989e+00
1.020965869999999942e+00
1.018232409999999977e+00
1.015656080000000072e+00
1.013530499999999890e+00
1.011134530000000087e+00
1.009230880000000052e+00
1.007323559999999896e+00
1.005811000000000011e+00
1.004655099999999912e+00
1.003610319999999945e+00
1.003127590000000069e+00
1.003164720000000010e+00
1.003646709999999942e+00
1.004333200000000037e+00
1.005949339999999914e+00
1.008372129999999922e+00
1.011397480000000071e+00
1.015203159999999993e+00
1.019823120000000083e+00
1.025433529999999926e+00
1.032296600000000009e+00
1.039707230000000093e+00
1.048373409999999950e+00
1.057890620000000004e+00
1.068078370000000055e+00
1.078992670000000098e+00
1.090675760000000105e+00
1.102464480000000080e+00
1.114458940000000009e+00
1.126134959999999907e+00
1.137769079999999988e+00
1.148643040000000060e+00
1.158925610000000050e+00
1.168149370000000076e+00
1.176407910000000001e+00
1.183288660000000103e+00
1.189329319999999912e+00
1.194446150000000095e+00
1.198200939999999992e+00
1.201018970000000019e+00
1.203109020000000084e+00
1.204073450000000101e+00
1.204874309999999893e+00
1.204541620000000091e+00
1.204000399999999971e+00
1.202747800000000034e+00
1.201156770000000096e+00
1.199370129999999923e+00
1.197502910000000087e+00
1.195018829999999976e+00
1.192708990000000080e+00
1.189753850000000002e+00
1.187348649999999894e+00
1.184318779999999904e+00
1.181493319999999958e+00
1.178897810000000046e+00
1.176136679999999934e+00
1.173063779999999889e+00
1.170414609999999911e+00
1.167662320000000031e+00
1.164886249999999901e+00
1.162049179999999904e+00
1.159361419999999976e+00
1.156766870000000003e+00
1.154190840000000051e+00
1.151730439999999911e+00
1.149250069999999901e+00
1.146866619999999948e+00
1.144502609999999976e+00
1.142023390000000083e+00
1.140011749999999990e+00
1.137465649999999995e+00
1.135347260000000080e+00
1.133270329999999992e+00
1.131275070000000049e+00
1.129383189999999981e+00
1.127263759999999948e+00
1.125443219999999966e+00
1.123589079999999907e+00
1.121622200000000014e+00
1.119801950000000046e+00
1.118124340000000050e+00
1.116584419999999911e+00
1.114849049999999897e+00
1.113105730000000015e+00
1.111472489999999924e+00
1.110201549999999981e+00
1.108842700000000070e+00
1.107125109999999912e+00
1.106157779999999979e+00
1.104833610000000022e+00
1.103768370000000054e+00
1.102531900000000009e+00
1.101504779999999961e+00
1.100370529999999958e+00
1.099489409999999889e+00
1.098811500000000052e+00
1.098035890000000014e+00
1.097280770000000016e+00
1.096921730000000039e+00
1.096604949999999912e+00
1.096267520000000051e+00
1.096184370000000019e+00
1.096274020000000071e+00
1.096473060000000110e+00
1.096805440000000020e+00
1.097287640000000009e+00
1.098144970000000109e+00
1.098892079999999938e+00
1.100157959999999990e+00
1.101682379999999961e+00
1.103118389999999893e+00
1.104469279999999998e+00
1.106204930000000086e+00
1.108091020000000038e+00
1.109898410000000002e+00
1.111584750000000010e+00
1.113608549999999919e+00
1.115575049999999901e+00
1.117124849999999947e+00
1.118568409999999957e+00
1.119886380000000070e+00
1.121143140000000038e+00
1.122243260000000076e+00
1.123077620000000110e+00
1.123329330000000015e+00
1.123947699999999994e+00
1.123942460000000088e+00
1.123869060000000086e+00
1.123694339999999903e+00
1.123287069999999943e+00
1.122718990000000083e+00
1.122241040000000023e+00
1.121517929999999996e+00
1.120654269999999952e+00
1.119539440000000052e+00
1.118766139999999965e+00
1.117798840000000071e+00
1.116874700000000109e+00
1.115695990000000082e+00
1.114662239999999915e+00
1.113616299999999892e+00
1.112412799999999979e+00
1.111440369999999955e+00
