9.673276117451522493e-01
9.658157686426591670e-01
9.806822258171743467e-01
9.837059120221605113e-01
9.640519516897505525e-01
9.252479787257616994e-01
9.799263042659278611e-01
9.653118209418281026e-01
9.743828795567865964e-01
9.683355071468142672e-01
9.446499652077561260e-01
9.310433772853183854e-01
9.474216775623267583e-01
9.305394295844874319e-01
9.335631157894735965e-01
1.071644785817174483e+00
9.794223565650967966e-01
9.348229850415511466e-01
9.529651022714680231e-01
9.527131284210524909e-01
9.746348534072021286e-01
9.794223565650967966e-01
9.605243177839334345e-01
9.456578606094181438e-01
9.310433772853183854e-01
9.290275864819943497e-01
9.267598218282547817e-01
9.184446847645427736e-01
9.164288939612187379e-01
9.383506189473682646e-01
9.244920571745151028e-01
8.763650517451522237e-01
8.834203195567865707e-01
8.592308299168973651e-01
8.405847649861494242e-01
8.002689489196674888e-01
7.151017874792242601e-01
1.296909408088642524e+00
1.309760074459833668e+00
1.181757358448753292e+00
1.127834954459833616e+00
1.071392811966758840e+00
1.062573727202215990e+00
1.042667793019390388e+00
1.013690800221606514e+00
1.046951348476454102e+00
1.020242120332409907e+00
1.027045414293628722e+00
1.039392132963988802e+00
1.006131584709141213e+00
1.007139480110803120e+00
9.650598470914125704e-01
9.680835332963987350e-01
9.635480039889194881e-01
9.690914286980608638e-01
9.600203700831023701e-01
9.517052330193904730e-01
9.622881347368419380e-01
9.746348534072021286e-01
1.004871715457063663e+00
9.897532844321328405e-01
9.973124999445982519e-01
9.935328921883654907e-01
9.829499904709140257e-01
9.847138074238226402e-01
9.683355071468142672e-01
9.587605008310248200e-01
9.585085269806092878e-01
9.519572068698060052e-01
9.728710364542935141e-01
9.529651022714680231e-01
9.627920824376730025e-01
1.002855924653739406e+00
9.645558993905816170e-01
9.413743051523544292e-01
9.733749841551245785e-01
9.620361608864265168e-01
9.446499652077561260e-01
9.708552456509693673e-01
9.433900959556785759e-01
9.501933899168973907e-01
9.595164223822713057e-01
9.282716649307477530e-01
9.151690247091411878e-01
9.260039002770081851e-01
9.237361356232686171e-01
9.426341744044319793e-01
9.035782275900275939e-01
8.826643980055400851e-01
8.869479534626037998e-01
8.584749083656508795e-01
8.617505684210524652e-01
8.050564520775622679e-01
8.302538371191134914e-01
8.355452879778392239e-01
8.131196152908586328e-01
1.114480340387811408e+00
1.406770006869805911e+00
1.270200179944598107e+00
1.194608024819944436e+00
1.108180994127423658e+00
1.095078353905817092e+00
1.093818484653739542e+00
1.061061884099722796e+00
1.041155949916897416e+00
1.035612525207756152e+00
1.003863820055401535e+00
1.008903297063711735e+00
1.018226329529085650e+00
1.030069100498614887e+00
1.031076995900276794e+00
1.006887506260387699e+00
9.978164476454292053e-01
9.484295729639887762e-01
1.012430930969528964e+00
9.653118209418281026e-01
9.925249967867034728e-01
9.852177551246535936e-01
1.000840133850415370e+00
9.443979913573405938e-01
9.637999778393350203e-01
9.494374683656507941e-01
9.380986450969527324e-01
9.456578606094181438e-01
9.733749841551245785e-01
1.020746068033240972e+00
1.007391453961218764e+00
1.014950669473684064e+00
9.769026180609416965e-01
9.489335206648198406e-01
9.557368146260386554e-01
9.491854945152353729e-01
9.418782528531854936e-01
9.393585143490303935e-01
9.625401085872574702e-01
9.252479787257616994e-01
9.544769453739611054e-01
9.073578353462602442e-01
9.411223313019388970e-01
9.393585143490303935e-01
9.212163971191134060e-01
8.940032212742381468e-01
8.914834827700829356e-01
8.526795098060940825e-01
8.652782023268696943e-01
8.433564773407200565e-01
8.201748831024929798e-01
8.002689489196674888e-01
7.735597207756231830e-01
7.692761653185594684e-01
7.803630147368419978e-01
8.335294971745150772e-01
9.721151149030469174e-01
1.157315894958448554e+00
1.232152128531855739e+00
1.244498847202215819e+00
1.195867894072021986e+00
1.169662613628808634e+00
1.123047451301938837e+00
1.121535608199445866e+00
1.068621099612188319e+00
1.092810589252077413e+00
1.043675688421052516e+00
1.048463191578947296e+00
1.028053309695290629e+00
1.007895401662049828e+00
9.920210490858724084e-01
1.028305283545706272e+00
1.048211217728531652e+00
1.131110614515235202e+00
1.181757358448753292e+00
1.221821200664819695e+00
1.206954743490304516e+00
1.196119867922437408e+00
1.185788940055401586e+00
1.158323790360110683e+00
1.132874431468143817e+00
1.160591555013850362e+00
1.137913908476454239e+00
1.132370483767312974e+00
1.087015190692520727e+00
1.119267843545706187e+00
1.133630353019390524e+00
1.093566510803323899e+00
1.093818484653739542e+00
1.118259948144044280e+00
1.098857961662049743e+00
1.129094823711911166e+00
1.130102719113573295e+00
1.101881647867035907e+00
1.119015869695290766e+00
1.106921124875346107e+00
