9.901966591966759879e-01
9.208651157340721483e-01
9.759748041274239894e-01
9.546420215235458251e-01
9.279760432686982030e-01
8.870882099445984714e-01
1.011529441800554041e+00
9.190873838504156623e-01
8.959768693628810121e-01
9.990853186149585285e-01
8.657554273407203071e-01
9.617529490581718798e-01
9.404201664542937156e-01
9.617529490581718798e-01
9.493088258725762563e-01
9.084209925484765247e-01
1.055972738891966856e+00
9.901966591966759879e-01
9.475310939889197703e-01
1.018640369335180207e+00
9.226428476177286342e-01
9.564197534072023110e-01
9.084209925484765247e-01
9.599752171745153939e-01
9.706416084764544205e-01
9.386424345706372296e-01
9.919743910803325848e-01
9.564197534072023110e-01
9.261983113850417171e-01
9.244205795013851201e-01
9.706416084764544205e-01
1.015084905567867235e+00
9.990853186149585285e-01
9.973075867313020426e-01
9.599752171745153939e-01
1.023973564986149665e+00
9.617529490581718798e-01
9.884189273130195019e-01
9.581974852908587970e-01
9.350869708033242578e-01
9.350869708033242578e-01
8.799772824099724167e-01
9.528642896398893392e-01
9.901966591966759879e-01
9.297537751523546889e-01
9.813079997783934472e-01
9.635306809418283658e-01
1.022195833102493179e+00
1.064861398310249507e+00
9.350869708033242578e-01
9.813079997783934472e-01
9.688638765927979346e-01
9.101987244321331216e-01
9.635306809418283658e-01
9.457533621052632844e-01
9.084209925484765247e-01
9.599752171745153939e-01
9.528642896398893392e-01
9.955298548476455567e-01
8.568667679224377665e-01
9.315315070360111749e-01
1.000863050498615126e+00
1.025751296869806151e+00
9.439756302216067985e-01
1.000863050498615126e+00
9.919743910803325848e-01
9.226428476177286342e-01
1.029306760637119345e+00
9.599752171745153939e-01
9.990853186149585285e-01
1.011529441800554041e+00
9.084209925484765247e-01
9.475310939889197703e-01
9.546420215235458251e-01
9.155319200831025794e-01
9.226428476177286342e-01
9.973075867313020426e-01
9.528642896398893392e-01
9.706416084764544205e-01
9.297537751523546889e-01
9.919743910803325848e-01
9.493088258725762563e-01
9.510865577562328532e-01
9.030877968975070669e-01
9.333092389196676608e-01
8.533113041551247946e-01
9.653084128254848517e-01
8.746440867590028478e-01
9.475310939889197703e-01
1.052417275124653884e+00
1.119971086703601237e+00
1.159081188144044372e+00
9.510865577562328532e-01
9.777525360110804753e-01
1.016862637451523721e+00
9.706416084764544205e-01
1.002640782382271611e+00
8.995323331301939840e-01
9.973075867313020426e-01
9.119764563157896076e-01
9.901966591966759879e-01
9.670861447091414487e-01
9.137541881994460935e-01
9.635306809418283658e-01
9.421978983379503125e-01
9.813079997783934472e-01
9.315315070360111749e-01
9.119764563157896076e-01
8.639776954570638212e-01
9.670861447091414487e-01
1.009751709916897555e+00
9.724193403601109065e-01
9.919743910803325848e-01
8.817550142936289026e-01
1.006196246149584583e+00
9.724193403601109065e-01
8.799772824099724167e-01
1.016862637451523721e+00
9.617529490581718798e-01
9.421978983379503125e-01
9.350869708033242578e-01
9.813079997783934472e-01
9.137541881994460935e-01
9.599752171745153939e-01
9.813079997783934472e-01
9.528642896398893392e-01
8.781995505263159307e-01
8.621999635734073353e-01
8.781995505263159307e-01
9.990853186149585285e-01
9.564197534072023110e-01
1.002640782382271611e+00
9.653084128254848517e-01
9.279760432686982030e-01
9.244205795013851201e-01
8.799772824099724167e-01
9.599752171745153939e-01
9.084209925484765247e-01
9.350869708033242578e-01
8.924214055955679292e-01
1.006196246149584583e+00
8.764218186426594448e-01
9.119764563157896076e-01
9.315315070360111749e-01
9.617529490581718798e-01
8.817550142936289026e-01
9.101987244321331216e-01
9.208651157340721483e-01
9.493088258725762563e-01
9.724193403601109065e-01
9.297537751523546889e-01
1.023973564986149665e+00
9.173096519667591764e-01
8.764218186426594448e-01
9.066432606648200387e-01
8.977546012465374980e-01
9.724193403601109065e-01
9.688638765927979346e-01
9.155319200831025794e-01
9.030877968975070669e-01
8.550890360387812805e-01
9.261983113850417171e-01
8.266453259002770615e-01
8.959768693628810121e-01
8.995323331301939840e-01
8.586444998060942524e-01
9.350869708033242578e-01
9.350869708033242578e-01
8.888659418282549574e-01
8.888659418282549574e-01
8.853104780609419855e-01
1.027529028753462637e+00
8.568667679224377665e-01
9.101987244321331216e-01
9.261983113850417171e-01
9.724193403601109065e-01
8.195343983656511178e-01
9.368647026869807437e-01
9.493088258725762563e-01
9.386424345706372296e-01
9.848634635457065301e-01
9.013100650138505809e-01
9.706416084764544205e-01
8.870882099445984714e-01
8.408671809695291710e-01
9.261983113850417171e-01
9.546420215235458251e-01
9.226428476177286342e-01
8.781995505263159307e-01
9.386424345706372296e-01
8.586444998060942524e-01
8.497558403878117117e-01
8.995323331301939840e-01
8.817550142936289026e-01
8.835327461772853885e-01
8.746440867590028478e-01
8.319785215512466303e-01
8.710886229916898760e-01
8.444226447368422539e-01
9.564197534072023110e-01
8.941991374792245262e-01
8.408671809695291710e-01
8.533113041551247946e-01
8.924214055955679292e-01
8.088680070637119801e-01
9.084209925484765247e-01
7.697579056232688455e-01
8.675331592243767931e-01
7.946461519944599816e-01
8.106457389473685771e-01
7.537583186703602500e-01
8.017570795290859254e-01
7.306478041828255998e-01
7.573137824376732219e-01
8.035348114127425223e-01
7.679801737396122485e-01
6.364280143490305131e-01
6.968708983933519230e-01
6.950931665096954370e-01
7.235368766481995451e-01
8.088680070637119801e-01
9.404201664542937156e-01
1.073750057728531937e+00
1.207079949002770158e+00
1.420407775041551357e+00
1.466628804016620657e+00
1.425740970692521037e+00
1.439962825761773146e+00
1.388408601135734166e+00
1.343965304044321574e+00
1.335076644626038922e+00
1.253300977977839459e+00
1.228412731606648434e+00
1.191080362049861563e+00
1.187524898282548591e+00
1.228412731606648434e+00
1.132415209889196861e+00
1.148414796842105456e+00
1.128859746121883889e+00
1.134192941772853347e+00
1.178636238864266161e+00
1.137748405540166319e+00
1.185747166398892105e+00
1.073750057728531937e+00
1.082638717146814589e+00
1.063083666426593021e+00
1.043528615706371232e+00
9.635306809418283658e-01
9.866411954293630160e-01
1.002640782382271611e+00
1.050639543240997398e+00
1.055972738891966856e+00
1.066639130193905993e+00
1.063083666426593021e+00
1.052417275124653884e+00
1.011529441800554041e+00
1.009751709916897555e+00
9.741970722437673924e-01
1.061305934542936535e+00
9.581974852908587970e-01
9.884189273130195019e-01
1.068416862077562479e+00
1.034639956288088802e+00
1.031084492520775830e+00
1.082638717146814589e+00
1.061305934542936535e+00
1.034639956288088802e+00
9.866411954293630160e-01
9.866411954293630160e-01
1.023973564986149665e+00
1.022195833102493179e+00
9.937521229639890707e-01
1.043528615706371232e+00
9.475310939889197703e-01
9.884189273130195019e-01
1.039973151939058260e+00
9.919743910803325848e-01
1.031084492520775830e+00
9.937521229639890707e-01
1.096860572216066698e+00
1.050639543240997398e+00
1.020418101218836693e+00
1.006196246149584583e+00
9.955298548476455567e-01
9.653084128254848517e-01
1.016862637451523721e+00
1.031084492520775830e+00
9.706416084764544205e-01
1.020418101218836693e+00
1.059528202659279827e+00
1.050639543240997398e+00
1.041750883822714746e+00
9.688638765927979346e-01
9.990853186149585285e-01
1.027529028753462637e+00
9.404201664542937156e-01
1.016862637451523721e+00
9.439756302216067985e-01
9.955298548476455567e-01
1.025751296869806151e+00
9.795302678947369612e-01
9.510865577562328532e-01
9.386424345706372296e-01
9.368647026869807437e-01
9.617529490581718798e-01
9.457533621052632844e-01
9.866411954293630160e-01
1.032862224404432316e+00
1.022195833102493179e+00
9.653084128254848517e-01
1.013307173684210749e+00
1.007973978033241069e+00
1.011529441800554041e+00
9.510865577562328532e-01
9.884189273130195019e-01
9.884189273130195019e-01
1.009751709916897555e+00
9.190873838504156623e-01
9.155319200831025794e-01
1.032862224404432316e+00
1.011529441800554041e+00
9.955298548476455567e-01
9.510865577562328532e-01
9.635306809418283658e-01
1.052417275124653884e+00
9.315315070360111749e-01
9.688638765927979346e-01
9.386424345706372296e-01
9.866411954293630160e-01
1.011529441800554041e+00
9.368647026869807437e-01
9.279760432686982030e-01
9.581974852908587970e-01
8.604222316897508493e-01
9.937521229639890707e-01
9.137541881994460935e-01
9.813079997783934472e-01
1.013307173684210749e+00
9.937521229639890707e-01
1.020418101218836693e+00
9.884189273130195019e-01
9.973075867313020426e-01
1.071972325844875451e+00
1.080860985263158103e+00
9.421978983379503125e-01
9.653084128254848517e-01
9.350869708033242578e-01
9.937521229639890707e-01
9.457533621052632844e-01
9.955298548476455567e-01
9.955298548476455567e-01
9.350869708033242578e-01
9.528642896398893392e-01
1.022195833102493179e+00
9.777525360110804753e-01
9.884189273130195019e-01
1.041750883822714746e+00
1.016862637451523721e+00
9.706416084764544205e-01
9.973075867313020426e-01
9.848634635457065301e-01
9.564197534072023110e-01
9.493088258725762563e-01
1.027529028753462637e+00
9.546420215235458251e-01
9.119764563157896076e-01
9.955298548476455567e-01
9.830857316620500441e-01
1.032862224404432316e+00
8.977546012465374980e-01
9.493088258725762563e-01
9.706416084764544205e-01
1.011529441800554041e+00
9.617529490581718798e-01
9.599752171745153939e-01
9.350869708033242578e-01
9.137541881994460935e-01
9.457533621052632844e-01
1.052417275124653884e+00
1.004418514265928097e+00
9.475310939889197703e-01
9.564197534072023110e-01
9.297537751523546889e-01
1.050639543240997398e+00
9.973075867313020426e-01
1.020418101218836693e+00
1.013307173684210749e+00
1.002640782382271611e+00
9.901966591966759879e-01
9.919743910803325848e-01
9.830857316620500441e-01
1.032862224404432316e+00
9.901966591966759879e-01
9.635306809418283658e-01
9.617529490581718798e-01
8.835327461772853885e-01
9.475310939889197703e-01
9.599752171745153939e-01
9.333092389196676608e-01
1.011529441800554041e+00
9.386424345706372296e-01
1.011529441800554041e+00
9.937521229639890707e-01
9.013100650138505809e-01
9.635306809418283658e-01
9.404201664542937156e-01
9.457533621052632844e-01
9.297537751523546889e-01
9.190873838504156623e-01
9.261983113850417171e-01
9.404201664542937156e-01
9.546420215235458251e-01
9.759748041274239894e-01
9.635306809418283658e-01
9.546420215235458251e-01
9.706416084764544205e-01
9.884189273130195019e-01
9.173096519667591764e-01
9.688638765927979346e-01
8.941991374792245262e-01
9.315315070360111749e-01
9.475310939889197703e-01
9.919743910803325848e-01
9.404201664542937156e-01
9.617529490581718798e-01
8.853104780609419855e-01
9.670861447091414487e-01
9.617529490581718798e-01
9.084209925484765247e-01
9.777525360110804753e-01
9.830857316620500441e-01
9.279760432686982030e-01
9.635306809418283658e-01
1.043528615706371232e+00
9.884189273130195019e-01
1.013307173684210749e+00
1.013307173684210749e+00
9.493088258725762563e-01
9.066432606648200387e-01
9.386424345706372296e-01
1.025751296869806151e+00
9.404201664542937156e-01
9.279760432686982030e-01
9.528642896398893392e-01
9.653084128254848517e-01
9.315315070360111749e-01
8.675331592243767931e-01
9.741970722437673924e-01
9.653084128254848517e-01
1.022195833102493179e+00
9.048655287811635528e-01
9.101987244321331216e-01
9.635306809418283658e-01
8.995323331301939840e-01
9.421978983379503125e-01
9.226428476177286342e-01
9.084209925484765247e-01
9.724193403601109065e-01
9.813079997783934472e-01
9.386424345706372296e-01
9.759748041274239894e-01
9.706416084764544205e-01
9.813079997783934472e-01
9.599752171745153939e-01
9.048655287811635528e-01
9.421978983379503125e-01
9.475310939889197703e-01
9.350869708033242578e-01
9.457533621052632844e-01
8.977546012465374980e-01
8.835327461772853885e-01
1.020418101218836693e+00
9.421978983379503125e-01
9.315315070360111749e-01
1.022195833102493179e+00
9.457533621052632844e-01
8.621999635734073353e-01
9.546420215235458251e-01
9.510865577562328532e-01
9.830857316620500441e-01
9.546420215235458251e-01
9.599752171745153939e-01
9.350869708033242578e-01
9.297537751523546889e-01
9.724193403601109065e-01
9.119764563157896076e-01
9.795302678947369612e-01
9.066432606648200387e-01
9.101987244321331216e-01
1.000863050498615126e+00
9.261983113850417171e-01
9.795302678947369612e-01
8.924214055955679292e-01
8.550890360387812805e-01
8.906436737119114433e-01
9.475310939889197703e-01
9.208651157340721483e-01
9.937521229639890707e-01
9.368647026869807437e-01
9.137541881994460935e-01
9.901966591966759879e-01
9.368647026869807437e-01
9.350869708033242578e-01
9.599752171745153939e-01
9.261983113850417171e-01
9.493088258725762563e-01
9.795302678947369612e-01
9.030877968975070669e-01
9.368647026869807437e-01
9.884189273130195019e-01
9.226428476177286342e-01
8.977546012465374980e-01
8.604222316897508493e-01
9.084209925484765247e-01
9.386424345706372296e-01
8.728663548753463619e-01
8.870882099445984714e-01
8.479781085041552258e-01
9.297537751523546889e-01
8.426449128531856569e-01
9.261983113850417171e-01
8.444226447368422539e-01
8.106457389473685771e-01
8.462003766204987398e-01
9.208651157340721483e-01
8.621999635734073353e-01
9.901966591966759879e-01
8.746440867590028478e-01
9.137541881994460935e-01
9.297537751523546889e-01
8.337562534349031163e-01
8.977546012465374980e-01
8.906436737119114433e-01
8.604222316897508493e-01
9.155319200831025794e-01
9.261983113850417171e-01
8.497558403878117117e-01
8.390894490858726851e-01
9.013100650138505809e-01
8.604222316897508493e-01
8.479781085041552258e-01
8.426449128531856569e-01
9.048655287811635528e-01
8.693108911080333900e-01
8.213121302493076037e-01
8.853104780609419855e-01
8.675331592243767931e-01
8.906436737119114433e-01
8.799772824099724167e-01
8.568667679224377665e-01
8.426449128531856569e-01
7.768688331578947892e-01
8.053125432963990082e-01
9.084209925484765247e-01
8.444226447368422539e-01
7.395364636011081405e-01
7.946461519944599816e-01
7.928684201108033847e-01
7.733133693905818173e-01
7.288700722991691139e-01
7.573137824376732219e-01
8.035348114127425223e-01
8.568667679224377665e-01
8.444226447368422539e-01
8.639776954570638212e-01
8.621999635734073353e-01
8.462003766204987398e-01
7.839797606925208440e-01
8.302007896675901444e-01
7.839797606925208440e-01
8.355339853185597132e-01
7.288700722991691139e-01
7.946461519944599816e-01
8.355339853185597132e-01
7.786465650415513862e-01
9.084209925484765247e-01
9.030877968975070669e-01
9.457533621052632844e-01
9.955298548476455567e-01
1.167969847562327024e+00
1.208857680886426644e+00
1.249745514210526487e+00
1.361742622880886655e+00
1.383075405484764708e+00
1.317299325789473841e+00
1.315521593905817355e+00
1.359964890997230169e+00
1.317299325789473841e+00
1.340409840277008380e+00
1.308410666371191411e+00
1.276411492465374220e+00
1.219524072188365782e+00
1.317299325789473841e+00
1.235523659141274377e+00
1.198191289584487729e+00
1.279966956232687192e+00
1.128859746121883889e+00
1.116415622936288266e+00
1.207079949002770158e+00
1.128859746121883889e+00
1.141303869307479291e+00
1.189302630166205077e+00
1.091527376565097018e+00
1.121748818587257723e+00
1.185747166398892105e+00
1.173303043213296482e+00
1.141303869307479291e+00
1.194635825817174757e+00
1.112860159168975294e+00
1.050639543240997398e+00
1.068416862077562479e+00
1.114637891052631780e+00
1.066639130193905993e+00
1.045306347590027940e+00
1.127082014238227403e+00
1.103971499750692642e+00
1.107526963518005614e+00
9.973075867313020426e-01
1.041750883822714746e+00
9.937521229639890707e-01
1.054195007008310370e+00
1.102193767867036156e+00
1.093305108448753504e+00
1.066639130193905993e+00
1.105749231634349128e+00
1.025751296869806151e+00
1.107526963518005614e+00
1.080860985263158103e+00
9.937521229639890707e-01
9.741970722437673924e-01
1.027529028753462637e+00
9.866411954293630160e-01
1.043528615706371232e+00
9.546420215235458251e-01
1.041750883822714746e+00
1.084416449030471075e+00
1.066639130193905993e+00
1.022195833102493179e+00
9.955298548476455567e-01
1.050639543240997398e+00
1.093305108448753504e+00
1.034639956288088802e+00
9.724193403601109065e-01
9.688638765927979346e-01
1.057750470775623342e+00
1.057750470775623342e+00
9.901966591966759879e-01
1.093305108448753504e+00
1.013307173684210749e+00
9.439756302216067985e-01
1.015084905567867235e+00
1.034639956288088802e+00
1.043528615706371232e+00
9.919743910803325848e-01
1.000863050498615126e+00
1.022195833102493179e+00
1.015084905567867235e+00
9.670861447091414487e-01
1.098638304099723184e+00
9.973075867313020426e-01
1.038195420055401774e+00
1.022195833102493179e+00
1.089749644681440532e+00
9.297537751523546889e-01
9.155319200831025794e-01
1.052417275124653884e+00
1.055972738891966856e+00
9.261983113850417171e-01
1.006196246149584583e+00
1.031084492520775830e+00
1.025751296869806151e+00
9.475310939889197703e-01
9.866411954293630160e-01
9.635306809418283658e-01
1.087971912797784046e+00
9.528642896398893392e-01
1.057750470775623342e+00
9.830857316620500441e-01
9.475310939889197703e-01
1.022195833102493179e+00
1.048861811357340912e+00
9.333092389196676608e-01
9.528642896398893392e-01
9.279760432686982030e-01
9.990853186149585285e-01
9.635306809418283658e-01
9.955298548476455567e-01
9.279760432686982030e-01
1.023973564986149665e+00
1.032862224404432316e+00
9.937521229639890707e-01
9.493088258725762563e-01
9.706416084764544205e-01
9.475310939889197703e-01
9.386424345706372296e-01
9.350869708033242578e-01
9.315315070360111749e-01
1.048861811357340912e+00
9.635306809418283658e-01
9.848634635457065301e-01
1.006196246149584583e+00
9.279760432686982030e-01
9.901966591966759879e-01
1.029306760637119345e+00
1.016862637451523721e+00
9.884189273130195019e-01
9.261983113850417171e-01
9.866411954293630160e-01
1.016862637451523721e+00
9.813079997783934472e-01
9.795302678947369612e-01
9.368647026869807437e-01
9.439756302216067985e-01
9.315315070360111749e-01
9.510865577562328532e-01
1.061305934542936535e+00
1.036417688171745288e+00
1.000863050498615126e+00
9.617529490581718798e-01
1.018640369335180207e+00
1.027529028753462637e+00
8.639776954570638212e-01
8.817550142936289026e-01
1.015084905567867235e+00
9.830857316620500441e-01
9.688638765927979346e-01
9.546420215235458251e-01
8.586444998060942524e-01
9.599752171745153939e-01
9.653084128254848517e-01
9.350869708033242578e-01
8.959768693628810121e-01
8.693108911080333900e-01
9.510865577562328532e-01
9.670861447091414487e-01
9.741970722437673924e-01
9.137541881994460935e-01
9.706416084764544205e-01
9.830857316620500441e-01
9.084209925484765247e-01
9.208651157340721483e-01
9.013100650138505809e-01
9.350869708033242578e-01
9.546420215235458251e-01
9.493088258725762563e-01
9.279760432686982030e-01
9.884189273130195019e-01
1.048861811357340912e+00
1.034639956288088802e+00
9.457533621052632844e-01
1.052417275124653884e+00
9.439756302216067985e-01
1.007973978033241069e+00
1.048861811357340912e+00
1.043528615706371232e+00
9.617529490581718798e-01
1.068416862077562479e+00
1.048861811357340912e+00
9.688638765927979346e-01
1.000863050498615126e+00
9.457533621052632844e-01
9.919743910803325848e-01
9.706416084764544205e-01
9.635306809418283658e-01
9.990853186149585285e-01
9.813079997783934472e-01
1.027529028753462637e+00
1.077305521495844909e+00
9.635306809418283658e-01
9.653084128254848517e-01
1.052417275124653884e+00
9.688638765927979346e-01
1.039973151939058260e+00
9.421978983379503125e-01
9.439756302216067985e-01
9.955298548476455567e-01
9.706416084764544205e-01
1.050639543240997398e+00
9.297537751523546889e-01
9.653084128254848517e-01
9.617529490581718798e-01
9.688638765927979346e-01
9.990853186149585285e-01
9.457533621052632844e-01
9.848634635457065301e-01
9.546420215235458251e-01
9.741970722437673924e-01
9.813079997783934472e-01
8.888659418282549574e-01
9.901966591966759879e-01
9.653084128254848517e-01
8.853104780609419855e-01
1.047084079473684426e+00
9.457533621052632844e-01
1.013307173684210749e+00
1.031084492520775830e+00
9.475310939889197703e-01
1.006196246149584583e+00
9.493088258725762563e-01
9.830857316620500441e-01
9.137541881994460935e-01
9.297537751523546889e-01
9.884189273130195019e-01
1.018640369335180207e+00
9.528642896398893392e-01
1.023973564986149665e+00
9.688638765927979346e-01
9.101987244321331216e-01
1.027529028753462637e+00
9.333092389196676608e-01
9.475310939889197703e-01
9.226428476177286342e-01
8.906436737119114433e-01
9.155319200831025794e-01
9.155319200831025794e-01
8.941991374792245262e-01
9.795302678947369612e-01
1.018640369335180207e+00
9.653084128254848517e-01
9.368647026869807437e-01
9.653084128254848517e-01
9.333092389196676608e-01
9.315315070360111749e-01
9.208651157340721483e-01
9.048655287811635528e-01
9.297537751523546889e-01
9.475310939889197703e-01
8.710886229916898760e-01
9.030877968975070669e-01
9.653084128254848517e-01
9.030877968975070669e-01
9.973075867313020426e-01
9.510865577562328532e-01
9.866411954293630160e-01
9.048655287811635528e-01
8.462003766204987398e-01
9.048655287811635528e-01
9.315315070360111749e-01
9.066432606648200387e-01
9.084209925484765247e-01
9.350869708033242578e-01
9.066432606648200387e-01
8.746440867590028478e-01
8.764218186426594448e-01
9.173096519667591764e-01
8.355339853185597132e-01
9.297537751523546889e-01
8.888659418282549574e-01
8.515335722714683087e-01
8.959768693628810121e-01
9.084209925484765247e-01
9.261983113850417171e-01
8.959768693628810121e-01
8.906436737119114433e-01
9.066432606648200387e-01
8.710886229916898760e-01
7.982016157617729535e-01
8.764218186426594448e-01
8.533113041551247946e-01
8.124234708310250630e-01
9.155319200831025794e-01
9.421978983379503125e-01
8.817550142936289026e-01
8.728663548753463619e-01
8.799772824099724167e-01
8.337562534349031163e-01
8.870882099445984714e-01
8.746440867590028478e-01
8.213121302493076037e-01
7.857574925761774409e-01
8.728663548753463619e-01
8.355339853185597132e-01
8.408671809695291710e-01
8.817550142936289026e-01
8.799772824099724167e-01
8.639776954570638212e-01
8.941991374792245262e-01
8.781995505263159307e-01
8.302007896675901444e-01
8.319785215512466303e-01
7.199814128808865732e-01
8.106457389473685771e-01
8.142012027146815489e-01
8.479781085041552258e-01
7.413141954847646264e-01
7.822020288088643580e-01
8.408671809695291710e-01
8.373117172022161991e-01
8.444226447368422539e-01
7.964238838781164675e-01
7.164259491135734903e-01
7.875352244598339269e-01
7.839797606925208440e-01
7.697579056232688455e-01
7.413141954847646264e-01
7.484251230193906812e-01
7.164259491135734903e-01
7.502028549030471671e-01
7.537583186703602500e-01
7.910906882271468987e-01
7.395364636011081405e-01
7.484251230193906812e-01
7.377587317174516546e-01
7.484251230193906812e-01
7.537583186703602500e-01
7.608692462049861938e-01
7.217591447645430591e-01
7.128704853462605184e-01
7.679801737396122485e-01
8.319785215512466303e-01
8.888659418282549574e-01
8.266453259002770615e-01
8.462003766204987398e-01
9.617529490581718798e-01
9.101987244321331216e-01
1.011529441800554041e+00
1.018640369335180207e+00
9.493088258725762563e-01
1.020418101218836693e+00
1.087971912797784046e+00
1.034639956288088802e+00
1.148414796842105456e+00
1.176858506980609675e+00
1.103971499750692642e+00
1.196413557700831243e+00
1.276411492465374220e+00
1.198191289584487729e+00
1.192858093933518271e+00
1.130637478005540375e+00
1.203524485235457187e+00
1.303077470720221731e+00
1.235523659141274377e+00
1.182191702631579133e+00
1.221301804072022268e+00
1.198191289584487729e+00
1.182191702631579133e+00
1.207079949002770158e+00
1.244412318559557029e+00
1.212413144653739838e+00
1.201746753351800701e+00
1.192858093933518271e+00
1.125304282354570695e+00
1.224857267839335240e+00
1.144859333074792485e+00
1.180413970747922647e+00
1.199969021468144215e+00
1.169747579445983510e+00
1.052417275124653884e+00
1.164414383795014052e+00
1.130637478005540375e+00
1.119971086703601237e+00
1.121748818587257723e+00
1.103971499750692642e+00
1.098638304099723184e+00
1.125304282354570695e+00
1.048861811357340912e+00
1.073750057728531937e+00
1.100416035983379670e+00
1.087971912797784046e+00
1.084416449030471075e+00
1.050639543240997398e+00
1.038195420055401774e+00
1.150192528725761942e+00
1.055972738891966856e+00
1.100416035983379670e+00
1.068416862077562479e+00
1.075527789612188423e+00
1.128859746121883889e+00
9.937521229639890707e-01
1.055972738891966856e+00
1.013307173684210749e+00
1.055972738891966856e+00
9.528642896398893392e-01
1.130637478005540375e+00
1.098638304099723184e+00
1.039973151939058260e+00
9.493088258725762563e-01
1.111082427285318808e+00
1.075527789612188423e+00
1.011529441800554041e+00
1.029306760637119345e+00
1.077305521495844909e+00
9.510865577562328532e-01
9.279760432686982030e-01
1.006196246149584583e+00
9.795302678947369612e-01
9.866411954293630160e-01
1.077305521495844909e+00
1.041750883822714746e+00
1.064861398310249507e+00
1.032862224404432316e+00
1.013307173684210749e+00
1.041750883822714746e+00
9.510865577562328532e-01
9.475310939889197703e-01
9.830857316620500441e-01
9.688638765927979346e-01
9.724193403601109065e-01
1.052417275124653884e+00
1.002640782382271611e+00
9.581974852908587970e-01
1.015084905567867235e+00
9.493088258725762563e-01
9.350869708033242578e-01
9.724193403601109065e-01
1.038195420055401774e+00
1.041750883822714746e+00
1.054195007008310370e+00
9.581974852908587970e-01
1.006196246149584583e+00
1.004418514265928097e+00
1.052417275124653884e+00
1.047084079473684426e+00
1.080860985263158103e+00
1.079083253379501617e+00
1.091527376565097018e+00
1.066639130193905993e+00
1.175080775096952967e+00
1.086194180914127561e+00
1.219524072188365782e+00
1.164414383795014052e+00
1.155525724376731400e+00
1.164414383795014052e+00
1.183969434515235619e+00
1.192858093933518271e+00
1.183969434515235619e+00
1.173303043213296482e+00
1.143081601191135777e+00
1.240856854792243835e+00
1.210635412770083352e+00
1.159081188144044372e+00
1.191080362049861563e+00
1.262189637396122111e+00
1.208857680886426644e+00
1.279966956232687192e+00
1.235523659141274377e+00
1.176858506980609675e+00
1.205302217119113672e+00
1.208857680886426644e+00
1.207079949002770158e+00
1.185747166398892105e+00
1.231968195373961406e+00
1.237301391024930863e+00
1.105749231634349128e+00
1.212413144653739838e+00
1.146637064958448970e+00
1.194635825817174757e+00
1.103971499750692642e+00
1.201746753351800701e+00
1.203524485235457187e+00
1.134192941772853347e+00
1.262189637396122111e+00
1.155525724376731400e+00
1.098638304099723184e+00
1.207079949002770158e+00
1.134192941772853347e+00
1.123526550470914209e+00
1.167969847562327024e+00
1.137748405540166319e+00
1.118193354819944751e+00
1.119971086703601237e+00
1.226634999722991948e+00
1.198191289584487729e+00
1.134192941772853347e+00
1.050639543240997398e+00
1.109304695401662100e+00
1.192858093933518271e+00
1.073750057728531937e+00
1.038195420055401774e+00
1.139526137423822805e+00
1.169747579445983510e+00
1.151970260609418428e+00
1.123526550470914209e+00
1.182191702631579133e+00
1.039973151939058260e+00
1.251523246094182973e+00
1.171525311329639996e+00
1.077305521495844909e+00
1.137748405540166319e+00
1.173303043213296482e+00
1.075527789612188423e+00
1.141303869307479291e+00
1.153747992493074914e+00
9.724193403601109065e-01
1.230190463490304920e+00
1.059528202659279827e+00
1.048861811357340912e+00
1.082638717146814589e+00
1.151970260609418428e+00
1.167969847562327024e+00
1.036417688171745288e+00
1.109304695401662100e+00
1.111082427285318808e+00
1.109304695401662100e+00
1.052417275124653884e+00
1.045306347590027940e+00
1.176858506980609675e+00
1.150192528725761942e+00
1.054195007008310370e+00
1.114637891052631780e+00
1.015084905567867235e+00
1.082638717146814589e+00
1.176858506980609675e+00
1.095082840332410212e+00
1.063083666426593021e+00
1.080860985263158103e+00
1.137748405540166319e+00
1.173303043213296482e+00
1.127082014238227403e+00
1.100416035983379670e+00
1.173303043213296482e+00
1.107526963518005614e+00
1.135970673656509833e+00
1.079083253379501617e+00
1.116415622936288266e+00
1.091527376565097018e+00
1.199969021468144215e+00
1.100416035983379670e+00
1.107526963518005614e+00
1.127082014238227403e+00
1.096860572216066698e+00
1.112860159168975294e+00
1.125304282354570695e+00
1.157303456260387886e+00
1.091527376565097018e+00
1.180413970747922647e+00
1.137748405540166319e+00
1.105749231634349128e+00
1.045306347590027940e+00
1.111082427285318808e+00
1.105749231634349128e+00
1.022195833102493179e+00
1.144859333074792485e+00
1.146637064958448970e+00
1.137748405540166319e+00
1.048861811357340912e+00
1.164414383795014052e+00
1.084416449030471075e+00
1.162636651911357566e+00
1.116415622936288266e+00
1.116415622936288266e+00
1.047084079473684426e+00
1.128859746121883889e+00
1.137748405540166319e+00
1.111082427285318808e+00
1.063083666426593021e+00
1.027529028753462637e+00
1.116415622936288266e+00
1.077305521495844909e+00
1.128859746121883889e+00
1.112860159168975294e+00
1.100416035983379670e+00
