8.381874600897294414e-01
0.000000000000000000e+00
7.408480561662612596e-01
0.000000000000000000e+00
5.035117896343438426e-01
0.000000000000000000e+00
3.185543562713830101e-01
0.000000000000000000e+00
7.740126897862119326e-02
0.000000000000000000e+00
-8.125218507698231951e-01
0.000000000000000000e+00
-6.466864995064071087e-01
0.000000000000000000e+00
-5.522077743863845756e-01
0.000000000000000000e+00
-1.400574506601877933e-01
0.000000000000000000e+00
-3.287320425115310418e-01
0.000000000000000000e+00
