9.607443831634401299e-01 -4.170925757551735558e-15
9.596188177456721480e-01 -4.302764741725972897e-15
9.584110800834515498e-01 -4.447072050883793537e-15
9.571105549146959879e-01 -4.605907669152919937e-15
9.557045973881067580e-01 -4.779271596533352096e-15
9.541780089984377433e-01 -4.971609061932280582e-15
9.525123400267829776e-01 -5.183679006870445249e-15
9.506849471580047783e-01 -5.422854006120747528e-15
9.486676992744660364e-01 -5.688700378814193215e-15
9.464251673450029267e-01 -5.990975944503151851e-15
9.439120405667063007e-01 -6.336077496005287912e-15
9.410693523196810295e-01 -6.733220751786728187e-15
9.378188222286336639e-01 -7.192380371834339314e-15
9.340541174239614941e-01 -7.737300383725553843e-15
9.296268829647940102e-01 -8.386629064827122448e-15
9.243234947769025656e-01 -9.173326161182604466e-15
9.178244913047376441e-01 -1.014921653663680701e-14
9.096296267821550874e-01 -1.138607437500827047e-14
8.989094662246897016e-01 -1.300001772897019237e-14
8.841852460668856439e-01 -1.518392616500774395e-14
8.625611274798526962e-01 -1.824202681272035775e-14
8.276442486819638455e-01 -2.252820326120730243e-14
7.637167963181983321e-01 -2.670758579570442492e-14
6.751520519750566773e-01 7.837046983594220251e-15
1.478911375934967243e+00 -2.059615498983813353e-14
1.245778871521318942e+00 4.091171845743701851e-14
1.129209392500944098e+00 2.846572803860691891e-14
1.076501422011761910e+00 2.041964687615749341e-14
1.046489015769060504e+00 1.557716629296823641e-14
1.026655390924417155e+00 1.242430637538038951e-14
1.012099866552917726e+00 1.022055703958635320e-14
1.000511412997073135e+00 8.589483291299160328e-15
9.906330593318193323e-01 7.333543494691951992e-15
9.816877795283323049e-01 6.324151272107947364e-15
9.731255919149264244e-01 5.492134524942571261e-15
9.644916864402885981e-01 4.781331580661074554e-15
9.553399201340485591e-01 4.149675394971019671e-15
9.451549508519826448e-01 3.569410392256777698e-15
9.332559791143048011e-01 3.005842102998812493e-15
9.186516663467008126e-01 2.421890812898119805e-15
8.998160028124555510e-01 1.751203348998586762e-15
8.744828303887800525e-01 9.148497931432686414e-16
8.409747327093914926e-01 -3.024924061234557371e-16
8.174515227158527519e-01 -1.804762936319370681e-15
9.886196400919761151e-01 2.425577100284570520e-15
1.283611917288074000e+00 7.184140435323449481e-15
1.235010967004204430e+00 5.046093751182034737e-15
1.168068824804357586e+00 4.165504746689308035e-15
1.125259487577790374e+00 3.653978161710647043e-15
1.097349780150536525e+00 3.304648221735817515e-15
1.077931902903479511e+00 3.034031359483435608e-15
1.063614649765811881e+00 2.818925648462311528e-15
1.052546879369480548e+00 2.638080726091729389e-15
1.043654687779995482e+00 2.485425060205770365e-15
1.036277647456599338e+00 2.355320799507509832e-15
1.029988270016181540e+00 2.242130092700023170e-15
1.024497189850972267e+00 2.144118216307333569e-15
1.019600560302436287e+00 2.059116765984470021e-15
1.015149380933736412e+00 1.983222613910484711e-15
1.011030788729913032e+00 1.919471526168337050e-15
1.007156156473317354e+00 1.865261417544061828e-15
1.003453199132428475e+00 1.815821798478722826e-15
9.998604978158873724e-01 1.778091562876227272e-15
9.963234943599147408e-01 1.748167582915627349e-15
9.927913612118692832e-01 1.726049858596923059e-15
9.892143438158366164e-01 1.712172070789108602e-15
9.855412721606303661e-01 1.705233176885201374e-15
9.817169764044533231e-01 1.710437347313131795e-15
9.776793310035336582e-01 1.724315135120946252e-15
9.733555912256389719e-01 1.749468625522609955e-15
9.686575603227995934e-01 1.789367265470076518e-15
9.634749012621686148e-01 1.842276331487369134e-15
9.576655192689160767e-01 1.918604164430348646e-15
9.510412713635609805e-01 2.008809785181142615e-15
9.433460893354637111e-01 2.130240428499519112e-15
9.342215501139373712e-01 2.282896094385478136e-15
9.231513978147309896e-01 2.485858741074764566e-15
9.093710758688527962e-01 2.730454751187494367e-15
8.917239352258709006e-01 3.053113317719180486e-15
8.684705640180558905e-01 3.448630270241892504e-15
8.373123793089068956e-01 3.878841692284140663e-15
7.978554398855056684e-01 4.024558464266192459e-15
7.737825805395270873e-01 2.706168622523819067e-15
9.310678581980016411e-01 -1.804112415015879378e-16
1.285271218932262816e+00 2.081668171172168513e-16
1.313691853871050252e+00 -3.788636071533346694e-15
1.248661402827417222e+00 -4.593547764386585186e-15
1.196574455857262187e+00 -4.229255834431455696e-15
1.160403440571371014e+00 -3.717512409018297603e-15
1.134761372191274820e+00 -3.287300986976049444e-15
1.115846154571713100e+00 -2.943392057863647437e-15
1.101359580985804554e+00 -2.678413046908190154e-15
1.089902051223510027e+00 -2.471167801637585981e-15
1.080590623311329157e+00 -2.305339079355928078e-15
1.072846435860605796e+00 -2.176535861264650151e-15
1.066276080099516133e+00 -2.071910351619798973e-15
1.060603374619376371e+00 -1.991028869552380343e-15
1.055628699826751671e+00 -1.925759898768752976e-15
1.051203890780550987e+00 -1.876537120137911074e-15
1.047216215338946599e+00 -1.838590044100918419e-15
1.043577830129537976e+00 -1.811051308919786607e-15
1.040218635489503107e+00 -1.794137755029012737e-15
1.037081291933961147e+00 -1.785464137649128702e-15
1.034117638146321738e+00 -1.784379935476643197e-15
1.031286029064290455e+00 -1.790451467642562022e-15
1.028549279311000042e+00 -1.805413457622861984e-15
1.025872999370458283e+00 -1.823844894555115559e-15
1.023224176604924818e+00 -1.850733108432756069e-15
1.020569897527517256e+00 -1.884993897083298009e-15
1.017876145302510693e+00 -1.925976739203250077e-15
1.015106653706327577e+00 -1.975199517834091978e-15
1.012221884994467525e+00 -2.031578030803338208e-15
1.009178387746444638e+00 -2.093594395069509062e-15
1.005929231389187661e+00 -2.162115972370592942e-15
1.002427275120952199e+00 -2.233890156189133336e-15
9.986356478601028375e-01 -2.303062254793708519e-15
9.945564388877103923e-01 -2.355537639942006933e-15
9.903056482281928918e-01 -2.376137481219231518e-15
9.863059319026696858e-01 -2.306965382614656335e-15
9.837688074331085719e-01 -2.072127192054296074e-15
9.857681812510150632e-01 -1.546939659702317726e-15
9.986402251229169469e-01 -6.611464847816606039e-16
1.028966151366277337e+00 5.572799166575492791e-16
1.068197490653792991e+00 2.052828393384054095e-15
1.093016638618411251e+00 3.443642940248459183e-15
1.097981319441268200e+00 4.043206741632943135e-15
1.092920541064093198e+00 3.931317077432439078e-15
1.085190552354261095e+00 3.534499082302744455e-15
1.077641353526914259e+00 3.084446760504011564e-15
1.071036213916709556e+00 2.672775195611265531e-15
1.065435667783232176e+00 2.319975808684482388e-15
1.060709275772243609e+00 2.023988615595939677e-15
1.056699226456601970e+00 1.777441041572735969e-15
1.053266005376460202e+00 1.569165804238270567e-15
1.050296735632691547e+00 1.394500834250855803e-15
1.047702769209938545e+00 1.245206195099601842e-15
1.045415009822452390e+00 1.116077716356578264e-15
1.043379486364061082e+00 1.005489094763056812e-15
1.041553764805196014e+00 9.080193194566099635e-16
1.039904195761153893e+00 8.233431297854920672e-16
1.038403846265788300e+00 7.484247596667437108e-16
1.037030954414481121e+00 6.819631664933822890e-16
1.035767772786312602e+00 6.223320470066795451e-16
1.034599698183163330e+00 5.697482416411325801e-16
1.033514612037933045e+00 5.213928247482790823e-16
1.032502376395703747e+00 4.778078974143618041e-16
1.031554445478911619e+00 4.389934596393807453e-16
1.030663563757702628e+00 4.031063677301105486e-16
1.029823529277862137e+00 3.713392440762852686e-16
1.029029006620460374e+00 3.413068438984367958e-16
1.028275377917326816e+00 3.144186300207962859e-16
1.027558623280233618e+00 2.899156609226238857e-16
1.026875224140986642e+00 2.670389950831797421e-16
1.026222084570886706e+00 2.463307335887066074e-16
1.025596466810739127e+00 2.271403551357131789e-16
1.024995938109485971e+00 2.102268012449393098e-16
1.024418326620722963e+00 1.942890293094023946e-16
1.023861684599118416e+00 1.794354595463509838e-16
1.023324257514270474e+00 1.666418739110220315e-16
1.022804457987712246e+00 1.546072297964329323e-16
1.022300843681368310e+00 1.432231069853351357e-16
1.021812098438811045e+00 1.332484469984684949e-16
1.021337016116005580e+00 1.241411487495902577e-16
1.020874486644689716e+00 1.161180526731975249e-16
1.020423483955728905e+00 1.089623183347931956e-16
1.019983055456720189e+00 1.021318446481345177e-16
1.019552312811554895e+00 9.714451465470119729e-17
1.019130423812524722e+00 9.237402509576497778e-17
1.018716605170042033e+00 8.857931749206571226e-17
1.018310116072902005e+00 8.543513119185774940e-17
1.017910252394535142e+00 8.315830662963819009e-17
1.017516341438938321e+00 8.131516293641283255e-17
1.017127737134735366e+00 8.033938098117587856e-17
1.016743815597713763e+00 8.033938098117587856e-17
1.016363970991750465e+00 8.077306185017008033e-17
1.015987611625606801e+00 8.261620554339543787e-17
1.015614156228989318e+00 8.456776945386934585e-17
1.015243030355739595e+00 8.771195575407730871e-17
1.014873662865219517e+00 9.074772183703672113e-17
1.014505482435018369e+00 9.497611030973018842e-17
1.014137914059124235e+00 1.007223818239033619e-16
1.013770375485705255e+00 1.064686533380765354e-16
1.013402273547695298e+00 1.124317652867468098e-16
1.013033000337416167e+00 1.206717017976366435e-16
1.012661929173519937e+00 1.296705798292663303e-16
1.012288410304497344e+00 1.396452398161329711e-16
1.011911766287814318e+00 1.497283200202481623e-16
1.011531286977305877e+00 1.619255944607100872e-16
1.011146224043636854e+00 1.732012970545593333e-16
1.010755784943324853e+00 1.882717072521078450e-16
1.010359126240834904e+00 2.031252770151592557e-16
1.009955346175509971e+00 2.201472511231816753e-16
1.009543476350471369e+00 2.391749992503022781e-16
1.009122472404126780e+00 2.582569574860471562e-16
1.008691203506716372e+00 2.804831020219999971e-16
1.008248440504842636e+00 3.037934487304383424e-16
1.007792842517117649e+00 3.282964178286107426e-16
1.007322941765655955e+00 3.564856743132338579e-16
1.006837126414241723e+00 3.860301835134638537e-16
1.006333621179883675e+00 4.183394082535318859e-16
1.005810465499016537e+00 4.541722900541778074e-16
1.005265489077552532e+00 4.924446267429161139e-16
1.004696284759634350e+00 5.340237800577352090e-16
1.004100178853448488e+00 5.799397420624963218e-16
1.003474199420087087e+00 6.297588318882052505e-16
1.002815043673162654e+00 6.847820921418446005e-16
1.002119046736256625e+00 7.458768845614027754e-16
1.001382155871013424e+00 8.117963766485214450e-16
1.000599917445055942e+00 8.840584514446803155e-16
9.997674892553274351e-01 9.658072952500873498e-16
9.988796999203891636e-01 1.054657663285274438e-15
9.979311926487208773e-01 1.154187422719443745e-15
9.969167176641524630e-01 1.263908682574976794e-15
9.958316847310590969e-01 1.383279341765630832e-15
9.946731706342503143e-01 1.520864597454041345e-15
9.934417256970075050e-01 1.666472949218844590e-15
9.921445930816086278e-01 1.827856442593311925e-15
9.908014448785582573e-01 2.001220369973744084e-15
9.894546281363112428e-01 2.178107954414754133e-15
9.881874936033934187e-01 2.351471881795186292e-15
9.871570164975531636e-01 2.492309744001053318e-15
9.866505877953206660e-01 2.551398762401513309e-15
9.871789190203030806e-01 2.461193141650719340e-15
9.896042570605531052e-01 2.093811235504006163e-15
9.952317714521310421e-01 1.317197219352639337e-15
1.005578910738937459e+00 1.345494896054511003e-16
1.021266897621315062e+00 -1.110710915602775017e-15
1.040117067754919633e+00 -1.675742877793595653e-15
1.057003598949989298e+00 -1.338935472910973701e-15
1.067560085960370886e+00 -7.101524229780054043e-16
1.071307834567901462e+00 -4.042447800112203282e-16
1.070396701552752683e+00 -4.662069341687669066e-16
1.067143241137882059e+00 -7.100982128693811291e-16
1.063053868476206976e+00 -9.842387321823409252e-16
1.058901309840529992e+00 -1.215878526333868948e-15
1.055019346718008233e+00 -1.393308211861121748e-15
1.051520506421829371e+00 -1.518316722348700409e-15
1.048416813622841781e+00 -1.604077114192303810e-15
1.045679418300869967e+00 -1.657528281295839179e-15
1.043266196355480124e+00 -1.690054346470404312e-15
1.041133792872888986e+00 -1.705450017319698475e-15
1.039242401076172495e+00 -1.710166296770010419e-15
1.037557258426237805e+00 -1.706534219492183979e-15
1.036048728165284594e+00 -1.697860602112299944e-15
1.034691827996662372e+00 -1.685880168106335120e-15
1.033465593661350823e+00 -1.670321866931168131e-15
1.032352443699086519e+00 -1.653950414126637014e-15
1.031337609391256072e+00 -1.636657389475493218e-15
1.030408647793668697e+00 -1.618768053629482395e-15
1.029555036080838537e+00 -1.601312398652465774e-15
