-1.000000000000000000e+00
-9.981325863678804922e-01
-9.962651727357609843e-01
-9.943977591036414765e-01
-9.925303454715219686e-01
-9.906629318394024608e-01
-9.887955182072829530e-01
-9.869281045751634451e-01
-9.850606909430439373e-01
-9.831932773109243184e-01
-9.813258636788048106e-01
-9.794584500466853028e-01
-9.775910364145657949e-01
-9.757236227824462871e-01
-9.738562091503267792e-01
-9.719887955182072714e-01
-9.701213818860877636e-01
-9.682539682539682557e-01
-9.663865546218487479e-01
-9.645191409897292401e-01
-9.626517273576097322e-01
-9.607843137254902244e-01
-9.589169000933707165e-01
-9.570494864612512087e-01
-9.551820728291317009e-01
-9.533146591970120820e-01
-9.514472455648925742e-01
-9.495798319327730663e-01
-9.477124183006535585e-01
-9.458450046685340507e-01
-9.439775910364145428e-01
-9.421101774042950350e-01
-9.402427637721755271e-01
-9.383753501400560193e-01
-9.365079365079365115e-01
-9.346405228758170036e-01
-9.327731092436974958e-01
-9.309056956115779879e-01
-9.290382819794584801e-01
-9.271708683473389723e-01
-9.253034547152194644e-01
-9.234360410830999566e-01
-9.215686274509804488e-01
-9.197012138188608299e-01
-9.178338001867413221e-01
-9.159663865546218142e-01
-9.140989729225023064e-01
-9.122315592903827985e-01
-9.103641456582632907e-01
-9.084967320261437829e-01
-9.066293183940242750e-01
-9.047619047619047672e-01
-9.028944911297852594e-01
-9.010270774976657515e-01
-8.991596638655462437e-01
-8.972922502334267358e-01
-8.954248366013072280e-01
-8.935574229691876091e-01
-8.916900093370681013e-01
-8.898225957049485935e-01
-8.879551820728290856e-01
-8.860877684407095778e-01
-8.842203548085900700e-01
-8.823529411764705621e-01
-8.804855275443510543e-01
-8.786181139122315464e-01
-8.767507002801120386e-01
-8.748832866479925308e-01
-8.730158730158730229e-01
-8.711484593837535151e-01
-8.692810457516340072e-01
-8.674136321195144994e-01
-8.655462184873949916e-01
-8.636788048552754837e-01
-8.618113912231559759e-01
-8.599439775910364681e-01
-8.580765639589169602e-01
-8.562091503267973414e-01
-8.543417366946778335e-01
-8.524743230625583257e-01
-8.506069094304388178e-01
-8.487394957983193100e-01
-8.468720821661998022e-01
-8.450046685340802943e-01
-8.431372549019607865e-01
-8.412698412698412787e-01
-8.394024276377217708e-01
-8.375350140056022630e-01
-8.356676003734827551e-01
-8.338001867413631363e-01
-8.319327731092436284e-01
-8.300653594771241206e-01
-8.281979458450046128e-01
-8.263305322128851049e-01
-8.244631185807655971e-01
-8.225957049486460892e-01
-8.207282913165265814e-01
-8.188608776844070736e-01
-8.169934640522875657e-01
-8.151260504201680579e-01
-8.132586367880485501e-01
-8.113912231559290422e-01
-8.095238095238095344e-01
-8.076563958916900265e-01
-8.057889822595705187e-01
-8.039215686274510109e-01
-8.020541549953315030e-01
-8.001867413632119952e-01
-7.983193277310924874e-01
-7.964519140989729795e-01
-7.945845004668533607e-01
-7.927170868347338528e-01
-7.908496732026143450e-01
-7.889822595704948371e-01
-7.871148459383753293e-01
-7.852474323062558215e-01
-7.833800186741363136e-01
-7.815126050420168058e-01
-7.796451914098972980e-01
-7.777777777777777901e-01
-7.759103641456582823e-01
-7.740429505135387744e-01
-7.721755368814191556e-01
-7.703081232492996477e-01
-7.684407096171801399e-01
-7.665732959850606321e-01
-7.647058823529411242e-01
-7.628384687208216164e-01
-7.609710550887021085e-01
-7.591036414565826007e-01
-7.572362278244630929e-01
-7.553688141923435850e-01
-7.535014005602240772e-01
-7.516339869281045694e-01
-7.497665732959850615e-01
-7.478991596638655537e-01
-7.460317460317460458e-01
-7.441643323996265380e-01
-7.422969187675070302e-01
-7.404295051353875223e-01
-7.385620915032680145e-01
-7.366946778711485067e-01
-7.348272642390289988e-01
-7.329598506069094910e-01
-7.310924369747899831e-01
-7.292250233426703643e-01
-7.273576097105508564e-01
-7.254901960784313486e-01
-7.236227824463118408e-01
-7.217553688141923329e-01
-7.198879551820728251e-01
-7.180205415499533173e-01
-7.161531279178338094e-01
-7.142857142857141906e-01
-7.124183006535946827e-01
-7.105508870214751749e-01
-7.086834733893556670e-01
-7.068160597572361592e-01
-7.049486461251166514e-01
-7.030812324929971435e-01
-7.012138188608776357e-01
-6.993464052287581278e-01
-6.974789915966386200e-01
-6.956115779645191122e-01
-6.937441643323996043e-01
-6.918767507002800965e-01
-6.900093370681605887e-01
-6.881419234360410808e-01
-6.862745098039215730e-01
-6.844070961718020651e-01
-6.825396825396825573e-01
-6.806722689075630495e-01
-6.788048552754435416e-01
-6.769374416433240338e-01
-6.750700280112045260e-01
-6.732026143790850181e-01
-6.713352007469655103e-01
-6.694677871148460024e-01
-6.676003734827263836e-01
-6.657329598506068757e-01
-6.638655462184873679e-01
-6.619981325863678601e-01
-6.601307189542483522e-01
-6.582633053221288444e-01
-6.563958916900093365e-01
-6.545284780578898287e-01
-6.526610644257702099e-01
-6.507936507936507020e-01
-6.489262371615311942e-01
-6.470588235294116863e-01
-6.451914098972921785e-01
-6.433239962651726707e-01
-6.414565826330531628e-01
-6.395891690009336550e-01
-6.377217553688141471e-01
-6.358543417366946393e-01
-6.339869281045751315e-01
-6.321195144724556236e-01
-6.302521008403361158e-01
-6.283846872082166080e-01
-6.265172735760971001e-01
-6.246498599439775923e-01
-6.227824463118580844e-01
-6.209150326797385766e-01
-6.190476190476190688e-01
-6.171802054154995609e-01
-6.153127917833800531e-01
-6.134453781512605453e-01
-6.115779645191410374e-01
-6.097105508870215296e-01
-6.078431372549020217e-01
-6.059757236227824029e-01
-6.041083099906628950e-01
-6.022408963585433872e-01
-6.003734827264238794e-01
-5.985060690943043715e-01
-5.966386554621848637e-01
-5.947712418300653558e-01
-5.929038281979458480e-01
-5.910364145658262292e-01
-5.891690009337067213e-01
-5.873015873015872135e-01
-5.854341736694677056e-01
-5.835667600373481978e-01
-5.816993464052286900e-01
-5.798319327731091821e-01
-5.779645191409896743e-01
-5.760971055088701664e-01
-5.742296918767506586e-01
-5.723622782446311508e-01
-5.704948646125116429e-01
-5.686274509803921351e-01
-5.667600373482726273e-01
-5.648926237161531194e-01
-5.630252100840336116e-01
-5.611577964519141037e-01
-5.592903828197945959e-01
-5.574229691876750881e-01
-5.555555555555555802e-01
-5.536881419234360724e-01
-5.518207282913165646e-01
-5.499533146591970567e-01
-5.480859010270775489e-01
-5.462184873949580410e-01
-5.443510737628384222e-01
-5.424836601307189143e-01
-5.406162464985994065e-01
-5.387488328664798987e-01
-5.368814192343603908e-01
-5.350140056022408830e-01
-5.331465919701213751e-01
-5.312791783380018673e-01
-5.294117647058822484e-01
-5.275443510737627406e-01
-5.256769374416432328e-01
-5.238095238095237249e-01
-5.219421101774042171e-01
-5.200746965452847093e-01
-5.182072829131652014e-01
-5.163398692810456936e-01
-5.144724556489261857e-01
-5.126050420168066779e-01
-5.107376283846871701e-01
-5.088702147525676622e-01
-5.070028011204481544e-01
-5.051353874883286466e-01
-5.032679738562091387e-01
-5.014005602240896309e-01
-4.995331465919701230e-01
-4.976657329598506152e-01
-4.957983193277311074e-01
-4.939309056956115995e-01
-4.920634920634920917e-01
-4.901960784313724728e-01
-4.883286647992529650e-01
-4.864612511671334572e-01
-4.845938375350139493e-01
-4.827264239028944415e-01
-4.808590102707749336e-01
-4.789915966386554258e-01
-4.771241830065359180e-01
-4.752567693744164101e-01
-4.733893557422969023e-01
-4.715219421101773944e-01
-4.696545284780578866e-01
-4.677871148459383788e-01
-4.659197012138188709e-01
-4.640522875816993631e-01
-4.621848739495798553e-01
-4.603174603174603474e-01
-4.584500466853407286e-01
-4.565826330532212207e-01
-4.547152194211017129e-01
-4.528478057889822050e-01
-4.509803921568626972e-01
-4.491129785247431894e-01
-4.472455648926236815e-01
-4.453781512605041737e-01
-4.435107376283846659e-01
-4.416433239962651580e-01
-4.397759103641456502e-01
-4.379084967320261423e-01
-4.360410830999066345e-01
-4.341736694677871267e-01
-4.323062558356676188e-01
-4.304388422035481110e-01
-4.285714285714284921e-01
-4.267040149393089843e-01
-4.248366013071894765e-01
-4.229691876750699686e-01
-4.211017740429504608e-01
-4.192343604108309529e-01
-4.173669467787114451e-01
-4.154995331465919373e-01
-4.136321195144724294e-01
-4.117647058823529216e-01
-4.098972922502334137e-01
-4.080298786181139059e-01
-4.061624649859943981e-01
-4.042950513538748902e-01
-4.024276377217553824e-01
-4.005602240896358746e-01
-3.986928104575163667e-01
-3.968253968253967479e-01
-3.949579831932772400e-01
-3.930905695611577322e-01
-3.912231559290382243e-01
-3.893557422969187165e-01
-3.874883286647992087e-01
-3.856209150326797008e-01
-3.837535014005601930e-01
-3.818860877684406852e-01
-3.800186741363211773e-01
-3.781512605042016695e-01
-3.762838468720821616e-01
-3.744164332399626538e-01
-3.725490196078431460e-01
-3.706816059757236381e-01
-3.688141923436041303e-01
-3.669467787114845114e-01
-3.650793650793650036e-01
-3.632119514472454957e-01
-3.613445378151259879e-01
-3.594771241830064801e-01
-3.576097105508869722e-01
-3.557422969187674644e-01
-3.538748832866479566e-01
-3.520074696545284487e-01
-3.501400560224089409e-01
-3.482726423902894330e-01
-3.464052287581699252e-01
-3.445378151260504174e-01
-3.426704014939309095e-01
-3.408029878618114017e-01
-3.389355742296918939e-01
-3.370681605975723860e-01
-3.352007469654527672e-01
-3.333333333333332593e-01
-3.314659197012137515e-01
-3.295985060690942436e-01
-3.277310924369747358e-01
-3.258636788048552280e-01
-3.239962651727357201e-01
-3.221288515406162123e-01
-3.202614379084967045e-01
-3.183940242763771966e-01
-3.165266106442576888e-01
-3.146591970121381809e-01
-3.127917833800186731e-01
-3.109243697478991653e-01
-3.090569561157796574e-01
-3.071895424836601496e-01
-3.053221288515405307e-01
-3.034547152194210229e-01
-3.015873015873015150e-01
-2.997198879551820072e-01
-2.978524743230624994e-01
-2.959850606909429915e-01
-2.941176470588234837e-01
-2.922502334267039759e-01
-2.903828197945844680e-01
-2.885154061624649602e-01
-2.866479925303454523e-01
-2.847805788982259445e-01
-2.829131652661064367e-01
-2.810457516339869288e-01
-2.791783380018674210e-01
-2.773109243697479132e-01
-2.754435107376284053e-01
-2.735760971055087865e-01
-2.717086834733892786e-01
-2.698412698412697708e-01
-2.679738562091502629e-01
-2.661064425770307551e-01
-2.642390289449112473e-01
-2.623716153127917394e-01
-2.605042016806722316e-01
-2.586367880485527238e-01
-2.567693744164332159e-01
-2.549019607843137081e-01
-2.530345471521942002e-01
-2.511671335200746924e-01
-2.492997198879551846e-01
-2.474323062558356767e-01
-2.455648926237161689e-01
-2.436974789915965500e-01
-2.418300653594770422e-01
-2.399626517273575343e-01
-2.380952380952380265e-01
-2.362278244631185187e-01
-2.343604108309990108e-01
-2.324929971988795030e-01
-2.306255835667599952e-01
-2.287581699346404873e-01
-2.268907563025209795e-01
-2.250233426704014716e-01
-2.231559290382819638e-01
-2.212885154061624560e-01
-2.194211017740429481e-01
-2.175536881419234403e-01
-2.156862745098039325e-01
-2.138188608776844246e-01
-2.119514472455648058e-01
-2.100840336134452979e-01
-2.082166199813257901e-01
-2.063492063492062822e-01
-2.044817927170867744e-01
-2.026143790849672666e-01
-2.007469654528477587e-01
-1.988795518207282509e-01
-1.970121381886087431e-01
-1.951447245564892352e-01
-1.932773109243697274e-01
-1.914098972922502195e-01
-1.895424836601307117e-01
-1.876750700280112039e-01
-1.858076563958916960e-01
-1.839402427637721882e-01
-1.820728291316525693e-01
-1.802054154995330615e-01
-1.783380018674135536e-01
-1.764705882352940458e-01
-1.746031746031745380e-01
-1.727357609710550301e-01
-1.708683473389355223e-01
-1.690009337068160145e-01
-1.671335200746965066e-01
-1.652661064425769988e-01
-1.633986928104574909e-01
-1.615312791783379831e-01
-1.596638655462184753e-01
-1.577964519140989674e-01
-1.559290382819794596e-01
-1.540616246498599518e-01
-1.521942110177404439e-01
-1.503267973856208251e-01
-1.484593837535013172e-01
-1.465919701213818094e-01
-1.447245564892623015e-01
-1.428571428571427937e-01
-1.409897292250232859e-01
-1.391223155929037780e-01
-1.372549019607842702e-01
-1.353874883286647623e-01
-1.335200746965452545e-01
-1.316526610644257467e-01
-1.297852474323062388e-01
-1.279178338001867310e-01
-1.260504201680672232e-01
-1.241830065359477153e-01
-1.223155929038282075e-01
-1.204481792717085886e-01
-1.185807656395890808e-01
-1.167133520074695729e-01
-1.148459383753500651e-01
-1.129785247432305573e-01
-1.111111111111110494e-01
-1.092436974789915416e-01
-1.073762838468720338e-01
-1.055088702147525259e-01
-1.036414565826330181e-01
-1.017740429505135102e-01
-9.990662931839400240e-02
-9.803921568627449457e-02
-9.617180205415498673e-02
-9.430438842203547889e-02
-9.243697478991597105e-02
-9.056956115779646321e-02
-8.870214752567684435e-02
-8.683473389355733651e-02
-8.496732026143782868e-02
-8.309990662931832084e-02
-8.123249299719881300e-02
-7.936507936507930516e-02
-7.749766573295979732e-02
-7.563025210084028949e-02
-7.376283846872078165e-02
-7.189542483660127381e-02
-7.002801120448176597e-02
-6.816059757236225813e-02
-6.629318394024275030e-02
-6.442577030812324246e-02
-6.255835667600373462e-02
-6.069094304388422678e-02
-5.882352941176460792e-02
-5.695611577964510008e-02
-5.508870214752559225e-02
-5.322128851540608441e-02
-5.135387488328657657e-02
-4.948646125116706873e-02
-4.761904761904756089e-02
-4.575163398692805306e-02
-4.388422035480854522e-02
-4.201680672268903738e-02
-4.014939309056952954e-02
-3.828197945845002170e-02
-3.641456582633051386e-02
-3.454715219421100603e-02
-3.267973856209149819e-02
-3.081232492997199035e-02
-2.894491129785248251e-02
-2.707749766573286365e-02
-2.521008403361335581e-02
-2.334267040149384798e-02
-2.147525676937434014e-02
-1.960784313725483230e-02
-1.774042950513532446e-02
-1.587301587301581662e-02
-1.400560224089630879e-02
-1.213818860877680095e-02
-1.027077497665729311e-02
-8.403361344537785271e-03
-6.535947712418277433e-03
-4.668534080298769595e-03
-2.801120448179261757e-03
-9.337068160597539190e-04
9.337068160597539190e-04
2.801120448179261757e-03
4.668534080298769595e-03
6.535947712418277433e-03
8.403361344537785271e-03
1.027077497665729311e-02
1.213818860877680095e-02
1.400560224089630879e-02
1.587301587301581662e-02
1.774042950513532446e-02
1.960784313725505434e-02
2.147525676937456218e-02
2.334267040149407002e-02
2.521008403361357786e-02
2.707749766573308570e-02
2.894491129785259353e-02
3.081232492997210137e-02
3.267973856209160921e-02
3.454715219421111705e-02
3.641456582633062489e-02
3.828197945845013273e-02
4.014939309056964056e-02
4.201680672268914840e-02
4.388422035480865624e-02
4.575163398692816408e-02
4.761904761904767192e-02
4.948646125116717975e-02
5.135387488328668759e-02
5.322128851540619543e-02
5.508870214752570327e-02
5.695611577964521111e-02
5.882352941176471894e-02
6.069094304388422678e-02
6.255835667600373462e-02
6.442577030812324246e-02
6.629318394024275030e-02
6.816059757236225813e-02
7.002801120448176597e-02
7.189542483660127381e-02
7.376283846872078165e-02
7.563025210084028949e-02
7.749766573295979732e-02
7.936507936507930516e-02
8.123249299719903505e-02
8.309990662931854288e-02
8.496732026143805072e-02
8.683473389355755856e-02
8.870214752567706640e-02
9.056956115779657424e-02
9.243697478991608207e-02
9.430438842203558991e-02
9.617180205415509775e-02
9.803921568627460559e-02
9.990662931839411343e-02
1.017740429505136213e-01
1.036414565826331291e-01
1.055088702147526369e-01
1.073762838468721448e-01
1.092436974789916526e-01
1.111111111111111605e-01
1.129785247432306683e-01
1.148459383753501761e-01
1.167133520074696840e-01
1.185807656395891918e-01
1.204481792717086996e-01
1.223155929038282075e-01
1.241830065359477153e-01
1.260504201680672232e-01
1.279178338001867310e-01
1.297852474323062388e-01
1.316526610644257467e-01
1.335200746965452545e-01
1.353874883286647623e-01
1.372549019607842702e-01
1.391223155929037780e-01
1.409897292250232859e-01
1.428571428571430157e-01
1.447245564892625236e-01
1.465919701213820314e-01
1.484593837535015393e-01
1.503267973856210471e-01
1.521942110177405549e-01
1.540616246498600628e-01
1.559290382819795706e-01
1.577964519140990785e-01
1.596638655462185863e-01
1.615312791783380941e-01
1.633986928104576020e-01
1.652661064425771098e-01
1.671335200746966176e-01
1.690009337068161255e-01
1.708683473389356333e-01
1.727357609710551412e-01
1.746031746031746490e-01
1.764705882352941568e-01
1.783380018674136647e-01
1.802054154995331725e-01
1.820728291316526803e-01
1.839402427637721882e-01
1.858076563958916960e-01
1.876750700280112039e-01
1.895424836601307117e-01
1.914098972922502195e-01
1.932773109243697274e-01
1.951447245564892352e-01
1.970121381886087431e-01
1.988795518207282509e-01
2.007469654528477587e-01
2.026143790849672666e-01
2.044817927170869964e-01
2.063492063492065043e-01
2.082166199813260121e-01
2.100840336134455200e-01
2.119514472455650278e-01
2.138188608776845356e-01
2.156862745098040435e-01
2.175536881419235513e-01
2.194211017740430592e-01
2.212885154061625670e-01
2.231559290382820748e-01
2.250233426704015827e-01
2.268907563025210905e-01
2.287581699346405983e-01
2.306255835667601062e-01
2.324929971988796140e-01
2.343604108309991219e-01
2.362278244631186297e-01
2.380952380952381375e-01
2.399626517273576454e-01
2.418300653594771532e-01
2.436974789915966610e-01
2.455648926237161689e-01
2.474323062558356767e-01
2.492997198879551846e-01
2.511671335200746924e-01
2.530345471521942002e-01
2.549019607843137081e-01
2.567693744164332159e-01
2.586367880485527238e-01
2.605042016806722316e-01
2.623716153127917394e-01
2.642390289449112473e-01
2.661064425770309771e-01
2.679738562091504850e-01
2.698412698412699928e-01
2.717086834733895007e-01
2.735760971055090085e-01
2.754435107376285163e-01
2.773109243697480242e-01
2.791783380018675320e-01
2.810457516339870399e-01
2.829131652661065477e-01
2.847805788982260555e-01
2.866479925303455634e-01
2.885154061624650712e-01
2.903828197945845790e-01
2.922502334267040869e-01
2.941176470588235947e-01
2.959850606909431026e-01
2.978524743230626104e-01
2.997198879551821182e-01
3.015873015873016261e-01
3.034547152194211339e-01
3.053221288515406417e-01
3.071895424836601496e-01
3.090569561157796574e-01
3.109243697478991653e-01
3.127917833800186731e-01
3.146591970121381809e-01
3.165266106442576888e-01
3.183940242763771966e-01
3.202614379084967045e-01
3.221288515406162123e-01
3.239962651727357201e-01
3.258636788048552280e-01
3.277310924369749578e-01
3.295985060690944657e-01
3.314659197012139735e-01
3.333333333333334814e-01
3.352007469654529892e-01
3.370681605975724970e-01
3.389355742296920049e-01
3.408029878618115127e-01
3.426704014939310206e-01
3.445378151260505284e-01
3.464052287581700362e-01
3.482726423902895441e-01
3.501400560224090519e-01
3.520074696545285597e-01
3.538748832866480676e-01
3.557422969187675754e-01
3.576097105508870833e-01
3.594771241830065911e-01
3.613445378151260989e-01
3.632119514472456068e-01
3.650793650793651146e-01
3.669467787114846224e-01
3.688141923436041303e-01
3.706816059757236381e-01
3.725490196078431460e-01
3.744164332399626538e-01
3.762838468720821616e-01
3.781512605042016695e-01
3.800186741363211773e-01
3.818860877684406852e-01
3.837535014005601930e-01
3.856209150326797008e-01
3.874883286647992087e-01
3.893557422969189385e-01
3.912231559290384464e-01
3.930905695611579542e-01
3.949579831932774621e-01
3.968253968253969699e-01
3.986928104575164777e-01
4.005602240896359856e-01
4.024276377217554934e-01
4.042950513538750013e-01
4.061624649859945091e-01
4.080298786181140169e-01
4.098972922502335248e-01
4.117647058823530326e-01
4.136321195144725404e-01
4.154995331465920483e-01
4.173669467787115561e-01
4.192343604108310640e-01
4.211017740429505718e-01
4.229691876750700796e-01
4.248366013071895875e-01
4.267040149393090953e-01
4.285714285714286031e-01
4.304388422035481110e-01
4.323062558356676188e-01
4.341736694677871267e-01
4.360410830999066345e-01
4.379084967320261423e-01
4.397759103641456502e-01
4.416433239962651580e-01
4.435107376283846659e-01
4.453781512605041737e-01
4.472455648926236815e-01
4.491129785247431894e-01
4.509803921568629193e-01
4.528478057889824271e-01
4.547152194211019349e-01
4.565826330532214428e-01
4.584500466853409506e-01
4.603174603174604584e-01
4.621848739495799663e-01
4.640522875816994741e-01
4.659197012138189820e-01
4.677871148459384898e-01
4.696545284780579976e-01
4.715219421101775055e-01
4.733893557422970133e-01
4.752567693744165211e-01
4.771241830065360290e-01
4.789915966386555368e-01
4.808590102707750447e-01
4.827264239028945525e-01
4.845938375350140603e-01
4.864612511671335682e-01
4.883286647992530760e-01
4.901960784313725839e-01
4.920634920634920917e-01
4.939309056956115995e-01
4.957983193277311074e-01
4.976657329598506152e-01
4.995331465919701230e-01
5.014005602240896309e-01
5.032679738562091387e-01
5.051353874883286466e-01
5.070028011204481544e-01
5.088702147525676622e-01
5.107376283846871701e-01
5.126050420168069000e-01
5.144724556489264078e-01
5.163398692810459156e-01
5.182072829131654235e-01
5.200746965452849313e-01
5.219421101774044391e-01
5.238095238095239470e-01
5.256769374416434548e-01
5.275443510737629627e-01
5.294117647058824705e-01
5.312791783380019783e-01
5.331465919701214862e-01
5.350140056022409940e-01
5.368814192343605018e-01
5.387488328664800097e-01
5.406162464985995175e-01
5.424836601307190254e-01
5.443510737628385332e-01
5.462184873949580410e-01
5.480859010270775489e-01
5.499533146591970567e-01
5.518207282913165646e-01
5.536881419234360724e-01
5.555555555555555802e-01
5.574229691876750881e-01
5.592903828197945959e-01
5.611577964519141037e-01
5.630252100840336116e-01
5.648926237161531194e-01
5.667600373482726273e-01
5.686274509803921351e-01
5.704948646125116429e-01
5.723622782446311508e-01
5.742296918767508807e-01
5.760971055088703885e-01
5.779645191409898963e-01
5.798319327731094042e-01
5.816993464052289120e-01
5.835667600373484198e-01
5.854341736694679277e-01
5.873015873015874355e-01
5.891690009337069434e-01
5.910364145658264512e-01
5.929038281979459590e-01
5.947712418300654669e-01
5.966386554621849747e-01
5.985060690943044825e-01
6.003734827264239904e-01
6.022408963585434982e-01
6.041083099906630061e-01
6.059757236227825139e-01
6.078431372549020217e-01
6.097105508870215296e-01
6.115779645191410374e-01
6.134453781512605453e-01
6.153127917833800531e-01
6.171802054154995609e-01
6.190476190476190688e-01
6.209150326797385766e-01
6.227824463118580844e-01
6.246498599439775923e-01
6.265172735760971001e-01
6.283846872082166080e-01
6.302521008403361158e-01
6.321195144724556236e-01
6.339869281045751315e-01
6.358543417366948614e-01
6.377217553688143692e-01
6.395891690009338770e-01
6.414565826330533849e-01
6.433239962651728927e-01
6.451914098972924005e-01
6.470588235294119084e-01
6.489262371615314162e-01
6.507936507936509241e-01
6.526610644257704319e-01
6.545284780578899397e-01
6.563958916900094476e-01
6.582633053221289554e-01
6.601307189542484632e-01
6.619981325863679711e-01
6.638655462184874789e-01
6.657329598506069868e-01
6.676003734827264946e-01
6.694677871148460024e-01
6.713352007469655103e-01
6.732026143790850181e-01
6.750700280112045260e-01
6.769374416433240338e-01
6.788048552754435416e-01
6.806722689075630495e-01
6.825396825396825573e-01
6.844070961718020651e-01
6.862745098039215730e-01
6.881419234360410808e-01
6.900093370681605887e-01
6.918767507002800965e-01
6.937441643323996043e-01
6.956115779645191122e-01
6.974789915966388421e-01
6.993464052287583499e-01
7.012138188608778577e-01
7.030812324929973656e-01
7.049486461251168734e-01
7.068160597572363812e-01
7.086834733893558891e-01
7.105508870214753969e-01
7.124183006535949048e-01
7.142857142857144126e-01
7.161531279178339204e-01
7.180205415499534283e-01
7.198879551820729361e-01
7.217553688141924439e-01
7.236227824463119518e-01
7.254901960784314596e-01
7.273576097105509675e-01
7.292250233426704753e-01
7.310924369747899831e-01
7.329598506069094910e-01
7.348272642390289988e-01
7.366946778711485067e-01
7.385620915032680145e-01
7.404295051353875223e-01
7.422969187675070302e-01
7.441643323996265380e-01
7.460317460317460458e-01
7.478991596638655537e-01
7.497665732959850615e-01
7.516339869281045694e-01
7.535014005602240772e-01
7.553688141923435850e-01
7.572362278244630929e-01
7.591036414565828228e-01
7.609710550887023306e-01
7.628384687208218384e-01
7.647058823529413463e-01
7.665732959850608541e-01
7.684407096171803619e-01
7.703081232492998698e-01
7.721755368814193776e-01
7.740429505135388855e-01
7.759103641456583933e-01
7.777777777777779011e-01
7.796451914098974090e-01
7.815126050420169168e-01
7.833800186741364247e-01
7.852474323062559325e-01
7.871148459383754403e-01
7.889822595704949482e-01
7.908496732026144560e-01
7.927170868347339638e-01
7.945845004668534717e-01
7.964519140989729795e-01
7.983193277310924874e-01
8.001867413632119952e-01
8.020541549953315030e-01
8.039215686274510109e-01
8.057889822595705187e-01
8.076563958916900265e-01
8.095238095238095344e-01
8.113912231559290422e-01
8.132586367880485501e-01
8.151260504201680579e-01
8.169934640522875657e-01
8.188608776844070736e-01
8.207282913165268035e-01
8.225957049486463113e-01
8.244631185807658191e-01
8.263305322128853270e-01
8.281979458450048348e-01
8.300653594771243426e-01
8.319327731092438505e-01
8.338001867413633583e-01
8.356676003734828662e-01
8.375350140056023740e-01
8.394024276377218818e-01
8.412698412698413897e-01
8.431372549019608975e-01
8.450046685340804054e-01
8.468720821661999132e-01
8.487394957983194210e-01
8.506069094304389289e-01
8.524743230625584367e-01
8.543417366946779445e-01
8.562091503267974524e-01
8.580765639589169602e-01
8.599439775910364681e-01
8.618113912231559759e-01
8.636788048552754837e-01
8.655462184873949916e-01
8.674136321195144994e-01
8.692810457516340072e-01
8.711484593837535151e-01
8.730158730158730229e-01
8.748832866479925308e-01
8.767507002801120386e-01
8.786181139122315464e-01
8.804855275443510543e-01
8.823529411764707842e-01
8.842203548085902920e-01
8.860877684407097998e-01
8.879551820728293077e-01
8.898225957049488155e-01
8.916900093370683233e-01
8.935574229691878312e-01
8.954248366013073390e-01
8.972922502334268469e-01
8.991596638655463547e-01
9.010270774976658625e-01
9.028944911297853704e-01
9.047619047619048782e-01
9.066293183940243861e-01
9.084967320261438939e-01
9.103641456582634017e-01
9.122315592903829096e-01
9.140989729225024174e-01
9.159663865546219252e-01
9.178338001867414331e-01
9.197012138188609409e-01
9.215686274509804488e-01
9.234360410830999566e-01
9.253034547152194644e-01
9.271708683473389723e-01
9.290382819794584801e-01
9.309056956115779879e-01
9.327731092436974958e-01
9.346405228758170036e-01
9.365079365079365115e-01
9.383753501400560193e-01
9.402427637721755271e-01
9.421101774042950350e-01
9.439775910364147649e-01
9.458450046685342727e-01
9.477124183006537805e-01
9.495798319327732884e-01
9.514472455648927962e-01
9.533146591970123040e-01
9.551820728291318119e-01
9.570494864612513197e-01
9.589169000933708276e-01
9.607843137254903354e-01
9.626517273576098432e-01
9.645191409897293511e-01
9.663865546218488589e-01
9.682539682539683668e-01
9.701213818860878746e-01
9.719887955182073824e-01
9.738562091503268903e-01
9.757236227824463981e-01
9.775910364145659059e-01
9.794584500466854138e-01
9.813258636788049216e-01
9.831932773109244295e-01
9.850606909430439373e-01
9.869281045751634451e-01
9.887955182072829530e-01
9.906629318394024608e-01
9.925303454715219686e-01
9.943977591036414765e-01
9.962651727357609843e-01
9.981325863678804922e-01
1.000000000000000000e+00
